0.49971821682831762956 2.2422763896068862444
0.99943643365659973199 -0.72651241021814727539
1.4991546504849697641 -2.5451885786900860786
1.9988728673133397962 -1.0450413218534408966
2.4985910841417098283 2.0891595816914763084
2.9983093009700798603 2.1873837284638724121
3.4980275177984498924 -0.85216119048733829366
3.9977457346268199245 -2.5486110694038197622
4.4974639514551899566 -0.92683080152207919511
4.9971821682835599887 2.1514878988821539707
5.4969003851119300208 2.1278734732078108394
5.9966186019403000529 -0.97319878008901028466
6.496336818768670085 -2.5477885360176109053
6.9960550355970401171 -0.80400168008174299761
7.4957732524254101492 2.2092100535602208211
7.9954914692537801812 2.0637668679933391935
8.4952096860821502133 -1.0896271657439078329
8.9949279029105202454 -2.5427185852919387266
9.4946461197388902775 -0.67658517652075678139
9.9943643365672603096 2.2623100976645926785
10.494082553395630342 1.995097339206311382
10.993800770224000374 -1.2015000611073471948
11.493518987052370406 -2.5333866694044289147
11.993237203880740438 -0.54474186812429103988
12.49295542070911047 2.3107864712502950155
12.992673637537480502 1.9219073306437270965
13.492391854365850534 -1.308887391522042476
13.992110071194220566 -2.519766919224740942
14.491828288022590598 -0.40883497873513430232
14.991546504850960631 2.3546519777240670912
15.491264721679330663 1.8442440124548835634
15.990982938507700695 -1.4118536452486634136
16.49070115533606895 -2.5018236553143209377
16.990419372164438983 -0.26950208190710006617
17.490137588992809015 2.3939325298378877349
17.989855805821179047 1.7621541587290934228
18.489574022649549079 -1.5104462428953553399
18.989292239477919111 -2.4795135352733916889
19.489010456306289143 -0.12769419059756467738
19.988728673134659175 2.4286648869402034379
20.488446889963029207 1.6756785746564102357
20.988165106791399239 -1.6046907012578326412
21.487883323619769271 -2.452788265723999217
21.987601540448139303 0.015355800854360977109
22.487319757276509335 2.4588936666051752766
22.987037974104879368 1.5848465207048130221
23.4867561909332494 -1.6945902485992843101
23.986474407761619432 -2.4215977668025536751
24.486192624589989464 0.15825388947711896415
24.985910841418359496 2.4846679361171872813
25.485629058246729528 1.4896706501097483066
25.98534727507509956 -1.7801282902408850362
26.485065491903469592 -2.3858936277473574705
26.984783708731839624 0.2996265190393878064
27.484501925560209656 2.5060376762842730969
27.984220142388579688 1.390143084814274399
28.483938359216949721 -1.8612726375605057605
28.983656576045319753 -2.3456326387123005439
29.483374792873689785 0.43829404678736016976
29.983093009702059817 2.5230503720014549884
30.482811226530429849 1.2862334554166734435
30.982529443358799881 -1.9379807285149663887
31.482247660187169913 -2.3007801347250551594
31.981965877015539945 0.57337294638790048396
32.481684093841195704 2.5357479329867635975
32.981402310666751987 1.1778900837265064983
33.48112052749230827 -2.010205243654090701
33.980838744317864553 -2.2513128540152611556
34.480556961143420835 0.70428947093531490964
34.980275177968977118 2.5441640949667845284
35.479993394794533401 1.065046049337835532
35.979711611620089684 -2.0778996179519664267
36.479429828445645967 -2.1972210067774495812
36.97914804527120225 0.83073031483781178963
37.478866262096758533 2.5483224039334211319
37.978584478922314815 0.94763266740475782246
38.478302695747871098 -2.1410230144789310636
38.978020912573427381 -2.1385092812612258584
39.477739129398983664 0.95256847471365879709
39.977457346224539947 2.5482348478462029107
40.47717556305009623 0.82560377969456544278
40.976893779875652513 -2.1995443953574764784
41.476611996701208795 -2.0751965852131042389
41.976330213526765078 1.0697921411164277306
42.476048430352321361 2.5439011718579562782
42.975766647177877644 0.69897472571844443401
43.475484864003433927 -2.2534454169556452641
43.97520308082899021 -2.0073144268762344034
44.474921297654546493 1.182449059330889396
44.974639514480102775 2.5353088927899598559
45.474357731305659058 0.56787870780028359974
45.974075948131215341 -2.3027219924699968701
46.473794164956771624 -1.9349039673128873851
46.973512381782327907 1.2906082346638680924
47.47323059860788419 2.5224340125401396584
47.972948815433440473 0.43263836580987741209
48.472667032258996755 -2.3473844955825593495
48.972385249084553038 -1.8580119060826993937
49.472103465910109321 1.3943361640158637993
49.971821682735665604 2.5052424139727058616
50.471539899561221887 0.29383955307679698876
50.97125811638677817 -2.3874567059082711928
51.470976333212334453 -1.7766854776178548914
51.970694550037890735 1.4936837255188395446
52.470412766863447018 2.4836919022210492969
52.970130983689003301 0.15237884694244996364
53.469849200514559584 -2.422973701903344157
53.969567417340115867 -1.6909669260819493175
54.46928563416567215 1.5886803574334458222
54.969003850991228433 2.4577348256547204564
55.468722067816784715 0.0094465348076133784372
55.968440284642340998 -2.4539789764152581952
56.468158501467897281 -1.6008878952904042059
56.967876718293453564 1.6793330350559982911
57.467594935119009847 2.427321172093495516
57.96731315194456613 -0.13357923887198749902
58.467031368770122413 -2.4805210792377643259
58.966749585595678695 -1.5064642364474671865
59.466467802421234978 1.7656283320584029717
59.966186019246791261 2.3924019878682551976
60.465904236072347544 -0.27530774508223615493
60.965622452897903827 -2.5026500835213694174
61.46534066972346011 -1.4076918350340756891
61.965058886549016393 1.8475364060504044783
62.464777103374572675 2.3529329140931993791
62.964495320200128958 -0.41451592327023928375
63.464213537025685241 -2.5204141383138636279
63.963931753851241524 -1.3045442385413208441
64.463649970682013191 1.9250160936595523964
64.963368187513196972 2.3088775838202733048
65.463086404344380753 -0.55026566681485322707
65.962804621175564534 -2.5338563199076671317
66.462522838006748316 -1.1969731888620724902
66.962241054837932097 1.9980204958979417285
67.461959271669115878 2.2602105864882595654
67.96167748850029966 -0.68193185069241224472
68.461395705331483441 -2.5430119412480300944
68.961113922162667222 -1.0849136866186086525
69.460832138993851004 2.066502540842337865
69.960550355825034785 2.206919694356455075
70.460268572656218566 -0.80916112528574135609
70.959986789487402348 -2.5479064296660558497
71.459705006318586129 -0.96829596532046324775
71.95942322314976991 2.1304200787718579058
72.459141439980953692 2.1490070695811915868
72.958859656812137473 -0.93179963642037011429
73.458577873643321254 -2.5485538431993712827
73.958296090474505036 -0.84706763437276666462
74.458014307305688817 2.1897401319065630254
74.957732524136872598 2.0864892348687962276
75.45745074096805638 -1.0498201072641140108
75.957168957799240161 -2.5449560658280119263
76.456887174630423942 -0.72122984751684926508
76.956605391461607724 2.2444420079702349646
77.456323608292791505 2.0193956915171220601
77.956041825123975286 -1.163263174195109384
78.455760041955159068 -2.5371027004512844982
78.955478258786342849 -0.59089060827479600313
79.45519647561752663 2.2945190991571329242
79.954914692448710412 1.9477661937793642188
80.454632909279894193 -1.2721962194596985185
80.954351126111077974 -2.5249716619470921053
81.454069342942261756 -0.45633425538558380907
81.953787559773445537 2.3399793172867835445
82.453505776604629318 1.8716468196614062247
82.953223993435813099 -1.3766873636553009774
83.452942210266996881 -2.5085304568596731301
83.952660427098180662 -0.31809644770716660744
84.452378643929364443 2.3808442449624704906
84.952096860760548225 1.7910850971722420688
85.451815077591732006 -1.4767907738469598922
85.951533294422915787 -2.4877381167115766303
86.451251511254099569 -0.17701888747592328666
86.95096972808528335 2.4171471924900940209
87.450687944916467131 1.7061245399865334615
87.950406161747650913 -1.5725397831523812986
88.450124378578834694 -2.4625477248466731695
88.949842595410018475 -0.034246035105310913826
89.449560812241202257 2.4489304265679927575
89.949279029072386038 1.6167990181129159311
90.448997245903569819 -1.6639451784673937595
90.948715462734753601 -2.4329094398092099283
91.448433679565937382 0.10886525229704391293
91.948151896397121163 2.4762418728820092539
92.447870113228304945 1.5231274537179928519
92.947588330059488726 -1.7509968232736958793
93.447306546890672507 -2.3987738717054347681
93.947024763721856289 0.25091266121172567383
94.44674298055304007 2.4991315930150630464
94.946461197384223851 1.425109422063113751
95.446179414215407633 -1.8336673756937402757
95.945897631046591414 -2.3600956152147984923
96.445615847877775195 0.39063329522580841902
96.945334064708958977 2.5176483053512814791
97.445052281540142758 1.3227223996323513866
97.944770498371326539 -1.911917239770267507
98.444488715202510321 -2.3168366910726643226
98.944206932033694102 0.52703524804313983676
99.443925148864877883 2.5318361717990729431
99.943643365696061664 1.215921694579214174
