0.47999999999999998224 117.35778147383419423
0.96000000000000040856 256.11807813014240764
1.4400000000000008349 214.41940105339270417
1.9200000000000012612 218.20308965909043764
2.4000000000000016875 418.53607526412372408
2.8800000000000021139 894.92343935470773886
3.3600000000000025402 1532.8065923512378959
3.8400000000000029665 2244.8793843281923728
4.3200000000000011724 2927.1316189011945426
4.799999999999998046 3675.8599784748930688
5.2799999999999949196 4522.9749736044204838
5.7599999999999917932 5481.258096174477032
6.2399999999999886668 6395.1959662660301547
6.7199999999999855405 7392.0287300616173525
7.1999999999999824141 8538.6975578080418927
7.6799999999999792877 9932.5365885591490951
8.1599999999999788258 11319.739755602693549
8.6399999999999828049 12885.980269404179126
9.1199999999999867839 14351.462263594778051
9.5999999999999907629 15867.374629374122378
10.079999999999994742 17571.985436530929292
10.559999999999998721 19286.643820580466127
11.0400000000000027 20772.794471108492871
11.520000000000006679 22310.4534484119431
12.000000000000010658 23949.957581304628548
12.480000000000014637 25616.451260316418484
12.960000000000018616 27416.270420162705705
13.440000000000022595 29090.174411962372687
13.920000000000026574 30769.840753759744985
14.400000000000030553 32431.974898731921712
14.880000000000034532 33749.015244124464516
15.360000000000038511 34990.683733545884024
15.84000000000004249 36356.367892762718839
16.320000000000035811 37703.449236562963051
16.80000000000002558 38869.333093980560079
17.280000000000015348 39944.071662454822217
17.760000000000005116 41151.107666327043262
18.239999999999994884 42465.20808382571704
18.719999999999984652 43859.689625873877958
19.19999999999997442 45487.590576691443857
19.679999999999964189 47040.539990579338337
20.159999999999953957 48542.577528148241981
20.639999999999943725 49911.894461427706119
21.119999999999933493 51124.151985833334038
21.599999999999923261 52392.299218515858229
22.07999999999991303 53645.159502675269323
22.559999999999902798 55006.255294131820847
23.039999999999892566 56403.853407176866313
23.519999999999882334 57599.689806381058588
23.999999999999872102 58988.889405134512344
24.47999999999986187 60614.467196491699724
24.959999999999851639 62380.617266792207374
25.439999999999841407 63997.821325181466818
25.919999999999831175 65563.417116364158574
26.399999999999820943 67088.836181353661232
26.879999999999810711 68563.058507171124802
27.35999999999980048 69930.348637926450465
27.839999999999790248 71350.076634060984361
28.319999999999780016 72689.422637632538681
28.799999999999769784 73886.083017354016192
29.279999999999759552 75155.403240144485608
29.759999999999749321 76155.975288875561091
30.239999999999739089 76916.456328008149285
30.719999999999728857 77580.064415484754136
31.199999999999718625 78287.055643380474066
31.679999999999708393 78866.103671615375788
32.159999999999705267 79644.231812393874861
32.639999999999723457 80586.981403941957979
33.119999999999741647 81534.919028789590811
33.599999999999759837 82284.479259971907595
34.079999999999778026 83136.846033207635628
34.559999999999796216 83983.176538074636483
35.039999999999814406 84772.854622519575059
35.519999999999832596 85590.649193238190492
35.999999999999850786 86519.390050290137879
36.479999999999868976 87385.491497646333301
36.959999999999887166 88273.386935530041228
37.439999999999905356 89242.155299384423415
37.919999999999923546 90219.302736027559149
38.399999999999941735 91225.294066187838325
38.879999999999959925 92062.738762870954815
39.359999999999978115 93063.055662719270913
39.839999999999996305 94101.949601752363378
40.320000000000014495 95042.471048522857018
40.800000000000032685 95866.606033201343962
41.280000000000050875 96634.942478558950825
41.760000000000069065 97596.611400344598223
42.240000000000087255 98744.474688259826507
42.720000000000105445 99857.930596935810172
43.200000000000123634 101032.80632547674759
43.680000000000141824 102311.89347256562905
44.160000000000160014 103787.37101078077103
44.640000000000178204 104828.18011375560309
45.120000000000196394 105854.52900618981221
45.600000000000214584 106926.52926536476298
46.080000000000232774 108122.49308400957671
46.560000000000250964 109192.47644675061747
47.040000000000269154 110169.53125960759644
47.520000000000287343 111223.16406032975647
48.000000000000305533 112418.93331533239689
48.480000000000323723 113837.83983461248863
48.960000000000341913 115118.12782281989348
49.440000000000360103 116491.18493811492226
49.920000000000378293 118073.29799664331949
50.400000000000396483 119414.53947649765178
50.880000000000414673 120512.47676416415197
51.360000000000432863 121334.21047530882061
51.840000000000451053 122106.20379442367994
52.320000000000469242 122818.33470388864225
52.800000000000487432 123698.16038013959769
53.280000000000505622 124592.76410015732108
53.760000000000523812 125594.54629347455921
54.240000000000542002 126496.26838536876312
54.720000000000560192 127481.75214455404785
55.200000000000578382 128587.41410557526979
55.680000000000596572 129680.4458481624315
56.160000000000614762 130674.59676625340944
56.640000000000632951 131769.16529962798813
57.120000000000651141 132769.80594363121781
57.600000000000669331 133730.34488247925765
58.080000000000687521 135042.75813957996434
58.560000000000705711 136321.92467001010664
59.040000000000723901 137605.67537070400431
59.520000000000742091 138975.12817091468605
60.000000000000760281 140088.30211732303724
60.480000000000778471 140941.67918260992155
60.960000000000796661 142053.02140834924649
61.44000000000081485 143417.46919349732343
61.92000000000083304 144867.56988292542519
62.40000000000085123 146407.52765461796662
62.88000000000086942 147961.79908910155063
63.36000000000088761 149592.66893313344917
63.8400000000009058 151352.95133035216713
64.320000000000916884 153382.11503822135273
64.800000000000935074 155535.85691549326293
65.280000000000953264 157709.99141995084938
65.760000000000971454 160184.13485902606044
66.240000000000989644 163060.1765326539753
66.720000000001007834 166205.52999407425523
67.200000000001026024 169088.16959605214652
67.680000000001044214 172038.05539503390901
68.160000000001062403 174769.71532383860904
68.640000000001080593 177500.85865585439024
69.120000000001098783 180063.83769260253757
69.600000000001116973 182662.15166199291707
70.080000000001135163 185273.46145690942649
70.560000000001153353 187531.52646933789947
71.040000000001171543 189886.2198704056209
71.520000000001189733 192292.62837619331549
72.000000000001207923 194593.77575511904433
72.480000000001226113 197167.50186362088425
72.960000000001244302 199910.60121651928057
73.440000000001262492 202875.92198218719568
73.920000000001280682 205862.0791164127877
74.400000000001298872 208946.98731908333139
74.880000000001317062 211905.06083389624837
75.360000000001335252 215021.5138898237492
75.840000000001353442 218401.91656807629624
76.320000000001371632 222027.26325337504386
76.800000000001389822 225642.74694593838649
77.280000000001408011 229228.59132011551992
77.760000000001426201 232861.85608755715657
78.240000000001444391 236570.65922860385035
78.720000000001462581 240116.78600652722525
79.200000000001480771 243461.31943184012198
79.680000000001498961 246698.99344377202215
80.160000000001517151 249733.55210189253557
80.640000000001535341 252787.17308319933363
81.120000000001553531 256121.70767979422817
81.600000000001571721 259412.02583272289485
82.08000000000158991 263022.61026025965111
82.5600000000016081 266847.30168396938825
83.04000000000162629 270781.58828166790772
83.52000000000164448 275023.97791749425232
84.00000000000166267 279113.68030070367968
84.48000000000168086 283040.13870933151338
84.96000000000169905 286932.43198621977353
85.44000000000171724 290621.05331002885941
85.92000000000173543 294212.98717544093961
86.400000000001753619 297697.05996763618896
86.880000000001771809 300937.57983300084015
87.360000000001789999 304022.79475495498627
87.840000000001808189 306949.06366050645011
88.320000000001826379 309892.07423223683145
88.800000000001844569 312542.07841611333424
89.280000000001862759 314958.65656735788798
89.760000000001880949 317406.69877349771559
90.240000000001899139 320034.63507228525123
90.720000000001917329 322778.93123339064186
91.200000000001935518 325618.20028504671063
91.680000000001953708 328766.70675742934691
92.160000000001971898 331954.51350414799526
92.640000000001990088 334748.6461455282988
93.120000000002008278 337475.78624822036363
93.600000000002026468 340354.22052040614653
94.080000000002044658 343345.75926027545938
94.560000000002062848 346394.04357896378497
95.040000000002081038 349270.32565329415957
95.520000000002099227 352809.68865047837608
96.000000000002117417 356309.07756054634228
