0.50797705125811087878 0.0012158419201212516004
1.0159541025162199812 0.0018371522513586395139
1.5239311537743338576 0.002793008903801993785
2.0319082050324470679 0.0027900644649764532595
2.5398852562905509522 0.0028659655916982817829
3.0478623075486548366 0.0033706314812683582996
3.555839358806758721 0.0038409523704442437644
4.0638164100648630495 0.0051787587041382567021
4.5717934613229669338 0.0051542580142725528611
5.0797705125810708182 0.0049944582587273678859
5.5877475638391747026 0.0052104401026438918604
6.095724615097278587 0.0060829964661897025294
6.6037016663553824714 0.0073630209269150252716
7.1116787176134863557 0.0079450227536926338462
7.6196557688715902401 0.0083768261265613919858
8.1276328201296941245 0.0092647082821984624856
8.6356098713877980089 0.01137373751299841293
9.1435869226459018932 0.011981343011639363286
9.6515639739040057776 0.011500524933187412577
10.159541025162109662 0.013067504088635427742
10.667518076420213546 0.016586195253885886031
11.175495127678317431 0.018100745691249968405
11.683472178936421315 0.016970131042149075307
12.1914492301945252 0.017501222902371830342
12.699426281452629084 0.019789615786769118588
13.207403332710732968 0.024424850658998503022
13.715380383968836853 0.022218709655886306753
14.223357435226940737 0.024002338616261650883
14.731334486485044621 0.023940213393199405445
15.239311537743148506 0.024054083686151583876
15.74728858900125239 0.026597932613398888452
16.255265640259395354 0.027233760445033668857
16.763242691517579175 0.026962133962740945231
17.271219742775762995 0.028392944974956695059
17.779196794033946816 0.030035261132568057824
18.287173845292130636 0.02920508813903830575
18.795150896550314457 0.027939057599108529928
19.303127947808498277 0.028183597492009816038
19.811104999066682097 0.029812313772552296448
20.319082050324865918 0.03053817011404999851
20.827059101583049738 0.03240258924406155816
21.335036152841233559 0.035157164414235587968
21.843013204099417379 0.036541298111338889332
22.3509902553576012 0.035887964011665392239
22.85896730661578502 0.039977426571724317128
23.366944357873968841 0.041916282133229836038
23.874921409132152661 0.039416658814514761444
24.382898460390336481 0.039153761115669274973
24.890875511648520302 0.040519961747307063626
25.398852562906704122 0.038432741759338986953
25.906829614164887943 0.042958024332530687917
26.414806665423071763 0.043258662816467272072
26.922783716681255584 0.042669972778106121658
27.430760767939439404 0.041770394154051183888
27.938737819197623224 0.041188657698921889161
28.446714870455807045 0.043663756744221113304
28.954691921713990865 0.045434776521600231391
29.462668972972174686 0.041454526759461533814
29.970646024230358506 0.039026984908369227734
30.478623075488542327 0.039594859437152823967
30.986600126746726147 0.037349568681586967078
31.494577178004909968 0.040440758926002941254
32.002554229263090235 0.040021458650947118463
32.510531280521114184 0.039181635203001011214
33.018508331779138132 0.043035467727785929604
33.52648538303716208 0.043816888482888075029
34.034462434295186029 0.042984013421616555639
34.542439485553209977 0.041131290230113894124
35.050416536811233925 0.043232655058801409964
35.558393588069257873 0.045004525950875784446
36.066370639327281822 0.049698999312285371821
36.57434769058530577 0.053171378682060885246
37.082324741843329718 0.05637362421091288156
37.590301793101353667 0.059320158496137587179
38.098278844359377615 0.058800397538259940866
38.606255895617401563 0.05914573391336916397
39.114232946875425512 0.062149573953949065197
39.62220999813344946 0.060532683408868526165
40.130187049391473408 0.061818602746531406411
40.638164100649497357 0.064360211431481809119
41.146141151907521305 0.066191354864706244965
41.654118203165545253 0.067915931443521232458
42.162095254423569202 0.064770688666247994147
42.67007230568159315 0.063391503193222703549
43.178049356939617098 0.066370276423702384561
43.686026408197641047 0.068828382105678362346
44.194003459455664995 0.067337319415975468995
44.701980510713688943 0.067473574105886252594
45.209957561971712892 0.070981504717589224973
45.71793461322973684 0.072346512984194311091
46.225911664487760788 0.072988304122895975024
46.733888715745784737 0.071740403176454137224
47.241865767003808685 0.07424677539252394487
47.749842818261832633 0.076968659352467799772
48.257819869519856582 0.077616387823896945686
48.76579692077788053 0.079094680876187373197
49.273773972035904478 0.07653406105568349993
49.781751023293928426 0.075526799462524205064
50.289728074551952375 0.077966680262505569377
50.797705125809976323 0.077042353986014611156
51.305682177068000271 0.078990741301809386243
51.81365922832602422 0.076770728434412308094
52.321636279584048168 0.079182309109195853081
52.829613330842072116 0.082627888117414519109
53.337590382100096065 0.082533769118299002421
53.845567433358120013 0.088096960762631293385
54.353544484616143961 0.085683580239470910622
54.86152153587416791 0.085193026687614220593
55.369498587132191858 0.088730988066736224407
55.877475638390215806 0.087658086319336178671
56.385452689648239755 0.090504152215506353252
56.893429740906263703 0.09141676552051708482
57.401406792164287651 0.090936950924244766559
57.9093838434223116 0.0916712663220065338
58.417360894680335548 0.091578762754490672382
58.925337945938359496 0.091685211835392660396
59.433314997196383445 0.09448352455032829611
59.941292048454407393 0.093677560285478578272
60.449269099712431341 0.097261119572471604888
60.95724615097045529 0.10029322345461548494
61.465223202228479238 0.096276304317452904291
61.973200253486503186 0.09673273984893944466
62.481177304744527135 0.092294182094509430447
62.989154356002551083 0.088767535451577617156
63.497131407260575031 0.091364370283670420791
64.005108458518606085 0.088845908980097282326
64.513085509776630033 0.088931741827867644146
65.021062561034653982 0.083754656663375698367
65.52903961229267793 0.084293781527560965317
66.037016663550701878 0.091003749491545549155
66.544993714808725827 0.093136578331477731796
67.052970766066749775 0.096075789665481386992
67.560947817324773723 0.09703741131490117855
68.068924868582797671 0.095550846082802620707
68.57690191984082162 0.092572199486675443847
69.084878971098845568 0.098173435571120820642
69.592856022356869516 0.10487220161970517429
70.100833073614893465 0.10370673967743469779
70.608810124872917413 0.10343478658574375983
71.116787176130941361 0.10255312966806917618
71.62476422738896531 0.10403299128612991664
72.132741278646989258 0.10558185650012882895
72.640718329905013206 0.10891301169553796457
73.148695381163037155 0.11229200690093148196
73.656672432421061103 0.11262877851271864416
74.164649483679085051 0.11928383747919064917
74.672626534937109 0.11815761105483015003
75.180603586195132948 0.12146448470520224139
75.688580637453156896 0.12401799158601652107
76.196557688711180845 0.12410609874238447137
76.704534739969204793 0.11855387829281942291
77.212511791227228741 0.120289244830651329
77.72048884248525269 0.1176267902613602756
78.228465893743276638 0.11870710088974317786
78.736442945001300586 0.12383906505675376652
79.244419996259324535 0.1224326029663616866
79.752397047517348483 0.12384669084770590086
80.260374098775372431 0.12010378073848289315
80.76835115003339638 0.11503061591078186932
81.276328201291420328 0.113058624540081476
81.784305252549444276 0.11217218888262239784
82.292282303807468224 0.11956359154058036898
82.800259355065492173 0.1158315440131702373
83.308236406323516121 0.1115009098591789316
83.816213457581540069 0.10661391510000622906
84.324190508839564018 0.10678070551913181052
84.832167560097587966 0.11274111683604312595
85.340144611355611914 0.11120551659214641949
85.848121662613635863 0.10840156620816619737
86.356098713871659811 0.11105954772365998762
86.864075765129683759 0.10774981256742699465
87.372052816387707708 0.109504700106032693
87.880029867645731656 0.11084051334123987131
88.388006918903755604 0.10810076382757441427
88.895983970161779553 0.10805347222229658155
89.403961021419803501 0.1050270198822793738
89.911938072677827449 0.10457856016484867734
90.419915123935851398 0.093999460211775437424
90.927892175193875346 0.095866543340225776615
91.435869226451899294 0.093813705217495005351
91.943846277709923243 0.1003009255957423157
92.451823328967947191 0.10003204234712172183
92.959800380225971139 0.10868714931213410702
93.467777431483995088 0.10967396311546696863
93.975754482742019036 0.10798230140007505917
94.483731534000042984 0.10727151138650881101
94.991708585258066933 0.10941301383167774397
95.499685636516090881 0.10968612576156862304
96.007662687774114829 0.11002943631171781258
96.515639739032138777 0.11229938287702675992
97.023616790290162726 0.11624625745228922558
97.531593841548186674 0.11522125291537572978
98.039570892806210622 0.11951229882731648213
98.547547944064234571 0.1161769818827515649
99.055524995322258519 0.11641909523507068536
99.563502046580282467 0.11604391129538202398
100.07147909783830642 0.11783664712924708795
100.57945614909633036 0.12032121845496014656
101.08743320035435431 0.11640473340877427466
101.59541025161237826 0.11066702341193045134
