0.48000000000000003775 39.783742855073583655
0.95999999999999985345 125.10479134424252834
1.4400000000000001688 63.822283263256693431
1.9200000000000005951 -174.03566234106432375
2.4000000000000007994 -365.04124937974575005
2.8800000000000012257 -481.24477493358108404
3.360000000000001652 -712.18362998335521752
3.8400000000000020783 -1057.6345962898444668
4.3200000000000020606 -1577.4677603293660013
4.8000000000000024869 -2192.6436039903624078
5.2800000000000029132 -2839.0824577329594831
5.7600000000000033396 -3842.1471175441315609
6.2400000000000037659 -5060.5641283642044073
6.7200000000000041922 -6283.6473048593816202
7.2000000000000046185 -7381.2973855583231853
7.6800000000000050449 -8426.051881966590372
8.1600000000000054712 -9301.0193374675382074
8.6400000000000058975 -10309.516418070663349
9.1200000000000063238 -11199.316583901161721
9.6000000000000067502 -11870.288068946434578
10.080000000000007176 -12517.348691108352796
10.560000000000007603 -13064.61200409605226
11.040000000000008029 -13983.795550448121503
11.520000000000008455 -14925.220594789072493
12.000000000000008882 -15947.962955567418248
12.480000000000009308 -16797.522351439591148
12.960000000000009734 -17356.577853072554717
13.440000000000010161 -18074.907340549569199
13.920000000000010587 -18831.634693743479147
14.400000000000011013 -19735.920231840802444
14.88000000000001144 -20609.495870382150315
15.360000000000011866 -21525.638539848543587
15.840000000000012292 -22276.558914771823765
16.320000000000003837 -23112.061009813824057
16.799999999999993605 -23923.683793254127522
17.279999999999983373 -25063.683381634960824
17.759999999999973141 -26055.746117196442356
18.23999999999996291 -26892.515601112598233
18.719999999999952678 -27715.860522176761151
19.199999999999942446 -28574.113619660318363
19.679999999999932214 -29294.411229513516446
20.159999999999921982 -30210.996261020518432
20.639999999999911751 -31378.446221266720386
21.119999999999901519 -32438.174562991582206
21.599999999999891287 -33446.973326349136187
22.079999999999881055 -34384.960405457379238
22.559999999999870823 -35282.248035743352375
23.039999999999860592 -36014.25782484440424
23.51999999999985036 -36698.61699322774075
23.999999999999840128 -37578.502214654916315
24.479999999999829896 -38746.66567915284395
24.959999999999819664 -40215.977928956446704
25.439999999999809432 -41620.28796801099088
25.919999999999799201 -43221.508883829221304
26.399999999999788969 -44968.859178517159307
26.879999999999778737 -47216.465501584512822
27.359999999999768505 -49682.862458754403633
27.839999999999758273 -52364.192590624523291
28.319999999999748042 -54908.164151611366833
28.79999999999973781 -57436.69260335771105
29.279999999999727578 -60054.643295079571544
29.759999999999717346 -62593.606167116522556
30.239999999999707114 -65396.285109877819195
30.719999999999696882 -68309.590819245917373
31.199999999999686651 -71043.085388082326972
31.679999999999676419 -73443.763795681166812
32.15999999999966974 -75628.895619294329663
32.639999999999659508 -77551.936484065590776
33.119999999999649276 -79345.287171412914176
33.599999999999639044 -81064.660112940677209
34.079999999999628812 -82766.451189965737285
34.559999999999618581 -84768.360465825695428
35.039999999999608349 -87042.913382835904486
35.519999999999598117 -89622.005258610268356
35.999999999999587885 -92331.540030631149421
36.479999999999577653 -94773.86723105389683
36.959999999999567422 -97000.145751082440256
37.43999999999955719 -99240.858726032281993
37.919999999999546958 -101605.3644093471521
38.399999999999536726 -104346.48038168445055
38.879999999999526494 -107458.11267398313794
39.359999999999516263 -110870.49431260935671
39.839999999999506031 -114401.99092173291137
40.319999999999495799 -118095.30115723941708
40.799999999999485567 -121894.02975628254353
41.279999999999475335 -125550.00362874484563
41.759999999999465103 -129209.58422924457409
42.239999999999454872 -132792.84173630253645
42.71999999999944464 -136332.99610942817526
43.199999999999434408 -139906.71884851442883
43.679999999999424176 -143459.05193049481022
44.159999999999413944 -146853.23929763038177
44.639999999999403713 -150237.00064312436734
45.119999999999393481 -153594.0593220051378
45.599999999999383249 -156706.5521573042497
46.079999999999373017 -159865.76388395449612
46.559999999999362785 -162885.02913677072502
47.039999999999352553 -165675.45380602972
47.519999999999342322 -168626.94674253210542
47.99999999999933209 -171897.91415852872888
48.479999999999321858 -175284.26178024339606
48.959999999999311626 -178525.8005299680226
49.439999999999301394 -181898.49337462682161
49.919999999999291163 -185506.10210967462626
50.399999999999280931 -189320.97126356061199
50.879999999999270699 -193313.16182421316626
51.359999999999260467 -197252.73687898219214
51.839999999999250235 -200953.11623903247528
52.319999999999240003 -204842.43910404926282
52.799999999999229772 -209126.72209200184443
53.27999999999921954 -213410.5694295479625
53.759999999999209308 -217706.92137316518347
54.239999999999199076 -222197.00181064073695
54.719999999999188844 -226777.0287436953804
55.199999999999178613 -231889.4887963043584
55.679999999999168381 -237459.28738921662443
56.159999999999158149 -243243.01147088510334
56.639999999999147917 -248666.13113385529141
57.119999999999137685 -254138.61302513955161
57.599999999999127454 -259343.88973606316722
58.079999999999117222 -264815.60064989043167
58.55999999999910699 -270426.82773620070657
59.039999999999096758 -276060.83321026340127
59.519999999999086526 -281394.92850722867297
59.999999999999076294 -286901.07235427404521
60.479999999999066063 -292737.69941592367832
60.959999999999055831 -298324.55487174465088
61.439999999999045599 -303803.03204127948266
61.919999999999035367 -309459.91268753854092
62.399999999999025135 -315414.58753553126007
62.879999999999014904 -321470.07271491410211
63.359999999999004672 -327599.38296082190936
63.83999999999899444 -334044.0585150566767
64.319999999998984208 -340823.65084077348001
64.799999999998973976 -347843.1289220325998
65.279999999998963744 -355025.54020376835251
65.759999999998953513 -362070.54502548178425
66.239999999998943281 -369114.27451928629307
66.719999999998933049 -376338.95998747996055
67.199999999998922817 -383641.23352422140306
67.679999999998912585 -391017.69324591301847
68.159999999998902354 -398370.13621647452237
68.639999999998892122 -405454.57961574749788
69.11999999999888189 -412843.9733062054147
69.599999999998871658 -419874.92818795179483
70.079999999998861426 -427065.9567366950796
70.559999999998851195 -434647.33205454540439
71.039999999998840963 -442149.89132384653203
71.519999999998830731 -449810.09996939339908
71.999999999998820499 -457297.41390231804689
72.479999999998810267 -464433.47245507896878
72.959999999998800035 -471330.64286747155711
73.439999999998789804 -477937.15813473018352
73.919999999998779572 -484653.04783231846523
74.39999999999876934 -491349.01815252105007
74.879999999998759108 -498359.02261766494485
75.359999999998748876 -505540.22237527585821
75.839999999998738645 -512869.32469124085037
76.319999999998728413 -520421.93869628326502
76.799999999998718181 -527834.02477479563095
77.279999999998707949 -534962.79282386659179
77.759999999998697717 -542050.65925795724615
78.239999999998687485 -549244.42213039041962
78.719999999998677254 -556497.07440425956156
79.199999999998667022 -563648.97324801166542
79.67999999999865679 -570661.32245034305379
80.159999999998646558 -578192.34580471192021
80.639999999998636326 -586045.27560084115248
81.119999999998626095 -594336.91340979631059
81.599999999998615863 -602478.13154734508134
82.079999999998605631 -610757.34551496431231
82.559999999998595399 -619215.01312423974741
83.039999999998585167 -627810.71188278938644
83.519999999998574935 -636373.46399808197748
83.999999999998564704 -645081.9854058327619
84.479999999998554472 -653943.10690033237915
84.95999999999854424 -662820.28659567108843
85.439999999998534008 -671930.03343410172965
85.919999999998523776 -681263.39659821416717
86.399999999998513545 -691093.35070868511684
86.879999999998503313 -700932.50093272933736
87.359999999998493081 -710755.12539838301018
87.839999999998482849 -720683.40565439627972
88.319999999998472617 -730629.29398062266409
88.799999999998462386 -740421.73681962350383
89.279999999998452154 -750042.10328146698885
89.759999999998441922 -759751.37177469430026
90.23999999999843169 -769386.47240010171663
90.719999999998421458 -779106.34722815454006
91.199999999998411226 -788881.83456594252493
91.679999999998400995 -798618.4985790635692
92.159999999998390763 -808174.79856865911279
92.639999999998380531 -817722.49427285499405
93.119999999998370299 -827072.29307339224033
93.599999999998360067 -836165.2773988378467
94.079999999998349836 -845108.76692778756842
94.559999999998339604 -854161.36003608966712
95.039999999998329372 -863239.53603030880913
95.51999999999831914 -872408.21203910198528
95.999999999998308908 -881888.86136603076011
