0.50096367075876835351 0.0033025647190892877016
1.0019273415175373732 0.0080380706631316099775
1.5028910122763043944 0.012784773900576787767
2.0038546830350716377 0.016168708307410756958
2.5048183537938428778 0.019114601610793677949
3.0057820245526141179 0.024643889559656930593
3.5067456953113853579 0.027195443762581584385
4.007709366070156598 0.029656363401575666638
4.5086730368289194004 0.034973085529701908314
5.0096367075876822028 0.044232692027282617675
5.5106003783464450052 0.040562105788092432668
6.0115640491052078076 0.046310894981858391484
6.51252771986397061 0.047327303412913551695
7.0134913906227334124 0.042362649630077742202
7.5144550613814962148 0.045481784904409752746
8.0154187321402599053 0.049173879331973001372
8.5163824028990227077 0.04352312748231065842
9.0173460736577855101 0.053200192489699212051
9.5183097444165483125 0.065372322802473986636
10.019273415175311115 0.065194257045345399559
10.520237085934073917 0.077780816494889784551
11.02120075669283672 0.082238173295501190707
11.522164427451599522 0.089906940001042462418
12.023128098210362324 0.093702648214050568432
12.524091768969125127 0.10299924228364210066
13.025055439727887929 0.12356760071471750706
13.526019110486650732 0.14182918629293478352
14.026982781245413534 0.14136826306433092348
14.527946452004176336 0.13289008438331895157
15.028910122762939139 0.13945008463936381382
15.529873793521701941 0.15517330074844387644
16.03083746428046652 0.16339101309432610409
16.531801135039263073 0.16853886335637460747
17.032764805798059626 0.16504457877722450432
17.53372847655685618 0.18031682418157285452
18.034692147315652733 0.19217301928286611989
18.535655818074449286 0.19241904071709123314
19.036619488833245839 0.19675911035271023697
19.537583159592042392 0.20134555140291982012
20.038546830350838945 0.20838920955131290391
20.539510501109635499 0.2235395744043655597
21.040474171868432052 0.23895483010571846871
21.541437842627228605 0.24378488305311160622
22.042401513386025158 0.25008494394743308042
22.543365184144821711 0.24504653273725246487
23.044328854903618264 0.24507378634191390177
23.545292525662414818 0.23080111627907037852
24.046256196421211371 0.23543977795211321058
24.547219867180007924 0.22464787274930694827
25.048183537938804477 0.22289787578018030456
25.54914720869760103 0.22525233362752306032
26.050110879456397583 0.24259680043301526386
26.551074550215194137 0.25139060502706955802
27.05203822097399069 0.2557922885984084127
27.553001891732787243 0.26880843603594095637
28.053965562491583796 0.26437530533783609732
28.554929233250380349 0.27118556570991342314
29.055892904009176902 0.27771581302843928452
29.556856574767973456 0.28350176929406317727
30.057820245526770009 0.280580959753655379
30.558783916285566562 0.28003597511985767188
31.059747587044363115 0.29341263739829820389
31.560711257803159668 0.3053574758259309796
32.061674928561949116 0.31165511567908243951
32.562638599320678168 0.31808560389547363423
33.063602270079407219 0.31021839194195854894
33.564565940838136271 0.31132049385309712441
34.065529611596865323 0.31936578983981472879
34.566493282355594374 0.31790720189924476236
35.067456953114323426 0.32588202068051574933
35.568420623873052477 0.31334457926687420137
36.069384294631781529 0.32882346321023703251
36.570347965390510581 0.33822948942576508413
37.071311636149239632 0.33606972508841431724
37.572275306907968684 0.35121220254010998563
38.073238977666697735 0.34688386260216380608
38.574202648425426787 0.34255596924070874643
39.075166319184155839 0.34805637193836785892
39.57612998994288489 0.36837073903808148501
40.077093660701613942 0.38636880574861526272
40.578057331460342994 0.39954972257056436957
41.079021002219072045 0.39732581713891845787
41.579984672977801097 0.41058243692358992183
42.080948343736530148 0.41434159173401235998
42.5819120144952592 0.40821150112188969716
43.082875685253988252 0.41966775213638013442
43.583839356012717303 0.41437824878925366701
44.084803026771446355 0.43413690403980176313
44.585766697530175406 0.46188751658122795263
45.086730368288904458 0.45933827051531406216
45.58769403904763351 0.43797439595371562282
46.088657709806362561 0.44585811106715866892
46.589621380565091613 0.45564779040692632295
47.090585051323820664 0.45223870431198270881
47.591548722082549716 0.44889992957964613973
48.092512392841278768 0.4476005833071403095
48.593476063600007819 0.47493096433336901008
49.094439734358736871 0.47159197018676463076
49.595403405117465923 0.48184722534331952959
50.096367075876194974 0.49481558311299272956
50.597330746634924026 0.49212906975301490275
51.098294417393653077 0.50376612937785447688
51.599258088152382129 0.50718484274578845561
52.100221758911111181 0.48967759933523247184
52.601185429669840232 0.47718636036567985137
53.102149100428569284 0.47619781023652496543
53.603112771187298335 0.45623073496094918022
54.104076441946027387 0.45555627550838428963
54.605040112704756439 0.44538876684609368661
55.10600378346348549 0.46359772932604681461
55.606967454222214542 0.49572842279854295588
56.107931124980943594 0.51707312952046702303
56.608894795739672645 0.52196102598070293066
57.109858466498401697 0.54107309992523455744
57.610822137257130748 0.53663021801931443111
58.1117858080158598 0.54614655873768180872
58.612749478774588852 0.54801654071118344191
59.113713149533317903 0.5535858165681114551
59.614676820292046955 0.54154377921209562174
60.115640491050776006 0.54005695070968795513
60.616604161809505058 0.53483789615330235012
61.11756783256823411 0.54781082348742016208
61.618531503326963161 0.54834099831895088961
62.119495174085692213 0.5478023648086240982
62.620458844844421264 0.55702662437927374928
63.121422515603150316 0.55216334115045162534
63.622386186361879368 0.56711904436563975729
64.123349857120643946 0.58928510702367831176
64.624313527879508001 0.56188970586449815681
65.125277198638372056 0.56097292141947185939
65.626240869397236111 0.5700040156334958974
66.127204540156100165 0.56667193456024389508
66.62816821091496422 0.59849125288902493836
67.129131881673828275 0.62559873804819776666
67.63009555243269233 0.6066106935678750034
68.131059223191556384 0.60211202093049576156
68.632022893950420439 0.61854731971254617306
69.132986564709284494 0.60765245926629707363
69.633950235468148549 0.6192365915352989747
70.134913906227012603 0.62079372104454544345
70.635877576985876658 0.61683610708302616388
71.136841247744740713 0.65358353621249776211
71.637804918503604767 0.64661859915118846676
72.138768589262468822 0.62175765198751220542
72.639732260021332877 0.6300946379697396349
73.140695930780196932 0.64874105339626919609
73.641659601539060986 0.64160812565339619962
74.142623272297925041 0.63274876357368903257
74.643586943056789096 0.6413793885925460625
75.144550613815653151 0.65478347281048632222
75.645514284574517205 0.66949868957679314896
76.14647795533338126 0.68466711198265062244
76.647441626092245315 0.67778480116321948579
77.14840529685110937 0.67752756794093915715
77.649368967609973424 0.6816869807865821862
78.150332638368837479 0.68534686567726921247
78.651296309127701534 0.71279283845116414575
79.152259979886565588 0.72798151963939439213
79.653223650645429643 0.75120678463107393164
80.154187321404293698 0.75257730149883006465
80.655150992163157753 0.74238867979169109734
81.156114662922021807 0.77276951482379674374
81.657078333680885862 0.7754961599236507297
82.158042004439749917 0.78216666006567558966
82.659005675198613972 0.79222878693690446106
83.159969345957478026 0.79575055247179882212
83.660933016716342081 0.78927754709154807067
84.161896687475206136 0.76001513569188972053
84.662860358234070191 0.77346303532847182627
85.163824028992934245 0.78432915307219419621
85.6647876997517983 0.77054108920236841218
86.165751370510662355 0.78199322629655476646
86.666715041269526409 0.79479303549731883383
87.167678712028390464 0.79055220571629936099
87.668642382787254519 0.8057075901970377485
88.169606053546118574 0.81040470644677553569
88.670569724304982628 0.80655718514909846562
89.171533395063846683 0.81831255954137638309
89.672497065822710738 0.82123755075624416122
90.173460736581574793 0.83391139631930699672
90.674424407340438847 0.82018733648874375675
91.175388078099302902 0.83960185581248181208
91.676351748858166957 0.89222205051854486246
92.177315419617031012 0.89540662811858318104
92.678279090375895066 0.89156864400110957813
93.179242761134759121 0.9204447125845648392
93.680206431893623176 0.98692065786620897239
94.18117010265248723 1.0062840872001836967
94.682133773411351285 0.98116314364607304377
95.18309744417021534 0.97704670107053914752
95.684061114929079395 1.0228506034193003416
96.185024785687943449 1.0767348756608718929
96.685988456446807504 1.0600657220866929187
97.186952127205671559 1.0620354531809719223
97.687915797964535614 1.0581685229406063709
98.188879468723399668 1.0820774926287104467
98.689843139482263723 1.0444037745432230846
99.190806810241127778 1.0798632016925087118
99.691770480999991833 1.0910747755941423431
100.19273415175885589 1.0489769806025208698
