0.51000000000000023093 0.00014026722109164343729
1.0200000000000006839 0.00026599900267123747057
1.5300000000000011369 0.0003066692175802412869
2.0400000000000004796 0.00059746356651422486295
2.5499999999999896083 0.00097070709250118912374
3.059999999999978737 0.0012522153036517741798
3.5699999999999678657 0.0020827759577125085078
4.0799999999999574385 0.0027680007713978735905
4.5899999999999465672 0.002750946922259269161
5.0999999999999356959 0.0032394337492766245822
5.6099999999999248246 0.0042904965375782002507
6.1199999999999139533 0.0033229433770121732938
6.629999999999903082 0.004612952501197096003
7.1399999999998922107 0.005563501208863057268
7.6499999999998813394 0.0068051248891087432955
8.1599999999998704681 0.007727168751484220742
8.6699999999998595968 0.0084418981954017015268
9.1799999999998487255 0.0083003346449026915027
9.6899999999998378541 0.0093042840364662149355
10.199999999999826983 0.0081258050434601346301
10.709999999999816112 0.0082044889226993104187
11.21999999999980524 0.0087782732645866924648
11.729999999999794369 0.011108842093580616195
12.239999999999783498 0.011404405751413583536
12.749999999999772626 0.011786804252436578269
13.259999999999761755 0.013085023875219882125
13.769999999999750884 0.01293451365140803333
14.279999999999740012 0.012391513985980049176
14.789999999999729141 0.013363999383623413955
15.29999999999971827 0.013944558238267949768
15.809999999999707399 0.01319596786684100638
16.319999999999751594 0.015198381777221204453
16.829999999999831317 0.013818514641556287753
17.33999999999991104 0.015731158120426108615
17.849999999999990763 0.016174385110228322454
18.360000000000070486 0.015145294104070195287
18.870000000000150209 0.016282541124288039264
19.380000000000229932 0.017146278013276203961
19.890000000000309655 0.017454593792561704652
20.400000000000389377 0.01855160437665213588
20.9100000000004691 0.017508304671549086012
21.420000000000548823 0.019068287168066695714
21.930000000000628546 0.020753869449799157432
22.440000000000708269 0.022741380793903996638
22.950000000000787992 0.022245419557093797092
23.460000000000867715 0.022503935575264161911
23.970000000000947438 0.023497432832239231043
24.480000000001027161 0.02560438087789074918
24.990000000001106883 0.024223741149853820348
25.500000000001186606 0.026132179073161697358
26.010000000001266329 0.027285321795051966504
26.520000000001346052 0.028427272858789633114
27.030000000001425775 0.027589943320157135631
27.540000000001505498 0.028869900360250812243
28.050000000001585221 0.02882119872931904192
28.560000000001664944 0.02927159854544075443
29.070000000001744667 0.030098746074720704458
29.58000000000182439 0.029490654148600775608
30.090000000001904112 0.03079102603808826083
30.600000000001983835 0.030873807009495313897
31.110000000002063558 0.032222607897193354665
31.620000000002143281 0.031250243622879744776
32.130000000002176819 0.031280141582751996854
32.640000000002075353 0.032322794428343480655
33.150000000001973888 0.03069878599471341854
33.660000000001872422 0.032053715998629529749
34.170000000001770957 0.033331737312788690952
34.680000000001669491 0.031820380725983435366
35.190000000001568026 0.032859955647894595332
35.70000000000146656 0.031666643949080287845
36.210000000001365095 0.02901629894050873279
36.720000000001263629 0.030278265620182043261
37.230000000001162164 0.032013697906521303149
37.740000000001060698 0.031729919291975647311
38.250000000000959233 0.033684408064506857206
38.760000000000857767 0.034680972410884587653
39.270000000000756302 0.032471361835761852754
39.780000000000654836 0.032443814372707553695
40.290000000000553371 0.034050526956355076091
40.800000000000451905 0.035771558263537256428
41.31000000000035044 0.035334713391679012373
41.820000000000248974 0.034059730070530119805
42.330000000000147509 0.033275595292209220188
42.840000000000046043 0.034532678526199504787
43.349999999999944578 0.034821442814580085001
43.859999999999843112 0.032424481707209150405
44.369999999999741647 0.034953434727342955202
44.879999999999640181 0.034841989534860284827
45.389999999999538716 0.035209719891454133167
45.89999999999943725 0.033925057849600953608
46.409999999999335785 0.033961628203114331559
46.919999999999234319 0.034217267218581502719
47.429999999999132854 0.033929993398106289559
47.939999999999031388 0.034309165467149405071
48.449999999998929923 0.037310712288795726266
48.959999999998828457 0.037694218119412092882
49.469999999998726992 0.036872215152907658609
49.979999999998625526 0.035344722043840995362
50.489999999998524061 0.03798519043597115008
50.999999999998422595 0.04002364204522093627
51.50999999999832113 0.044317823213395758641
52.019999999998219664 0.044966150820255838816
52.529999999998118199 0.041128895016771943594
53.039999999998016733 0.041417376529775444538
53.549999999997915268 0.042123472091295938169
54.059999999997813802 0.043066488319958975972
54.569999999997712337 0.042848858607804421461
55.079999999997610871 0.046283109397023375342
55.589999999997509406 0.049490032113354461007
56.09999999999740794 0.046281706280573570167
56.609999999997306475 0.048742618558772557447
57.119999999997205009 0.045681512887823912117
57.629999999997103544 0.043550935771435005106
58.139999999997002078 0.046074897141350795726
58.649999999996900613 0.047062479590795229523
59.159999999996799147 0.047291935717310988607
59.669999999996697682 0.046952017064656119405
60.179999999996596216 0.050039661481359756778
60.689999999996494751 0.05436844958566591085
61.199999999996393285 0.054691541167023231818
61.70999999999629182 0.056523592274706824234
62.219999999996190354 0.055833357136435092516
62.729999999996088889 0.058843985418965960577
63.239999999995987423 0.057158418412484077176
63.749999999995885958 0.056774121130340110541
64.259999999995969233 0.059403512074193483283
64.769999999996230144 0.06135337445039983767
65.279999999996491056 0.057284711617876238332
65.789999999996751967 0.058094665752682905779
66.299999999997012878 0.053465937744497496475
66.80999999999727379 0.053643368567973213901
67.319999999997534701 0.056122659501250858616
67.829999999997795612 0.055768053912417049622
68.339999999998056524 0.057638868463889103566
68.849999999998317435 0.057681813576032144042
69.359999999998578346 0.05713038358525834165
69.869999999998839257 0.058029367339384990698
70.379999999999100169 0.060436570994275795599
70.88999999999936108 0.058514058049187293864
71.399999999999621991 0.057790873850203365591
71.909999999999882903 0.060399559386318128762
72.420000000000143814 0.059050227173489545918
72.930000000000404725 0.062770821623993999783
73.440000000000665636 0.064066827448917784693
73.950000000000926548 0.060588021689344115361
74.460000000001187459 0.060950687407487193215
74.97000000000144837 0.062754202333199199382
75.480000000001709282 0.061159545676712390172
75.990000000001970193 0.061022445720361313815
76.500000000002231104 0.063474790258815846911
77.010000000002492015 0.06246607924867295103
77.520000000002752927 0.063522472448235861586
78.030000000003013838 0.063222173529364433797
78.540000000003274749 0.060389254779157783282
79.050000000003535661 0.059798612248528372481
79.560000000003796572 0.058664007421964245448
80.070000000004057483 0.054915418689054744383
80.580000000004318395 0.057256181010002918375
81.090000000004579306 0.057834172629080568551
81.600000000004840217 0.061389385339128806074
82.110000000005101128 0.05998725396786567382
82.62000000000536204 0.061438293030303237074
83.130000000005622951 0.058219290822625315018
83.640000000005883862 0.057869231774894613896
84.150000000006144774 0.057941719997702437195
84.660000000006405685 0.054484748568820288994
85.170000000006666596 0.05383637744354017457
85.680000000006927507 0.058673522760575823332
86.190000000007188419 0.058458784103152770795
86.70000000000744933 0.05585836025879839517
87.210000000007710241 0.052593184568182578531
87.720000000007971153 0.050893203568285909355
88.230000000008232064 0.05222887533102413965
88.740000000008492975 0.053431551036698630985
89.250000000008753887 0.054356093687937999392
89.760000000009014798 0.054086510425863223994
90.270000000009275709 0.057306947607788830124
90.78000000000953662 0.058783007320514384098
91.290000000009797532 0.058339124022206693965
91.800000000010058443 0.058173304269119534282
92.310000000010319354 0.056320618351807461011
92.820000000010580266 0.056497716565049260762
93.330000000010841177 0.05906441764554538898
93.840000000011102088 0.060305462293215608693
94.350000000011362999 0.058286441403573724385
94.860000000011623911 0.057385804237272651507
95.370000000011884822 0.057351816801271028601
95.880000000012145733 0.057165174117713449253
96.390000000012406645 0.055841467386203956502
96.900000000012667556 0.055770953586339065688
97.410000000012928467 0.051253675585589429653
97.920000000013189378 0.052357708244406594988
98.43000000001345029 0.058200970710770245919
98.940000000013711201 0.059460778000333884552
99.450000000013972112 0.060054956168329988453
99.960000000014233024 0.06207455043334365874
100.47000000001449393 0.060556502546078368188
100.98000000001475485 0.060326791220099082458
101.49000000001501576 0.057878533575914450915
102.00000000001527667 0.057372866724630627866
