0.47999999999999992673 -109.71848074387401084
0.96000000000000029754 -301.96041931684635529
1.4400000000000006128 -410.39913577667840627
1.9200000000000010392 -467.48520180589684969
2.4000000000000012434 -348.55822251047732152
2.8800000000000016698 -167.06450218432459565
3.3600000000000020961 -31.92274069901354494
3.8400000000000025224 -67.148462459432096239
4.3200000000000029488 -95.558923318532521307
4.8000000000000033751 -229.6782417732418935
5.2800000000000038014 -447.92292234720690658
5.7600000000000042277 -712.74103508238329141
6.2400000000000046541 -882.04759961871332052
6.7200000000000050804 -1202.9287192787498952
7.2000000000000055067 -1193.8321883877033542
7.680000000000005933 -921.38600462302031247
8.1600000000000019185 -417.0872995670678165
8.6399999999999916866 187.58790294274004395
9.1199999999999814548 547.85295783606568421
9.599999999999971223 789.23145794547440346
10.079999999999960991 933.07890484010852106
10.559999999999950759 1027.2629069481324677
11.039999999999940528 1185.6855402719713766
11.519999999999930296 1528.4243719982955554
11.999999999999920064 1835.6749738425680789
12.479999999999909832 1933.5842591905595782
12.9599999999998996 2037.8772754739218271
13.439999999999889368 2239.0060690287186844
13.919999999999879137 2355.693575412492919
14.399999999999868905 2332.8966134311349379
14.879999999999858673 2326.3046418494541285
15.359999999999848441 2411.9370376879742253
15.839999999999838209 2741.6497911539922825
16.319999999999829754 3070.473313590458929
16.799999999999819522 3359.2973988714529696
17.27999999999980929 3664.0817087422028635
17.759999999999799059 3734.9901229201809656
18.239999999999788827 3590.2518881554974541
18.719999999999778595 3423.7628737915579222
19.199999999999768363 3568.5890690406231442
19.679999999999758131 3783.8998510665574031
20.159999999999747899 4075.0979555525891556
20.639999999999737668 4126.423210922484941
21.119999999999727436 4039.1606212439751289
21.599999999999717204 4109.7029172200109315
22.079999999999706972 4210.6181949524925585
22.55999999999969674 4284.3216019320607302
23.039999999999686509 4438.8062604787583041
23.519999999999676277 4420.1527499695348524
23.999999999999666045 4077.4006031387225448
24.479999999999655813 3896.2952946843215614
24.959999999999645581 3879.5673744059608907
25.439999999999635349 3884.9981557912733479
25.919999999999625118 3910.4436906391438242
26.399999999999614886 3871.0021860536580789
26.879999999999604654 3821.8119935741538029
27.359999999999594422 4107.4607925937034452
27.83999999999958419 4630.1916196183092325
28.319999999999573959 4858.6640520160035521
28.799999999999563727 4875.4637416180321452
29.279999999999553495 5000.9792029808595544
29.759999999999543263 5225.0892157860598672
30.239999999999533031 5401.8429952398637397
30.719999999999522799 5380.7604631735439398
31.199999999999512568 5363.1154846727413315
31.679999999999502336 5471.9464899549902839
32.159999999999492104 5620.1039861703557108
32.639999999999481872 5785.0525177375284329
33.11999999999947164 5808.2423715728236857
33.599999999999461409 5690.2132452862388163
34.079999999999451177 5539.5619603944878691
34.559999999999440945 5635.978017035209632
35.039999999999430713 5849.8309087540137625
35.519999999999420481 5790.1406101296479392
35.99999999999941025 5677.9865248448732018
36.479999999999400018 5785.2108044480410172
36.959999999999389786 5636.3472412722203444
37.439999999999379554 5442.4125606981388046
37.919999999999369322 5341.6072166893100075
38.39999999999935909 5278.6605824123480488
38.879999999999348859 5177.7617827272160866
39.359999999999338627 5057.7039572369794769
39.839999999999328395 4967.1114751768964197
40.319999999999318163 4680.0420027712289084
40.799999999999307931 4367.906206621291858
41.2799999999992977 4119.3449292038785643
41.759999999999287468 3716.2300484843735831
42.239999999999277236 3462.5841405316264172
42.719999999999267004 3333.3754553127455438
43.199999999999256772 3440.5856499173441989
43.67999999999924654 3676.4899967095720967
44.159999999999236309 3827.4432705039052962
44.639999999999226077 4048.0600775212828921
45.119999999999215845 4151.0900271841774156
45.599999999999205613 4396.2672620097418985
46.079999999999195381 4873.3466565588723824
46.55999999999918515 5542.61080462233258
47.039999999999174918 6399.0698430371458016
47.519999999999164686 7440.444422881848368
47.999999999999154454 8348.4797899338918796
48.479999999999144222 8990.322491833308959
48.959999999999133991 9538.8691454810650612
49.439999999999123759 10134.061510334595368
49.919999999999113527 10678.414425424760339
50.399999999999103295 11255.793027998495745
50.879999999999093063 12060.078656072808371
51.359999999999082831 12877.879766213794937
51.8399999999990726 13963.83098414023334
52.319999999999062368 15089.446523251643157
52.799999999999052136 16079.139121965004961
53.279999999999041904 17141.597840750539035
53.759999999999031672 18129.040310527718248
54.239999999999021441 19154.928229084471241
54.719999999999011209 20219.691200522145664
55.199999999999000977 21351.362734050100698
55.679999999998990745 22734.485154153178883
56.159999999998980513 24183.071445789773861
56.639999999998970281 25388.551191865215515
57.11999999999896005 26702.634386900823301
57.599999999998949818 28279.053302035314118
58.079999999998939586 30026.899764538531599
58.559999999998929354 31558.162899946648395
59.039999999998919122 33178.83180983280181
59.519999999998908891 34644.319805254111998
59.999999999998898659 35915.860824554925784
60.479999999998888427 37283.830651628712076
60.959999999998878195 38599.524097761495796
61.439999999998867963 40008.548862720846955
61.919999999998857731 41526.753643255018687
62.3999999999988475 43199.283475271462521
62.879999999998837268 45053.400719720913912
63.359999999998827036 46761.273278873028175
63.839999999998816804 48248.845987646185677
64.31999999999885631 49568.2894592410521
64.799999999998931344 50846.230609386941069
65.279999999999006377 52300.927917578461347
65.75999999999908141 53706.607912779691105
66.239999999999156444 55029.927956529762014
66.719999999999231477 56502.432644176769827
67.19999999999930651 57979.145637499554141
67.679999999999381544 59406.47709402104374
68.159999999999456577 60812.224318688975472
68.63999999999953161 62201.867968856531661
69.119999999999606644 63718.520977724067052
69.599999999999681677 65104.601585499185603
70.07999999999975671 66573.23031869008264
70.559999999999831743 68080.760184841739829
71.039999999999906777 69613.91521197349357
71.51999999999998181 71189.798754709496279
72.000000000000056843 73169.509030224755406
72.480000000000131877 75086.459410022784141
72.96000000000020691 76805.637162999511929
73.440000000000281943 78465.762368928277283
73.920000000000356977 80065.559937772544799
74.40000000000043201 81384.878876097674947
74.880000000000507043 82375.653556382239913
75.360000000000582077 83298.723475912891445
75.84000000000065711 84005.243179572586087
76.320000000000732143 84663.031051324389409
76.800000000000807177 85206.265419056711835
77.28000000000088221 85666.081001248065149
77.760000000000957243 86233.114506007230375
78.240000000001032276 86914.374572884145891
78.72000000000110731 87727.679433724741102
79.200000000001182343 88630.239554669838981
79.680000000001257376 89537.285898721325793
80.16000000000133241 90404.451641790452413
80.640000000001407443 91198.725801120817778
81.120000000001482476 92189.238252707378706
81.60000000000155751 93244.780913336144295
82.080000000001632543 94239.145792164112208
82.560000000001707576 95193.606130453874357
83.04000000000178261 96056.710317809876869
83.520000000001857643 96952.412575771973934
84.000000000001932676 97787.523644854620215
84.48000000000200771 98675.92535548293381
84.960000000002082743 99618.255370467551984
85.440000000002157776 100355.07825487871014
85.920000000002232809 100818.44357656445936
86.400000000002307843 101266.66400514998531
86.880000000002382876 101569.47800921025919
87.360000000002457909 102065.30878010383458
87.840000000002532943 102817.9068175003631
88.320000000002607976 103695.5221026315412
88.800000000002683009 104543.92473035199509
89.280000000002758043 105570.30770342420146
89.760000000002833076 106744.98622238727694
90.240000000002908109 107864.27233852005156
90.720000000002983143 108842.28256649250397
91.200000000003058176 109822.47276113659609
91.680000000003133209 110666.65322937357996
92.160000000003208243 111498.89163515181281
92.640000000003283276 112508.57500845725008
93.120000000003358309 113534.05099213193171
93.600000000003433342 114481.31662410996796
94.080000000003508376 115498.99892572349927
94.560000000003583409 116597.53803049441194
95.040000000003658442 117575.73200966883451
95.520000000003733476 118454.33697429465246
96.000000000003808509 119424.9613119247515
