0.49304972479519254547 0.0061260657407367210756
0.98609944959038509094 0.0082256810174167142163
1.4791491743855775809 0.011446682868483482737
1.9721988991807701819 0.015612023214446602015
2.4652486239759601183 0.0200717695237552958
2.9582983487711498327 0.030258498193274602911
3.4513480735663395471 0.041804836140825737956
3.9443977983615292615 0.049875240725173387857
4.4374475231567238609 0.054637692012303840094
4.9304972479519193485 0.062438502451081331901
5.423546972747114836 0.076373440198882508456
5.9165966975423103236 0.089684201943799946033
6.4096464223375058111 0.098371967244630265093
6.9026961471327012987 0.10039465172519748681
7.3957458719278967862 0.11086233835658466929
7.8887955967230922738 0.12712519882956160866
8.3818453215182877614 0.13903996274355248652
8.8748950463134832489 0.16130877219820580204
9.3679447711086787365 0.16576879082929824039
9.860994495903874224 0.17310739351731319058
10.354044220699069712 0.17171304088611660799
10.847093945494265199 0.16898486362523507109
11.340143670289460687 0.16928031016798719688
11.833193395084656174 0.18686587187807682242
12.326243119879851662 0.19161926051675159943
12.819292844675047149 0.18745564820071131118
13.312342569470242637 0.19289087624570477875
13.805392294265438125 0.21613329332298236718
14.298442019060633612 0.22805435641850521633
14.7914917438558291 0.23208665872034991984
15.284541468651024587 0.22191525355324850932
15.777591193446220075 0.22025494483340277152
16.270640918241415562 0.22394135277758583924
16.76369064303661105 0.22028828869077196617
17.256740367831806537 0.23861788636391689788
17.749790092627002025 0.24161611215404379949
18.242839817422197513 0.25099746729350386198
18.735889542217393 0.24940292433409441686
19.228939267012588488 0.27628427882961598128
19.721988991807783975 0.31148731693153403066
20.215038716602979463 0.28702534405603075118
20.70808844139817495 0.30043746955679689892
21.201138166193370438 0.34158980461601612388
21.694187890988565925 0.34138012168663683932
22.187237615783761413 0.35749204103134074595
22.680287340578956901 0.36035567024210457543
23.173337065374152388 0.36094496783144730534
23.666386790169347876 0.360773409959336544
24.159436514964543363 0.36449224829811266435
24.652486239759738851 0.33886980265253113798
25.145535964554934338 0.33864270460922873962
25.638585689350129826 0.36060070828801604748
26.131635414145325313 0.37373172452440328595
26.624685138940520801 0.40684276875451436117
27.117734863735716289 0.39730043687811522624
27.610784588530911776 0.37928748916625704135
28.103834313326107264 0.39522291103022544334
28.596884038121302751 0.40770141433896356364
29.089933762916498239 0.39830111629171582877
29.582983487711693726 0.39134294121582802184
30.076033212506889214 0.37822768612629908969
30.569082937302084702 0.39948165542816871376
31.062132662097280189 0.40389119721991673106
31.555182386892475677 0.39480234604955616318
32.048232111687667611 0.40731026316079699257
32.541281836482816914 0.41507218300234843822
33.034331561277966216 0.41782041931103974797
33.527381286073115518 0.431654132401703583
34.020431010868264821 0.42867296050045200495
34.513480735663414123 0.44300393716966252056
35.006530460458563425 0.46349708474829359739
35.499580185253712727 0.44877804685207883795
35.99262991004886203 0.46794709079824631237
36.485679634844011332 0.47986998695822435934
36.978729359639160634 0.51363120290103014831
37.471779084434309937 0.54006529890471544064
37.964828809229459239 0.58316689099072083202
38.457878534024608541 0.57952072229497808564
38.950928258819757843 0.56998241925553427834
39.443977983614907146 0.56270097720679690401
39.937027708410056448 0.57023183044609127013
40.43007743320520575 0.58275672350463658677
40.923127158000355053 0.58381374351280423962
41.416176882795504355 0.61293469715705317657
41.909226607590653657 0.63659906643921826408
42.402276332385802959 0.68640747656599343518
42.895326057180952262 0.6763400640758489013
43.388375781976101564 0.6939886261298392478
43.881425506771250866 0.69420302506096376316
44.374475231566400169 0.6873118802810168626
44.867524956361549471 0.72346542283246695337
45.360574681156698773 0.754215260336211335
45.853624405951848075 0.77017018707598405847
46.346674130746997378 0.78299523652783542538
46.83972385554214668 0.82328321799710835194
47.332773580337295982 0.82612842363968019832
47.825823305132445284 0.83530162837589094771
48.318873029927594587 0.83584759963769039715
48.811922754722743889 0.82373843270860414023
49.304972479517893191 0.87592699494810266625
49.798022204313042494 0.86309586941966054408
50.291071929108191796 0.84252118302361034274
50.784121653903341098 0.8624294235353819893
51.2771713786984904 0.84852376005306884288
51.770221103493639703 0.84043618053101643017
52.263270828288789005 0.84057592649861934131
52.756320553083938307 0.8715836698088469392
53.24937027787908761 0.90845845847687678454
53.742420002674236912 0.90641581992652098254
54.235469727469386214 0.9154811524001194023
54.728519452264535516 0.90689586772011454574
55.221569177059684819 0.92139293996959159561
55.714618901854834121 0.90197437000834468357
56.207668626649983423 0.88690860506950808251
56.700718351445132726 0.93573421448307592119
57.193768076240282028 0.92487938583894890865
57.68681780103543133 0.94975920848760420068
58.179867525830580632 0.96338109430025253843
58.672917250625729935 0.95385506087666338537
59.165966975420879237 0.93408146728083896182
59.659016700216028539 0.90130917106740870981
60.152066425011177841 0.93078077526859237523
60.645116149806327144 0.99625138084622999468
61.138165874601476446 0.97737697757280295185
61.631215599396625748 0.97030214231733025176
62.124265324191775051 0.94546477366157066768
62.617315048986924353 0.95389914482879378799
63.110364773782073655 0.9861881922667411482
63.603414498577222957 0.99163057910435015163
64.096464223372393576 0.98734116261372095735
64.589513948167635249 0.96831330502432944041
65.082563672962876922 1.0257847680128382439
65.575613397758118595 1.0466224380502875402
66.068663122553360267 1.0620174605607943796
66.56171284734860194 1.0258263650198495842
67.054762572143843613 1.0226296675008055281
67.547812296939085286 1.0296413746337045314
68.040862021734326959 0.98946910869842719105
68.533911746529568632 1.0181836421374268475
69.026961471324810304 1.0036442833592578161
69.520011196120051977 1.0191535781029812391
70.01306092091529365 1.012437286880417453
70.506110645710535323 1.0075813672954170297
70.999160370505776996 0.99175745629018119409
71.492210095301018669 1.009452084572310504
71.985259820096260341 0.99434623837669366964
72.478309544891502014 1.0544485085516679401
72.971359269686743687 1.0250350807878960691
73.46440899448198536 1.0049035736879952108
73.957458719277227033 1.0090647560390511028
74.450508444072468706 1.0047474288357913785
74.943558168867710378 1.031104276822120358
75.436607893662952051 1.013698000051164172
75.929657618458193724 1.0461831263248815294
76.422707343253435397 1.0845588364698595107
76.91575706804867707 1.125663477361263709
77.408806792843918743 1.13669238827881669
77.901856517639160415 1.1234188545169851992
78.394906242434402088 1.1375569165852821296
78.887955967229643761 1.1922590563831834132
79.381005692024885434 1.2487531064636068212
79.874055416820127107 1.2569226481261037698
80.36710514161536878 1.2843012212469693267
80.860154866410610452 1.30501400685248381
81.353204591205852125 1.3440782209059289887
81.846254316001093798 1.3621404987017413646
82.339304040796335471 1.3513345375099612422
82.832353765591577144 1.3748933020900049318
83.325403490386818817 1.352854837584611003
83.818453215182060489 1.3213029787269574555
84.311502939977302162 1.3474171877987064505
84.804552664772543835 1.4120466332884358263
85.297602389567785508 1.4251005999500878652
85.790652114363027181 1.4571329218140445239
86.283701839158268854 1.4786559424596652512
86.776751563953510527 1.4802693727347633335
87.269801288748752199 1.4495540858217159652
87.762851013543993872 1.3842930976327085801
88.255900738339235545 1.4030039828759677256
88.748950463134477218 1.4635686383337338512
89.242000187929718891 1.4803801483998928479
89.735049912724960564 1.5164201304779860724
90.228099637520202236 1.5689476832362299064
90.721149362315443909 1.5801897116382674913
91.214199087110685582 1.5960623150787003333
91.707248811905927255 1.5758537535622536563
92.200298536701168928 1.5734782826051558757
92.693348261496410601 1.5803340438975848059
93.186397986291652273 1.6359610185977333519
93.679447711086893946 1.6537472384342364329
94.172497435882135619 1.6585180921697213474
94.665547160677377292 1.7280711253424050344
95.158596885472618965 1.7717181677768769621
95.651646610267860638 1.7268784174044775614
96.14469633506310231 1.713716946851398637
96.637746059858343983 1.7023775358369190869
97.130795784653585656 1.7092149760778274636
97.623845509448827329 1.6445639271717327201
98.116895234244069002 1.6661967089192069036
98.609944959039310675 1.6861700086006554677
