0.050000000000000405231 0.00012303549155448897023
0.10000000000000183742 8.5867696199479437392e-05
0.14999999999999980016 0.00010535048827595711453
0.19999999999999429345 0.00012724593977617656179
0.24999999999998878675 0.00010060019321295158462
0.29999999999998328004 6.6392827413498499292e-05
0.34999999999997777334 7.3397478635370529891e-05
0.39999999999997226663 0.00011230928677670614009
0.44999999999996675992 0.00010196726468486042255
0.49999999999996125322 0.00010618218880561847248
0.54999999999995574651 9.9017831076516854105e-05
0.5999999999999502398 9.4472087330965348281e-05
0.6499999999999447331 0.0001057036384057980752
0.69999999999993922639 0.00011813446826269228401
0.74999999999993371969 0.00011128018372609474083
0.79999999999992821298 0.00013243527421846041335
0.84999999999992270627 9.4537320840909456424e-05
0.89999999999991719957 7.955753696754197502e-05
0.94999999999991169286 0.00010657504585499771161
0.99999999999990618615 9.8727361043480328304e-05
1.0499999999999007905 5.8379848855299830554e-05
1.0999999999998952838 8.4494994958176212986e-05
1.1499999999998897771 6.8154477803304772945e-05
1.1999999999998842704 6.8204996202352773582e-05
1.2499999999998787636 5.8286957312808686531e-05
1.2999999999998732569 8.8447649879829206491e-05
1.3499999999998677502 8.5051955742738730919e-05
1.3999999999998622435 5.3785667278222308856e-05
1.4499999999998567368 8.1398195130797813671e-05
1.4999999999998512301 5.487408039430936369e-05
1.5499999999998457234 7.6514949886103835017e-05
1.5999999999998402167 7.1392326540858260507e-05
1.64999999999983471 7.3777067514766423491e-05
1.6999999999998292033 8.4346389565532483385e-05
1.7499999999998236966 8.6526660226122258861e-05
1.7999999999998181899 9.1342436304971163282e-05
1.8499999999998126832 7.2900491068437144829e-05
1.8999999999998071765 8.6533834601733921276e-05
1.9499999999998016698 8.4850731903123857366e-05
1.9999999999997961631 7.9284872568622643814e-05
2.0499999999999016786 6.9013220176394109726e-05
2.1000000000000071942 4.5036859601095972417e-05
2.1500000000001127098 0.00011308458439661054761
2.2000000000002182254 4.2394201059245811825e-05
2.250000000000323741 8.010485195843646065e-05
2.3000000000004292566 6.1645297523583742491e-05
2.3500000000005347722 5.9483293956708529365e-05
2.4000000000006402878 8.304852182918300886e-05
2.4500000000007458034 7.3992966005159441852e-05
2.500000000000851319 8.21551322152549139e-05
2.5500000000009568346 9.6008476160066270823e-05
2.6000000000010623502 6.0201457290885810334e-05
2.6500000000011678658 8.0909341681543160306e-05
2.7000000000012733814 8.0458829330447260313e-05
2.750000000001378897 6.9372930214743733072e-05
2.8000000000014844126 9.1319085072185879272e-05
2.8500000000015899282 7.3842117191362546228e-05
2.9000000000016954438 0.00010135287962998995581
2.9500000000018009594 6.8981643176132411864e-05
3.000000000001906475 8.1875799138366779379e-05
3.0500000000020119906 7.814539256706814509e-05
3.1000000000021175062 9.9567629346694784477e-05
3.1500000000022230218 8.5935722244727711597e-05
3.2000000000023285374 6.6650956439192460528e-05
3.250000000002434053 8.804097906369410826e-05
3.3000000000025395686 6.6145776897233541248e-05
3.3500000000026450842 8.3016452687519000407e-05
3.4000000000027505997 9.7241654822265922629e-05
3.4500000000028561153 5.3252300565678714237e-05
3.5000000000029616309 7.9987677380630582582e-05
3.5500000000030671465 7.4943968923212256556e-05
3.6000000000031726621 7.6971259901499687172e-05
3.6500000000032781777 6.0496293202255265408e-05
3.7000000000033836933 9.7739411775505736016e-05
3.7500000000034892089 8.8873914115144880864e-05
3.8000000000035947245 9.5420828403922720645e-05
3.8500000000037002401 7.6529648270856739847e-05
3.9000000000038057557 7.0597787887707416535e-05
3.9500000000039112713 8.5596466966280108837e-05
4.0000000000040163428 7.4832217017506454646e-05
4.0500000000038998138 8.2159441438273044856e-05
4.1000000000037832848 7.7375456708096129591e-05
4.1500000000036667558 7.3830859056217860645e-05
4.2000000000035502268 7.867672230256594749e-05
4.2500000000034336978 8.88600402427463772e-05
4.3000000000033171688 7.9062945833716696191e-05
4.3500000000032006398 8.0427660786954553382e-05
4.4000000000030841107 8.7721305036056156502e-05
4.4500000000029675817 9.5371993671322909873e-05
4.5000000000028510527 7.0885781962729603966e-05
4.5500000000027345237 7.7944316570154230177e-05
4.6000000000026179947 7.5874763946518416504e-05
4.6500000000025014657 7.5496582023646695617e-05
4.7000000000023849367 9.0898346866924041435e-05
4.7500000000022684077 5.255611837881715492e-05
4.8000000000021518787 0.00010711997998057303807
4.8500000000020353497 7.3031714270584409767e-05
4.9000000000019188207 5.9924445770604955889e-05
4.9500000000018022916 7.2698303153022962825e-05
5.0000000000016857626 6.0142970760377134436e-05
5.0500000000015692336 8.8555571207894306614e-05
5.1000000000014527046 4.8767763454562863368e-05
5.1500000000013361756 6.9117797197542607513e-05
5.2000000000012196466 0.00011785688798114710011
5.2500000000011031176 8.2465434770376876768e-05
5.3000000000009865886 7.9486744366056780176e-05
5.3500000000008700596 8.1157187856460770133e-05
5.4000000000007535306 7.2900487345736394735e-05
5.4500000000006370016 7.9986182227421021972e-05
5.5000000000005204726 7.3524100887568775856e-05
5.5500000000004039435 7.9189694966003978342e-05
5.6000000000002874145 7.0088115578423334606e-05
5.6500000000001708855 8.7918528429283113092e-05
5.7000000000000543565 6.1461434375237574746e-05
5.7499999999999378275 6.1312012727488806869e-05
5.7999999999998212985 7.4133403117181091496e-05
5.8499999999997047695 6.8301227568095913899e-05
5.8999999999995882405 9.4653418701482424139e-05
5.9499999999994717115 7.5418679927879503778e-05
5.9999999999993551825 7.1149485151983453109e-05
6.0499999999992386535 8.1749249550550965563e-05
6.0999999999991221244 8.8175885759214837445e-05
6.1499999999990055954 8.6019858454133656502e-05
6.1999999999988890664 8.0359708514242265054e-05
6.2499999999987725374 5.086730687804889812e-05
6.2999999999986560084 8.8302549885251762664e-05
6.3499999999985394794 8.3806424835915799168e-05
6.3999999999984229504 7.2189455369485564136e-05
6.4499999999983064214 8.7770609068095798398e-05
6.4999999999981898924 8.2463584555213397431e-05
6.5499999999980733634 6.4361975946130946572e-05
6.5999999999979568344 6.3056768922570323867e-05
6.6499999999978403054 7.3175019361892002911e-05
6.6999999999977237763 0.00010073166022388578393
6.7499999999976072473 6.9268952829438357579e-05
6.7999999999974907183 7.7715137456671774395e-05
6.8499999999973741893 7.6924121274345218452e-05
6.8999999999972576603 6.7666735169846033062e-05
6.9499999999971411313 7.5744692508567903794e-05
6.9999999999970246023 6.9952174139667187857e-05
7.0499999999969080733 9.1625353679883128079e-05
7.0999999999967915443 9.7251948222705223899e-05
7.1499999999966750153 5.5286979664312128403e-05
7.1999999999965584863 7.2278681956946928496e-05
7.2499999999964419573 7.7278422196432912513e-05
7.2999999999963254282 9.0754430814158929485e-05
7.3499999999962088992 0.00010222240938715983097
7.3999999999960923702 7.9064495047896963349e-05
7.4499999999959758412 6.4492244521469456811e-05
7.4999999999958593122 7.7028993564783501788e-05
7.5499999999957427832 9.3244594364894002906e-05
7.5999999999956262542 5.7918892131444975108e-05
7.6499999999955097252 8.1335571363384346006e-05
7.6999999999953931962 7.1579938305926934464e-05
7.7499999999952766672 6.9035086519461116112e-05
7.7999999999951601382 7.2597076132769017102e-05
7.8499999999950436091 8.1364808190207535865e-05
7.8999999999949270801 7.1203944422946140701e-05
7.9499999999948105511 8.0145026766644523433e-05
7.9999999999946940221 7.9486485673901436559e-05
8.0499999999945774931 8.3754370626818635051e-05
8.0999999999944609641 8.473876927543237778e-05
8.1499999999943444351 7.9751636942947294671e-05
8.1999999999942279061 0.00010322521940773993026
8.2499999999941113771 8.1497076042756532908e-05
8.2999999999939948481 8.2557967342712120081e-05
8.3499999999938783191 9.2739903145669261319e-05
8.3999999999937617901 7.7972899871698754114e-05
8.449999999993645261 8.2387004717419715007e-05
8.499999999993528732 7.491875730043907704e-05
8.549999999993412203 8.6941867004535961275e-05
8.599999999993295674 5.7513365287583902759e-05
8.649999999993179145 0.00010264234350752301508
8.699999999993062616 4.669099488565761673e-05
8.749999999992946087 7.1985390895594562064e-05
8.799999999992829558 9.3783836115420544737e-05
8.849999999992713029 8.4535356944742632841e-05
8.8999999999925965 8.0007195425234732436e-05
8.949999999992479971 9.019893548934089175e-05
8.9999999999923634419 6.6533846199361701954e-05
9.0499999999922469129 7.7144707201973718104e-05
9.0999999999921303839 8.8381000622278642928e-05
9.1499999999920138549 6.4215746419248615081e-05
9.1999999999918973259 8.4604826148060123785e-05
9.2499999999917807969 6.7793953566525836773e-05
9.2999999999916642679 0.00010442468220951093031
9.3499999999915477389 5.5663916426331826041e-05
9.3999999999914312099 8.9820406511821604401e-05
9.4499999999913146809 6.8182489479812685229e-05
9.4999999999911981519 8.1594807761760709949e-05
9.5499999999910816229 8.3895377630786581208e-05
9.5999999999909650938 8.10678661420379627e-05
9.6499999999908485648 6.3086252124162597085e-05
9.6999999999907320358 8.363630162561743733e-05
9.7499999999906155068 9.6905111555866847175e-05
9.7999999999904989778 5.7763811959659280295e-05
9.8499999999903824488 7.1905167025986490062e-05
9.8999999999902659198 8.6664011933735882556e-05
9.9499999999901493908 8.2908158727259647822e-05
9.9999999999900328618 8.4623176822955291192e-05
