0.049999999999989074018 0.67753840538717280406
0.10000000000001739442 -4.0288068674715979967
0.15000000000006738499 -5.9399102227584075209
0.20000000000011738943 -9.9804092320466715194
0.25000000000016736612 -11.848813881771079082
0.30000000000021737057 -15.848554011812268527
0.35000000000026737501 -17.831968944583170611
0.40000000000031737946 -21.620354025960352828
0.4500000000003673839 -23.867156742186082852
0.50000000000041733283 -27.302555124668803188
0.55000000000046733728 -29.932179942510540371
0.60000000000051734173 -32.931145451883203634
0.65000000000056734617 -36.005844424532433834
0.70000000000061735062 -38.564996258702343823
0.75000000000066735506 -42.0673675814196244
0.80000000000071735951 -44.260550683322072985
0.85000000000076736395 -48.095403536524962362
0.9000000000008173684 -50.048733776688585806
0.95000000000086737284 -54.067616408575418063
1.0000000000009172663 -55.932118940848589261
1.0499999999995794919 -59.962090894414522779
1.0999999999982417176 -61.895753159134564214
1.1499999999969039433 -65.762538944701390164
1.1999999999955661689 -67.918038816501109523
1.2499999999942283946 -71.468639773657187675
1.2999999999928906202 -73.976558687550266313
1.3499999999915528459 -77.107496696487160648
1.3999999999902150716 -80.049843680303141014
1.4499999999888772972 -82.733279282517884212
1.4999999999875395229 -86.117092032833781445
1.5499999999862017486 -88.406171162292892518
1.5999999999848639742 -92.157210616082650745
1.6499999999835261999 -94.165839325877755073
1.6999999999821884256 -98.148121267608516405
1.7499999999808506512 -100.02234833104978406
1.7999999999795128769 -104.06745782162894898
1.8499999999781751026 -105.96457200043020919
1.8999999999768373282 -109.89643880993800451
1.9499999999754995539 -111.97202225012827626
1.9999999999741617795 -115.62875511821731322
2.0499999999755993407 -118.02219951885936666
2.099999999977037124 -121.2826803323682725
2.1499999999784749072 -124.09332704931276226
2.1999999999799126904 -126.90575851917076022
2.2499999999813504736 -130.16449605406100432
2.2999999999827882569 -132.55944818483419567
2.3499999999842260401 -136.21479977293589059
2.3999999999856638233 -138.29139445620813831
2.4499999999871016065 -142.22246572657829233
2.4999999999885393898 -144.11998895743286653
2.549999999989977173 -148.16499420545130761
2.5999999999914149562 -150.03899683801751053
2.6499999999928527394 -154.02187808296056915
2.6999999999942905227 -156.02966518213594327
2.7499999999957283059 -159.78193193255424376
2.7999999999971660891 -162.06963159854117862
2.8499999999986038723 -165.45511178156181131
2.9000000000000416556 -168.13681396251843125
2.9500000000014794388 -171.08096897591306629
3.000000000002917222 -174.21011609992643798
3.0500000000043550052 -176.71965212543014445
3.1000000000057927885 -180.26873711210970441
3.1500000000072305717 -182.42540911399575521
3.2000000000086683549 -186.29121195045840409
3.2500000000101061381 -188.2254654023585374
3.3000000000115439214 -192.25512563350449113
3.3500000000129817046 -194.11958964179970621
3.4000000000144194878 -198.13886907300545204
3.4500000000158572711 -200.09153381434251173
3.5000000000172950543 -203.92744392514842389
3.5500000000187328375 -206.11939149256861015
3.6000000000201706207 -209.62332812771765589
3.650000000021608404 -212.18082386757390623
3.7000000000230461872 -215.25732486823525846
3.7500000000244839704 -218.25448124297616914
3.8000000000259217536 -220.88581049575259385
3.8500000000273595369 -224.31958065232635136
3.9000000000287973201 -226.56770499463587498
3.9500000000302351033 -230.35493137572663613
4.0000000000316724424 -232.33911571602004642
4.0500000000275591105 -236.33833971304795796
4.1000000000234457787 -238.20689196077228189
4.1500000000193324468 -242.2475813025221214
4.2000000000152191149 -244.15819986369965022
4.250000000011105783 -248.06480506107109818
4.3000000000069924511 -250.17202444283566365
4.3500000000028791192 -253.78604464648648786
4.3999999999987657873 -256.22587865089377601
4.4499999999946524554 -259.43318850633272632
4.4999999999905391235 -262.29811499708949896
4.5499999999864257916 -265.05672204684833559
4.5999999999823124597 -268.36787930012650349
4.6499999999781991278 -270.71788837448303866
4.6999999999740857959 -274.41419679965804335
4.749999999969972464 -276.46116359561784748
4.7999999999658591321 -280.41516595396893763
4.8499999999617458002 -282.30141035388908222
4.8999999999576324683 -286.3483105792358856
4.9499999999535191364 -288.23023610580685272
4.9999999999494058045 -292.19375378443658064
5.0499999999452924726 -294.22808487340427064
5.0999999999411791407 -297.94219461146730055
5.1499999999370658088 -300.27250491805631327
5.1999999999329524769 -303.60694459749902308
5.249999999928839145 -306.3415374997155709
5.2999999999247258131 -309.23098924257971021
5.3499999999206124812 -312.41417297771948824
5.3999999999164991493 -314.87533023924424924
5.4499999999123858174 -318.46957703365438874
5.4999999999082724855 -320.5916880088109906
5.5499999999041591536 -324.48615966642097419
5.5999999999000458217 -326.40359790102365878
5.6499999998959324898 -330.44144998439901428
5.6999999998918191579 -332.30820954963962777
5.749999999887705826 -336.31422827646099449
5.7999999998835924941 -338.28813586428231019
5.8499999998794791622 -342.09095065226654242
5.8999999998753658303 -344.32123598139469323
5.9499999998712524985 -347.7770721977602193
5.9999999998671391666 -350.38526789468454581
6.0499999998630258347 -353.40706848761232095
6.0999999998589125028 -356.45899361776884007
6.1499999998547991709 -359.03915789415009385
6.199999999850685839 -362.52163364422369796
6.2499999998465725071 -364.73059211950430836
6.2999999998424591752 -368.55188957395409943
6.3499999998383458433 -370.51383164247147306
6.3999999998342325114 -374.52746413679875559
6.4499999998301191795 -376.39267174848544073
6.4999999998260058476 -380.42633680142222374
6.5499999998218925157 -382.35274727196377853
6.5999999998177791838 -386.23172857428539828
6.6499999998136658519 -388.37261338222026552
6.69999999980955252 -391.94220699549225628
6.7499999998054391881 -394.42982677137842984
6.7999999998013258562 -397.58333469630201762
6.8499999997972125243 -400.50286678625838022
6.8999999997930991924 -403.20826187528672335
6.9499999997889858605 -406.57091935169091812
6.9999999997848725286 -408.87757426252409232
7.0499999997807591967 -412.61292869449675891
7.0999999997766458648 -414.63238616394698965
7.1499999997725325329 -418.60686738550003838
7.199999999768419201 -420.4841457517321146
7.2499999997643058691 -424.53032657974949871
7.2999999997601925372 -426.42249211562869959
7.3499999997560792053 -430.36417651982839061
7.3999999997519658734 -432.42718774352766786
7.4499999997478525415 -436.10118840937929008
7.4999999997437392096 -438.47573852143727891
7.5499999997396258777 -441.75815427013822045
7.5999999997355125458 -444.5463137370700224
7.6499999997313992139 -447.381320744818197
7.699999999727285882 -450.61797771909618859
7.7499999997231725501 -453.03210455262939149
7.7999999997190592183 -456.66984799324688993
7.8499999997149458864 -458.75940410200649922
7.8999999997108325545 -462.68020607067910532
7.9499999997067192226 -464.58310927196470175
7.9999999997026058907 -468.62655377251468281
8.049999999709594789 -470.49794079038036898
8.0999999997165836874 -474.48815342356891733
8.1499999997235725857 -476.48551870610702963
8.1999999997305614841 -480.25308860818398671
8.2499999997375503824 -482.52353346640575182
8.2999999997445392808 -485.92995896755115837
8.3499999997515281791 -488.5898537292216588
8.3999999997585170775 -491.5568442227196897
8.4499999997655059758 -494.66334381902930772
8.4999999997724948742 -497.19341123895276269
8.5499999997794837725 -500.72321231417924992
8.5999999997864726708 -502.89486507565140982
8.6499999997934615692 -506.74804464699570872
8.6999999998004504675 -508.68997380737562253
8.7499999998074393659 -512.71545627426894498
8.7999999998144282642 -514.57965262458014877
8.8499999998214171626 -518.6037009310770145
8.8999999998284060609 -520.54817365234123372
8.9499999998353949593 -524.3972233335088049
8.9999999998423838576 -526.57374959585843044
9.049999999849372756 -530.09731298792905818
9.0999999998563616543 -532.63400646025422702
9.1499999998633505527 -535.73323241368302661
9.199999999870339451 -538.70754562334127513
9.2499999998773283494 -541.36048088175039084
9.2999999998843172477 -544.7735781418307397
9.3499999998913061461 -547.03855542349310781
9.3999999998982950444 -550.8109552720731017
9.4499999999052839428 -552.80505976416759495
9.4999999999122728411 -556.79753023832950021
9.5499999999192617395 -558.66816427863079753
9.5999999999262506378 -562.71101251569268697
9.6499999999332395362 -564.61572485928127207
9.6999999999402284345 -568.53314668554651234
9.7499999999472173329 -570.62693372365390587
9.7999999999542062312 -574.25896686284124826
9.8499999999611951296 -576.67929447347455607
9.8999999999681840279 -579.90884615268976177
9.9499999999751729263 -582.75110590027441049
9.9999999999821618246 -585.53207555115147898
