-1.2645e-05 -1.2358e-05 -1.235e-05 -1.3303e-05 -1.3807e-05 -1.2768e-05 -1.3395e-05 -1.02e-05 -1.3207e-05 -1.2716e-05 -1.2602e-05 -1.3913e-05 -1.0257e-05 -1.348e-05 -1.2785e-05 -1.2656e-05 -1.3282e-05 -1.3837e-05 -1.3295e-05 -1.0343e-05 4 0 5 8 3 5 18 9 17 12 12 27 17 15 20 20 29 23 28 28
-1.3766e-05 -1.2606e-05 -1.271e-05 -1.3206e-05 -1.058e-05 -1.3537e-05 -9.8613e-06 -1.3075e-05 -1.3369e-05 -1.3187e-05 -1.3151e-05 -1.0043e-05 -9.5402e-06 -1.385e-05 -1.3513e-05 -1.2266e-05 -1.2872e-05 -1.3707e-05 -1.2889e-05 -1.2151e-05 14 1 1 3 11 6 7 7 17 12 13 13 19 22 20 21 21 25 28 28
-1.0175e-05 -1.3704e-05 -1.3725e-05 -1.398e-05 -1.3201e-05 -1.3493e-05 -1.2922e-05 -1.2446e-05 -9.9306e-06 -1.1936e-05 -1.2836e-05 -1.3797e-05 -1.3274e-05 -1.3764e-05 -1.3835e-05 -1.3228e-05 -1.3233e-05 -1.0191e-05 -1.3257e-05 -1.0472e-05 4 0 5 2 3 23 18 7 17 12 12 14 17 15 19 24 29 24 28 29
-1.387e-05 -1.273e-05 -1.153e-05 -1.0651e-05 -1.3194e-05 -1.0609e-05 -1.2782e-05 -1.3837e-05 -1.2539e-05 -1.3762e-05 -1.3225e-05 -1.0434e-05 -1.2375e-05 -1.2333e-05 -1.2395e-05 -1.376e-05 -1.2651e-05 -1.3256e-05 -1.2333e-05 -1.3302e-05 0 26 5 3 3 5 18 7 17 10 12 27 17 22 18 20 21 23 26 27
-1.386e-05 -1.341e-05 -1.0448e-05 -1.312e-05 -9.8166e-06 -1.134e-05 -1.1335e-05 -1.3222e-05 -9.8809e-06 -1.3527e-05 -1.2575e-05 -1.2717e-05 -1.3402e-05 -1.3752e-05 -1.3162e-05 -1.2166e-05 -1.2798e-05 -1.2867e-05 -1.3717e-05 -1.2325e-05 4 26 1 2 3 23 18 9 9 11 12 13 17 22 18 24 29 24 25 29
-1.3428e-05 -1.2844e-05 -1.2252e-05 -1.3128e-05 -1.0332e-05 -1.3338e-05 -1.0268e-05 -1.3867e-05 -1.332e-05 -1.2526e-05 -1.2751e-05 -1.2367e-05 -1.0208e-05 -1.3359e-05 -1.3344e-05 -1.2695e-05 -1.3803e-05 -1.2778e-05 -1.3783e-05 -1.2701e-05 4 1 1 3 3 6 18 9 17 12 12 27 17 15 18 24 29 23 26 27
-1.2032e-05 -1.2336e-05 -1.2508e-05 -1.3916e-05 -1.078e-05 -1.1342e-05 -1.1455e-05 -1.3931e-05 -1.3693e-05 -1.3006e-05 -1.3297e-05 -1.0177e-05 -1.3808e-05 -1.2346e-05 -1.0546e-05 -1.3263e-05 -1.2374e-05 -1.3012e-05 -1.3861e-05 -1.3706e-05 4 1 1 2 4 23 6 9 9 11 12 13 15 22 20 20 21 23 26 29
-1.3246e-05 -1.0747e-05 -1.0593e-05 -1.2214e-05 -1.2735e-05 -1.3394e-05 -1.3453e-05 -1.2751e-05 -1.2676e-05 -1.3725e-05 -1.386e-05 -1.2647e-05 -1.2337e-05 -1.2648e-05 -1.0185e-05 -1.3233e-05 -1.3772e-05 -1.2616e-05 -1.2676e-05 -1.2714e-05 4 26 1 2 3 5 18 9 9 11 16 27 15 15 20 20 21 25 25 27
-1.0771e-05 -1.2993e-05 -1.2632e-05 -1.361e-05 -1.0739e-05 -1.268e-05 -1.2854e-05 -1.3956e-05 -1.3811e-05 -1.3645e-05 -1.3265e-05 -1.1384e-05 -1.0719e-05 -1.314e-05 -1.1013e-05 -1.379e-05 -1.3748e-05 -1.3689e-05 -1.0231e-05 -1.3939e-05 4 26 5 2 3 5 18 7 9 12 13 13 19 15 18 20 29 25 26 28
-1.2628e-05 -1.2434e-05 -1.2764e-05 -1.2584e-05 -1.3909e-05 -1.3266e-05 -1.0151e-05 -1.3501e-05 -1.3212e-05 -1.046e-05 -1.3291e-05 -1.3782e-05 -1.2658e-05 -1.3316e-05 -1.264e-05 -1.3233e-05 -1.0456e-05 -1.3839e-05 -1.2229e-05 -1.2772e-05 4 0 5 2 3 6 6 7 10 12 12 27 19 22 19 20 21 23 28 28
-1.2317e-05 -1.2699e-05 -1.2996e-05 -1.3702e-05 -1.2653e-05 -1.0721e-05 -1.3894e-05 -1.3161e-05 -1.0497e-05 -1.3784e-05 -1.3201e-05 -1.021e-05 -1.1106e-05 -1.3106e-05 -1.3384e-05 -1.0187e-05 -1.3407e-05 -1.3453e-05 -1.262e-05 -1.3441e-05 4 26 5 3 4 23 18 9 9 12 12 13 17 15 20 20 21 23 26 27
-1.2327e-05 -1.337e-05 -1.2877e-05 -1.3757e-05 -1.2757e-05 -1.222e-05 -1.2821e-05 -1.2331e-05 -1.2691e-05 -1.3873e-05 -1.0245e-05 -1.3297e-05 -1.26e-05 -1.3372e-05 -1.3764e-05 -1.3298e-05 -1.0353e-05 -1.3226e-05 -1.0333e-05 -1.3323e-05 4 26 5 2 3 5 7 7 17 12 13 13 17 16 18 20 29 25 26 29
-1.2451e-05 -1.3914e-05 -1.2758e-05 -1.236e-05 -1.2827e-05 -1.3343e-05 -1.0253e-05 -1.3276e-05 -1.3872e-05 -1.2191e-05 -1.2801e-05 -1.3731e-05 -1.0483e-05 -1.3186e-05 -1.3301e-05 -1.2651e-05 -1.2608e-05 -1.3375e-05 -1.038e-05 -1.3226e-05 4 26 5 2 3 6 7 7 9 12 12 13 19 15 20 21 21 25 25 28
-1.3233e-05 -1.2607e-05 -1.2683e-05 -1.272e-05 -1.3771e-05 -1.0746e-05 -1.3248e-05 -1.2636e-05 -1.3861e-05 -1.265e-05 -1.2335e-05 -1.0179e-05 -1.3725e-05 -1.2678e-05 -1.2737e-05 -1.2214e-05 -1.2747e-05 -1.0596e-05 -1.3388e-05 -1.3457e-05 14 26 1 8 4 23 6 8 17 12 12 27 19 22 20 20 22 23 25 27
-1.375e-05 -1.3218e-05 -1.2266e-05 -1.0269e-05 -1.3453e-05 -1.2673e-05 -1.3715e-05 -1.326e-05 -1.2616e-05 -1.2642e-05 -1.2399e-05 -1.2322e-05 -1.3819e-05 -1.3764e-05 -1.331e-05 -1.0232e-05 -1.1524e-05 -1.324e-05 -1.0501e-05 -1.3131e-05 14 26 5 8 3 5 6 9 10 10 13 13 19 16 20 20 29 25 26 29
-1.3427e-05 -1.0328e-05 -1.3216e-05 -1.2359e-05 -1.3316e-05 -1.3701e-05 -1.3875e-05 -1.2645e-05 -1.3315e-05 -1.0346e-05 -1.3627e-05 -1.2667e-05 -1.2756e-05 -9.9528e-06 -1.2549e-05 -1.3741e-05 -1.3358e-05 -1.2622e-05 -1.2323e-05 -1.27e-05 4 26 1 8 11 23 7 8 17 10 16 27 19 22 20 21 22 25 25 27
-1.2808e-05 -1.2608e-05 -1.0654e-05 -1.3414e-05 -1.3508e-05 -1.0947e-05 -1.3647e-05 -1.3811e-05 -1.3817e-05 -9.4983e-06 -1.2647e-05 -1.2278e-05 -1.3078e-05 -1.2757e-05 -1.0206e-05 -1.3821e-05 -1.2541e-05 -1.298e-05 -1.3866e-05 -1.2238e-05 0 0 5 2 11 5 18 9 17 11 12 27 19 22 19 20 21 23 28 27
-1.3762e-05 -1.2478e-05 -1.2838e-05 -1.233e-05 -1.2696e-05 -1.2284e-05 -1.076e-05 -1.3259e-05 -1.2783e-05 -1.3761e-05 -1.2593e-05 -1.3233e-05 -1.2184e-05 -1.2777e-05 -1.0732e-05 -1.3272e-05 -1.3373e-05 -1.2783e-05 -1.3911e-05 -1.0366e-05 4 1 1 3 3 23 18 7 17 10 16 27 17 16 18 20 29 23 26 29
-1.2667e-05 -1.323e-05 -1.3613e-05 -1.0061e-05 -1.2782e-05 -1.3712e-05 -1.3958e-05 -1.3312e-05 -1.0383e-05 -1.329e-05 -1.3713e-05 -1.3959e-05 -1.3231e-05 -1.3605e-05 -1.2669e-05 -1.2781e-05 -1.0068e-05 -1.329e-05 -1.0383e-05 -1.331e-05 4 26 5 8 4 6 7 8 17 10 13 27 17 22 20 20 29 25 26 29
-1.2503e-05 -1.3646e-05 -1.2814e-05 -1.2297e-05 -1.2419e-05 -1.3717e-05 -1.2676e-05 -1.3523e-05 -1.0086e-05 -1.2308e-05 -1.2724e-05 -1.3844e-05 -1.3177e-05 -1.3299e-05 -1.2724e-05 -1.3209e-05 -9.5721e-06 -1.3459e-05 -9.7226e-06 -1.2415e-05 4 0 2 2 4 5 18 9 17 12 12 13 17 15 18 24 29 25 25 29
-1.2499e-05 -1.3906e-05 -1.0466e-05 -1.3228e-05 -1.2851e-05 -1.2999e-05 -9.5656e-06 -1.2729e-05 -1.0722e-05 -1.325e-05 -1.3138e-05 -1.3834e-05 -1.3683e-05 -1.0101e-05 -1.3165e-05 -1.3865e-05 -1.254e-05 -1.249e-05 -1.2497e-05 -1.3012e-05 4 26 5 2 4 5 18 9 10 10 16 13 17 15 18 24 29 25 25 29
-1.3334e-05 -1.037e-05 -1.3343e-05 -1.2681e-05 -1.2323e-05 -1.0963e-05 -1.0747e-05 -1.3763e-05 -1.2721e-05 -1.2333e-05 -1.3366e-05 -1.0273e-05 -1.3745e-05 -1.2342e-05 -1.3288e-05 -1.3778e-05 -1.2813e-05 -1.3122e-05 -1.3172e-05 -1.387e-05 14 26 1 3 3 23 18 8 17 10 12 13 17 22 18 20 21 23 26 29
-1.0306e-05 -1.3361e-05 -1.2753e-05 -1.2661e-05 -1.3184e-05 -1.2419e-05 -1.238e-05 -1.3842e-05 -1.2645e-05 -1.3873e-05 -1.0215e-05 -1.3377e-05 -1.2383e-05 -1.3353e-05 -1.3345e-05 -1.0456e-05 -1.3214e-05 -1.391e-05 -1.2558e-05 -1.2723e-05 4 0 2 2 4 23 6 7 17 10 16 13 17 15 20 20 21 23 28 29
-1.3922e-05 -1.2758e-05 -1.3485e-05 -9.6279e-06 -1.298e-05 -1.3204e-05 -1.2258e-05 -1.2422e-05 -9.6749e-06 -1.3443e-05 -1.3721e-05 -1.2444e-05 -1.3614e-05 -1.2745e-05 -1.2804e-05 -1.3406e-05 -1.2285e-05 -1.0214e-05 -1.2338e-05 -1.2813e-05 0 26 5 8 11 23 18 9 10 10 16 27 19 22 18 24 21 23 26 27
-1.3142e-05 -1.3931e-05 -1.3713e-05 -1.3538e-05 -1.1052e-05 -1.3768e-05 -1.3198e-05 -1.0122e-05 -1.3165e-05 -1.0909e-05 -1.3503e-05 -1.0264e-05 -1.3766e-05 -1.2721e-05 -1.3708e-05 -1.3788e-05 -1.2264e-05 -1.0208e-05 -1.3062e-05 -1.3223e-05 4 26 1 8 3 23 18 7 17 10 12 27 15 22 18 24 21 25 26 27
-1.278e-05 -1.3838e-05 -1.3751e-05 -1.3364e-05 -1.249e-05 -1.3723e-05 -1.2705e-05 -1.034e-05 -1.197e-05 -1.3914e-05 -1.2647e-05 -1.2449e-05 -1.01e-05 -1.3524e-05 -1.232e-05 -1.3252e-05 -1.0426e-05 -1.2317e-05 -1.2828e-05 -1.326e-05 4 26 2 8 3 23 18 9 9 12 13 13 17 15 18 20 21 25 26 29
-1.366e-05 -9.6314e-06 -1.3532e-05 -1.0396e-05 -1.326e-05 -1.3319e-05 -1.2238e-05 -1.3296e-05 -1.2685e-05 -1.2292e-05 -1.2787e-05 -1.2415e-05 -1.3747e-05 -1.2549e-05 -1.2617e-05 -1.3222e-05 -1.3925e-05 -9.5371e-06 -1.2452e-05 -1.2343e-05 14 26 1 8 3 5 18 8 17 10 16 27 17 16 18 20 29 25 25 27
-1.0634e-05 -1.3173e-05 -1.3596e-05 -1.3947e-05 -1.2869e-05 -1.394e-05 -1.0105e-05 -1.3196e-05 -1.2265e-05 -9.7633e-06 -1.3386e-05 -1.3208e-05 -1.2877e-05 -1.372e-05 -1.3703e-05 -1.3748e-05 -1.3291e-05 -1.3778e-05 -1.1486e-05 -1.0216e-05 4 26 5 8 4 6 7 7 17 12 12 27 17 16 18 20 29 23 26 29
-1.2852e-05 -1.3303e-05 -1.3297e-05 -1.0693e-05 -1.375e-05 -1.3005e-05 -1.0946e-05 -1.1282e-05 -1.298e-05 -1.3206e-05 -9.9371e-06 -1.1798e-05 -1.2631e-05 -1.383e-05 -1.2476e-05 -1.2596e-05 -1.3897e-05 -1.3432e-05 -9.2936e-06 -1.3434e-05 14 0 2 2 11 23 6 7 17 12 12 14 17 15 20 20 21 23 28 29
-1.2741e-05 -1.2304e-05 -1.2759e-05 -1.375e-05 -1.2619e-05 -1.3736e-05 -1.3205e-05 -1.3826e-05 -1.2762e-05 -1.2166e-05 -1.0646e-05 -1.3356e-05 -1.3231e-05 -1.0766e-05 -1.0333e-05 -1.1649e-05 -1.2987e-05 -1.2356e-05 -1.2346e-05 -1.3803e-05 4 26 1 2 3 23 18 9 17 10 16 13 15 16 18 21 21 25 25 28
-1.3334e-05 -1.0471e-05 -1.3874e-05 -1.2768e-05 -1.2321e-05 -1.2581e-05 -1.3246e-05 -1.3737e-05 -1.325e-05 -1.0097e-05 -1.3522e-05 -1.2275e-05 -1.2692e-05 -1.2718e-05 -1.0226e-05 -1.3526e-05 -1.3723e-05 -1.2634e-05 -1.3188e-05 -1.2833e-05 4 0 5 2 3 23 18 9 10 10 12 27 17 15 18 20 29 23 26 27
-1.2714e-05 -1.0186e-05 -1.3236e-05 -1.3805e-05 -1.2697e-05 -1.2283e-05 -1.2864e-05 -1.3191e-05 -1.04e-05 -1.3353e-05 -1.0119e-05 -1.3463e-05 -1.3889e-05 -1.3315e-05 -1.2494e-05 -1.3832e-05 -1.265e-05 -1.2804e-05 -1.347e-05 -1.2688e-05 4 26 1 2 3 23 18 9 17 10 16 13 15 16 18 24 29 23 26 29
-1.2768e-05 -1.0433e-05 -1.3274e-05 -1.2774e-05 -1.3798e-05 -1.2695e-05 -1.3759e-05 -1.2567e-05 -1.0165e-05 -1.3522e-05 -1.2774e-05 -1.2232e-05 -1.3236e-05 -1.262e-05 -1.3799e-05 -1.3198e-05 -1.0161e-05 -1.2316e-05 -1.328e-05 -1.3581e-05 14 26 1 8 4 23 6 8 17 10 16 27 17 15 19 20 21 23 26 29
-1.3734e-05 -1.3261e-05 -1.382e-05 -1.1886e-05 -1.013e-05 -1.2378e-05 -1.3206e-05 -1.0745e-05 -1.3175e-05 -1.3426e-05 -1.3817e-05 -1.373e-05 -1.0262e-05 -1.3205e-05 -1.1727e-05 -1.3993e-05 -1.3563e-05 -1.2396e-05 -9.8251e-06 -1.3717e-05 4 26 5 8 11 23 18 8 9 12 12 27 17 15 18 24 21 23 26 28
-1.328e-05 -1.0161e-05 -1.3453e-05 -1.3211e-05 -1.2681e-05 -1.2537e-05 -1.3917e-05 -1.0393e-05 -1.3398e-05 -1.2674e-05 -1.3239e-05 -1.3754e-05 -1.3298e-05 -1.0404e-05 -1.2346e-05 -1.2488e-05 -1.3913e-05 -1.2734e-05 -1.2808e-05 -1.247e-05 4 0 1 8 11 23 18 9 9 12 16 27 17 15 20 20 21 23 28 28
-1.014e-05 -1.334e-05 -1.2264e-05 -1.281e-05 -1.3683e-05 -1.3299e-05 -1.018e-05 -1.3421e-05 -1.2578e-05 -1.3895e-05 -1.2384e-05 -1.201e-05 -1.2716e-05 -1.242e-05 -1.2816e-05 -1.2482e-05 -1.3905e-05 -1.3771e-05 -1.305e-05 -1.0769e-05 0 0 2 2 3 23 6 7 17 12 16 27 17 15 20 20 21 23 28 27
-1.3133e-05 -1.0357e-05 -1.3246e-05 -1.0499e-05 -1.3236e-05 -1.3731e-05 -1.0605e-05 -1.373e-05 -1.3002e-05 -1.3774e-05 -1.2365e-05 -1.3865e-05 -1.1667e-05 -1.2473e-05 -1.0518e-05 -1.2272e-05 -1.3984e-05 -1.3032e-05 -1.3379e-05 -1.3698e-05 4 0 5 2 3 6 18 7 17 10 16 13 17 15 18 24 21 23 26 29
-1.3341e-05 -1.372e-05 -1.2654e-05 -1.3535e-05 -1.0689e-05 -1.2716e-05 -1.3313e-05 -1.0127e-05 -1.3139e-05 -1.0946e-05 -1.3269e-05 -1.0409e-05 -1.3562e-05 -1.2741e-05 -1.388e-05 -1.3144e-05 -1.2382e-05 -9.9628e-06 -1.3557e-05 -1.3259e-05 4 0 5 8 3 5 18 7 17 10 12 27 15 22 18 24 21 23 26 27
-1.3759e-05 -1.3175e-05 -1.0174e-05 -1.2601e-05 -1.3213e-05 -1.3595e-05 -1.3377e-05 -1.2752e-05 -1.3459e-05 -1.0166e-05 -1.2647e-05 -1.2792e-05 -1.3129e-05 -1.3865e-05 -1.0411e-05 -1.2829e-05 -1.2395e-05 -1.2638e-05 -1.3862e-05 -1.2371e-05 4 26 1 8 11 5 18 8 17 12 13 13 19 22 20 24 29 23 28 29
-1.0808e-05 -1.3183e-05 -1.343e-05 -1.013e-05 -1.3357e-05 -1.3774e-05 -1.2577e-05 -1.3344e-05 -1.0333e-05 -1.3869e-05 -1.3114e-05 -1.1103e-05 -1.3273e-05 -1.3753e-05 -1.2768e-05 -1.2318e-05 -1.2352e-05 -1.2737e-05 -1.3768e-05 -1.2341e-05 4 0 5 2 3 23 18 9 9 11 12 13 17 22 18 24 29 24 28 29
-1.2761e-05 -1.2312e-05 -1.376e-05 -1.3157e-05 -1.2346e-05 -1.3114e-05 -1.3874e-05 -1.0622e-05 -1.2262e-05 -1.2691e-05 -1.39e-05 -1.263e-05 -9.8653e-06 -1.3607e-05 -1.3428e-05 -1.0486e-05 -1.3325e-05 -1.124e-05 -1.2355e-05 -1.3751e-05 14 26 1 8 11 23 18 9 9 12 12 14 19 22 19 20 21 23 26 29
-1.2694e-05 -1.3341e-05 -1.027e-05 -1.3337e-05 -1.2778e-05 -1.3869e-05 -1.3124e-05 -1.2252e-05 -1.2842e-05 -1.3783e-05 -1.2703e-05 -1.3802e-05 -1.3429e-05 -1.2366e-05 -1.0332e-05 -1.2527e-05 -1.2751e-05 -1.3323e-05 -1.0204e-05 -1.3361e-05 4 1 1 2 4 23 18 9 9 10 16 13 19 15 18 20 21 25 26 29
-1.2366e-05 -1.2337e-05 -1.2622e-05 -1.3774e-05 -1.2705e-05 -1.378e-05 -1.3263e-05 -1.0741e-05 -1.1006e-05 -1.3446e-05 -1.0152e-05 -1.3323e-05 -1.3122e-05 -1.3339e-05 -1.3771e-05 -1.3292e-05 -1.03e-05 -1.2679e-05 -1.2661e-05 -1.3862e-05 4 26 1 2 3 5 18 7 17 12 13 13 17 22 18 21 22 25 25 27
-1.0242e-05 -1.3204e-05 -1.3165e-05 -1.3844e-05 -1.2177e-05 -1.0174e-05 -1.2424e-05 -1.2718e-05 -1.3795e-05 -1.2663e-05 -1.3487e-05 -1.3578e-05 -1.2425e-05 -1.0652e-05 -1.3069e-05 -1.3447e-05 -1.0635e-05 -1.3485e-05 -1.2797e-05 -1.2442e-05 0 0 5 2 11 5 7 7 9 11 16 14 19 22 20 21 22 23 28 29
-1.3173e-05 -1.2787e-05 -1.2193e-05 -1.369e-05 -1.0545e-05 -1.2737e-05 -1.2502e-05 -1.0031e-05 -1.3205e-05 -1.3301e-05 -1.2734e-05 -1.254e-05 -1.3858e-05 -1.2222e-05 -1.3215e-05 -1.0511e-05 -1.2813e-05 -1.3303e-05 -1.3684e-05 -1.3871e-05 4 1 1 8 11 6 6 9 9 11 12 13 17 22 20 24 21 23 26 29
-1.2557e-05 -1.3758e-05 -1.2678e-05 -1.2324e-05 -1.2778e-05 -1.3137e-05 -1.0545e-05 -1.3323e-05 -1.3396e-05 -1.0225e-05 -1.3265e-05 -1.3892e-05 -1.2773e-05 -1.2327e-05 -1.3896e-05 -1.2532e-05 -1.3395e-05 -1.273e-05 -1.3249e-05 -1.0328e-05 4 26 5 2 3 6 7 7 10 12 12 13 17 15 20 24 29 23 28 29
-1.1557e-05 -1.0643e-05 -1.2627e-05 -1.3799e-05 -1.3966e-05 -1.2748e-05 -1.0359e-05 -1.3485e-05 -1.2686e-05 -1.3902e-05 -1.3174e-05 -1.329e-05 -1.2311e-05 -1.0387e-05 -1.3145e-05 -1.376e-05 -1.3421e-05 -1.39e-05 -1.0581e-05 -1.3621e-05 14 26 5 2 11 5 18 7 17 10 16 27 17 15 18 24 21 25 26 28
-1.2667e-05 -1.3217e-05 -1.0538e-05 -1.2375e-05 -1.374e-05 -1.1399e-05 -1.388e-05 -1.2423e-05 -1.2614e-05 -1.3835e-05 -1.2343e-05 -1.2741e-05 -1.2693e-05 -1.2379e-05 -1.2622e-05 -1.2713e-05 -1.3809e-05 -1.1585e-05 -1.0603e-05 -1.3265e-05 14 1 1 8 3 23 18 9 17 12 16 14 17 16 20 20 22 25 26 29
-1.3197e-05 -1.0461e-05 -1.2869e-05 -1.2346e-05 -1.3806e-05 -1.2605e-05 -1.3863e-05 -1.2377e-05 -1.2648e-05 -1.2652e-05 -1.3389e-05 -1.0366e-05 -1.3773e-05 -1.2714e-05 -1.3182e-05 -1.0177e-05 -1.2261e-05 -1.3578e-05 -1.3314e-05 -1.3196e-05 4 0 5 8 3 5 18 9 10 10 13 27 17 22 20 20 22 23 26 27
-1.3709e-05 -1.2734e-05 -1.2625e-05 -1.2715e-05 -1.3874e-05 -1.003e-05 -1.3662e-05 -1.2284e-05 -1.2782e-05 -1.2597e-05 -1.375e-05 -1.3164e-05 -1.3204e-05 -1.3245e-05 -1.0514e-05 -1.3232e-05 -1.0178e-05 -1.3239e-05 -1.3872e-05 -1.1433e-05 14 26 1 8 3 23 6 8 17 10 16 27 19 22 20 20 22 23 25 27
-1.1018e-05 -1.3811e-05 -1.3273e-05 -1.3846e-05 -1.0749e-05 -9.8703e-06 -1.2618e-05 -1.2795e-05 -1.3871e-05 -1.337e-05 -1.2888e-05 -1.1598e-05 -1.3859e-05 -1.2674e-05 -1.3367e-05 -1.0832e-05 -1.3784e-05 -1.248e-05 -1.3908e-05 -1.0313e-05 14 26 5 2 11 5 18 7 17 12 16 27 19 15 20 20 29 23 28 27
-1.39e-05 -1.2874e-05 -1.2317e-05 -1.3478e-05 -1.2659e-05 -1.3586e-05 -1.2557e-05 -1.0473e-05 -1.1657e-05 -1.2935e-05 -1.3265e-05 -1.3904e-05 -1.0553e-05 -1.1184e-05 -1.2834e-05 -1.3235e-05 -1.3843e-05 -1.0079e-05 -1.2865e-05 -1.268e-05 4 26 1 8 11 23 18 9 9 12 16 13 17 15 18 24 21 23 28 29
-1.2304e-05 -1.3432e-05 -1.0186e-05 -1.2788e-05 -1.242e-05 -1.3275e-05 -1.3759e-05 -1.2483e-05 -1.3919e-05 -1.257e-05 -1.3808e-05 -1.2765e-05 -1.0452e-05 -1.3291e-05 -1.3212e-05 -1.2686e-05 -1.3361e-05 -1.2665e-05 -1.3309e-05 -1.0302e-05 14 26 5 8 11 5 6 9 10 11 12 27 17 15 20 24 29 23 28 29
-1.2321e-05 -1.338e-05 -1.0391e-05 -1.3898e-05 -1.2855e-05 -1.321e-05 -1.374e-05 -1.2498e-05 -1.2779e-05 -1.2267e-05 -1.281e-05 -1.3729e-05 -1.0181e-05 -1.3422e-05 -1.3305e-05 -1.2638e-05 -1.2743e-05 -1.3249e-05 -1.0193e-05 -1.3472e-05 4 1 1 3 4 5 18 9 9 12 12 13 19 15 19 20 21 25 26 29
-1.3394e-05 -1.0266e-05 -1.3332e-05 -1.2355e-05 -1.3085e-05 -1.3709e-05 -1.3844e-05 -1.2641e-05 -1.381e-05 -1.0192e-05 -1.3796e-05 -1.3663e-05 -1.1424e-05 -1.07e-05 -1.3061e-05 -1.323e-05 -1.1269e-05 -1.2308e-05 -1.2456e-05 -1.3986e-05 0 1 1 8 11 23 18 9 10 11 12 27 19 15 19 20 21 25 26 29
-1.0165e-05 -1.1901e-05 -1.0887e-05 -1.3082e-05 -1.3333e-05 -1.2375e-05 -1.2645e-05 -1.377e-05 -1.1018e-05 -1.0542e-05 -1.3232e-05 -1.3685e-05 -1.3147e-05 -1.3761e-05 -1.3796e-05 -1.2798e-05 -1.2652e-05 -1.2279e-05 -1.2726e-05 -1.3863e-05 4 1 2 2 4 23 6 9 17 12 12 13 17 15 18 20 21 25 26 29
-1.2342e-05 -1.2702e-05 -1.3852e-05 -1.3345e-05 -1.3213e-05 -1.2614e-05 -1.2803e-05 -1.0418e-05 -1.321e-05 -1.0321e-05 -1.3416e-05 -1.3622e-05 -1.2663e-05 -1.2347e-05 -1.3736e-05 -1.382e-05 -1.3173e-05 -1.2808e-05 -1.2243e-05 -1.0147e-05 4 0 1 8 11 23 6 9 9 12 12 27 17 15 20 24 29 25 26 29
-1.3378e-05 -1.0188e-05 -1.356e-05 -9.9392e-06 -1.3793e-05 -1.3955e-05 -1.3949e-05 -1.3451e-05 -1.0267e-05 -1.3313e-05 -1.3149e-05 -1.3255e-05 -1.3382e-05 -1.0822e-05 -1.2248e-05 -1.3067e-05 -1.2463e-05 -1.3583e-05 -1.3121e-05 -9.9202e-06 0 26 5 8 4 5 7 8 17 10 16 27 17 15 20 20 21 24 26 27
-1.2724e-05 -1.313e-05 -1.0524e-05 -1.3874e-05 -1.2197e-05 -1.3297e-05 -1.0242e-05 -1.3302e-05 -1.2751e-05 -1.2383e-05 -1.2694e-05 -1.3502e-05 -1.2563e-05 -1.3916e-05 -1.3377e-05 -1.2743e-05 -1.316e-05 -1.2197e-05 -1.3494e-05 -9.3077e-06 4 1 5 8 4 5 7 7 17 12 12 27 17 16 18 24 21 24 28 28
-1.3847e-05 -1.2275e-05 -1.2917e-05 -1.0483e-05 -1.3279e-05 -1.3921e-05 -1.3676e-05 -1.1167e-05 -1.325e-05 -1.3794e-05 -1.2862e-05 -1.2616e-05 -1.2918e-05 -1.0558e-05 -1.0042e-05 -1.1032e-05 -1.3274e-05 -1.1027e-05 -1.3346e-05 -1.3884e-05 4 26 1 2 3 5 18 9 9 10 13 13 15 15 20 20 21 25 25 28
-9.3903e-06 -1.2956e-05 -1.3359e-05 -1.3745e-05 -1.3468e-05 -1.0029e-05 -1.1724e-05 -1.3791e-05 -1.2426e-05 -1.2221e-05 -1.2762e-05 -1.3654e-05 -1.2299e-05 -1.3777e-05 -1.3097e-05 -1.0573e-05 -1.3199e-05 -1.3175e-05 -1.2648e-05 -1.2125e-05 4 26 5 2 4 5 18 9 17 12 12 13 17 15 18 20 21 23 28 29
-1.2747e-05 -1.3334e-05 -1.2307e-05 -1.2738e-05 -1.3815e-05 -1.0034e-05 -1.328e-05 -1.3749e-05 -1.2383e-05 -1.2725e-05 -1.3788e-05 -1.2724e-05 -1.2776e-05 -1.3283e-05 -1.2534e-05 -1.3223e-05 -1.0378e-05 -1.3604e-05 -1.0175e-05 -1.3443e-05 14 26 2 2 3 23 6 7 17 10 12 27 19 22 20 21 21 23 26 28
-1.3693e-05 -1.3784e-05 -1.3328e-05 -1.0324e-05 -1.3205e-05 -1.2665e-05 -1.2804e-05 -1.2773e-05 -1.2519e-05 -9.7809e-06 -1.3647e-05 -1.3982e-05 -1.2895e-05 -1.2296e-05 -1.381e-05 -1.3333e-05 -1.3437e-05 -1.0684e-05 -1.1265e-05 -1.0768e-05 14 26 5 2 11 6 6 9 9 11 12 13 15 15 19 24 29 25 25 29
-9.3283e-06 -1.3194e-05 -1.2105e-05 -1.2651e-05 -1.3637e-05 -1.3547e-05 -1.0149e-05 -1.2298e-05 -1.2815e-05 -1.3574e-05 -1.3336e-05 -1.2749e-05 -1.3746e-05 -1.0361e-05 -1.31e-05 -1.3433e-05 -1.1799e-05 -9.485e-06 -1.3543e-05 -1.1026e-05 0 0 2 2 4 23 18 9 9 10 16 27 19 15 18 24 29 24 25 29
-1.0321e-05 -1.3476e-05 -1.3757e-05 -1.2731e-05 -1.2331e-05 -1.3976e-05 -1.3126e-05 -1.3817e-05 -1.3748e-05 -1.3436e-05 -1.0214e-05 -1.3148e-05 -1.3949e-05 -1.3249e-05 -1.1774e-05 -1.0495e-05 -1.0782e-05 -1.2279e-05 -1.3086e-05 -1.3109e-05 14 0 5 3 3 23 18 8 17 12 16 27 17 15 18 20 21 25 26 29
-1.0819e-05 -1.339e-05 -1.3918e-05 -1.3457e-05 -1.036e-05 -1.2232e-05 -1.3531e-05 -1.2749e-05 -1.2738e-05 -1.3434e-05 -9.7768e-06 -1.3811e-05 -1.3256e-05 -1.235e-05 -9.9898e-06 -1.2642e-05 -1.2775e-05 -1.2876e-05 -1.3852e-05 -1.3694e-05 4 0 5 2 3 23 18 9 9 12 12 14 19 15 20 21 21 23 26 27
-9.7436e-06 -1.3451e-05 -1.3814e-05 -1.3749e-05 -1.3905e-05 -1.2815e-05 -1.2291e-05 -1.3529e-05 -1.022e-05 -1.3082e-05 -1.3862e-05 -1.24e-05 -1.2488e-05 -1.3617e-05 -1.2855e-05 -1.3357e-05 -9.8541e-06 -1.0341e-05 -1.3257e-05 -1.323e-05 0 0 5 2 11 6 6 9 10 10 16 27 19 22 19 24 29 25 25 29
-1.2678e-05 -1.3765e-05 -1.2737e-05 -1.2296e-05 -1.3287e-05 -1.375e-05 -1.323e-05 -1.0034e-05 -1.3619e-05 -1.0417e-05 -1.3255e-05 -1.2665e-05 -1.2266e-05 -1.2771e-05 -1.3186e-05 -1.104e-05 -1.3741e-05 -1.0679e-05 -1.3274e-05 -1.385e-05 14 1 2 2 11 23 18 7 9 12 12 14 17 15 20 20 22 25 26 29
-1.3771e-05 -1.2728e-05 -1.2331e-05 -1.3176e-05 -1.2693e-05 -1.3099e-05 -1.3863e-05 -1.0515e-05 -1.3308e-05 -1.2305e-05 -1.277e-05 -1.2586e-05 -1.3366e-05 -1.0245e-05 -1.3259e-05 -1.0599e-05 -1.3258e-05 -1.1108e-05 -1.377e-05 -1.3826e-05 4 26 1 8 11 23 18 9 9 12 13 13 17 22 20 20 22 23 26 29
-1.0646e-05 -1.0567e-05 -1.2391e-05 -1.2663e-05 -1.3393e-05 -1.2714e-05 -1.3961e-05 -1.3964e-05 -1.1757e-05 -1.32e-05 -1.3843e-05 -1.254e-05 -1.0144e-05 -1.3323e-05 -1.3237e-05 -1.0234e-05 -1.3438e-05 -1.2832e-05 -1.3417e-05 -1.2839e-05 0 0 2 2 4 23 18 9 10 10 16 27 17 15 20 20 21 23 26 27
-1.3303e-05 -1.0277e-05 -1.322e-05 -1.3191e-05 -1.0495e-05 -1.3732e-05 -1.062e-05 -1.1134e-05 -1.2997e-05 -1.3894e-05 -1.2432e-05 -1.2378e-05 -1.3808e-05 -1.2709e-05 -1.3317e-05 -1.3745e-05 -1.2602e-05 -1.3234e-05 -1.1312e-05 -1.3891e-05 4 26 1 2 3 5 18 9 9 12 13 13 19 22 18 24 22 25 25 27
-1.3311e-05 -1.0198e-05 -1.3374e-05 -1.2589e-05 -1.2749e-05 -1.3838e-05 -1.3166e-05 -1.0182e-05 -1.3567e-05 -1.3243e-05 -1.0464e-05 -1.3789e-05 -1.2932e-05 -1.3292e-05 -1.2557e-05 -1.3979e-05 -1.3093e-05 -1.3717e-05 -1.373e-05 -1.0209e-05 4 26 1 2 3 5 18 7 9 12 16 27 19 16 19 20 29 23 28 29
-1.2325e-05 -1.2652e-05 -1.3256e-05 -1.0442e-05 -1.322e-05 -1.0797e-05 -1.0857e-05 -1.3322e-05 -1.3698e-05 -1.3864e-05 -1.2818e-05 -1.2337e-05 -1.0539e-05 -1.0942e-05 -1.3286e-05 -1.3706e-05 -1.3251e-05 -1.3108e-05 -1.3858e-05 -1.3713e-05 4 0 5 2 3 23 18 7 9 12 12 13 19 22 19 20 21 23 26 29
-1.3114e-05 -1.041e-05 -1.3241e-05 -1.2853e-05 -1.2624e-05 -1.3764e-05 -1.3219e-05 -1.3373e-05 -9.767e-06 -1.342e-05 -1.3592e-05 -9.6681e-06 -1.3571e-05 -1.2683e-05 -1.0071e-05 -1.2736e-05 -1.2888e-05 -1.2552e-05 -1.3887e-05 -1.3398e-05 4 0 1 2 3 23 18 9 9 10 13 27 19 22 18 24 22 24 28 27
-1.3501e-05 -9.3427e-06 -1.3494e-05 -1.2253e-05 -1.3258e-05 -1.019e-05 -1.3346e-05 -1.2884e-05 -1.3708e-05 -1.054e-05 -1.0962e-05 -1.3279e-05 -1.3869e-05 -1.2758e-05 -1.2697e-05 -1.2704e-05 -1.2196e-05 -1.331e-05 -1.314e-05 -1.3911e-05 4 26 1 8 11 23 6 8 9 12 13 13 17 22 20 20 22 23 25 27
-1.2673e-05 -1.3552e-05 -1.3704e-05 -1.2657e-05 -1.3769e-05 -1.3275e-05 -1.0116e-05 -1.2311e-05 -1.329e-05 -1.2666e-05 -1.2305e-05 -1.2749e-05 -1.0362e-05 -1.3306e-05 -1.3613e-05 -1.2561e-05 -1.3749e-05 -1.2741e-05 -1.0033e-05 -1.3331e-05 14 26 5 8 11 6 6 8 17 12 12 14 17 15 18 24 29 23 28 29
-1.3788e-05 -1.2415e-05 -1.0667e-05 -1.0591e-05 -1.3568e-05 -1.3406e-05 -1.3719e-05 -1.3916e-05 -1.3596e-05 -1.3251e-05 -1.0772e-05 -1.3321e-05 -1.3108e-05 -1.091e-05 -1.3856e-05 -1.2752e-05 -1.3467e-05 -1.2336e-05 -1.2811e-05 -1.0145e-05 14 26 2 2 3 5 18 9 10 12 12 27 17 15 20 24 29 23 26 27
-1.2679e-05 -1.2374e-05 -1.3747e-05 -1.0458e-05 -1.3235e-05 -1.3802e-05 -1.2739e-05 -1.1501e-05 -1.1206e-05 -1.3853e-05 -1.3282e-05 -1.2658e-05 -1.3186e-05 -1.0261e-05 -1.2248e-05 -1.2735e-05 -1.3372e-05 -1.2595e-05 -1.2353e-05 -1.3844e-05 14 26 1 2 3 23 18 9 17 12 16 14 17 16 18 24 22 24 26 29
-1.3821e-05 -1.2817e-05 -1.2322e-05 -1.2355e-05 -1.2607e-05 -1.3759e-05 -1.3294e-05 -1.3822e-05 -1.2986e-05 -1.39e-05 -1.055e-05 -1.3237e-05 -1.111e-05 -1.3167e-05 -1.0662e-05 -1.374e-05 -1.3233e-05 -1.3149e-05 -1.1426e-05 -1.0138e-05 4 26 1 2 3 23 18 7 17 11 12 13 17 15 18 21 29 25 25 29
-1.019e-05 -1.3109e-05 -1.1353e-05 -1.0538e-05 -1.3444e-05 -1.2375e-05 -1.3715e-05 -1.3205e-05 -1.0086e-05 -1.3518e-05 -1.2699e-05 -1.3256e-05 -1.3312e-05 -1.2709e-05 -1.3833e-05 -1.2586e-05 -1.2662e-05 -1.2323e-05 -1.3728e-05 -1.3844e-05 14 26 1 8 4 23 6 8 17 10 16 27 17 15 19 20 21 23 25 27
-1.3298e-05 -1.3774e-05 -1.2718e-05 -1.2682e-05 -1.3776e-05 -1.0076e-05 -1.3236e-05 -1.3877e-05 -9.9185e-06 -1.3412e-05 -1.3236e-05 -9.7829e-06 -1.3476e-05 -1.099e-05 -1.3779e-05 -1.3212e-05 -1.0981e-05 -1.3601e-05 -1.3708e-05 -1.3766e-05 14 0 5 2 11 6 6 7 10 10 16 27 17 15 19 20 21 23 28 27
-1.3397e-05 -1.2198e-05 -1.2864e-05 -1.3322e-05 -1.0401e-05 -1.376e-05 -1.2737e-05 -1.2356e-05 -1.3264e-05 -1.3228e-05 -1.3214e-05 -1.039e-05 -1.0489e-05 -1.3193e-05 -1.3894e-05 -1.2592e-05 -1.2527e-05 -1.2398e-05 -1.2801e-05 -1.3904e-05 14 1 1 3 11 5 7 7 17 12 13 14 17 15 18 20 21 25 26 29
-1.2674e-05 -1.3254e-05 -1.0429e-05 -1.2726e-05 -1.2242e-05 -1.324e-05 -1.3491e-05 -1.3713e-05 -1.315e-05 -1.0298e-05 -1.3456e-05 -1.2695e-05 -1.3471e-05 -9.4795e-06 -9.9516e-06 -1.3134e-05 -1.3542e-05 -1.2373e-05 -1.2761e-05 -1.3575e-05 14 26 5 3 3 5 18 8 17 10 12 27 15 15 20 20 21 25 25 28
-1.3756e-05 -1.3344e-05 -1.268e-05 -1.2643e-05 -1.329e-05 -1.3317e-05 -1.0298e-05 -1.3377e-05 -1.3384e-05 -1.0216e-05 -1.3176e-05 -1.2259e-05 -1.083e-05 -1.0839e-05 -1.3286e-05 -1.3868e-05 -1.3579e-05 -1.3124e-05 -1.0157e-05 -1.2836e-05 4 26 5 2 11 6 6 7 10 11 16 27 19 16 19 20 29 25 25 27
-1.274e-05 -1.272e-05 -1.376e-05 -1.0627e-05 -1.1385e-05 -1.2347e-05 -1.3845e-05 -1.3627e-05 -1.3307e-05 -1.0574e-05 -1.3236e-05 -1.3976e-05 -1.0398e-05 -1.3372e-05 -1.3161e-05 -1.3247e-05 -1.0338e-05 -1.2405e-05 -1.3913e-05 -1.3696e-05 4 0 5 2 3 23 6 9 17 12 12 13 19 22 20 21 21 23 26 27
-1.3466e-05 -1.2217e-05 -1.2495e-05 -1.3866e-05 -1.3821e-05 -1.3365e-05 -1.2896e-05 -1.2607e-05 -1.2213e-05 -1.2384e-05 -1.115e-05 -9.9679e-06 -1.0692e-05 -1.3192e-05 -1.311e-05 -1.3095e-05 -1.0683e-05 -1.0346e-05 -1.3254e-05 -1.235e-05 0 1 1 2 3 23 18 7 17 10 16 13 15 16 19 20 29 25 26 29
-1.1475e-05 -1.0358e-05 -1.3149e-05 -1.3865e-05 -1.3265e-05 -1.3683e-05 -1.3341e-05 -1.3668e-05 -1.3435e-05 -9.8175e-06 -1.3417e-05 -1.3867e-05 -1.166e-05 -1.2981e-05 -1.0135e-05 -1.3332e-05 -1.0337e-05 -1.2786e-05 -1.2209e-05 -1.3217e-05 4 1 1 3 4 23 18 7 10 10 12 27 17 15 18 20 29 25 26 29
-1.3721e-05 -1.3338e-05 -1.0333e-05 -1.3399e-05 -1.3934e-05 -1.3285e-05 -1.3446e-05 -1.0076e-05 -1.29e-05 -1.2522e-05 -1.0316e-05 -1.3137e-05 -1.2882e-05 -1.3516e-05 -1.2656e-05 -1.3937e-05 -1.3239e-05 -1.3854e-05 -1.335e-05 -1.0277e-05 4 1 5 8 3 5 7 8 17 10 12 13 19 15 20 21 29 24 28 29
-1.0384e-05 -1.1178e-05 -1.3287e-05 -1.3747e-05 -1.2534e-05 -1.3638e-05 -1.324e-05 -1.396e-05 -1.2641e-05 -1.2755e-05 -1.3804e-05 -1.3478e-05 -1.2914e-05 -1.2724e-05 -1.0636e-05 -1.209e-05 -1.2395e-05 -9.8357e-06 -1.3482e-05 -1.3695e-05 0 1 1 8 11 5 18 7 17 11 16 14 17 22 18 20 22 25 26 29
-1.3816e-05 -1.2846e-05 -1.0335e-05 -1.1449e-05 -1.3222e-05 -1.3348e-05 -1.372e-05 -1.3567e-05 -9.8562e-06 -1.3344e-05 -1.3907e-05 -1.2395e-05 -1.3201e-05 -1.1277e-05 -1.3758e-05 -1.3333e-05 -1.0438e-05 -1.3752e-05 -1.2302e-05 -1.2949e-05 0 26 5 3 3 5 18 9 17 10 12 27 15 15 19 20 21 23 26 27
-1.3254e-05 -1.2742e-05 -1.2643e-05 -1.3841e-05 -1.3319e-05 -1.0198e-05 -1.3497e-05 -1.3093e-05 -1.1942e-05 -9.9756e-06 -1.316e-05 -1.0485e-05 -1.3982e-05 -1.3096e-05 -1.3711e-05 -1.3757e-05 -1.0259e-05 -1.3132e-05 -1.3817e-05 -1.3714e-05 14 1 1 3 11 23 6 9 9 12 13 13 17 22 20 21 22 23 26 29
-1.1165e-05 -1.3109e-05 -1.2208e-05 -1.2754e-05 -1.1573e-05 -1.3821e-05 -1.3055e-05 -1.3862e-05 -1.3713e-05 -1.0452e-05 -1.3246e-05 -1.2366e-05 -1.237e-05 -1.2312e-05 -1.1332e-05 -1.0451e-05 -1.3739e-05 -1.3332e-05 -1.3757e-05 -1.2624e-05 4 0 5 2 3 23 18 8 17 12 12 27 17 15 18 24 22 24 28 27
-1.3764e-05 -1.2783e-05 -1.2628e-05 -1.0122e-05 -1.3547e-05 -1.3713e-05 -1.388e-05 -1.3245e-05 -1.2607e-05 -1.2695e-05 -1.3334e-05 -1.3227e-05 -1.3285e-05 -1.0364e-05 -1.2709e-05 -1.2624e-05 -1.3722e-05 -1.2746e-05 -1.2196e-05 -9.9712e-06 14 1 1 8 3 23 18 9 10 10 16 27 17 15 20 20 29 25 26 27
-1.234e-05 -1.2681e-05 -1.2515e-05 -1.0602e-05 -1.3414e-05 -1.2838e-05 -1.341e-05 -1.0575e-05 -1.3044e-05 -1.3788e-05 -1.2307e-05 -1.2743e-05 -1.141e-05 -1.237e-05 -1.0356e-05 -1.3324e-05 -1.3741e-05 -1.37e-05 -1.3877e-05 -1.266e-05 4 0 5 8 3 5 18 9 17 12 16 27 17 16 20 20 22 23 26 27
-1.0284e-05 -1.2869e-05 -1.2301e-05 -1.3743e-05 -1.3375e-05 -1.1719e-05 -1.0285e-05 -1.3368e-05 -1.2298e-05 -1.2353e-05 -1.2592e-05 -1.3306e-05 -1.2835e-05 -1.378e-05 -1.3719e-05 -1.3189e-05 -1.2639e-05 -1.0585e-05 -1.3837e-05 -1.2735e-05 14 26 1 8 4 23 7 7 17 12 12 27 17 16 20 24 29 23 26 29
-1.3224e-05 -1.2327e-05 -1.2966e-05 -1.3728e-05 -1.0359e-05 -1.2249e-05 -1.2758e-05 -1.3841e-05 -1.344e-05 -1.1731e-05 -1.2025e-05 -9.4609e-06 -9.9126e-06 -1.3473e-05 -1.3873e-05 -1.3156e-05 -1.3501e-05 -9.9148e-06 -1.374e-05 -1.3691e-05 4 26 1 2 3 23 6 9 17 12 12 13 17 15 18 24 22 24 25 27
-1.3814e-05 -1.2605e-05 -1.2364e-05 -1.2771e-05 -1.2502e-05 -1.236e-05 -1.3263e-05 -1.3843e-05 -1.3387e-05 -1.0713e-05 -1.0595e-05 -1.337e-05 -1.2618e-05 -1.2554e-05 -1.0168e-05 -1.3479e-05 -1.2779e-05 -1.271e-05 -1.3791e-05 -1.2686e-05 0 1 1 3 3 23 18 7 10 12 12 13 17 15 18 20 29 23 26 29
-1.3807e-05 -1.231e-05 -1.2428e-05 -1.238e-05 -1.2667e-05 -1.3874e-05 -1.2348e-05 -1.2429e-05 -1.2528e-05 -1.3853e-05 -1.1396e-05 -1.0872e-05 -1.3869e-05 -1.1608e-05 -1.2618e-05 -1.3912e-05 -1.0446e-05 -1.2454e-05 -1.296e-05 -1.1977e-05 0 1 1 3 3 5 18 9 9 12 16 27 17 15 18 20 29 25 26 27
-1.2714e-05 -1.0283e-05 -1.0733e-05 -1.3596e-05 -1.0468e-05 -1.3729e-05 -1.255e-05 -1.3867e-05 -1.2793e-05 -1.3335e-05 -1.2418e-05 -1.2385e-05 -1.2698e-05 -1.3972e-05 -1.2408e-05 -1.3248e-05 -1.3774e-05 -1.0522e-05 -1.2565e-05 -1.3753e-05 4 26 1 2 3 5 18 7 17 12 13 13 17 16 18 24 22 25 25 27
-1.2794e-05 -1.3846e-05 -1.2662e-05 -1.281e-05 -1.2164e-05 -1.0171e-05 -1.3285e-05 -1.3795e-05 -1.3212e-05 -1.3887e-05 -1.0596e-05 -1.3135e-05 -1.0408e-05 -1.324e-05 -1.1139e-05 -1.3199e-05 -1.3814e-05 -1.3457e-05 -1.2604e-05 -1.2685e-05 4 0 2 2 4 23 6 7 17 10 16 13 17 15 20 20 21 23 28 29
-1.0207e-05 -1.3379e-05 -1.045e-05 -1.331e-05 -1.3275e-05 -1.1663e-05 -1.2764e-05 -1.3817e-05 -1.3757e-05 -1.3927e-05 -1.2996e-05 -1.3879e-05 -1.3465e-05 -1.0269e-05 -1.2309e-05 -1.3173e-05 -1.2393e-05 -1.0635e-05 -1.3869e-05 -1.2651e-05 4 0 2 2 4 23 18 7 17 12 16 27 15 16 18 24 29 23 26 29
-1.3692e-05 -1.3887e-05 -1.2841e-05 -1.0333e-05 -1.3318e-05 -1.2326e-05 -1.3736e-05 -1.3313e-05 -1.3133e-05 -1.0699e-05 -1.0968e-05 -1.3218e-05 -1.3713e-05 -1.3265e-05 -1.2709e-05 -1.231e-05 -1.0221e-05 -1.2726e-05 -1.2492e-05 -1.3392e-05 14 1 5 2 3 5 18 9 10 10 13 13 17 22 20 20 22 25 26 29
-1.1158e-05 -1.0547e-05 -1.3301e-05 -1.3899e-05 -1.3125e-05 -1.3823e-05 -1.3478e-05 -1.2559e-05 -1.2772e-05 -1.3303e-05 -1.0192e-05 -1.3486e-05 -1.3873e-05 -1.2874e-05 -9.9748e-06 -1.338e-05 -1.2305e-05 -1.3711e-05 -1.2669e-05 -1.2661e-05 4 0 1 2 3 23 18 9 9 12 12 13 15 22 20 20 21 24 28 28
-1.2525e-05 -1.0179e-05 -1.3261e-05 -1.3848e-05 -1.3734e-05 -1.2333e-05 -1.2586e-05 -1.2528e-05 -1.2258e-05 -1.3175e-05 -1.0916e-05 -1.2823e-05 -1.2843e-05 -1.1599e-05 -1.3831e-05 -1.3733e-05 -1.0426e-05 -1.277e-05 -1.3469e-05 -1.3286e-05 14 1 1 2 11 23 18 7 17 12 12 14 17 15 19 24 29 23 26 29
-1.0349e-05 -1.2046e-05 -1.0266e-05 -1.3886e-05 -1.3341e-05 -1.3313e-05 -1.2656e-05 -1.2319e-05 -1.2752e-05 -1.2889e-05 -1.2441e-05 -1.3886e-05 -1.3966e-05 -1.2447e-05 -1.3968e-05 -1.2662e-05 -9.8246e-06 -1.0572e-05 -1.3271e-05 -1.333e-05 0 0 1 3 4 5 7 7 10 10 16 27 17 15 18 24 29 24 25 29
-9.7633e-06 -1.3708e-05 -1.2704e-05 -1.2874e-05 -1.3324e-05 -1.3058e-05 -1.0376e-05 -1.328e-05 -1.2696e-05 -1.388e-05 -1.3719e-05 -1.2973e-05 -1.265e-05 -1.3347e-05 -1.3894e-05 -1.3362e-05 -1.027e-05 -9.6749e-06 -1.3722e-05 -1.1598e-05 4 0 2 2 4 23 6 7 17 11 16 27 17 22 20 24 22 24 25 27
-1.3414e-05 -1.2652e-05 -1.0182e-05 -1.3238e-05 -1.019e-05 -1.3535e-05 -1.2919e-05 -1.2561e-05 -1.397e-05 -1.3332e-05 -1.3737e-05 -1.3481e-05 -1.3605e-05 -1.3982e-05 -1.3303e-05 -1.0403e-05 -1.3322e-05 -1.3288e-05 -1.2655e-05 -1.0162e-05 4 26 2 2 11 5 18 7 17 12 16 27 17 22 20 20 29 23 26 29
-1.3275e-05 -1.0385e-05 -1.3206e-05 -1.2741e-05 -1.3229e-05 -1.3853e-05 -1.2779e-05 -1.2556e-05 -1.3894e-05 -1.0443e-05 -1.3344e-05 -1.2866e-05 -1.2448e-05 -1.2349e-05 -1.2309e-05 -1.3296e-05 -1.3838e-05 -1.0234e-05 -1.3375e-05 -1.2558e-05 4 26 1 8 11 23 18 8 17 12 12 27 17 15 18 24 22 24 25 27
-1.2282e-05 -1.2405e-05 -1.2193e-05 -1.3623e-05 -1.279e-05 -1.2631e-05 -1.3038e-05 -9.3161e-06 -1.3466e-05 -1.3313e-05 -1.0277e-05 -1.3287e-05 -1.0038e-05 -1.33e-05 -1.3596e-05 -1.2672e-05 -1.2754e-05 -1.3785e-05 -1.254e-05 -1.3813e-05 4 26 5 2 3 5 6 9 9 12 13 13 15 15 19 20 21 25 26 27
-1.0745e-05 -1.0808e-05 -1.3311e-05 -1.3747e-05 -1.3137e-05 -1.38e-05 -1.2731e-05 -1.2693e-05 -1.0145e-05 -1.3198e-05 -1.3838e-05 -1.3301e-05 -1.363e-05 -1.268e-05 -1.3698e-05 -1.287e-05 -1.2735e-05 -1.2276e-05 -1.3656e-05 -1.0006e-05 4 26 1 2 3 5 18 7 17 10 12 27 17 22 20 24 21 23 28 27
-1.2387e-05 -1.2099e-05 -1.3429e-05 -1.0249e-05 -1.3648e-05 -1.0468e-05 -1.3286e-05 -1.3272e-05 -1.3169e-05 -1.0119e-05 -1.2674e-05 -1.3327e-05 -1.3866e-05 -1.2835e-05 -1.2273e-05 -1.2768e-05 -1.3895e-05 -1.3189e-05 -1.3491e-05 -9.4333e-06 4 0 5 8 11 6 6 8 17 10 16 27 17 16 20 20 21 23 28 28
-1.3273e-05 -1.3736e-05 -1.258e-05 -1.3912e-05 -1.0333e-05 -1.2831e-05 -1.3816e-05 -1.2671e-05 -1.2369e-05 -1.3345e-05 -1.3281e-05 -1.2742e-05 -1.332e-05 -1.0396e-05 -1.3249e-05 -9.9769e-06 -1.3703e-05 -1.221e-05 -1.2736e-05 -1.2612e-05 4 26 5 8 11 5 18 9 9 11 16 27 15 15 20 20 21 25 25 27
-1.3438e-05 -1.2355e-05 -1.231e-05 -1.266e-05 -9.5142e-06 -1.3918e-05 -1.3534e-05 -9.5331e-06 -1.3488e-05 -1.3132e-05 -1.3359e-05 -1.3881e-05 -1.0853e-05 -1.0633e-05 -1.3326e-05 -1.3725e-05 -1.2765e-05 -1.2573e-05 -1.2782e-05 -1.2183e-05 0 1 1 3 3 5 18 9 9 10 16 13 19 16 19 20 29 25 26 29
-1.3751e-05 -1.3783e-05 -1.2703e-05 -1.2315e-05 -1.3309e-05 -1.3819e-05 -1.2282e-05 -1.244e-05 -1.3847e-05 -1.0708e-05 -1.1187e-05 -1.276e-05 -1.3095e-05 -1.1358e-05 -1.32e-05 -1.0108e-05 -1.3688e-05 -1.2669e-05 -1.2803e-05 -1.2149e-05 14 26 5 2 11 6 7 7 9 11 16 27 15 15 20 20 21 25 25 27
-1.0435e-05 -1.2849e-05 -1.0643e-05 -1.3363e-05 -1.3253e-05 -1.0911e-05 -1.348e-05 -9.4131e-06 -1.3726e-05 -1.3676e-05 -1.397e-05 -1.1298e-05 -1.2373e-05 -1.2447e-05 -1.3144e-05 -1.0347e-05 -1.341e-05 -1.3059e-05 -1.3847e-05 -1.3251e-05 4 1 5 8 4 5 7 7 17 12 16 27 15 15 20 20 21 23 26 27
-1.337e-05 -1.39e-05 -1.3938e-05 -1.3711e-05 -9.6943e-06 -1.3602e-05 -1.2931e-05 -1.236e-05 -1.3098e-05 -1.3126e-05 -1.0549e-05 -1.3164e-05 -1.0243e-05 -1.3799e-05 -1.3731e-05 -1.0715e-05 -1.3128e-05 -1.117e-05 -1.0916e-05 -1.3293e-05 4 0 1 2 3 23 18 7 17 12 12 13 17 15 19 24 21 24 28 28
-1.2533e-05 -1.3954e-05 -1.2689e-05 -1.2811e-05 -1.2274e-05 -1.3065e-05 -1.1349e-05 -1.0227e-05 -1.198e-05 -1.3887e-05 -1.2958e-05 -1.1556e-05 -1.2973e-05 -1.3949e-05 -1.3246e-05 -1.0356e-05 -1.3479e-05 -1.3384e-05 -1.3846e-05 -9.5519e-06 4 0 2 2 4 23 6 7 17 11 12 13 17 15 20 24 29 24 26 27
-1.3329e-05 -1.1877e-05 -1.0198e-05 -1.3046e-05 -1.0532e-05 -1.1255e-05 -1.2669e-05 -1.3754e-05 -1.2396e-05 -1.2887e-05 -1.254e-05 -1.356e-05 -1.2533e-05 -1.3862e-05 -1.2052e-05 -1.3764e-05 -1.3178e-05 -1.3163e-05 -1.2951e-05 -1.0195e-05 4 26 5 3 3 23 18 9 17 12 12 27 17 15 18 24 29 23 26 29
-1.1254e-05 -1.2261e-05 -1.32e-05 -1.3751e-05 -1.301e-05 -1.0324e-05 -1.2992e-05 -1.3295e-05 -9.8249e-06 -1.3874e-05 -1.3293e-05 -1.0573e-05 -1.3464e-05 -1.372e-05 -1.1603e-05 -1.0172e-05 -1.3341e-05 -1.3344e-05 -1.2755e-05 -1.3695e-05 4 26 5 2 4 5 18 9 17 12 12 13 17 22 18 20 21 23 26 29
-1.0705e-05 -1.3394e-05 -1.3838e-05 -1.2792e-05 -1.2481e-05 -1.3246e-05 -1.2623e-05 -1.2721e-05 -1.2386e-05 -1.3823e-05 -1.3313e-05 -1.0649e-05 -1.2355e-05 -1.2651e-05 -1.3849e-05 -1.3421e-05 -1.2706e-05 -1.0235e-05 -1.264e-05 -1.2553e-05 14 0 5 3 3 23 7 7 17 10 12 27 17 22 20 24 21 23 28 28
-1.2377e-05 -1.2889e-05 -1.2617e-05 -1.3763e-05 -1.3904e-05 -1.3378e-05 -1.1756e-05 -1.035e-05 -1.0764e-05 -1.2934e-05 -1.1868e-05 -1.2477e-05 -1.3256e-05 -1.0233e-05 -1.3024e-05 -1.3859e-05 -1.3213e-05 -1.0319e-05 -1.3274e-05 -1.3728e-05 14 26 1 8 4 23 18 9 9 12 12 27 17 22 18 20 22 23 25 27
-1.1902e-05 -1.3122e-05 -1.3176e-05 -1.1442e-05 -1.0162e-05 -1.2409e-05 -1.2654e-05 -1.3899e-05 -1.2518e-05 -1.2784e-05 -1.3671e-05 -1.3976e-05 -1.3746e-05 -1.3623e-05 -1.3818e-05 -1.3206e-05 -9.8999e-06 -1.0199e-05 -1.345e-05 -1.3329e-05 0 0 2 2 3 23 6 7 17 10 12 27 15 22 20 24 29 24 25 29
-9.9444e-06 -1.2799e-05 -1.3218e-05 -1.1233e-05 -1.3706e-05 -1.3838e-05 -1.3292e-05 -1.0501e-05 -1.2908e-05 -1.2431e-05 -1.38e-05 -1.3297e-05 -1.2363e-05 -1.2698e-05 -1.3298e-05 -1.0344e-05 -1.3832e-05 -1.3273e-05 -1.2667e-05 -1.3952e-05 14 26 5 2 3 5 7 8 17 10 16 14 15 15 20 24 29 24 26 27
-1.314e-05 -1.2688e-05 -1.3808e-05 -1.3402e-05 -1.0293e-05 -1.3247e-05 -1.248e-05 -1.2213e-05 -1.2463e-05 -1.3104e-05 -1.0786e-05 -1.3872e-05 -1.3819e-05 -1.238e-05 -1.2778e-05 -1.3469e-05 -9.8716e-06 -1.0146e-05 -1.2735e-05 -1.3408e-05 4 26 5 2 3 23 18 9 9 12 16 27 19 15 18 24 29 23 26 29
-1.131e-05 -1.3448e-05 -1.2948e-05 -1.1909e-05 -1.0264e-05 -1.3969e-05 -1.2315e-05 -1.3852e-05 -1.3362e-05 -1.2816e-05 -1.2681e-05 -1.3047e-05 -9.8958e-06 -1.3592e-05 -1.2454e-05 -1.3757e-05 -1.3722e-05 -1.3775e-05 -1.0213e-05 -1.3351e-05 14 26 2 2 4 23 18 9 17 12 12 27 17 15 18 20 21 23 26 28
-1.3719e-05 -1.0495e-05 -1.0461e-05 -1.3515e-05 -1.3777e-05 -1.3816e-05 -1.1158e-05 -1.2717e-05 -1.2716e-05 -1.3763e-05 -1.2833e-05 -1.2676e-05 -1.2325e-05 -1.3274e-05 -1.0681e-05 -1.3325e-05 -1.0128e-05 -1.2818e-05 -1.1794e-05 -1.3538e-05 0 1 1 2 4 5 18 7 17 10 13 13 17 22 18 20 22 25 26 29
-1.3851e-05 -1.3166e-05 -1.132e-05 -1.0619e-05 -1.2116e-05 -1.3435e-05 -1.3635e-05 -1.3288e-05 -1.3732e-05 -1.2646e-05 -1.231e-05 -1.2862e-05 -9.7373e-06 -1.2707e-05 -1.3259e-05 -1.3828e-05 -1.0314e-05 -1.0285e-05 -1.3181e-05 -1.3722e-05 14 26 1 2 11 23 6 8 17 11 12 13 19 22 19 20 21 23 25 29
-9.6911e-06 -1.3712e-05 -1.2361e-05 -1.3096e-05 -1.3126e-05 -1.293e-05 -1.3732e-05 -1.0245e-05 -1.3799e-05 -1.0547e-05 -1.3167e-05 -1.3371e-05 -1.3125e-05 -1.3296e-05 -1.0719e-05 -1.1166e-05 -1.0918e-05 -1.3603e-05 -1.3939e-05 -1.3899e-05 14 0 5 8 11 5 7 8 9 12 12 14 19 22 20 20 21 23 28 27
-1.2799e-05 -1.3371e-05 -1.3756e-05 -1.3206e-05 -1.2533e-05 -1.2699e-05 -1.2382e-05 -1.0296e-05 -1.3338e-05 -1.3854e-05 -1.2802e-05 -1.2262e-05 -1.331e-05 -1.0417e-05 -1.2771e-05 -1.2478e-05 -1.326e-05 -1.391e-05 -1.0397e-05 -1.3248e-05 4 26 5 8 4 6 6 8 9 12 12 13 17 15 20 20 22 23 26 29
-1.3361e-05 -1.3679e-05 -1.3141e-05 -1.0359e-05 -1.2351e-05 -1.0682e-05 -1.1096e-05 -1.3434e-05 -1.3778e-05 -1.2801e-05 -1.3841e-05 -9.9681e-06 -1.3974e-05 -1.284e-05 -1.0973e-05 -1.3364e-05 -1.2362e-05 -1.3277e-05 -1.3816e-05 -1.3491e-05 14 0 2 2 11 23 6 9 17 12 12 14 15 22 20 20 21 23 28 27
-1.3141e-05 -1.3383e-05 -1.0349e-05 -1.3578e-05 -1.3327e-05 -1.3269e-05 -1.3591e-05 -1.398e-05 -1.3507e-05 -9.4769e-06 -1.3544e-05 -9.8996e-06 -1.0047e-05 -1.3278e-05 -1.3315e-05 -1.0193e-05 -1.3355e-05 -1.276e-05 -1.256e-05 -1.3528e-05 14 26 5 8 11 5 18 9 17 12 12 27 15 15 20 20 21 25 25 27
-1.2576e-05 -1.3384e-05 -1.0776e-05 -1.3074e-05 -1.2552e-05 -1.3206e-05 -1.3103e-05 -1.3875e-05 -1.329e-05 -1.0155e-05 -1.3533e-05 -1.2266e-05 -1.2735e-05 -1.2638e-05 -9.9952e-06 -1.3543e-05 -1.373e-05 -1.3255e-05 -1.0279e-05 -1.2886e-05 4 26 5 2 3 5 18 9 17 10 12 27 15 15 18 20 29 25 26 27
-1.3966e-05 -1.0911e-05 -1.077e-05 -1.3782e-05 -1.3757e-05 -1.3225e-05 -1.2299e-05 -1.2964e-05 -1.2191e-05 -1.3237e-05 -1.058e-05 -1.336e-05 -1.2928e-05 -1.1805e-05 -1.3928e-05 -1.3773e-05 -1.0859e-05 -1.3815e-05 -1.3339e-05 -1.0741e-05 14 26 5 8 3 5 18 7 17 12 16 27 17 15 19 20 21 25 26 27
-1.2726e-05 -1.2513e-05 -1.3851e-05 -1.3334e-05 -1.0237e-05 -1.268e-05 -1.2351e-05 -1.3363e-05 -1.0277e-05 -1.3354e-05 -1.3887e-05 -1.3278e-05 -1.3341e-05 -1.3702e-05 -1.3068e-05 -1.0245e-05 -1.3792e-05 -1.3764e-05 -1.3209e-05 -1.0548e-05 0 0 5 2 11 6 6 9 9 11 12 27 17 16 20 20 21 23 28 27
-1.3705e-05 -1.2845e-05 -1.2262e-05 -1.3173e-05 -1.1156e-05 -1.3334e-05 -1.2203e-05 -1.387e-05 -1.3162e-05 -1.0434e-05 -1.3213e-05 -1.389e-05 -1.0569e-05 -1.3238e-05 -1.2874e-05 -1.3858e-05 -1.2649e-05 -1.0455e-05 -1.3204e-05 -1.2567e-05 4 26 1 2 3 23 18 9 17 12 12 13 15 15 18 20 29 23 25 29
-1.2632e-05 -1.2608e-05 -1.3912e-05 -1.0363e-05 -1.3272e-05 -1.2476e-05 -1.2353e-05 -1.3343e-05 -1.3338e-05 -1.2342e-05 -1.2747e-05 -1.3913e-05 -1.0525e-05 -1.3124e-05 -1.3894e-05 -1.2562e-05 -1.3378e-05 -1.2657e-05 -1.3243e-05 -1.0379e-05 4 0 5 8 3 23 6 9 17 12 12 13 17 15 18 24 29 24 28 29
-1.3673e-05 -1.0021e-05 -1.2687e-05 -1.2733e-05 -1.2231e-05 -1.2711e-05 -1.3287e-05 -1.3733e-05 -1.2538e-05 -1.281e-05 -1.3232e-05 -1.0456e-05 -1.3913e-05 -1.2729e-05 -1.032e-05 -1.3313e-05 -1.2326e-05 -1.3834e-05 -1.3241e-05 -1.331e-05 4 26 5 2 3 5 18 9 10 10 13 27 17 22 20 20 22 25 26 27
-1.3854e-05 -1.2688e-05 -1.2275e-05 -1.0325e-05 -1.3123e-05 -1.2299e-05 -1.2826e-05 -1.3432e-05 -1.2707e-05 -1.2636e-05 -1.3325e-05 -1.3686e-05 -1.3536e-05 -1.0049e-05 -1.3719e-05 -1.2627e-05 -1.2711e-05 -1.3307e-05 -1.0334e-05 -1.3342e-05 0 1 1 3 3 6 6 8 17 10 16 13 15 16 18 21 21 25 28 28
-1.3641e-05 -1.2633e-05 -1.2373e-05 -1.2338e-05 -1.2675e-05 -1.2787e-05 -1.019e-05 -1.3392e-05 -1.3199e-05 -1.377e-05 -1.3434e-05 -9.4166e-06 -1.1114e-05 -1.0338e-05 -1.3332e-05 -1.3718e-05 -1.3239e-05 -1.2462e-05 -1.3924e-05 -1.2985e-05 4 1 1 3 3 23 18 7 17 10 12 13 17 22 18 20 21 23 26 29
-1.3214e-05 -1.3232e-05 -1.0176e-05 -1.3479e-05 -1.0531e-05 -1.2363e-05 -1.2639e-05 -1.3712e-05 -1.0693e-05 -1.1581e-05 -1.3367e-05 -1.0277e-05 -1.3575e-05 -1.3815e-05 -1.3876e-05 -1.26e-05 -1.3942e-05 -1.2934e-05 -1.3831e-05 -1.3193e-05 4 26 1 2 3 23 6 9 17 10 12 27 17 22 18 24 29 24 26 27
-1.3198e-05 -1.3312e-05 -1.1913e-05 -1.3018e-05 -1.0655e-05 -9.8642e-06 -1.251e-05 -1.3922e-05 -1.3751e-05 -1.2292e-05 -1.005e-05 -1.3326e-05 -9.9094e-06 -1.3247e-05 -1.2592e-05 -1.3605e-05 -1.3863e-05 -1.3335e-05 -1.0227e-05 -1.3103e-05 4 26 2 2 11 23 18 9 17 12 13 13 15 15 18 24 21 23 28 28
-1.002e-05 -1.3625e-05 -1.3705e-05 -1.3249e-05 -1.271e-05 -1.398e-05 -1.3426e-05 -1.0322e-05 -1.3867e-05 -1.2609e-05 -1.3734e-05 -1.3275e-05 -1.2936e-05 -1.3671e-05 -1.2039e-05 -1.0489e-05 -1.0703e-05 -1.1965e-05 -1.3024e-05 -1.3688e-05 14 0 5 8 11 6 7 7 17 12 13 14 19 22 20 21 21 25 25 29
-1.3895e-05 -1.0548e-05 -1.3142e-05 -1.2575e-05 -1.2569e-05 -1.2686e-05 -1.3337e-05 -1.3918e-05 -1.2623e-05 -1.238e-05 -1.2365e-05 -1.2813e-05 -1.3356e-05 -1.3309e-05 -9.2882e-06 -1.3486e-05 -1.0193e-05 -1.2211e-05 -1.3341e-05 -1.3335e-05 14 26 1 2 3 23 6 9 10 10 13 13 17 22 20 20 22 23 26 29
-1.2269e-05 -1.3215e-05 -1.3724e-05 -1.3519e-05 -1.0217e-05 -1.2732e-05 -1.3151e-05 -1.265e-05 -1.2557e-05 -1.3263e-05 -1.3753e-05 -1.2684e-05 -1.3888e-05 -1.2758e-05 -1.0517e-05 -1.3323e-05 -1.2334e-05 -1.229e-05 -1.0404e-05 -1.3367e-05 14 26 5 2 11 23 18 9 9 11 12 27 15 22 20 20 21 23 26 28
-1.339e-05 -1.0439e-05 -1.3164e-05 -1.3963e-05 -1.2586e-05 -1.3002e-05 -1.1032e-05 -1.3915e-05 -1.3521e-05 -1.2433e-05 -1.3457e-05 -1.0131e-05 -1.3407e-05 -9.8809e-06 -1.1663e-05 -1.0423e-05 -1.3521e-05 -1.3344e-05 -1.3349e-05 -1.3814e-05 14 26 1 2 11 23 6 7 17 11 12 27 17 15 18 24 22 24 26 29
-1.3446e-05 -1.0375e-05 -1.3227e-05 -1.3605e-05 -1.0174e-05 -1.2533e-05 -1.3281e-05 -1.0031e-05 -1.2307e-05 -1.3334e-05 -1.2749e-05 -1.2726e-05 -1.274e-05 -1.3817e-05 -1.3749e-05 -1.2382e-05 -1.2728e-05 -1.2779e-05 -1.3286e-05 -1.3787e-05 4 1 1 8 11 23 18 7 17 11 12 13 17 15 18 21 21 23 26 29
-1.3311e-05 -1.221e-05 -9.8847e-06 -1.3383e-05 -1.0163e-05 -1.3425e-05 -1.3765e-05 -1.291e-05 -1.266e-05 -1.2764e-05 -1.2495e-05 -1.38e-05 -1.3964e-05 -1.3115e-05 -1.3734e-05 -1.3775e-05 -1.0217e-05 -1.3091e-05 -1.0764e-05 -1.3719e-05 4 26 5 3 4 5 6 9 9 12 12 27 17 22 20 21 22 25 26 29
-1.3236e-05 -1.2337e-05 -1.2724e-05 -1.3274e-05 -1.0472e-05 -1.3908e-05 -1.2501e-05 -1.2781e-05 -9.9831e-06 -1.362e-05 -1.2214e-05 -1.2778e-05 -1.333e-05 -1.2817e-05 -1.3739e-05 -1.3273e-05 -1.2647e-05 -1.0319e-05 -1.3344e-05 -1.3817e-05 4 26 1 2 3 5 18 7 17 10 13 13 17 22 19 24 22 25 25 27
-1.0902e-05 -1.317e-05 -1.2791e-05 -1.0189e-05 -1.3461e-05 -1.2633e-05 -1.3843e-05 -1.325e-05 -1.2621e-05 -1.385e-05 -1.3179e-05 -1.0622e-05 -1.2737e-05 -1.3259e-05 -1.225e-05 -1.2743e-05 -1.0435e-05 -1.3888e-05 -1.3706e-05 -1.3272e-05 0 0 5 8 3 5 7 8 17 12 13 13 17 22 20 20 29 24 26 29
-1.1444e-05 -1.3537e-05 -9.8541e-06 -1.3886e-05 -1.3005e-05 -1.3197e-05 -1.2416e-05 -1.2763e-05 -1.3809e-05 -1.3043e-05 -1.1777e-05 -1.0254e-05 -1.2803e-05 -1.3819e-05 -1.1911e-05 -9.8631e-06 -1.327e-05 -1.3773e-05 -1.2619e-05 -1.2968e-05 4 1 5 8 4 5 7 7 17 12 12 27 19 22 20 21 21 24 28 28
-1.3491e-05 -1.3844e-05 -9.9859e-06 -1.3398e-05 -1.0125e-05 -1.342e-05 -1.0036e-05 -1.2237e-05 -1.3824e-05 -1.3335e-05 -1.2649e-05 -1.2796e-05 -1.2824e-05 -1.3867e-05 -1.1761e-05 -1.3839e-05 -1.2599e-05 -1.2622e-05 -1.2357e-05 -1.2404e-05 4 0 5 2 3 5 7 8 17 12 13 13 19 22 20 24 29 25 26 29
-1.3141e-05 -1.3847e-05 -1.3723e-05 -1.2759e-05 -1.2321e-05 -1.2582e-05 -1.2777e-05 -1.2193e-05 -1.3893e-05 -1.2841e-05 -1.3446e-05 -1.0307e-05 -1.0518e-05 -1.3325e-05 -1.3178e-05 -1.3547e-05 -1.2738e-05 -1.0114e-05 -1.3263e-05 -1.2574e-05 14 26 2 8 11 23 6 9 10 11 12 27 17 15 20 24 29 25 26 29
-1.26e-05 -1.2363e-05 -1.2356e-05 -1.3293e-05 -1.3762e-05 -1.2801e-05 -1.3413e-05 -1.0176e-05 -1.272e-05 -1.2643e-05 -1.3319e-05 -1.3779e-05 -1.3331e-05 -1.03e-05 -1.329e-05 -1.031e-05 -1.3328e-05 -1.3884e-05 -1.2642e-05 -1.2686e-05 0 0 5 8 3 5 7 8 17 10 16 14 15 15 20 20 21 23 28 29
-1.3247e-05 -1.0409e-05 -1.325e-05 -1.2665e-05 -1.2477e-05 -1.3409e-05 -1.0766e-05 -1.3977e-05 -1.3973e-05 -1.3251e-05 -1.0441e-05 -1.3098e-05 -1.3927e-05 -1.3153e-05 -1.1387e-05 -1.0765e-05 -1.3793e-05 -1.3079e-05 -1.3786e-05 -1.0256e-05 0 0 1 3 3 6 6 8 17 12 16 27 17 15 20 20 29 23 28 27
-1.2338e-05 -1.2698e-05 -1.3304e-05 -1.3777e-05 -1.3439e-05 -1.0212e-05 -1.2832e-05 -1.2397e-05 -1.0581e-05 -1.0587e-05 -1.2516e-05 -1.2677e-05 -1.3488e-05 -1.2834e-05 -1.2304e-05 -1.2806e-05 -1.37e-05 -1.3392e-05 -1.2668e-05 -1.3874e-05 14 26 5 2 11 5 7 7 10 10 16 27 17 15 20 20 21 23 26 27
-1.3569e-05 -9.649e-06 -1.2363e-05 -1.2461e-05 -1.3229e-05 -1.3868e-05 -1.3151e-05 -1.0077e-05 -1.3658e-05 -1.0608e-05 -1.3186e-05 -1.2465e-05 -1.2704e-05 -1.3527e-05 -1.2688e-05 -1.3282e-05 -1.0094e-05 -1.365e-05 -1.3399e-05 -1.21e-05 0 26 5 2 11 5 7 7 9 11 12 27 19 22 20 21 21 24 26 27
-1.3213e-05 -1.2714e-05 -1.2672e-05 -1.358e-05 -1.0147e-05 -1.2987e-05 -1.0456e-05 -1.3735e-05 -1.2802e-05 -1.2311e-05 -1.3685e-05 -1.3899e-05 -1.3941e-05 -1.3965e-05 -1.3528e-05 -1.0953e-05 -1.1252e-05 -1.0554e-05 -1.3393e-05 -1.3127e-05 4 26 1 2 3 23 6 7 17 10 16 14 17 15 18 24 29 24 25 29
-1.2557e-05 -1.2656e-05 -1.3342e-05 -1.3892e-05 -1.2604e-05 -1.0172e-05 -1.3355e-05 -1.0322e-05 -1.3286e-05 -1.3183e-05 -1.0504e-05 -1.3895e-05 -1.2791e-05 -1.3332e-05 -1.2604e-05 -1.379e-05 -1.2349e-05 -1.3385e-05 -1.2708e-05 -1.2435e-05 4 26 5 2 3 5 7 7 9 12 16 27 19 15 20 21 29 23 26 29
-1.3202e-05 -1.1038e-05 -1.0559e-05 -1.319e-05 -1.3828e-05 -1.3328e-05 -1.0349e-05 -1.3889e-05 -1.3061e-05 -1.1242e-05 -1.052e-05 -1.3759e-05 -1.3734e-05 -1.333e-05 -1.3288e-05 -1.2375e-05 -1.2292e-05 -1.2593e-05 -1.3778e-05 -1.2846e-05 4 0 5 2 3 6 6 8 17 10 16 27 15 16 18 24 29 23 26 29
-1.0646e-05 -1.2466e-05 -1.3628e-05 -1.3658e-05 -1.0297e-05 -1.0152e-05 -1.3929e-05 -1.3617e-05 -1.101e-05 -1.2862e-05 -1.3803e-05 -1.345e-05 -1.0334e-05 -1.3429e-05 -1.3699e-05 -1.3871e-05 -1.2521e-05 -1.3159e-05 -1.2782e-05 -1.2826e-05 4 26 5 2 3 23 6 9 17 10 16 14 17 15 18 24 29 23 26 29
-1.3315e-05 -1.3264e-05 -1.0424e-05 -1.3288e-05 -1.2623e-05 -1.2656e-05 -1.3857e-05 -1.3346e-05 -1.0267e-05 -1.263e-05 -1.3326e-05 -1.0344e-05 -1.3255e-05 -1.368e-05 -1.2641e-05 -1.2634e-05 -1.3882e-05 -1.2334e-05 -1.2309e-05 -1.2797e-05 14 1 2 2 11 23 6 9 17 12 13 13 17 15 20 20 29 23 28 28
-1.0365e-05 -1.1188e-05 -1.3174e-05 -1.3802e-05 -1.3262e-05 -1.2289e-05 -1.2381e-05 -1.2604e-05 -1.3881e-05 -1.0566e-05 -1.3153e-05 -1.3245e-05 -1.3074e-05 -1.2672e-05 -1.0346e-05 -1.3423e-05 -1.2597e-05 -1.2873e-05 -1.3721e-05 -1.3874e-05 14 26 1 2 11 23 7 7 9 11 12 27 19 22 20 20 22 23 25 27
-1.3376e-05 -1.0512e-05 -1.1182e-05 -1.3181e-05 -1.3822e-05 -1.3875e-05 -1.2334e-05 -1.3272e-05 -1.0625e-05 -1.3102e-05 -1.3325e-05 -1.0378e-05 -1.3892e-05 -1.2471e-05 -1.2468e-05 -1.24e-05 -1.2703e-05 -1.2593e-05 -1.3771e-05 -1.3247e-05 4 0 5 2 3 6 18 9 9 10 12 13 19 22 18 24 21 23 26 27
-1.3848e-05 -1.3586e-05 -1.2592e-05 -1.0262e-05 -1.3148e-05 -1.2833e-05 -1.3423e-05 -1.3459e-05 -1.3826e-05 -1.3971e-05 -1.0805e-05 -1.0801e-05 -1.3258e-05 -1.3092e-05 -1.0307e-05 -1.2753e-05 -1.3869e-05 -1.2401e-05 -1.0233e-05 -1.2016e-05 0 26 5 3 3 5 18 8 17 12 16 27 19 15 20 24 21 23 28 29
-1.328e-05 -1.3691e-05 -1.3871e-05 -1.2528e-05 -1.3727e-05 -1.2833e-05 -1.2213e-05 -1.2795e-05 -1.2261e-05 -1.2804e-05 -1.3366e-05 -1.0429e-05 -1.3254e-05 -1.0253e-05 -1.3854e-05 -1.317e-05 -1.3062e-05 -1.0531e-05 -1.3328e-05 -1.1228e-05 14 0 5 8 11 23 6 9 10 10 16 27 17 15 20 24 29 25 26 29
-1.3881e-05 -1.2534e-05 -1.3278e-05 -1.2854e-05 -1.3706e-05 -1.0409e-05 -1.3233e-05 -1.2269e-05 -1.3252e-05 -1.0777e-05 -1.0778e-05 -1.3258e-05 -1.3856e-05 -1.3701e-05 -1.3234e-05 -1.0288e-05 -1.2895e-05 -1.3388e-05 -1.2683e-05 -1.2251e-05 14 26 5 8 3 6 6 8 17 10 12 13 17 22 20 20 29 23 26 29
-1.3916e-05 -1.2599e-05 -1.3868e-05 -1.1856e-05 -1.0747e-05 -1.2557e-05 -1.3819e-05 -1.0313e-05 -1.3344e-05 -1.3064e-05 -1.2837e-05 -1.251e-05 -1.34e-05 -1.0219e-05 -1.2753e-05 -1.2344e-05 -1.3258e-05 -1.2408e-05 -1.2369e-05 -1.385e-05 0 26 5 3 3 23 18 9 9 12 13 13 17 22 20 20 22 23 26 29
-1.3839e-05 -1.2648e-05 -1.3826e-05 -1.2507e-05 -1.2884e-05 -1.3205e-05 -1.0723e-05 -1.053e-05 -1.3575e-05 -1.2657e-05 -1.2623e-05 -1.234e-05 -1.0347e-05 -1.3284e-05 -1.32e-05 -1.2544e-05 -1.3813e-05 -1.284e-05 -1.237e-05 -1.2391e-05 14 26 1 2 3 23 18 7 9 12 12 27 19 15 19 24 29 24 26 27
-1.2351e-05 -1.3744e-05 -1.2741e-05 -1.2668e-05 -1.2305e-05 -1.3598e-05 -1.0151e-05 -1.3185e-05 -1.3825e-05 -1.3731e-05 -1.3164e-05 -1.1222e-05 -1.3303e-05 -1.0063e-05 -1.2646e-05 -1.2749e-05 -1.3548e-05 -1.3731e-05 -1.3326e-05 -1.0488e-05 4 0 2 2 4 23 18 7 17 11 12 13 17 15 20 20 22 25 28 29
-1.3717e-05 -1.2431e-05 -1.2302e-05 -1.3289e-05 -9.5046e-06 -1.3893e-05 -1.2293e-05 -9.7607e-06 -1.3322e-05 -1.2868e-05 -1.3917e-05 -1.3235e-05 -1.3767e-05 -1.3913e-05 -1.0947e-05 -1.3233e-05 -1.3351e-05 -1.2642e-05 -1.2607e-05 -1.0328e-05 0 1 1 3 3 5 18 9 9 10 12 27 17 15 20 20 29 25 26 27
-1.3226e-05 -1.2799e-05 -1.228e-05 -1.3235e-05 -1.0477e-05 -1.3257e-05 -1.0369e-05 -1.3326e-05 -1.0076e-05 -1.3525e-05 -1.2701e-05 -1.2389e-05 -1.3323e-05 -1.2525e-05 -1.3901e-05 -1.2596e-05 -1.3868e-05 -1.2883e-05 -1.3795e-05 -1.2654e-05 4 1 1 3 3 6 7 7 17 10 16 27 17 16 20 24 29 23 26 27
-1.3409e-05 -1.3718e-05 -1.3494e-05 -1.3267e-05 -1.2776e-05 -1.008e-05 -1.3384e-05 -1.0225e-05 -1.3389e-05 -1.2706e-05 -1.3526e-05 -9.9463e-06 -1.3721e-05 -1.381e-05 -1.3891e-05 -1.3321e-05 -1.0295e-05 -1.2715e-05 -1.2589e-05 -1.3375e-05 14 0 5 8 11 23 6 9 9 11 12 27 19 15 18 20 21 25 26 29
-1.0175e-05 -1.2855e-05 -1.2173e-05 -1.3362e-05 -1.332e-05 -1.2767e-05 -1.3876e-05 -1.0233e-05 -1.3359e-05 -1.2634e-05 -1.2793e-05 -1.3137e-05 -1.0578e-05 -1.295e-05 -1.3141e-05 -1.3314e-05 -9.6292e-06 -1.2328e-05 -1.3573e-05 -1.3685e-05 14 1 1 8 3 23 6 9 9 12 12 14 19 15 20 21 21 23 26 29
-1.2261e-05 -1.3436e-05 -1.2793e-05 -1.3681e-05 -1.2805e-05 -1.2585e-05 -1.2831e-05 -1.3902e-05 -1.2643e-05 -1.2761e-05 -1.0055e-05 -1.3635e-05 -1.3874e-05 -1.3247e-05 -1.2267e-05 -1.3372e-05 -1.2824e-05 -1.0596e-05 -1.0594e-05 -1.2555e-05 4 26 5 3 4 5 18 7 10 10 16 13 17 15 18 24 29 25 25 29
-1.2404e-05 -1.2319e-05 -1.3873e-05 -1.2356e-05 -1.2449e-05 -1.2472e-05 -1.2909e-05 -1.3302e-05 -1.071e-05 -1.3864e-05 -1.32e-05 -1.2646e-05 -1.2811e-05 -9.8462e-06 -1.3169e-05 -1.0576e-05 -1.2798e-05 -1.3916e-05 -1.265e-05 -1.3841e-05 14 26 5 2 3 6 6 9 9 11 16 14 17 16 20 21 21 25 26 27
-1.3232e-05 -9.1434e-06 -1.3553e-05 -1.2222e-05 -1.2655e-05 -1.2635e-05 -1.3795e-05 -1.3261e-05 -1.0571e-05 -1.3134e-05 -1.3789e-05 -1.2859e-05 -1.3801e-05 -9.9941e-06 -1.2724e-05 -1.2401e-05 -1.2995e-05 -1.2201e-05 -1.36e-05 -1.0996e-05 4 26 5 3 3 23 18 9 9 10 16 27 17 22 20 20 22 23 26 29
-1.2792e-05 -1.2601e-05 -1.3351e-05 -1.032e-05 -1.3288e-05 -1.0167e-05 -1.3342e-05 -1.389e-05 -1.2598e-05 -1.3186e-05 -1.0501e-05 -1.3329e-05 -1.2566e-05 -1.3895e-05 -1.2661e-05 -1.2706e-05 -1.2439e-05 -1.3391e-05 -1.3789e-05 -1.2342e-05 4 0 5 2 3 6 6 7 17 12 12 13 17 22 20 20 29 23 28 29
-1.2408e-05 -1.3909e-05 -1.2485e-05 -1.3824e-05 -1.2622e-05 -1.2886e-05 -1.2179e-05 -1.2801e-05 -1.3107e-05 -1.2616e-05 -1.3868e-05 -1.24e-05 -1.0705e-05 -1.2746e-05 -1.3871e-05 -1.3371e-05 -9.7362e-06 -1.3098e-05 -1.0654e-05 -1.2984e-05 14 0 5 8 11 5 18 7 17 11 12 27 17 15 20 21 21 25 28 28
-1.2385e-05 -1.3849e-05 -1.3268e-05 -1.2047e-05 -1.2855e-05 -1.0586e-05 -1.2949e-05 -9.962e-06 -1.3209e-05 -1.3802e-05 -1.375e-05 -1.2342e-05 -1.0101e-05 -1.1288e-05 -1.3372e-05 -1.3909e-05 -1.0865e-05 -1.2873e-05 -1.2297e-05 -1.3376e-05 14 0 5 3 3 23 6 9 9 10 12 27 17 15 20 24 29 25 26 29
-1.3896e-05 -1.2855e-05 -1.2251e-05 -1.2617e-05 -1.2525e-05 -1.2835e-05 -1.3236e-05 -1.0789e-05 -1.072e-05 -1.3273e-05 -1.3307e-05 -1.0287e-05 -1.2744e-05 -1.2598e-05 -1.2345e-05 -1.2697e-05 -1.3828e-05 -1.3755e-05 -1.2322e-05 -1.3332e-05 0 26 5 3 3 5 18 9 9 10 12 27 17 15 20 20 21 23 26 27
-1.3801e-05 -1.2233e-05 -1.2396e-05 -1.2544e-05 -1.3763e-05 -1.24e-05 -1.2737e-05 -1.3829e-05 -1.0416e-05 -1.1743e-05 -1.0649e-05 -1.3304e-05 -1.334e-05 -1.3188e-05 -1.374e-05 -1.3303e-05 -1.0538e-05 -1.3709e-05 -1.2732e-05 -1.0932e-05 14 26 5 2 3 6 6 7 17 12 12 27 17 16 20 21 21 25 26 27
-1.2871e-05 -1.3656e-05 -1.3756e-05 -1.3754e-05 -1.3746e-05 -1.3315e-05 -9.8685e-06 -1.3569e-05 -1.1444e-05 -1.0361e-05 -1.3369e-05 -1.2269e-05 -1.3149e-05 -1.3805e-05 -1.3406e-05 -1.0223e-05 -1.3327e-05 -1.3801e-05 -1.0327e-05 -1.3043e-05 14 26 5 8 3 23 6 7 17 12 12 14 17 15 20 20 21 25 28 29
-1.2685e-05 -1.269e-05 -1.357e-05 -1.3702e-05 -1.2619e-05 -9.9315e-06 -1.2902e-05 -1.3832e-05 -1.3236e-05 -1.0479e-05 -1.1736e-05 -1.057e-05 -1.3913e-05 -1.2867e-05 -1.2237e-05 -1.3839e-05 -1.224e-05 -1.3356e-05 -1.2848e-05 -1.3333e-05 4 26 5 2 3 23 18 7 10 12 13 13 17 22 18 24 22 23 26 27
-1.2673e-05 -1.2689e-05 -1.3194e-05 -1.2353e-05 -1.375e-05 -1.1327e-05 -1.3859e-05 -1.2422e-05 -1.27e-05 -1.3816e-05 -1.2675e-05 -1.2275e-05 -1.2668e-05 -1.3787e-05 -1.314e-05 -1.0691e-05 -1.3267e-05 -1.1245e-05 -1.364e-05 -1.0019e-05 0 0 5 8 3 5 7 8 17 12 13 13 17 22 20 20 29 23 28 29
-1.3387e-05 -1.3825e-05 -1.3727e-05 -1.1976e-05 -1.0073e-05 -1.2822e-05 -1.2194e-05 -1.0383e-05 -1.3591e-05 -1.3676e-05 -1.2896e-05 -1.2198e-05 -1.2705e-05 -1.2697e-05 -1.2858e-05 -1.3739e-05 -1.3673e-05 -1.2293e-05 -1.318e-05 -1.0109e-05 4 0 5 8 3 23 18 9 9 12 13 13 15 15 18 20 29 23 28 28
-1.3906e-05 -1.0373e-05 -1.3312e-05 -1.3205e-05 -1.2783e-05 -1.0326e-05 -1.3285e-05 -1.0419e-05 -1.3324e-05 -1.228e-05 -1.3875e-05 -1.2573e-05 -1.2361e-05 -1.2758e-05 -1.3725e-05 -1.3179e-05 -1.3803e-05 -1.118e-05 -1.3265e-05 -1.2891e-05 4 1 1 8 11 6 6 9 9 11 16 27 15 15 18 24 21 23 26 27
-1.2125e-05 -1.2386e-05 -1.2685e-05 -1.3425e-05 -1.0634e-05 -1.3882e-05 -1.2169e-05 -1.2862e-05 -1.2507e-05 -1.0715e-05 -1.3347e-05 -1.2814e-05 -1.3844e-05 -1.2609e-05 -1.281e-05 -1.3131e-05 -1.2663e-05 -1.0589e-05 -1.3298e-05 -1.3797e-05 14 26 1 2 11 5 18 9 9 11 12 27 19 22 18 24 22 25 25 27
-1.0186e-05 -1.2559e-05 -1.3411e-05 -1.3782e-05 -1.3217e-05 -1.0295e-05 -1.3818e-05 -1.2936e-05 -1.2512e-05 -1.3971e-05 -1.3784e-05 -1.3532e-05 -1.0743e-05 -1.1269e-05 -1.0608e-05 -1.3625e-05 -1.3181e-05 -1.3248e-05 -1.2798e-05 -1.3791e-05 4 26 5 2 3 5 18 9 9 12 12 14 19 22 19 20 21 23 26 29
-1.3728e-05 -1.3403e-05 -1.3119e-05 -1.0543e-05 -1.3131e-05 -1.2781e-05 -1.2616e-05 -1.3814e-05 -1.0395e-05 -1.0783e-05 -1.1514e-05 -1.3973e-05 -1.3881e-05 -1.3191e-05 -1.3713e-05 -1.3894e-05 -1.2226e-05 -1.3321e-05 -1.0182e-05 -1.2768e-05 14 26 2 3 3 23 6 9 17 10 16 27 17 16 20 24 29 25 26 29
-1.2642e-05 -1.3846e-05 -1.263e-05 -1.2378e-05 -1.2881e-05 -1.3532e-05 -1.0081e-05 -1.2339e-05 -1.2669e-05 -1.3784e-05 -1.3752e-05 -1.3884e-05 -1.374e-05 -1.3198e-05 -1.3325e-05 -1.1985e-05 -1.0403e-05 -1.1344e-05 -1.0471e-05 -1.3443e-05 4 1 2 2 4 23 18 9 9 10 13 27 19 22 18 24 21 24 28 28
-1.2663e-05 -1.3808e-05 -1.3294e-05 -1.3374e-05 -1.0359e-05 -1.1412e-05 -1.3945e-05 -1.3764e-05 -1.0308e-05 -1.1773e-05 -1.3864e-05 -1.2678e-05 -1.2104e-05 -1.2884e-05 -1.3662e-05 -1.3402e-05 -1.3738e-05 -1.03e-05 -1.2835e-05 -1.2291e-05 14 26 5 2 11 5 7 9 10 10 16 27 17 15 18 24 21 24 28 28
-1.3901e-05 -1.0168e-05 -1.3318e-05 -1.3769e-05 -1.2455e-05 -1.2953e-05 -1.0568e-05 -1.3247e-05 -1.3879e-05 -1.2327e-05 -1.2515e-05 -1.257e-05 -1.3131e-05 -1.3228e-05 -1.1151e-05 -1.3462e-05 -1.036e-05 -1.2451e-05 -1.34e-05 -1.3873e-05 14 26 1 2 11 23 18 7 17 11 12 13 19 22 19 20 21 23 26 29
-1.3014e-05 -1.2617e-05 -1.3732e-05 -1.252e-05 -1.3521e-05 -1.3342e-05 -1.0074e-05 -1.2766e-05 -1.3296e-05 -1.0135e-05 -1.3515e-05 -9.2984e-06 -1.3731e-05 -1.2232e-05 -1.3489e-05 -1.2728e-05 -1.2406e-05 -1.2671e-05 -1.2187e-05 -1.3671e-05 0 26 5 8 11 23 6 9 10 10 13 13 17 22 18 24 22 24 26 29
-1.265e-05 -1.3541e-05 -9.9193e-06 -1.3397e-05 -1.2844e-05 -1.3474e-05 -9.9566e-06 -1.3909e-05 -1.2694e-05 -1.3466e-05 -1.0186e-05 -1.3257e-05 -1.2713e-05 -1.3382e-05 -1.3452e-05 -1.3803e-05 -1.0312e-05 -1.3726e-05 -1.3758e-05 -1.3288e-05 4 26 5 2 3 6 6 8 17 12 13 13 17 22 18 20 22 23 26 29
-1.3229e-05 -1.3601e-05 -1.0035e-05 -1.3281e-05 -1.2536e-05 -1.2306e-05 -1.2742e-05 -1.3751e-05 -1.2384e-05 -1.2775e-05 -1.3286e-05 -1.0375e-05 -1.2725e-05 -1.3787e-05 -1.3817e-05 -1.2751e-05 -1.272e-05 -1.3336e-05 -1.0171e-05 -1.3448e-05 14 1 2 2 11 23 6 9 17 12 13 14 17 15 18 20 21 25 26 29
-1.3705e-05 -1.2977e-05 -1.342e-05 -1.0231e-05 -1.3358e-05 -1.0597e-05 -1.3e-05 -1.1642e-05 -1.2387e-05 -1.3708e-05 -1.3161e-05 -1.3858e-05 -1.2398e-05 -1.077e-05 -1.3875e-05 -1.3743e-05 -1.0979e-05 -1.0249e-05 -1.221e-05 -1.3373e-05 4 26 5 3 3 23 7 7 17 10 16 27 17 16 20 24 29 23 26 29
-1.2257e-05 -1.2757e-05 -1.2376e-05 -1.3747e-05 -1.2827e-05 -1.2269e-05 -1.0533e-05 -1.3406e-05 -1.3282e-05 -1.3337e-05 -1.0273e-05 -1.2807e-05 -1.0391e-05 -1.3256e-05 -1.1752e-05 -1.3738e-05 -1.3851e-05 -1.2642e-05 -1.3766e-05 -1.254e-05 4 1 1 3 4 23 18 7 17 12 16 27 17 16 18 24 22 23 26 27
-1.2706e-05 -1.2592e-05 -1.3849e-05 -1.324e-05 -1.0292e-05 -1.3737e-05 -1.278e-05 -1.263e-05 -1.3844e-05 -1.334e-05 -1.3256e-05 -1.3301e-05 -1.2704e-05 -1.0246e-05 -1.2329e-05 -1.2277e-05 -1.3428e-05 -1.2732e-05 -1.3244e-05 -1.0445e-05 0 0 2 3 3 23 7 7 17 12 16 27 19 15 20 24 21 23 28 27
-1.3786e-05 -1.3965e-05 -1.1129e-05 -1.3223e-05 -1.3335e-05 -1.0885e-05 -1.0557e-05 -1.3783e-05 -1.3508e-05 -1.0587e-05 -1.1827e-05 -1.329e-05 -1.3353e-05 -1.0168e-05 -1.3436e-05 -1.3779e-05 -1.3307e-05 -1.2192e-05 -1.2959e-05 -1.0286e-05 0 26 5 2 11 6 6 7 17 12 12 27 15 15 18 21 29 25 25 29
-1.017e-05 -1.2764e-05 -1.2745e-05 -1.2688e-05 -1.3597e-05 -1.3531e-05 -1.3653e-05 -1.2578e-05 -1.3359e-05 -1.0307e-05 -1.32e-05 -1.3189e-05 -1.3763e-05 -1.322e-05 -1.3979e-05 -1.3346e-05 -1.0366e-05 -9.9325e-06 -1.3403e-05 -1.3832e-05 14 26 1 8 4 23 6 8 17 12 12 27 19 22 20 21 21 25 25 28
-1.3587e-05 -1.0048e-05 -1.3254e-05 -1.2684e-05 -1.2842e-05 -1.383e-05 -1.3732e-05 -1.3975e-05 -1.3227e-05 -1.3799e-05 -1.3227e-05 -1.1184e-05 -1.0177e-05 -1.2464e-05 -1.3511e-05 -1.2283e-05 -1.2837e-05 -1.2814e-05 -1.3334e-05 -1.0463e-05 4 26 1 2 3 23 7 9 17 12 12 13 17 22 20 24 21 23 28 27
-1.3424e-05 -1.0191e-05 -1.3178e-05 -1.2263e-05 -1.2812e-05 -1.1204e-05 -1.1505e-05 -1.2735e-05 -1.3841e-05 -1.2622e-05 -1.3782e-05 -1.271e-05 -1.3739e-05 -1.2638e-05 -1.0467e-05 -1.3209e-05 -1.2315e-05 -1.3858e-05 -1.3298e-05 -1.2352e-05 4 26 5 8 11 5 6 8 9 12 13 27 17 22 20 20 22 25 26 27
-1.3195e-05 -1.1228e-05 -1.1714e-05 -1.3899e-05 -1.2585e-05 -1.0411e-05 -1.342e-05 -1.2334e-05 -1.2477e-05 -1.2591e-05 -1.3858e-05 -1.3374e-05 -1.3915e-05 -1.1896e-05 -9.565e-06 -1.3203e-05 -1.2705e-05 -1.3141e-05 -1.3502e-05 -1.0023e-05 0 0 1 8 11 23 18 9 9 11 12 27 17 22 18 20 21 23 28 27
-1.3909e-05 -1.3769e-05 -1.3339e-05 -1.2708e-05 -1.3189e-05 -1.0288e-05 -1.3312e-05 -1.2542e-05 -1.3377e-05 -1.0434e-05 -1.2805e-05 -1.3108e-05 -1.3535e-05 -1.2613e-05 -1.0064e-05 -1.3283e-05 -1.3764e-05 -1.3791e-05 -1.3653e-05 -1.0251e-05 14 0 5 8 11 6 6 8 17 12 16 27 19 15 20 20 29 23 28 27
-1.3213e-05 -1.0406e-05 -1.3744e-05 -1.3939e-05 -1.3637e-05 -1.3841e-05 -1.3126e-05 -1.0144e-05 -1.3651e-05 -1.3222e-05 -1.1437e-05 -1.0292e-05 -1.0045e-05 -1.3423e-05 -1.1082e-05 -1.1125e-05 -1.3901e-05 -1.3272e-05 -1.3278e-05 -1.3243e-05 0 0 2 8 11 23 18 7 9 12 12 27 19 15 19 24 29 24 26 27
-1.3868e-05 -1.2559e-05 -1.265e-05 -1.2305e-05 -1.2718e-05 -1.3419e-05 -1.0244e-05 -1.2845e-05 -1.3861e-05 -1.2277e-05 -1.3202e-05 -1.3706e-05 -1.3327e-05 -1.0443e-05 -1.3281e-05 -1.3295e-05 -1.2299e-05 -1.046e-05 -1.3227e-05 -1.2713e-05 4 1 1 8 11 6 18 9 9 11 16 27 15 16 18 24 29 23 26 29
-1.3739e-05 -1.382e-05 -1.3487e-05 -1.0595e-05 -1.1349e-05 -1.047e-05 -1.1401e-05 -1.1785e-05 -1.2373e-05 -1.3238e-05 -1.3349e-05 -9.7224e-06 -1.2637e-05 -1.3721e-05 -1.3836e-05 -1.2679e-05 -1.2438e-05 -1.3872e-05 -1.2665e-05 -1.2533e-05 14 26 5 8 11 5 18 7 17 11 12 13 17 15 19 20 21 23 28 29
-1.3779e-05 -1.3201e-05 -1.28e-05 -1.0436e-05 -1.3226e-05 -1.2612e-05 -1.3321e-05 -1.3361e-05 -1.2619e-05 -1.244e-05 -9.7969e-06 -1.3708e-05 -1.3897e-05 -1.3335e-05 -1.0289e-05 -1.3322e-05 -1.2867e-05 -1.3623e-05 -1.0145e-05 -1.2645e-05 4 26 5 2 3 5 18 9 10 10 16 13 17 15 20 20 29 25 26 29
-1.3355e-05 -1.0369e-05 -1.3708e-05 -1.3346e-05 -1.3736e-05 -1.2333e-05 -1.1231e-05 -1.0472e-05 -1.3545e-05 -1.2726e-05 -1.2658e-05 -1.3812e-05 -1.008e-05 -1.3277e-05 -1.3151e-05 -1.3717e-05 -1.3861e-05 -1.2311e-05 -1.1406e-05 -1.3062e-05 4 0 5 8 3 23 18 9 17 12 12 27 15 15 18 24 21 23 28 28
-1.2711e-05 -1.345e-05 -1.286e-05 -1.3002e-05 -1.0659e-05 -1.2745e-05 -1.3938e-05 -1.0001e-05 -1.3674e-05 -1.3253e-05 -1.335e-05 -1.2678e-05 -1.3206e-05 -1.0448e-05 -1.3769e-05 -1.2433e-05 -1.3897e-05 -1.2855e-05 -1.014e-05 -1.3329e-05 14 26 5 8 3 5 7 8 9 12 16 27 17 15 18 24 29 24 28 28
-1.0819e-05 -1.0456e-05 -1.3627e-05 -1.0276e-05 -1.3254e-05 -1.2538e-05 -1.3756e-05 -1.3356e-05 -1.2606e-05 -1.2734e-05 -1.2313e-05 -1.3173e-05 -1.3774e-05 -1.2703e-05 -1.2766e-05 -1.2346e-05 -1.3721e-05 -1.2811e-05 -1.2051e-05 -1.2858e-05 4 0 1 2 3 23 18 9 10 10 16 27 17 15 20 20 29 23 28 28
-1.3106e-05 -1.0688e-05 -1.3323e-05 -1.239e-05 -1.2795e-05 -9.9298e-06 -1.3493e-05 -1.3722e-05 -1.0309e-05 -1.303e-05 -1.3846e-05 -1.3515e-05 -1.3751e-05 -1.3689e-05 -1.3707e-05 -1.2295e-05 -1.275e-05 -1.3901e-05 -1.1782e-05 -1.0226e-05 0 26 5 3 3 23 6 9 17 10 12 27 17 22 18 20 21 25 28 29
-1.3409e-05 -1.0185e-05 -1.2823e-05 -1.2548e-05 -1.3343e-05 -1.2343e-05 -1.2784e-05 -1.3822e-05 -1.3304e-05 -1.0279e-05 -1.3637e-05 -1.2702e-05 -1.3178e-05 -1.0172e-05 -1.3751e-05 -1.269e-05 -1.2232e-05 -1.3728e-05 -1.3307e-05 -1.2699e-05 4 26 2 2 11 23 6 7 17 10 16 27 15 15 20 20 21 25 26 27
-1.0633e-05 -1.122e-05 -1.3296e-05 -1.1973e-05 -1.1478e-05 -1.3683e-05 -1.3424e-05 -1.0046e-05 -1.3688e-05 -1.3574e-05 -9.8808e-06 -1.3467e-05 -1.3781e-05 -1.2923e-05 -1.3753e-05 -1.2759e-05 -1.2332e-05 -1.2479e-05 -1.3886e-05 -1.3924e-05 0 1 1 3 3 5 7 7 10 12 13 13 17 22 18 24 22 24 28 27
-1.3723e-05 -1.3749e-05 -1.2639e-05 -1.3822e-05 -1.028e-05 -1.2392e-05 -1.3271e-05 -1.0403e-05 -1.3263e-05 -1.3076e-05 -1.2334e-05 -1.2803e-05 -1.3836e-05 -1.3247e-05 -1.3314e-05 -1.0478e-05 -1.125e-05 -1.2883e-05 -1.2438e-05 -1.3897e-05 4 26 5 3 11 5 18 9 9 12 13 13 17 22 20 21 22 25 25 27
-1.3329e-05 -1.3712e-05 -1.3852e-05 -1.3268e-05 -1.0451e-05 -1.2682e-05 -1.2748e-05 -1.0412e-05 -1.1111e-05 -1.3239e-05 -1.2697e-05 -1.2316e-05 -1.3127e-05 -1.3774e-05 -1.3811e-05 -1.3114e-05 -1.1143e-05 -1.3761e-05 -1.3208e-05 -1.0446e-05 4 26 5 8 4 6 6 8 17 11 12 13 17 15 19 20 21 23 28 29
-1.3245e-05 -1.2203e-05 -1.2751e-05 -1.3492e-05 -1.0184e-05 -1.2702e-05 -1.101e-05 -1.2942e-05 -1.3759e-05 -1.3193e-05 -1.3995e-05 -1.1564e-05 -9.8942e-06 -1.3914e-05 -1.3044e-05 -1.3325e-05 -1.1291e-05 -1.3771e-05 -1.2753e-05 -1.0719e-05 14 26 5 2 11 5 18 7 17 11 12 27 19 15 19 20 21 25 26 27
-1.2442e-05 -1.3865e-05 -1.2586e-05 -1.2675e-05 -1.3091e-05 -1.3324e-05 -1.3572e-05 -9.8661e-06 -1.3234e-05 -1.0613e-05 -1.3319e-05 -1.2371e-05 -1.0875e-05 -1.3049e-05 -1.2975e-05 -1.3362e-05 -1.2462e-05 -1.0306e-05 -1.3742e-05 -1.3976e-05 14 0 5 2 11 23 18 9 9 12 12 27 17 22 19 24 22 24 28 27
-1.3829e-05 -1.3324e-05 -1.2318e-05 -1.3756e-05 -1.2724e-05 -1.2854e-05 -1.2239e-05 -1.2834e-05 -1.3276e-05 -1.2329e-05 -1.2822e-05 -1.2542e-05 -1.0422e-05 -1.3364e-05 -1.3222e-05 -1.3196e-05 -1.0328e-05 -1.3862e-05 -1.0229e-05 -1.3366e-05 4 26 5 8 11 5 7 7 17 12 13 13 19 22 20 21 21 23 26 28
-1.2417e-05 -1.2312e-05 -1.264e-05 -1.3822e-05 -1.2358e-05 -1.3442e-05 -9.4391e-06 -1.3133e-05 -9.6149e-06 -1.274e-05 -1.0795e-05 -1.3889e-05 -1.341e-05 -1.3038e-05 -1.3169e-05 -1.2704e-05 -1.234e-05 -1.3884e-05 -1.2573e-05 -1.2511e-05 4 26 1 2 3 5 18 7 17 12 12 14 17 15 19 20 21 23 28 29
-1.3363e-05 -1.2852e-05 -1.3296e-05 -1.3817e-05 -1.3261e-05 -9.6995e-06 -1.2807e-05 -1.3752e-05 -1.1065e-05 -1.0601e-05 -1.3334e-05 -1.0217e-05 -1.3154e-05 -1.3816e-05 -1.2384e-05 -1.3405e-05 -9.6881e-06 -1.3554e-05 -1.2631e-05 -1.344e-05 14 26 5 3 11 5 18 7 17 12 13 13 17 16 18 20 29 23 26 29
-1.3531e-05 -1.3242e-05 -1.2318e-05 -1.3327e-05 -1.0015e-05 -1.2626e-05 -1.3731e-05 -1.3465e-05 -1.0083e-05 -1.3369e-05 -1.3626e-05 -1.3971e-05 -1.2705e-05 -1.256e-05 -1.3245e-05 -1.0259e-05 -1.3464e-05 -1.3286e-05 -1.0476e-05 -1.3768e-05 4 26 5 3 3 5 6 9 17 10 12 27 15 15 20 20 21 25 25 27
-1.2928e-05 -1.1273e-05 -1.06e-05 -1.3867e-05 -1.2453e-05 -1.3153e-05 -9.9521e-06 -1.3591e-05 -1.2698e-05 -1.3577e-05 -1.0044e-05 -1.3289e-05 -1.2791e-05 -1.2743e-05 -1.3361e-05 -1.3811e-05 -1.2566e-05 -1.3757e-05 -1.3018e-05 -1.3771e-05 4 26 1 8 4 5 18 7 17 12 12 13 17 22 18 20 21 25 26 27
-1.2233e-05 -1.0721e-05 -1.2562e-05 -1.321e-05 -1.3926e-05 -1.2689e-05 -1.344e-05 -1.0247e-05 -1.3102e-05 -1.391e-05 -1.3287e-05 -9.8874e-06 -1.1279e-05 -1.0567e-05 -1.3823e-05 -1.2701e-05 -1.3758e-05 -1.2371e-05 -1.3235e-05 -1.3455e-05 0 0 5 8 3 5 7 8 17 12 16 27 17 15 20 24 29 24 26 27
-1.3742e-05 -1.2788e-05 -1.2284e-05 -1.0302e-05 -1.3499e-05 -1.351e-05 -1.0217e-05 -1.3167e-05 -1.3198e-05 -1.3022e-05 -1.2396e-05 -1.3941e-05 -1.0747e-05 -1.0346e-05 -1.314e-05 -1.2565e-05 -1.3725e-05 -1.2896e-05 -1.363e-05 -1.395e-05 14 1 1 8 3 6 18 9 17 12 12 27 15 15 18 24 21 23 26 29
-1.2795e-05 -1.0031e-05 -1.3326e-05 -1.3868e-05 -1.2564e-05 -1.2674e-05 -1.2752e-05 -1.3718e-05 -1.279e-05 -1.3755e-05 -1.2571e-05 -1.3331e-05 -1.2317e-05 -1.2362e-05 -1.3373e-05 -1.0294e-05 -1.3433e-05 -1.3209e-05 -1.3582e-05 -1.0213e-05 4 26 1 2 3 23 6 9 17 12 16 27 17 15 20 24 29 24 26 27
-1.276e-05 -1.3747e-05 -1.2617e-05 -1.2295e-05 -1.2354e-05 -1.3716e-05 -1.3263e-05 -1.0225e-05 -1.3499e-05 -1.3746e-05 -1.3315e-05 -1.0498e-05 -1.258e-05 -1.3728e-05 -1.2728e-05 -1.0029e-05 -1.3378e-05 -1.3524e-05 -1.3116e-05 -1.1219e-05 4 0 5 2 3 5 7 7 9 12 13 13 19 22 20 21 21 24 28 28
-1.2339e-05 -1.3329e-05 -1.2343e-05 -1.2663e-05 -1.3775e-05 -1.2703e-05 -1.2657e-05 -1.3767e-05 -1.3295e-05 -1.0615e-05 -1.1123e-05 -1.2441e-05 -1.3786e-05 -1.3103e-05 -1.3354e-05 -1.0301e-05 -1.3186e-05 -1.3318e-05 -1.0338e-05 -1.3865e-05 14 26 2 2 4 23 6 9 10 10 16 27 17 15 20 20 21 25 26 27
-1.393e-05 -1.2186e-05 -1.3701e-05 -1.3386e-05 -1.2109e-05 -1.0369e-05 -1.3758e-05 -1.0287e-05 -1.3283e-05 -1.2242e-05 -1.1329e-05 -1.2608e-05 -1.3789e-05 -1.3089e-05 -1.3303e-05 -9.9573e-06 -1.1971e-05 -1.2906e-05 -1.2852e-05 -1.3886e-05 4 26 5 8 11 23 6 9 9 11 12 13 19 22 20 20 22 23 26 29
-9.4052e-06 -1.3426e-05 -1.3792e-05 -1.2645e-05 -1.3896e-05 -1.263e-05 -1.2394e-05 -1.2311e-05 -1.3848e-05 -1.1989e-05 -1.2762e-05 -1.328e-05 -1.2902e-05 -1.2292e-05 -1.3299e-05 -1.0618e-05 -1.171e-05 -1.3218e-05 -1.0284e-05 -1.1861e-05 4 0 5 8 3 23 6 9 17 12 12 27 15 15 20 20 21 25 26 29
-1.3765e-05 -1.2552e-05 -1.3873e-05 -1.3706e-05 -1.2838e-05 -1.3374e-05 -1.1299e-05 -1.0433e-05 -1.3334e-05 -1.2301e-05 -1.2378e-05 -1.2566e-05 -1.3744e-05 -1.3345e-05 -1.3075e-05 -1.359e-05 -1.0309e-05 -9.9929e-06 -1.2808e-05 -1.3317e-05 14 26 5 2 11 23 18 9 9 11 12 13 17 22 18 24 29 23 26 29
-1.2706e-05 -1.0312e-05 -1.322e-05 -1.3843e-05 -1.3238e-05 -1.247e-05 -1.2588e-05 -1.3875e-05 -1.308e-05 -1.0116e-05 -1.3571e-05 -1.268e-05 -1.1321e-05 -1.0454e-05 -1.3344e-05 -1.029e-05 -1.338e-05 -1.3297e-05 -1.3483e-05 -1.3722e-05 14 26 1 2 11 23 6 7 17 11 12 27 17 22 20 24 22 24 26 29
-1.3373e-05 -1.3774e-05 -1.1074e-05 -1.3121e-05 -1.3811e-05 -1.049e-05 -1.3242e-05 -1.3725e-05 -1.0203e-05 -1.1771e-05 -1.1698e-05 -1.0265e-05 -1.3387e-05 -1.3828e-05 -1.374e-05 -1.2424e-05 -1.267e-05 -1.2328e-05 -1.2633e-05 -1.376e-05 14 26 2 2 4 23 6 9 17 12 12 27 17 15 18 20 21 25 26 29
-1.1132e-05 -1.2975e-05 -1.3815e-05 -1.3573e-05 -1.3326e-05 -1.0717e-05 -1.0583e-05 -1.236e-05 -1.2764e-05 -1.0197e-05 -1.3359e-05 -1.0404e-05 -1.2265e-05 -1.2844e-05 -1.3486e-05 -1.313e-05 -1.3747e-05 -1.148e-05 -1.3793e-05 -1.3257e-05 0 0 5 2 11 6 6 9 9 11 12 27 15 15 18 24 21 23 28 27
-1.3145e-05 -1.2439e-05 -1.255e-05 -1.3896e-05 -1.055e-05 -1.2534e-05 -1.3183e-05 -1.2441e-05 -1.2392e-05 -1.3323e-05 -1.2305e-05 -1.2731e-05 -1.3869e-05 -1.3137e-05 -1.1384e-05 -1.1279e-05 -1.0688e-05 -1.3903e-05 -1.2644e-05 -1.3826e-05 4 26 5 8 11 5 18 9 9 11 12 13 17 22 18 20 21 25 26 27
-1.3363e-05 -1.1167e-05 -1.3126e-05 -1.3526e-05 -1.0039e-05 -1.3728e-05 -1.279e-05 -1.3729e-05 -1.2628e-05 -1.272e-05 -1.3364e-05 -1.3735e-05 -1.325e-05 -1.0384e-05 -1.2323e-05 -1.2211e-05 -1.3907e-05 -1.2701e-05 -1.0591e-05 -1.328e-05 4 26 1 2 3 23 18 7 17 10 16 14 15 16 18 24 29 23 28 29
-1.3102e-05 -1.3686e-05 -1.022e-05 -1.2139e-05 -1.3658e-05 -1.3118e-05 -1.368e-05 -1.3117e-05 -1.2692e-05 -9.7915e-06 -1.3163e-05 -9.6298e-06 -1.2748e-05 -1.3889e-05 -1.3682e-05 -9.7477e-06 -1.3234e-05 -1.327e-05 -1.087e-05 -1.2394e-05 14 1 5 8 11 5 7 8 17 12 12 14 17 15 20 20 21 25 26 29
-1.2522e-05 -1.373e-05 -1.2835e-05 -1.2281e-05 -1.2778e-05 -1.078e-05 -1.3339e-05 -1.3714e-05 -1.3501e-05 -1.0106e-05 -1.3316e-05 -1.3867e-05 -1.326e-05 -1.2668e-05 -1.0284e-05 -1.3357e-05 -1.2746e-05 -1.0664e-05 -1.3296e-05 -1.3718e-05 4 1 2 2 4 23 6 7 17 12 12 13 19 22 20 20 22 25 26 29
-1.27e-05 -1.2267e-05 -1.0694e-05 -1.3314e-05 -1.2609e-05 -1.0688e-05 -1.2251e-05 -1.2709e-05 -1.3841e-05 -1.3201e-05 -1.0482e-05 -1.3239e-05 -1.372e-05 -1.2779e-05 -1.2673e-05 -1.2737e-05 -1.2209e-05 -1.3319e-05 -1.272e-05 -1.3838e-05 4 26 5 2 4 5 18 7 9 12 12 13 17 22 20 20 22 23 26 29
-1.0631e-05 -1.3066e-05 -1.2859e-05 -1.2136e-05 -1.3905e-05 -1.3723e-05 -1.2518e-05 -1.2791e-05 -1.2401e-05 -1.2717e-05 -1.3774e-05 -1.3338e-05 -1.3427e-05 -1.3265e-05 -1.0219e-05 -1.3259e-05 -1.0802e-05 -1.3847e-05 -1.3082e-05 -1.084e-05 14 0 5 2 11 5 7 7 10 10 16 27 19 22 20 20 21 24 28 28
-1.2665e-05 -1.2602e-05 -1.2398e-05 -1.3267e-05 -1.0463e-05 -1.2326e-05 -1.3801e-05 -1.3978e-05 -1.3402e-05 -1.1774e-05 -1.0482e-05 -1.26e-05 -1.0301e-05 -1.3442e-05 -1.3248e-05 -1.38e-05 -1.2742e-05 -1.2574e-05 -1.3841e-05 -1.2788e-05 14 1 1 3 11 23 18 9 17 12 12 14 17 15 19 24 29 23 26 29
-1.2185e-05 -1.3739e-05 -1.3556e-05 -1.2424e-05 -1.2156e-05 -1.0197e-05 -1.3229e-05 -1.2624e-05 -1.3531e-05 -1.3716e-05 -9.5972e-06 -1.2822e-05 -1.3099e-05 -1.3322e-05 -1.0375e-05 -1.3397e-05 -1.3482e-05 -1.2717e-05 -1.268e-05 -1.0356e-05 4 0 5 8 3 23 6 9 9 12 16 27 19 15 20 20 29 25 26 27
-1.0454e-05 -1.3196e-05 -1.0368e-05 -1.3192e-05 -1.3321e-05 -1.3389e-05 -1.2708e-05 -1.2265e-05 -1.0179e-05 -1.3576e-05 -1.2612e-05 -1.2864e-05 -1.3182e-05 -1.3864e-05 -1.3773e-05 -1.2645e-05 -1.2378e-05 -1.2652e-05 -1.3805e-05 -1.2345e-05 0 0 2 2 4 5 18 7 17 10 13 13 17 22 18 24 29 23 28 29
-1.2213e-05 -1.3254e-05 -1.3123e-05 -1.0533e-05 -1.2965e-05 -1.0069e-05 -1.3284e-05 -1.315e-05 -1.3881e-05 -1.3681e-05 -1.2659e-05 -1.3837e-05 -1.2449e-05 -1.2736e-05 -1.236e-05 -1.39e-05 -1.2119e-05 -1.2059e-05 -1.1015e-05 -1.287e-05 4 26 5 8 4 6 6 8 17 11 16 27 19 16 19 20 29 25 26 29
-1.0446e-05 -1.3224e-05 -1.2746e-05 -1.3267e-05 -1.3312e-05 -1.2664e-05 -1.3321e-05 -1.0313e-05 -1.357e-05 -1.0011e-05 -1.3346e-05 -1.3877e-05 -1.2647e-05 -1.2758e-05 -1.377e-05 -1.2654e-05 -1.2354e-05 -1.3772e-05 -1.2725e-05 -1.2257e-05 4 0 5 8 3 5 18 9 10 12 12 13 17 15 20 21 21 25 28 28
-1.3142e-05 -1.3857e-05 -1.3897e-05 -1.3256e-05 -1.0153e-05 -1.2579e-05 -1.2905e-05 -1.2707e-05 -1.2659e-05 -1.3531e-05 -1.3456e-05 -1.0771e-05 -1.3268e-05 -1.0176e-05 -1.3828e-05 -1.349e-05 -1.313e-05 -1.0233e-05 -1.3237e-05 -1.1141e-05 14 26 5 2 3 6 6 9 9 11 16 14 15 15 19 24 29 25 25 29
-1.2565e-05 -1.3191e-05 -1.0455e-05 -1.3697e-05 -1.3939e-05 -1.2845e-05 -1.3439e-05 -9.5759e-06 -1.3458e-05 -1.0204e-05 -1.3159e-05 -1.3086e-05 -1.3778e-05 -1.3923e-05 -1.3801e-05 -1.3315e-05 -1.3107e-05 -9.7769e-06 -1.2894e-05 -1.0742e-05 14 1 5 8 11 5 7 7 10 12 12 14 17 15 18 24 29 24 28 29
-1.2214e-05 -1.2653e-05 -1.3738e-05 -1.3183e-05 -1.0193e-05 -1.3506e-05 -1.2248e-05 -1.3868e-05 -1.2664e-05 -1.3542e-05 -1.3443e-05 -1.2336e-05 -1.2821e-05 -1.0315e-05 -1.2413e-05 -1.3596e-05 -1.3226e-05 -9.2312e-06 -1.3157e-05 -1.2518e-05 0 0 1 3 3 23 18 7 17 12 16 27 17 22 18 20 21 23 28 27
-1.2393e-05 -1.2665e-05 -1.3114e-05 -1.0567e-05 -1.3329e-05 -1.3362e-05 -1.248e-05 -1.3904e-05 -1.2659e-05 -1.3789e-05 -1.2698e-05 -1.2292e-05 -1.2418e-05 -1.3244e-05 -1.2665e-05 -1.331e-05 -1.0489e-05 -1.0314e-05 -1.388e-05 -1.3142e-05 0 0 2 3 3 23 18 9 17 12 13 13 17 22 18 24 29 23 26 29
-1.2604e-05 -1.2265e-05 -1.2667e-05 -9.9561e-06 -1.3515e-05 -1.374e-05 -1.3807e-05 -1.3343e-05 -1.3972e-05 -1.3636e-05 -1.3284e-05 -1.2855e-05 -1.3803e-05 -1.0618e-05 -1.3322e-05 -9.7746e-06 -1.2944e-05 -1.2594e-05 -1.0369e-05 -1.3514e-05 14 26 1 8 3 5 18 8 9 12 16 27 17 15 20 20 21 25 25 28
