0.049000000000000036582 0.03368681612158407751
0.098000000000000073164 -4.6001739820331311037
0.14700000000000010281 -8.3413377613895480778
0.19600000000000014633 -11.441725930692840052
0.24500000000000018985 -15.371011680473879224
0.29400000000000020561 -18.483834184444624782
0.34300000000000024913 -22.902928384637956327
0.39200000000000029265 -26.114239453312631412
0.44100000000000033618 -29.911607803429614449
0.4900000000000003797 -34.075228054684373546
0.53900000000000036771 -37.302720289898829265
0.58800000000000041123 -41.548138039083120532
0.63700000000000045475 -44.692189340741244052
0.68600000000000049827 -48.721297588858092809
0.73500000000000054179 -52.527112596948974499
0.78400000000000058531 -55.361432424316873835
0.83300000000000062883 -59.35238311908588571
0.88200000000000067235 -62.208673287814029607
0.93100000000000071587 -66.289522995137048156
0.98000000000000075939 -68.253400563116287003
1.0289999999999974722 -72.153076619907352551
1.0779999999999920757 -74.72088860522677578
1.1269999999999866791 -78.883675273314977971
1.1759999999999812825 -81.065339855864891661
1.224999999999975886 -85.140770280352597865
1.2739999999999704894 -88.106049238142645663
1.3229999999999650928 -92.280488106062463771
1.3719999999999596962 -95.408032515211914415
1.4209999999999542997 -99.097793987572586616
1.4699999999999489031 -103.28578298577619421
1.5189999999999435065 -106.40802129398541354
1.56799999999993811 -110.64791658596877255
1.6169999999999327134 -113.84678582798555624
1.6659999999999273168 -117.86224416034743001
1.7149999999999219202 -121.69443411806247468
1.7639999999999165237 -124.58292374554514481
1.8129999999999111271 -128.7421803244148748
1.8619999999999057305 -131.60543272360541778
1.9109999999999003339 -135.65597341229141648
1.9599999999998949374 -137.64660493474860914
2.0089999999998897628 -141.72694878922825978
2.0579999999998843663 -144.17113512354805493
2.1069999999998789697 -148.25885149522321171
2.1559999999998735731 -150.27646563874665731
2.2049999999998681766 -154.346047215437153
2.25399999999986278 -157.24939651770401383
2.3029999999998573834 -161.3753362119448127
2.3519999999998519868 -164.36204637742534374
2.4009999999998465903 -168.11510952777410921
2.4499999999998411937 -172.20988778972485989
2.4989999999998357971 -175.35405022894789795
2.5479999999998304006 -179.59837070566047146
2.596999999999825004 -182.73555108737502906
2.6459999999998196074 -186.85715587546681604
2.6949999999998142108 -190.59121051109679001
2.7439999999998088143 -193.6214307258686631
2.7929999999998034177 -197.76614423624309325
2.8419999999997980211 -200.68805898411997646
2.8909999999997926245 -204.75796299664048661
2.939999999999787228 -206.82080478083125286
2.9889999999997818314 -210.94196936311746526
3.0379999999997764348 -213.40559096888151203
3.0869999999997710383 -217.44396413975050564
3.1359999999997656417 -219.41263768389910638
3.1849999999997602451 -223.47832376652462472
3.2339999999997548485 -226.33706855755204401
3.282999999999749452 -230.45043332867493291
3.3319999999997440554 -233.32560251021374143
3.3809999999997386588 -237.15144346054677271
3.4299999999997332623 -241.18258052392883428
3.4789999999997278657 -244.36206324404690804
3.5279999999997224691 -248.61004420262040071
3.5769999999997170725 -251.79168937164408248
3.625999999999711676 -255.95622678487595181
3.6749999999997062794 -259.7180211201780935
3.7239999999997008828 -262.85759861072273225
3.7729999999996954863 -267.17087793362708226
3.8219999999996900897 -270.17773761553991108
3.8709999999996846931 -274.18613105070363645
3.9199999999996792965 -276.70463372464655549
3.9689999999996739 -280.76808290912708799
4.017999999999676497 -283.78985497196862298
4.0669999999996928608 -287.13736496890265926
4.1159999999997092246 -289.36920830897560108
4.1649999999997255884 -293.28402985588883212
4.2139999999997419522 -296.32870910089508243
4.262999999999758316 -299.8769933714348781
4.3119999999997746798 -302.76547718044747626
4.3609999999997910436 -306.39623655884628306
4.4099999999998074074 -310.46278573524818967
4.4589999999998237712 -313.46531865189001564
4.507999999999840135 -317.67890881680506254
4.5569999999998564988 -320.85246489841279072
4.6059999999998728626 -325.02638454926881195
4.6549999999998892264 -328.71888324236323342
4.7039999999999055902 -331.97134449288711266
4.752999999999921954 -336.33284536641770046
4.8019999999999383178 -339.39335205927437755
4.8509999999999546816 -343.40776662866761626
4.8999999999999710454 -346.28209447563830281
4.9489999999999874092 -350.1963686596306502
4.998000000000003773 -353.67047496455984401
5.0470000000000201368 -356.5201429944814322
5.0960000000000365006 -359.30727844101073742
5.1450000000000528644 -362.78854867047351718
5.1940000000000692282 -366.14301750513487832
5.243000000000085592 -369.16306084628928375
5.2920000000001019558 -372.08130143823620983
5.3410000000001183196 -375.56652644572932331
5.3900000000001346834 -379.60431002285992008
5.4390000000001510472 -382.4939084176953088
5.488000000000167411 -386.64267160769759357
5.5370000000001837748 -389.72454345555684085
5.5860000000002001386 -393.97689226027762288
5.6350000000002165024 -397.45926791090283814
5.6840000000002328662 -400.86369192654603921
5.73300000000024923 -405.09118501273115953
5.7820000000002655938 -408.15442913779770606
5.8310000000002819576 -412.27733085809614977
5.8800000000002983214 -414.92741672056183688
5.9290000000003146852 -419.0442709227730802
5.978000000000331049 -422.21326670444113915
6.0270000000003474128 -425.42285639786507545
6.0760000000003637766 -427.77489016960714707
6.1250000000003801404 -431.59598557603476365
6.1740000000003965042 -434.51087194118474599
6.223000000000412868 -438.00558013478257635
6.2720000000004292318 -440.47972636664883339
6.3210000000004455956 -444.30344291072032092
6.3700000000004619594 -447.952375829492496
6.4190000000004783232 -451.21616749954944225
6.468000000000494687 -455.12450049785502415
6.5170000000005110508 -458.15184375963679031
6.5660000000005274146 -462.57828665958652437
6.6150000000005437784 -465.67140208772127608
6.6640000000005601422 -469.4587443354955667
6.713000000000576506 -473.04895263006312689
6.7620000000005928698 -476.46484690431725539
6.8110000000006092336 -480.49758648680881379
6.8600000000006255974 -482.8298130024786019
6.9090000000006419612 -486.84150775296558322
6.958000000000658325 -489.44455592531181765
7.0070000000006746887 -493.49899224940003251
7.0560000000006910525 -495.396274316498193
7.1050000000007074163 -499.10342179815188501
7.1540000000007237801 -501.84546520923464641
7.2030000000007401439 -506.06313370362016713
7.2520000000007565077 -508.43297296003197516
7.3010000000007728715 -512.56976946092811431
7.3500000000007892353 -515.65185189706426172
7.3990000000008055991 -519.73831319515682026
7.4480000000008219629 -523.1707076164677801
7.4970000000008383267 -526.58438823712504018
7.5460000000008546905 -530.88066183121247832
7.5950000000008710543 -533.92414134319767527
7.6440000000008874181 -538.05498271236956498
7.6930000000009037819 -541.03555943533694972
7.7420000000009201457 -545.00966597736726271
7.7910000000009365095 -548.59594549937935426
7.8400000000009528733 -551.41176330525047433
7.8890000000009692371 -554.65193912169195301
7.9380000000009856009 -557.83975471353710418
7.9870000000010019647 -561.49423289281708094
8.0360000000009854659 -564.05187916324780417
8.085000000000958309 -567.02997325974604337
8.134000000000931152 -570.37476549946507021
8.1830000000009039951 -574.3315078559178346
8.2320000000008768382 -577.10282913256855863
8.2810000000008496812 -581.1075425630377822
8.3300000000008225243 -584.14846515532462945
8.3790000000007953673 -588.50141279478555134
8.4280000000007682104 -591.70951233156415583
8.4770000000007410534 -595.42794089795063428
8.5260000000007138965 -599.5754732956929729
8.5750000000006867396 -602.75719352565738518
8.6240000000006595826 -606.97881941864545752
8.6730000000006324257 -609.97404672881521037
8.7220000000006052687 -614.06631710523879519
8.7710000000005781118 -617.68044650827550868
8.8200000000005509548 -620.60383153309328463
8.8690000000005237979 -624.16849933503772263
8.918000000000496641 -627.21877456402455664
8.967000000000469484 -631.14352036507125376
9.0160000000004423271 -633.35096507670732535
9.0650000000004151701 -636.69697646103827537
9.1140000000003880132 -639.70412596264225158
9.1630000000003608562 -643.74045247687115534
9.2120000000003336993 -646.25122485248618887
9.2610000000003065423 -650.21016277064791211
9.3100000000002793854 -653.19793247894529031
9.3590000000002522285 -657.53870982045782512
9.4080000000002250715 -660.59052819114390331
9.4570000000001979146 -664.4226993542930586
9.5060000000001707576 -668.48121337434122324
9.5550000000001436007 -671.71516543678183098
9.6040000000001164437 -675.96079508653338053
9.6530000000000892868 -679.00513655623456089
9.7020000000000621299 -683.15873393331685293
9.7510000000000349729 -686.80510626837713062
9.800000000000007816 -689.81411143567777344
