0.48663495732429273843 0.0069642235117397593633
0.9732699146485851438 0.025114156373919675064
1.4599048719728782153 0.027344649178967145309
1.9465398292971713978 0.046523214508482450824
2.4331747866214645803 0.053934045247071474294
2.9198097439457577629 0.057643120323107588376
3.4064447012700509454 0.069198372553960177389
3.8930796585943441279 0.082897168837431520205
4.3797146159186368664 0.088714918634610492876
4.8663495732429300489 0.083936275674235880095
5.3529845305672232314 0.11375625012827361715
5.8396194878915164139 0.11906258921409587637
6.3262544452158095964 0.12724329984094517876
6.812889402540102779 0.1412517155828260651
7.2995243598643959615 0.14482152242935866782
7.786159317188689144 0.14684170359581788512
8.2727942745129823265 0.15681060821871986577
8.7594292318372755091 0.1893825424001015223
9.2460641891615686916 0.17942178183848750406
9.7326991464858618741 0.19106257913912855217
10.219334103810155057 0.18661370164035065433
10.705969061134448239 0.2104552983226190277
11.192604018458741422 0.21443509964632717635
11.679238975783034604 0.25355196173076316457
12.165873933107327787 0.26728991827332976294
12.652508890431620969 0.29825993393810518173
13.139143847755914152 0.3019370190480962779
13.625778805080207334 0.32662087051250587866
14.112413762404500517 0.33848407732118707125
14.599048719728793699 0.31156075546310080249
15.085683677053086882 0.30611995850934659025
15.572318634377380064 0.35446915081082236432
16.058953591701673247 0.40207168135953141874
16.545588549025953995 0.40206774389231242361
17.032223506350234743 0.40943153544231919438
17.518858463674515491 0.39742916159792851527
18.005493420998796239 0.44795149324165067783
18.492128378323076987 0.49029384703770839682
18.978763335647357735 0.49712357340300794561
19.465398292971638483 0.47790060104096249161
19.952033250295919231 0.52008012637738443296
20.438668207620199979 0.54380335693087289428
20.925303164944480727 0.54470196569430717748
21.411938122268761475 0.55060088318844335742
21.898573079593042223 0.56797386202460398152
22.385208036917322971 0.54496841340471580128
22.871842994241603719 0.5297907299956989835
23.358477951565884467 0.48728112238285192781
23.845112908890165215 0.49572065151616795387
24.331747866214445963 0.5666722657122502671
24.818382823538726711 0.59407552747944303295
25.305017780863007459 0.57454817772335176063
25.791652738187288207 0.54338059537481742112
26.278287695511568955 0.55658353019494621883
26.764922652835849703 0.65387197339868430301
27.251557610160130452 0.63071907355292355923
27.7381925674844112 0.63257825281341217849
28.224827524808691948 0.61748416644242465345
28.711462482132972696 0.63897385266228790002
29.198097439457253444 0.66439979896628864608
29.684732396781534192 0.6973849996897107939
30.17136735410581494 0.6478107994125356095
30.658002311430095688 0.59989881560741387112
31.144637268754376436 0.62793059713762666707
31.631272226078657184 0.6318014449894487905
32.117907183402941484 0.62056500481408283232
32.604542140727247101 0.60889108337601360876
33.091177098051552719 0.58714336037793013467
33.577812055375858336 0.61587844766627086734
34.064447012700163953 0.6405809347386153263
34.55108197002446957 0.65100824495832854133
35.037716927348775187 0.61970070551919298474
35.524351884673080804 0.62648138418676457828
36.010986841997386421 0.64524194748563978852
36.497621799321692038 0.64614627528645096621
36.984256756645997655 0.59955257808408457532
37.470891713970303272 0.5927772184459495497
37.957526671294608889 0.63360930275463245298
38.444161628618914506 0.62441909389532013197
38.930796585943220123 0.57090954544667560366
39.41743154326752574 0.61426814454588718473
39.904066500591831357 0.60093407856522262911
40.390701457916136974 0.61893768566523199581
40.877336415240442591 0.66351388287152168743
41.363971372564748208 0.69105229319611494176
41.850606329889053825 0.71066980736124873985
42.337241287213359442 0.75334690473568532987
42.823876244537665059 0.73027961707417143877
43.310511201861970676 0.7453117571414160647
43.797146159186276293 0.7574618523574471185
44.28378111651058191 0.78101188060089643539
44.770416073834887527 0.81427881465720886034
45.257051031159193144 0.85147831569490972647
45.743685988483498761 0.83739825279883661757
46.230320945807804378 0.79153566939946173875
46.716955903132109995 0.83487889762663047843
47.203590860456415612 0.87529265012451518135
47.690225817780721229 0.84790812277188587487
48.176860775105026846 0.84567331536613432608
48.663495732429332463 0.83108586517599336574
49.15013068975363808 0.91721958554005844633
49.636765647077943697 0.93353973394062572666
50.123400604402249314 0.94219754179679071626
50.610035561726554931 0.94712541171150443908
51.096670519050860548 0.97483253381254852954
51.583305476375166165 1.0022824830315828493
52.069940433699471782 1.0442738973377121425
52.556575391023777399 1.0815796160026602823
53.043210348348083016 1.0258635376407831963
53.529845305672388633 1.0465417757314110503
54.01648026299669425 1.1134774404399176984
54.503115220320999867 1.0899764302232446411
54.989750177645305484 1.0895648882478812247
55.476385134969611101 1.0580460083283700357
55.963020092293916719 1.0738811857483185896
56.449655049618222336 1.0258340828014196333
56.936290006942527953 1.0202501163988491051
57.42292496426683357 1.0359974394006399301
57.909559921591139187 1.0859350861734875515
58.396194878915444804 1.0994893135406000884
58.882829836239750421 1.1066051502882767732
59.369464793564056038 1.1343096763517590553
59.856099750888361655 1.0842182540757716591
60.342734708212667272 1.0707152219773852231
60.829369665536972889 1.1045125899606054176
61.316004622861278506 1.1423289695382563558
61.802639580185584123 1.1687469976038384889
62.28927453750988974 1.168699741569503292
62.775909494834195357 1.2109688903162774132
63.262544452158500974 1.2367415988531265114
63.749179409482806591 1.290484273554109107
64.235814366807090892 1.3169913829429755747
64.722449324131346771 1.2899963332514567949
65.20908428145560265 1.2557601272107208334
65.695719238779858529 1.2895904365573063188
66.182354196104114408 1.2681935922601716982
66.668989153428370287 1.3018787738709574064
67.155624110752626166 1.4051159329415336963
67.642259068076882045 1.3708270219975056126
68.128894025401137924 1.3973045112824065139
68.615528982725393803 1.4871006547027882938
69.102163940049649682 1.5561483213126861003
69.588798897373905561 1.5096398206288341726
70.07543385469816144 1.5489087870880162701
70.562068812022417319 1.4500741385252964299
71.048703769346673198 1.5375341112233691376
71.535338726670929077 1.5319206750635592229
72.021973683995184956 1.5211847772107509602
72.508608641319440835 1.5550210257298713312
72.995243598643696714 1.5647588789340267645
73.481878555967952593 1.5267921286043040219
73.968513513292208472 1.5421817561353341475
74.455148470616464351 1.5348051622785576775
74.94178342794072023 1.5864082149476057548
75.428418385264976109 1.5256278078729381686
75.915053342589231988 1.4998341952131297727
76.401688299913487867 1.5473740492270025015
76.888323257237743746 1.5819029385024490075
77.374958214561999625 1.5304619818111910856
77.861593171886255504 1.6248831436302586528
78.348228129210511383 1.7429212397095523723
78.834863086534767262 1.7816766904142007366
79.321498043859023142 1.7467834558372123954
79.808133001183279021 1.7437131352521970662
80.2947679585075349 1.732091154554852741
80.781402915831790779 1.735410073465590397
81.268037873156046658 1.7287815364768082116
81.754672830480302537 1.7648181653924550627
82.241307787804558416 1.7368468401814527446
82.727942745128814295 1.7295652746634024854
83.214577702453070174 1.6988619361503982663
83.701212659777326053 1.7938576515297628422
84.187847617101581932 1.8417803591124664031
84.674482574425837811 1.8460982541994463979
85.16111753175009369 1.868572035834870082
85.647752489074349569 1.9182308965397740774
86.134387446398605448 2.0081978051738071933
86.621022403722861327 1.9810702881242356899
87.107657361047117206 2.0103989443873402365
87.594292318371373085 2.069479759525665763
88.080927275695628964 2.0734089518720835166
88.567562233019884843 2.075567943114164482
89.054197190344140722 2.1666128773143080721
89.540832147668396601 2.154984485632893243
90.02746710499265248 2.3556487986113010535
90.514102062316908359 2.3832382254639590258
91.000737019641164238 2.4286492514698783118
91.487371976965420117 2.3867733856015473926
91.974006934289675996 2.4421188478426265611
92.460641891613931875 2.4910231235044690834
92.947276848938187754 2.5525517615825186191
93.433911806262443633 2.5086492895580549956
93.920546763586699512 2.4420548941021609224
94.407181720910955391 2.482656794823158819
94.89381667823521127 2.5155506672431862114
95.38045163555946715 2.4755250606026835136
95.867086592883723029 2.5416825157830755799
96.353721550207978908 2.404827722328124473
96.840356507532234787 2.3919015979968092367
97.326991464856490666 2.4149700453606386397
