0.049919999999999888074 0.98659363370969410667
0.099840000000000761471 -0.45112738106614380662
0.14976000000000197487 -1.4083941270633291154
0.1999360000000031945 -1.3277611033343750258
0.2498560000000044079 -0.21023217492965007303
0.29977600000000020897 1.1361152417575446361
0.3499519999999959885 1.4866056363609878588
0.39987199999999178957 0.8042834175894156834
0.44979199999998759063 -0.67799094977391949346
0.49996799999998337016 -1.466494998761003199
0.54988799999998994039 -1.2177409029387853412
0.59980799999999656613 0.050147681037162508688
0.64998400000000322585 1.2666397735397390001
0.69990400000000985159 1.446405902875124827
0.74982400000001647733 0.59381525187146233513
0.79974400000002310307 -0.87776309885714809411
0.84992000000002976279 -1.4955536126285504661
0.89984000000003638853 -1.0801419457512237976
0.94976000000004301427 0.30756268900321637183
0.99993600000004967399 1.3653303230466786733
1.0498560000000562997 1.3793357700071204874
1.0997760000000629255 0.35757546584230753828
1.1499520000000695852 -1.0541135096715663622
1.1998720000000762109 -1.4978182604751313356
1.2497920000000828367 -0.91444632881650311784
1.2999680000000894964 0.55556165878004271086
1.3498880000000961221 1.4369558650829457047
1.3998080000001027479 1.2852398037119123764
1.4499840000001094076 0.094305964735774072683
1.4999040000001160333 -1.1964259698084802608
1.5498240000001226591 -1.4732916463458405332
1.5997440000001292848 -0.72033967797782727516
1.6499200000001359445 0.7706486195506143666
1.6998400000001425703 1.4816925397589988389
1.749760000000149196 1.163818393979912047
1.7999360000001558557 -0.16666907445856890546
1.8498560000001624815 -1.3110765780905619948
1.8997760000001691072 -1.4219406055012768775
1.9499520000001757669 -0.49124231554025632462
1.9998720000001823927 0.95776797163270044333
2.0497920000001457197 1.4996171004278002759
2.0999680000001088587 1.009427698597944234
2.1498880000000721857 -0.4180390758302923726
2.1998080000000355128 -1.3984918499599505726
2.2499839999999986517 -1.3407515310835154132
2.2999039999999619788 -0.24538715702948760145
2.3498239999999253058 1.1164969639299502369
2.3999999999998884448 1.4900348600142478972
2.4499199999998517718 0.83102848922261374209
2.4998399999998150989 -0.64835425668083601636
2.5497599999997784259 -1.4589313137594099867
2.5999359999997415649 -1.2344868872454921593
2.6498559999997048919 0.014183113694510685737
2.699775999999668219 1.2472570117754808727
2.749951999999631358 1.4535218739603248395
2.799871999999594685 0.62436136149891441338
2.849791999999558012 -0.85198137166734111414
2.899967999999521151 -1.4931483180431823765
2.9498879999994844781 -1.1007081199379873393
2.9998079999994478051 0.27291084840996088223
3.0499839999994109441 1.3533755409272614223
3.0999039999993742711 1.3901516108897851165
3.1498239999993375982 0.39137888510788515495
3.1999999999993007371 -1.032361237826001199
3.2499199999992640642 -1.4990948534684058746
3.2998399999992273912 -0.93890372188792170505
3.3497599999991907183 0.51658190262879277732
3.3999359999991538572 1.4287077336771958347
3.4498559999991171843 1.2997842666884611429
3.4997759999990805113 0.13829966807639978987
3.5499519999990436503 -1.1785167858095917381
3.5998719999990069773 -1.4782516187594028079
3.6497919999989703044 -0.74869356469431880274
3.6999679999989334434 0.74271351438787747146
3.7498879999988967704 1.4771339844484967507
3.7998079999988600974 1.1821427731831193331
3.8499839999988232364 -0.13104368871656366102
3.8999039999987865635 -1.2969404596464435553
3.9498239999987498905 -1.4305913488075456819
3.9999999999987130295 -0.52335082947692157518
4.0499199999987629539 0.93373651754922981638
4.0998399999988128783 1.4987415595710991134
4.1497599999988628028 1.0367833602665932347
4.1999359999989129832 -0.38454310556056459092
4.2498559999989629077 -1.3880801602748331636
4.2997759999990128321 -1.3560291302684113202
4.3499519999990630126 -0.28027411704705601503
4.399871999999112937 1.0963502823474995385
4.4497919999991628615 1.4935589531150719189
4.4999679999992130419 0.85723682189226380057
4.5498879999992629664 -0.61820724596546561269
4.5998079999993128908 -1.4522174086873220755
4.6499839999993630713 -1.2507133380085231344
4.6999039999994129957 -0.021798018938264954181
4.7498239999994629201 1.2309226704431441846
4.7999999999995131006 1.4601305916310445276
4.849919999999563025 0.65440370214486254241
4.8998399999996129495 -0.82566205683906401802
4.9497599999996628739 -1.4894950359775946946
4.9999359999997130544 -1.1207447529090377447
5.0498559999997629788 0.23796515656825809049
5.0997759999998129032 1.3379670975205679717
5.1499519999998630837 1.4004576474221215321
5.1998719999999130081 0.42479259438998606679
5.2497919999999629326 -1.0048695473177009507
5.299968000000013113 -1.4998653902492289358
5.3498880000000630375 -0.96282319186864229188
5.3998080000001129619 0.48437802324324474856
5.4499840000001631424 1.4199514680076310569
5.4999040000002130668 1.3138137552998456759
5.5498240000002629913 0.17388935445139219738
5.5997440000003129157 -1.1557668435652361794
5.6499200000003630961 -1.4827050566517889774
5.6998400000004130206 -0.77651798677426941975
5.749760000000462945 0.70762374621816082065
5.7999360000005131255 1.4720688654156013353
5.8498560000005630499 1.1999436883179990243
5.8997760000006129744 -0.087017172662861588806
5.9499520000006631548 -1.2822891815689316797
5.9998720000007130793 -1.4387340306119245081
6.0497920000007630037 -0.56220908415011217052
6.0999680000008131842 0.90916701952020595456
6.1498880000008631086 1.4973599552146179548
6.199808000000913033 1.0584253318024705592
6.2499840000009632135 -0.35066234294082343492
6.2999040000010131379 -1.3771585672963966296
6.3498240000010630624 -1.3678777162305393311
6.3997440000011129868 -0.32277571710955349493
6.4499200000011631673 1.0756737428834570736
6.4998400000012130917 1.4958592405897555011
6.5497600000012630161 0.88873980760643589427
6.5999360000013131966 -0.58755834138900553398
6.649856000001363121 -1.4449962081552309989
6.6997760000014130455 -1.2699637194413306851
6.7499520000014632259 -0.057753845562298976313
6.7998720000015131504 1.2140685306586802561
6.8497920000015630748 1.4675649277492470723
6.8999680000016132553 0.68393415270993762611
6.9498880000016631797 -0.79880630656979012549
6.9998080000017131042 -1.4859607820782749776
7.0499840000017632846 -1.1402532998819059351
7.0999040000018132091 0.20275848510371075051
7.1498240000018631335 1.324870125221235595
7.1997440000019130579 1.4124372212574130003
7.2499200000019632384 0.45779420702969164658
7.2998400000020131628 -0.98192465838422449131
7.3497600000020630873 -1.5001191236188304856
7.3999360000021132677 -0.98620540089628150326
7.4498560000021631922 0.45172729515129200761
7.4997760000022131166 1.408482213508590597
7.5499520000022632971 1.3273291724460989371
7.5998720000023132215 0.20928298358567845594
7.6497920000023631459 -1.1366877141941240659
7.6999680000024133264 -1.4866520721134004468
7.7498880000024632508 -0.80380974832547058551
7.7998080000025131753 0.67851562931901576725
7.8499840000025633557 1.4664970471669911412
7.8999040000026132802 1.2172224890944336462
7.9498240000026632046 -0.051112799942373637885
7.999744000002713129 -1.2635574769155832886
8.0499200000027624213 -1.4463689533216204097
8.0998400000028123458 -0.59325981840631281106
8.1497600000028622702 0.87820384445636223703
8.1999360000029124507 1.4954722591782390051
8.2498560000029623751 1.0795348712611392283
8.2997760000030122995 -0.30849287985150886104
8.34995200000306248 -1.365726529873129369
8.3998720000031124044 -1.3792153772588966465
8.4497920000031623289 -0.35695158012696925898
8.4999680000032125093 1.0544659108396499114
8.5498880000032624338 1.4976534051825458604
8.5998080000033123582 0.91374815970266309861
8.6499840000033625387 -0.55641752724049242662
8.6999040000034124631 -1.4372674696608274125
8.7498240000034623876 -1.28503567586096068
8.799744000003512312 -0.10188951655382449957
8.8499200000035624925 1.1966933394078369535
8.8998400000036124169 1.4730430937448117934
8.9497600000036623413 0.71954963447994468861
8.9999360000037125218 -0.77141590441169161085
9.0498560000037624462 -1.4819201843062888013
9.0997760000038123707 -1.1635298961534059625
9.1499520000038625511 0.16732581528953530126
9.1998720000039124756 1.3112597695881826887
9.2497920000039624 1.4216079704171369347
9.2999680000040125805 0.49036366212852183777
9.3498880000040625049 -0.95844322135741788493
9.3998080000041124293 -1.4997611089150981734
9.4499840000041626098 -1.0090512419340926797
9.4999040000042125342 0.41864794523190268505
9.5498240000042624587 1.3985914083267374508
9.5997440000043123831 1.3432515068281141168
9.6499200000043625636 0.24444399905337096945
9.699840000004412488 -1.1170816834061969569
9.7497600000044624124 -1.4908130326805419941
9.7999360000045125929 -0.8305664763105464754
9.8498560000045625173 0.64889003159864022674
9.8997760000046124418 1.4589474601332734771
9.9499520000046626222 1.233980474314338549
