0.05000000000000003747 -1.2329801873878025731 -0.00011411037946370326086
0.099999999999999242273 -0.31909313409671380413 -0.00011411184971106324909
0.14999999999999819034 -0.99093422570010492034 -0.00011411369317433653022
0.19999999999999712452 -3.3595769458970368149 -0.00011411195160833909024
0.24999999999999605871 -4.399032571557372151 -0.00011411620878111026903
0.29999999999999499289 -2.8634748800035505489 -0.00011411519974686984294
0.34999999999999392708 -2.32124320633994774 -0.00011411524283078560468
0.39999999999999286127 -3.1591122256399395418 -0.00011411406074504895007
0.44999999999999179545 -3.2294668341725816241 -0.00011411159243331629081
0.49999999999999072964 -2.6586218713615976661 -0.00011411454436148759381
0.5499999999999984901 -2.7294262898597900779 -0.00011411143167844516554
0.60000000000000630607 -2.5175898951631787703 -0.00011411357647242523911
0.65000000000001412204 -2.7896733522939833883 -0.00011411508865125887435
0.70000000000002193801 -2.4119781535798394678 -0.00011411727585789948974
0.75000000000002975398 -2.7288566373824836298 -0.0001141172857326641242
0.80000000000003756995 -2.8387877327481456646 -0.00011411320746064566433
0.85000000000004538592 -3.7076105580558458286 -0.00011411684535545118407
0.90000000000005320189 -3.0637022153515491851 -0.00011411491860764043328
0.95000000000006101786 -3.807283259129611519 -0.00011411298152962364512
1.0000000000000688338 -4.6294594460017934878 -0.00011411153240447951748
1.0500000000000588862 -5.412622050655942374 -0.00011411399796248894261
1.1000000000000489386 -5.4065925051309839944 -0.00011411296228402510852
1.150000000000038991 -4.4259900726726533193 -0.00011411524487526165689
1.2000000000000290434 -3.215562707964183975 -0.00011411216307999168446
1.2500000000000190958 -5.6012392092343885608 -0.00011411747126173218492
1.3000000000000091482 -8.3683120457355748556 -0.00011411193791177098639
1.3499999999999992006 -6.4353857252365216368 -0.00011411692527080190176
1.399999999999989253 -3.0596937654135523132 -0.0001141113961145566886
1.4499999999999793054 -2.8768362399690761144 -0.00011411362736794163747
1.4999999999999693578 -3.9219872471239756173 -0.00011411288827447663239
1.5499999999999594102 -3.7203808968722196227 -0.00011411522048025350793
1.5999999999999494626 -2.8430263395058306131 -0.00011411379876920740373
1.649999999999939515 -3.9982053473176142333 -0.00011411268459078332117
1.6999999999999295675 -2.8277596846646204654 -0.00011411062632905357979
1.7499999999999196199 -3.6623089952141345549 -0.00011411455039516847296
1.7999999999999096723 -3.5733366800311201494 -0.0001141156688668593745
1.8499999999998997247 -2.9850694277449356662 -0.00011411698185103286715
1.8999999999998897771 -3.0557683270223328087 -0.00011411449761572186115
1.9499999999998798295 -3.4890500561585122696 -0.00011411548713433607096
1.9999999999998698819 -1.964870025518474117 -0.00011411653470587390083
2.0499999999998954614 -1.9074248890812299795 -0.00011411766938069249557
2.0999999999999210409 -2.5733691618040661631 -0.00011411987036261545805
2.1499999999999466205 -3.004967034489244071 -0.00011411521215423702305
2.1999999999999722 -3.3885759120343506012 -0.00011411457972026293616
2.2499999999999977796 -2.444186934164535252 -0.00011411443939343468091
2.3000000000000233591 -3.625047294715287638 -0.00011411324434004178061
2.3500000000000489386 -2.9952404487644122 -0.00011411410886062042726
2.4000000000000745182 -3.8018262047702475748 -0.00011411181768036191561
2.4500000000001000977 -3.5473601657522828567 -0.00011411642143962965733
2.5000000000001256772 -4.0054157555718052919 -0.00011411220480696050207
2.5500000000001512568 -2.1494713819581328096 -0.00011411287330945679491
2.6000000000001768363 -4.3514525625214410809 -0.00011411492506713455993
2.6500000000002024159 -4.3765532559973365778 -0.00011411612540446464776
2.7000000000002279954 -3.2120111108203950323 -0.00011411550632314627972
2.7500000000002535749 -4.5149436048068496419 -0.00011411526513347710439
2.8000000000002791545 -3.510619163349641525 -0.0001141140800205101821
2.850000000000304734 -3.58079343421201024 -0.00011411352791102845978
2.9000000000003303136 -3.9183994117209528518 -0.00011411373966147273288
2.9500000000003558931 -2.6966953959976303068 -0.00011411341095200088673
3.0000000000003814726 -3.6724152953556501444 -0.00011411487462108360473
3.0500000000004070522 -2.7580162573335935683 -0.0001141135933819029905
3.1000000000004326317 -3.0962017597285016457 -0.00011411401161501392174
3.1500000000004582112 -2.8426124650875586042 -0.00011411812463257062884
3.2000000000004837908 -3.8036395289587896507 -0.00011411167727173304591
3.2500000000005093703 -3.1716248931099975117 -0.00011411717177492504568
3.3000000000005349499 -3.8059596387386931404 -0.00011411127726007381947
3.3500000000005605294 -5.3683148676408869449 -0.0001141139215683115816
3.4000000000005861089 -5.6798352237093281403 -0.00011411285404033250773
3.4500000000006116885 -5.3042241144822606103 -0.00011411472265687897063
3.500000000000637268 -5.2918871940160254752 -0.0001141117197225781718
3.5500000000006628476 -5.9103027611005840569 -0.00011411278830411056772
3.6000000000006884271 -5.500372877402659455 -0.0001141144958516103399
3.6500000000007140066 -6.5571424468273757924 -0.00011411321341700429385
3.7000000000007395862 -6.5772401068720709461 -0.00011411670457188614826
3.7500000000007651657 -5.5965694778782673069 -0.00011410979295818053723
3.8000000000007907452 -5.856391973798020345 -0.00011411372670468516674
3.8500000000008163248 -5.442905030030281921 -0.00011411634049612043784
3.9000000000008419043 -5.2914472554667506543 -0.00011411519909622846406
3.9500000000008674839 -6.8093379869322481213 -0.00011411583991121779312
4.0000000000008926193 -5.9593220872521763809 -0.00011411321704159640251
4.0500000000008471446 -6.4251453544521099914 -0.00011411186366923521543
4.1000000000008016698 -8.5124221352749316338 -0.00011411398939134666578
4.1500000000007561951 -10.028116648203088346 -0.00011411342903000216802
4.2000000000007107204 -9.3776339213139898732 -0.00011411320059208787203
4.2500000000006652456 -9.577507316782250868 -0.00011411232508612421976
4.3000000000006197709 -9.2148700330844466322 -0.00011411651425366097954
4.3500000000005742962 -10.880532727966579998 -0.0001141146345852118917
4.4000000000005288214 -12.348714662996439273 -0.00011411480931683461713
4.4500000000004833467 -11.375980408362352136 -0.00011411462496376437279
4.500000000000437872 -9.284380923160311383 -0.00011411570656184428466
4.5500000000003923972 -10.832703236696652027 -0.00011411433694520350805
4.6000000000003469225 -12.37856276088914953 -0.00011411314463809202726
4.6500000000003014478 -11.161269904805790176 -0.00011411365924389113569
4.700000000000255973 -9.1091641259756706006 -0.00011411352073069505131
4.7500000000002104983 -9.4362472861718131867 -0.00011411193294916767362
4.8000000000001650236 -8.6510765535832661044 -0.00011411389519879499882
4.8500000000001195488 -10.637611914208505937 -0.0001141135063497456713
4.9000000000000740741 -10.495699854065643208 -0.00011411440556019028796
4.9500000000000285993 -11.295168183502992676 -0.00011411334534191416011
4.9999999999999831246 -11.7634438157556378 -0.0001141151704621527085
5.0499999999999376499 -13.338314544368245151 -0.00011411459871866798529
5.0999999999998921751 -13.783405297978667647 -0.00011411111199224073639
5.1499999999998467004 -12.7762342275037728 -0.00011411197547018534567
5.1999999999998012257 -12.658912636218833114 -0.00011411654673877311399
5.2499999999997557509 -12.927128710804767664 -0.00011411412976023098777
5.2999999999997102762 -12.444830465566761646 -0.00011411436723978391026
5.3499999999996648015 -12.356690479035091101 -0.00011411569045898162971
5.3999999999996193267 -12.576380594114104028 -0.00011411306737037387035
5.449999999999573852 -12.617977525589919807 -0.00011411448630272573478
5.4999999999995283773 -12.420385861787217152 -0.0001141121052124709727
5.5499999999994829025 -12.473706323995260803 -0.00011411177320610932004
5.5999999999994374278 -12.055979839156242051 -0.00011411578252291281529
5.6499999999993919531 -12.894142016359310787 -0.00011411151122489586365
5.6999999999993464783 -11.786481032828557858 -0.0001141120097591104385
5.7499999999993010036 -11.114223755302473862 -0.00011411550594629247168
5.7999999999992555288 -13.23618661095413529 -0.00011411225905737642919
5.8499999999992100541 -14.41387665760240111 -0.000114113991725867277
5.8999999999991645794 -15.346884810535897259 -0.00011411221657082727893
5.9499999999991191046 -16.285657775980972417 -0.00011411530850222192479
5.9999999999990736299 -15.022743964196614286 -0.00011411447398211534187
6.0499999999990281552 -15.543605223630777346 -0.00011411497341309570551
6.0999999999989826804 -15.454578251955197743 -0.00011412011220901250642
6.1499999999989372057 -15.582461975476290306 -0.00011411424851729105466
6.199999999998891731 -14.405593107886815574 -0.00011411196478314694679
6.2499999999988462562 -15.962243823827940048 -0.00011411534412790222772
6.2999999999988007815 -15.250514908630250943 -0.0001141179878023150339
6.3499999999987553068 -15.213385878803309836 -0.00011411210339281107143
6.399999999998709832 -16.184609110665626019 -0.00011411180739113600986
6.4499999999986643573 -15.012964687843563638 -0.000114115561443661989
6.4999999999986188826 -14.596647531810747367 -0.00011411423361184304436
6.5499999999985734078 -15.102462668088275421 -0.00011411349338824613542
6.5999999999985279331 -16.024239540423636186 -0.00011411452316624970046
6.6499999999984824584 -17.595785679301705784 -0.00011411306990860423842
6.6999999999984369836 -19.785476849835340829 -0.00011411331134940083394
6.7499999999983915089 -20.664089664839167426 -0.0001141111030675641733
6.7999999999983460341 -21.706730303007581995 -0.00011411402578705272194
6.8499999999983005594 -22.094126650150347047 -0.00011411678822483948702
6.8999999999982550847 -21.619957219896747347 -0.00011411468645736610095
6.9499999999982096099 -21.076128922555515288 -0.00011411399711777607958
6.9999999999981641352 -23.353120000907402698 -0.00011411420271396903621
7.0499999999981186605 -25.281613503190804693 -0.00011411114145202110894
7.0999999999980731857 -27.840266917919745282 -0.00011412006801401645495
7.149999999998027711 -26.775397683325110165 -0.00011411315783846877271
7.1999999999979822363 -24.143431843912377843 -0.00011411334190477519961
7.2499999999979367615 -24.642281291257507547 -0.00011411706641315862859
7.2999999999978912868 -25.740064368140238571 -0.00011411450749623310594
7.3499999999978458121 -25.484550845640452366 -0.00011411559578666166518
7.3999999999978003373 -25.760969395714248265 -0.00011411347767718121296
7.4499999999977548626 -25.251504328315995451 -0.00011411334199631674717
7.4999999999977093879 -25.694806443097146342 -0.00011411576678862006746
7.5499999999976639131 -27.125227610809989898 -0.0001141123892696655818
7.5999999999976184384 -28.775914901669057855 -0.00011411351553190672494
7.6499999999975729637 -27.445980213856248753 -0.00011411304483638817948
7.6999999999975274889 -25.771340350796112517 -0.00011411657187140052496
7.7499999999974820142 -25.86279916322363448 -0.00011411350051203348103
7.7999999999974365394 -24.526133360743745726 -0.00011411344358085689758
7.8499999999973910647 -25.282627301363021388 -0.00011411229958235201637
7.89999999999734559 -24.76554891833067984 -0.00011411245798631875837
7.9499999999973001152 -24.492591465641545767 -0.00011411725750655755929
7.9999999999972546405 -24.553790292071383305 -0.00011411882430806711088
8.0499999999972100539 -25.733611488584013927 -0.00011411453152244236428
8.0999999999971645792 -24.997045449447593768 -0.00011411577437627976181
8.1499999999971191045 -25.041692517707023313 -0.00011411432713543856921
8.1999999999970736297 -24.498073592400185561 -0.00011411743474447377019
8.249999999997028155 -25.611857626190509762 -0.00011411263416382832396
8.2999999999969826803 -25.047250752129951223 -0.00011411950452460838026
8.3499999999969372055 -25.735476481359413015 -0.00011411403235154211184
8.3999999999968917308 -26.664405623804309897 -0.00011411322040999027742
8.4499999999968462561 -26.834077055943481582 -0.00011411466269398256028
8.4999999999968007813 -28.615297621083147561 -0.00011411363225234957906
8.5499999999967553066 -30.652771944198534015 -0.00011411064684075129393
8.5999999999967098319 -32.303976311249549269 -0.00011411584338572085414
8.6499999999966643571 -32.533766271401788117 -0.00011411393908830527039
8.6999999999966188824 -30.973738435137214253 -0.00011411203238039001676
8.7499999999965734077 -32.162477830047428995 -0.00011411487633317913084
8.7999999999965279329 -33.178790387732675526 -0.00011411500196136915126
8.8499999999964824582 -34.313603605998942214 -0.00011411246456906927059
8.8999999999964369835 -34.035353767062126451 -0.00011411336853718088524
8.9499999999963915087 -34.222984296442810148 -0.00011411361569407539097
8.999999999996346034 -34.151300281055284813 -0.00011411636871625416008
9.0499999999963005592 -34.041613513143872183 -0.00011411584887165779486
9.0999999999962550845 -34.321043343756869604 -0.0001141189900015918753
9.1499999999962096098 -34.171978824106894024 -0.00011411440218283035923
9.199999999996164135 -36.459790353875099811 -0.00011411342341141429767
9.2499999999961186603 -36.72903396125656883 -0.00011411560593533844532
9.2999999999960731856 -37.633349433955110896 -0.00011411162215695127534
9.3499999999960277108 -36.752176108806864363 -0.0001141134188503867031
9.3999999999959822361 -38.160450446615030273 -0.00011411133275321203452
9.4499999999959367614 -37.557907901021913233 -0.00011411366027503181688
9.4999999999958912866 -35.083334483124509973 -0.00011411318613861679146
9.5499999999958458119 -32.771592834831530183 -0.00011411528191085772307
9.5999999999958003372 -31.483798284104175025 -0.0001141114664284140185
9.6499999999957548624 -31.984941604303688933 -0.0001141125798498763877
9.6999999999957093877 -31.973772562447503987 -0.00011411336354241396964
9.749999999995663913 -32.18586118376794758 -0.00011411401171851607596
9.7999999999956184382 -33.195628834535121143 -0.00011411294260767134118
9.8499999999955729635 -36.288756190320299311 -0.00011411500017962377285
9.8999999999955274887 -37.025193236542058628 -0.00011411525015487280999
9.949999999995482014 -37.501849089532669268 -0.00011411341329226787789
