0.49989911738008646624 0
0.99979823476016926875 0
1.4996973521403715868 0
1.9995964695205739048 0
2.4994955869005370808 0
2.9993947042805002567 0
3.4992938216604634327 0
3.9991929390404266087 0
4.4990920564208671806 0
4.9989911738013086406 0
5.4988902911817501007 0
5.9987894085621915607 0
6.4986885259426330208 0
6.9985876433230744809 0
7.4984867607035159409 0
7.998385878083957401 0
8.4982849954634449574 0
8.9981841128429298493 0
9.4980832302224147412 0
9.9979823476018996331 0
10.497881464981384525 0
10.997780582360869417 0
11.497679699740354309 0
11.997578817119839201 0
12.497477934499324093 0
12.997377051878808984 0
13.497276169258293876 0
13.997175286637778768 0
14.49707440401726366 0
14.996973521396748552 0
15.496872638776233444 0
15.996771756155718336 0
16.496670873535205004 0
16.996569990914689896 0
17.496469108294174788 0
17.99636822567365968 0
18.496267343053144572 0
18.996166460432629464 0
19.496065577812114356 0
19.995964695191599247 0
20.495863812571084139 0
20.995762929950569031 0
21.495662047330053923 0
21.995561164709538815 0
22.495460282089023707 0
22.995359399468508599 0
23.495258516847993491 0
23.995157634227478383 0
24.495056751606963275 0
24.994955868986448166 0
25.494854986365933058 0
25.99475410374541795 0
26.494653221124902842 0
26.994552338504387734 0
27.494451455883872626 0
27.994350573263357518 0
28.49424969064284241 0
28.994148808022327302 0
29.494047925401812194 0
29.993947042781297085 0
30.493846160160781977 0
30.993745277540266869 0
31.493644394919751761 0
31.993543512299236653 0
32.493442629678725098 0
32.99334174705820999 0
33.493240864437694881 0
33.993139981817179773 0
34.493039099196664665 0
34.992938216576149557 0
35.492837333955634449 0
35.992736451335119341 0
36.492635568714604233 0
36.992534686094089125 0
37.492433803473574017 0
37.992332920853058909 0
38.4922320382325438 0
38.992131155612028692 0
39.492030272991513584 0
39.991929390370998476 0
40.491828507750483368 0
40.99172762512996826 0
41.491626742509453152 0
41.991525859888938044 0
42.491424977268422936 0
42.991324094647907827 0
43.491223212027392719 0
43.991122329406877611 0
44.491021446786362503 0
44.990920564165847395 0
45.490819681545332287 0
45.990718798924817179 0
46.490617916304302071 0
46.990517033683786963 0
47.490416151063271855 0
47.990315268442756746 0
48.490214385822241638 0
48.99011350320172653 0
49.490012620581211422 0
49.989911737960696314 0
50.489810855340181206 0
50.989709972719666098 0
51.48960909009915099 0
51.989508207478635882 0
52.489407324858120774 0
52.989306442237605665 0
53.489205559617090557 0
53.989104676996575449 0
54.489003794376060341 0
54.988902911755545233 0
55.488802029135030125 0
55.988701146514515017 0
56.488600263893999909 0
56.988499381273484801 0
57.488398498652969693 0
57.988297616032454584 0
58.488196733411939476 0
58.988095850791424368 0
59.48799496817090926 0
59.987894085550394152 0
60.487793202929879044 0
60.987692320309363936 0
61.487591437688848828 0
61.98749055506833372 0
62.487389672447818612 0
62.987288789827303503 0
63.487187907206788395 0
63.987087024586273287 0
64.486986141965758179 0
64.986885259345243071 0
65.486784376724727963 0
65.986683494104212855 0
66.486582611483697747 0
66.986481728863182639 0
67.486380846242667531 0
67.986279963622152422 0
68.486179081001637314 0
68.986078198381122206 0
69.485977315760607098 0
69.98587643314009199 0
70.485775550519576882 0
70.985674667899061774 0
71.485573785278546666 0
71.985472902658031558 0
72.48537202003751645 0
72.985271137417001341 0
73.485170254796486233 0
73.985069372175971125 0
74.484968489555456017 0
74.984867606934940909 0
75.484766724314425801 0
75.984665841693910693 0
76.484564959073395585 0
76.984464076452880477 0
77.484363193832365369 0
77.98426231121185026 0
78.484161428591335152 0
78.984060545970820044 0
79.483959663350304936 0
79.983858780729789828 0
80.48375789810927472 0
80.983657015488759612 0
81.483556132868244504 0
81.983455250247729396 0
82.483354367627214287 0
82.983253485006699179 0
83.483152602386184071 0
83.983051719765668963 0
84.482950837145153855 0
84.982849954524638747 0
85.482749071904123639 0
85.982648189283608531 0
86.482547306663093423 0
86.982446424042578315 0
87.482345541422063206 0
87.982244658801548098 0
88.48214377618103299 0
88.982042893560517882 0
89.481942010940002774 0
89.981841128319487666 0
90.481740245698972558 0
90.98163936307845745 0
91.481538480457942342 0
91.981437597837427234 0
92.481336715216912125 0
92.981235832596397017 0
93.481134949975881909 0
93.981034067355366801 0
94.480933184734851693 0
94.980832302114336585 0
95.480731419493821477 0
95.980630536873306369 0
96.480529654252791261 0
96.980428771632276153 0
97.480327889011761044 0
97.980227006391245936 0
98.480126123770730828 0
98.98002524115021572 0
99.479924358529700612 0
99.979823475909185504 0
