0.05000000000000003747 0.00012300645888234379302
0.10000000000000007494 8.5810161300137465261e-05
0.15000000000000010547 0.00010530087032183482157
0.20000000000000014988 0.00012749636380001352497
0.25000000000000016653 0.00010105456044967306482
0.30000000000000021094 6.6473774239563762937e-05
0.35000000000000025535 7.1558060733959468879e-05
0.40000000000000029976 0.0001136556806258832991
0.45000000000000034417 8.7891417237631193587e-05
0.50000000000000033307 6.3804437689075562973e-05
0.55000000000000037748 0.00012649508750214776757
0.60000000000000042188 0.00012031694687063454365
0.65000000000000046629 0.00012541727056787380589
0.7000000000000005107 0.00010565491050376289554
0.75000000000000055511 0.00010262600173242757248
0.80000000000000059952 0.00010955872426142155814
0.85000000000000064393 0.00012120774283173589461
0.90000000000000068834 0.00010587246286760048188
0.95000000000000073275 0.00010963138059868475125
1.0000000000000006661 0.00012939876625980766358
1.0499999999999951594 8.1645954569425330423e-05
1.0999999999999896527 6.6271958880106870146e-05
1.149999999999984146 0.00010159609371664309627
1.1999999999999786393 8.4176310259417538081e-05
1.2499999999999731326 9.4258634796228634887e-05
1.2999999999999676259 8.9034017570031829809e-05
1.3499999999999621192 6.7235315258080575605e-05
1.3999999999999566125 8.9844930296697277463e-05
1.4499999999999511058 8.988049440481541395e-05
1.4999999999999455991 9.1749808591175521159e-05
1.5499999999999400924 0.00010669582666435725499
1.5999999999999345857 8.4589702582432810436e-05
1.649999999999929079 8.8972882289253227587e-05
1.6999999999999235722 7.3870426865580096848e-05
1.7499999999999180655 8.7838406739968198427e-05
1.7999999999999125588 9.3842948223331912349e-05
1.8499999999999070521 6.7510035697166382814e-05
1.8999999999999015454 8.5753966849756035765e-05
1.9499999999998960387 8.2686369491299197844e-05
1.999999999999890532 9.1570237457104427517e-05
2.0499999999998852473 9.9994084876749094013e-05
2.0999999999998797406 8.0148995754283219872e-05
2.1499999999998742339 0.00010351067372135679622
2.1999999999998687272 8.8329284066689862823e-05
2.2499999999998632205 9.4733595147909025499e-05
2.2999999999998577138 8.4495475328994152026e-05
2.3499999999998522071 6.8553684607572203309e-05
2.3999999999998467004 9.4991424655256026825e-05
2.4499999999998411937 0.00010418356407760873442
2.499999999999835687 0.00010034402287889803568
2.5499999999998301803 8.2700012401429388691e-05
2.5999999999998246736 7.2617395586308203324e-05
2.6499999999998191669 0.00010073686889459335277
2.6999999999998136602 9.201708054295698483e-05
2.7499999999998081535 9.1618537882996053555e-05
2.7999999999998026468 7.5550021434400851201e-05
2.84999999999979714 8.0485962468466212523e-05
2.8999999999997916333 7.1099979790041286948e-05
2.9499999999997861266 0.00010926590987438067803
2.9999999999997806199 0.00011275265800569307163
3.0499999999997751132 7.5803755319023884899e-05
3.0999999999997696065 6.8861087256382624193e-05
3.1499999999997640998 8.9954899905476091732e-05
3.1999999999997585931 9.8494137737030110604e-05
3.2499999999997530864 8.136430936623150075e-05
3.2999999999997475797 7.192494405406532035e-05
3.349999999999742073 6.349489283758080391e-05
3.3999999999997365663 0.00011183710515551647624
3.4499999999997310596 6.6537547906988066737e-05
3.4999999999997255529 0.00010047359125941160071
3.5499999999997200462 8.6283352708283397327e-05
3.5999999999997145395 0.0001019891400070146374
3.6499999999997090327 9.5807304591761629424e-05
3.699999999999703526 8.7894683542672749545e-05
3.7499999999996980193 8.3640795347513915091e-05
3.7999999999996925126 9.2662284688743433198e-05
3.8499999999996870059 9.8276966817780245754e-05
3.8999999999996814992 7.7973133065524494385e-05
3.9499999999996759925 7.3187299945100646871e-05
3.9999999999996704858 7.4948728198801891557e-05
4.0499999999996871836 6.7271605337274948582e-05
4.0999999999997038813 9.0895274160457834598e-05
4.1499999999997205791 7.9148904342338721133e-05
4.1999999999997372768 0.00010787343504361673375
4.2499999999997539746 9.5723899201007441257e-05
4.2999999999997706723 7.2535972605079098688e-05
4.3499999999997873701 0.00010116745772713778393
4.3999999999998040678 8.6833943323259200789e-05
4.4499999999998207656 9.120934931261746024e-05
4.4999999999998374633 5.7043384077322289885e-05
4.5499999999998541611 9.3496016611511754469e-05
4.5999999999998708589 8.5714867608903340434e-05
4.6499999999998875566 9.3585871658947243613e-05
4.6999999999999042544 8.7602054981833978758e-05
4.7499999999999209521 7.7086403123237157197e-05
4.7999999999999376499 7.9522683850728582782e-05
4.8499999999999543476 6.8941573427421122934e-05
4.8999999999999710454 0.00010848590215362844227
4.9499999999999877431 0.00010677968190402939268
5.0000000000000044409 8.965595373173043984e-05
5.0500000000000211386 6.8337268715304056604e-05
5.1000000000000378364 0.0001046896810504522262
5.1500000000000545342 0.00012465568461002190311
5.2000000000000712319 8.328453693943194667e-05
5.2500000000000879297 7.3742519059543163015e-05
5.3000000000001046274 9.1627112301032617812e-05
5.3500000000001213252 8.0413483411465876789e-05
5.4000000000001380229 8.3699794401163976924e-05
5.4500000000001547207 0.00010335881360737019191
5.5000000000001714184 9.6987794655869357958e-05
5.5500000000001881162 9.9710521054290919942e-05
