0.49000000000000004663 0
0.98000000000000042633 0
1.4700000000000008615 0
1.9600000000000012967 0
2.4500000000000001776 0
2.9399999999999990585 0
3.4299999999999979394 0
3.9199999999999968203 0
4.4099999999999983658 0
4.9000000000000003553 0
5.3900000000000023448 0
5.8800000000000043343 0
6.3700000000000063238 0
6.8600000000000083134 0
7.3500000000000103029 0
7.8400000000000122924 0
8.3300000000000142819 0
8.8200000000000162714 0
9.3100000000000182609 0
9.8000000000000202505 0
10.29000000000002224 0
10.78000000000002423 0
11.270000000000026219 0
11.760000000000028209 0
12.250000000000030198 0
12.740000000000032188 0
13.230000000000034177 0
13.720000000000036167 0
14.210000000000038156 0
14.700000000000040146 0
15.190000000000042135 0
15.680000000000044125 0
16.170000000000044338 0
16.660000000000046327 0
17.150000000000048317 0
17.640000000000050306 0
18.130000000000052296 0
18.620000000000054285 0
19.110000000000056275 0
19.600000000000058265 0
20.090000000000060254 0
20.580000000000062244 0
21.070000000000064233 0
21.560000000000066223 0
22.050000000000068212 0
22.540000000000070202 0
23.030000000000072191 0
23.520000000000074181 0
24.01000000000007617 0
24.50000000000007816 0
24.990000000000080149 0
25.480000000000082139 0
25.970000000000084128 0
26.460000000000086118 0
26.950000000000088107 0
27.440000000000090097 0
27.930000000000092086 0
28.420000000000094076 0
28.910000000000096065 0
29.400000000000098055 0
29.890000000000100044 0
30.380000000000102034 0
30.870000000000104023 0
31.360000000000106013 0
31.850000000000108002 0
32.340000000000109992 0
32.830000000000111982 0
33.320000000000113971 0
33.810000000000115961 0
34.30000000000011795 0
34.79000000000011994 0
35.280000000000121929 0
35.770000000000123919 0
36.260000000000125908 0
36.750000000000127898 0
37.240000000000129887 0
37.730000000000131877 0
38.220000000000133866 0
38.710000000000135856 0
39.200000000000137845 0
39.690000000000139835 0
40.180000000000141824 0
40.670000000000143814 0
41.160000000000145803 0
41.650000000000147793 0
42.140000000000149782 0
42.630000000000151772 0
43.120000000000153761 0
43.610000000000155751 0
44.10000000000015774 0
44.59000000000015973 0
45.08000000000016172 0
45.570000000000163709 0
46.060000000000165699 0
46.550000000000167688 0
47.040000000000169678 0
47.530000000000171667 0
48.020000000000173657 0
48.510000000000175646 0
49.000000000000177636 0
49.490000000000179625 0
49.980000000000181615 0
50.470000000000183604 0
50.960000000000185594 0
51.450000000000187583 0
51.940000000000189573 0
52.430000000000191562 0
52.920000000000193552 0
53.410000000000195541 0
53.900000000000197531 0
54.39000000000019952 0
54.88000000000020151 0
55.370000000000203499 0
55.860000000000205489 0
56.350000000000207478 0
56.840000000000209468 0
57.330000000000211458 0
57.820000000000213447 0
58.310000000000215437 0
58.800000000000217426 0
59.290000000000219416 0
59.780000000000221405 0
60.270000000000223395 0
60.760000000000225384 0
61.250000000000227374 0
61.740000000000229363 0
62.230000000000231353 0
62.720000000000233342 0
63.210000000000235332 0
63.700000000000237321 0
64.1900000000002251 0
64.680000000000177351 0
65.170000000000129603 0
65.660000000000081855 0
66.150000000000034106 0
66.639999999999986358 0
67.129999999999938609 0
67.619999999999890861 0
68.109999999999843112 0
68.599999999999795364 0
69.089999999999747615 0
69.579999999999699867 0
70.069999999999652118 0
70.55999999999960437 0
71.049999999999556621 0
71.539999999999508873 0
72.029999999999461124 0
72.519999999999413376 0
73.009999999999365627 0
73.499999999999317879 0
73.989999999999270131 0
74.479999999999222382 0
74.969999999999174634 0
75.459999999999126885 0
75.949999999999079137 0
76.439999999999031388 0
76.92999999999898364 0
77.419999999998935891 0
77.909999999998888143 0
78.399999999998840394 0
78.889999999998792646 0
79.379999999998744897 0
79.869999999998697149 0
80.3599999999986494 0
80.849999999998601652 0
81.339999999998553903 0
81.829999999998506155 0
82.319999999998458406 0
82.809999999998410658 0
83.29999999999836291 0
83.789999999998315161 0
84.279999999998267413 0
84.769999999998219664 0
85.259999999998171916 0
85.749999999998124167 0
86.239999999998076419 0
86.72999999999802867 0
87.219999999997980922 0
87.709999999997933173 0
88.199999999997885425 0
88.689999999997837676 0
89.179999999997789928 0
89.669999999997742179 0
90.159999999997694431 0
90.649999999997646682 0
91.139999999997598934 0
91.629999999997551186 0
92.119999999997503437 0
92.609999999997455689 0
93.09999999999740794 0
93.589999999997360192 0
94.079999999997312443 0
94.569999999997264695 0
95.059999999997216946 0
95.549999999997169198 0
96.039999999997121449 0
96.529999999997073701 0
97.019999999997025952 0
97.509999999996978204 0
97.999999999996930455 0
