0.050000000000000030531 -1.2330013926856455697 -0.00011411404249845172375
0.10000000000000007494 -0.31892366750230732864 -0.00011411993403850651538
0.14999999999999955036 -0.99084515145136586867 -0.00011412728388079316751
0.19999999999999848455 -3.3592433792632521161 -0.00011412035157238882132
0.24999999999999741873 -4.3993466290133058649 -0.00011413736688386876645
0.29999999999999638067 -2.8669584932157738955 -0.00011413329639834483246
0.34999999999999531486 -2.3279991241579360839 -0.00011413371944309953646
0.39999999999999424904 -3.1478680760490274082 -0.00011412960733579784146
0.44999999999999318323 -3.2608541461370399439 -0.0001141187685152341921
0.49999999999999211742 -2.6468371420183967047 -0.00011413378098203773412
0.5499999999999910516 -2.7047938469538999051 -0.00011411784700410342963
0.59999999999998998579 -2.4503497273713668037 -0.00011413382200937084916
0.64999999999998891997 -2.990350800542955767 -0.00011413001373480256796
0.69999999999998785416 -2.6979623823022125251 -0.00011412907900794759552
0.74999999999998678835 -3.827597379962624391 -0.00011413875022547402668
0.79999999999998572253 -4.4806874503084701544 -0.00011413870786312214618
0.84999999999998465672 -3.486322778896746577 -0.00011413616118046546514
0.8999999999999835909 -2.0041738612506634354 -0.00011412499904951999886
0.94999999999998252509 -2.5163565608628739589 -0.00011413511518546427955
0.99999999999998145928 -2.5400443105960097689 -0.00011411331643500092006
1.0499999999999891642 -2.8453239275734354408 -0.00011413477674664920716
1.0999999999999969802 -2.7008437349259746263 -0.00011412831972305166573
1.1500000000000047962 -2.5750449408817557284 -0.00011412911387982774573
1.2000000000000126121 -3.4250595835590540439 -0.00011412339588342154911
1.2500000000000204281 -2.6037730776938103894 -0.00011413178122565570817
1.3000000000000282441 -2.2444709495519234999 -0.00011412311419887052552
1.35000000000003606 -2.7603086409120312084 -0.00011413149331554010575
1.400000000000043876 -3.4260246479165821221 -0.00011412360110394623213
1.450000000000051692 -2.4565471575200055199 -0.00011413749906628103969
1.500000000000059508 -2.7123871751456478663 -0.0001141264648981861349
1.5500000000000673239 -3.7719325215177987864 -0.00011413357755441783787
1.6000000000000751399 -2.9245723463448674018 -0.00011412030564583707513
1.6500000000000829559 -2.977071245541927258 -0.00011412813245393962371
1.7000000000000907718 -2.921295916089768685 -0.0001141223693847397987
1.7500000000000985878 -1.9396631741656462644 -0.0001141308023516328943
1.8000000000001064038 -3.3692181099292279889 -0.00011413009863860483202
1.8500000000001142197 -1.3466097217897663452 -0.00011412726034750921694
1.9000000000001220357 -2.2830999058305394556 -0.00011413922211856239322
1.9500000000001298517 -3.3554943598672353211 -0.0001141312613770764314
2.0000000000001376677 -1.3127225143608984848 -0.00011412473361886436743
2.0500000000001277201 0.27847985715749024038 -0.00011412379516029804393
2.1000000000001177725 1.3236782805132338847 -0.0001141313516428466994
2.1500000000001078249 4.250880006900648489 -0.00011412955110161626421
2.2000000000000978773 3.9174269146689186805 -0.00011412753000566427529
2.2500000000000879297 3.4645898509706745116 -0.00011411839571585008285
2.3000000000000779821 4.753249324685977939 -0.00011411972787512999735
2.3500000000000680345 5.7324069307437754972 -0.00011412936251736616026
2.4000000000000580869 5.92535702568188416 -0.00011413965395977798494
2.4500000000000481393 6.2627060823770666076 -0.00011413942714309916989
2.5000000000000381917 6.5104626031292340826 -0.00011412170754728580323
2.5500000000000282441 6.2697548468300814406 -0.0001141314416431518815
2.6000000000000182965 5.4499516903288487413 -0.00011412360211766244271
2.6500000000000083489 7.2186986698322961331 -0.00011412234017985766084
2.6999999999999984013 8.5130824056122236243 -0.00011413037715778415009
2.7499999999999884537 10.62165346864565052 -0.00011412934798505020365
2.7999999999999785061 12.593459428588930749 -0.00011412337672281616869
2.8499999999999685585 11.453085196160108339 -0.00011413259237572859965
2.8999999999999586109 12.589992900983894231 -0.00011412828213829118011
2.9499999999999486633 14.001003029453768178 -0.00011412446710731854365
2.9999999999999387157 12.534714137674065171 -0.00011413575833129943854
3.0499999999999287681 12.691534487270178744 -0.00011413889821284140935
3.0999999999999188205 13.608791773308748674 -0.00011412828378403328932
3.1499999999999088729 13.287630159273945196 -0.00011412226357622573514
3.1999999999998989253 12.192439518076600535 -0.00011413072019153112002
3.2499999999998889777 13.309847113142614816 -0.00011412403720433456382
3.2999999999998790301 12.135291990664748951 -0.0001141203589704797367
3.3499999999998690825 12.939386137072867555 -0.0001141314697055755093
3.3999999999998591349 13.157967232673323466 -0.00011412052895246929381
3.4499999999998491873 11.596192151522654257 -0.00011413218225908755338
3.4999999999998392397 8.8537919770863240387 -0.00011412801692764444205
3.5499999999998292921 6.9711178509161424444 -0.00011412426126227748506
3.5999999999998193445 3.3565115778281828796 -0.00011413660860115987174
3.6499999999998093969 2.9144272966446718165 -0.00011412998115417066357
3.6999999999997994493 3.4946930879389426217 -0.00011413651775252174332
3.7499999999997895017 3.5662481701916344257 -0.00011415248390611945368
3.7999999999997795541 4.7080874785703734631 -0.00011413315817763028186
3.8499999999997696065 7.3828122935420905648 -0.00011412704780559626019
3.8999999999997596589 8.3925459432465050469 -0.00011413696099491182738
3.9499999999997497113 9.7377233213525915545 -0.00011413671549872030954
3.9999999999997397637 11.816410263706389472 -0.00011411302057534322425
4.0499999999997653433 12.894414880505236098 -0.00011413419060970849306
4.0999999999997909228 13.318698448298773584 -0.00011412685822947344814
4.1499999999998165023 12.059851011123667419 -0.00011412415251190049527
4.1999999999998420819 12.182129630339957771 -0.00011412747980743137577
4.2499999999998676614 13.452104690484624427 -0.00011412703664423694782
4.299999999999893241 13.553976953907353575 -0.00011415114594717976873
4.3499999999999188205 13.615190681743278844 -0.00011413434298087669319
4.3999999999999444 12.345981013306536411 -0.00011413757598664422575
4.4499999999999699796 12.070896754930490857 -0.00011412861058540267525
4.4999999999999955591 13.719810447641838991 -0.00011413662055294635607
4.5500000000000211386 14.356253603598336355 -0.00011412604020240195229
4.6000000000000467182 15.947868936316934807 -0.00011413181491072544281
4.6500000000000722977 17.666964014530460503 -0.0001141288544032265567
4.7000000000000978773 19.502781128921995446 -0.00011412704103139152787
4.7500000000001234568 20.948953643123086721 -0.00011412504134756319999
4.8000000000001490363 21.147469646796672293 -0.0001141319932003117437
4.8500000000001746159 19.610732685518776464 -0.00011412729835029547824
4.9000000000002001954 19.233479615847503652 -0.00011412527594301099057
4.950000000000225775 19.608942600058554717 -0.0001141385309509241339
5.0000000000002513545 17.87726107141697085 -0.00011414448423634570673
5.050000000000276934 16.760843468334577722 -0.00011413026092058885252
5.1000000000003025136 17.659595339465656849 -0.00011413928597350403188
5.1500000000003280931 19.422031512046043389 -0.00011414182689840808051
5.2000000000003536726 17.785182216913931086 -0.00011412841165952416589
5.2500000000003792522 17.366937551425298381 -0.00011412084855285821298
5.3000000000004048317 18.06836704094405377 -0.00011413869536351649336
5.3500000000004304113 17.507527152474160914 -0.00011413320134024163856
5.4000000000004559908 15.271192235510373081 -0.00011413229818768751145
5.4500000000004815703 13.99935828501952173 -0.00011412562495539397666
5.5000000000005071499 12.266374295361766045 -0.00011412377652502237542
5.5500000000005327294 13.360467624023312894 -0.00011412298058385254992
5.600000000000558309 12.548052496224000762 -0.00011412480589665498578
5.6500000000005838885 12.092184500255552138 -0.00011411996505060890668
5.700000000000609468 11.880851143411895521 -0.00011411725703094217617
5.7500000000006350476 11.874412996431900069 -0.000114126406295358412
5.8000000000006606271 11.184876916301279337 -0.00011414043458051075278
5.8500000000006862066 9.0737632483462089539 -0.00011412198523123858005
5.9000000000007117862 9.3284384237535622475 -0.00011412278482776239271
5.9500000000007373657 8.8814017725974228057 -0.00011412464973162105139
6.0000000000007629453 10.324096830954285764 -0.00011413756347473455878
6.0500000000007885248 8.8686292575281981954 -0.00011412333165049488653
6.1000000000008141043 9.6692557548715765137 -0.00011411821948149057963
6.1500000000008396839 8.7938379967244753033 -0.00011412935318180504108
6.2000000000008652634 10.20188253038786641 -0.00011413318438800165245
6.250000000000890843 12.305155944712508287 -0.00011412569370846664262
6.3000000000009164225 13.035950255420097221 -0.00011413486224416390124
6.350000000000942002 12.050202611146241694 -0.00011412980944229967738
6.4000000000009675816 13.05978036840717138 -0.00011412274737034841824
6.4500000000009931611 12.016801991418089912 -0.00011411864272040240619
6.5000000000010187406 12.831805880242049156 -0.00011413036635470325388
6.5500000000010443202 12.21635647454707474 -0.00011412280149780610185
6.6000000000010698997 13.726053175395231065 -0.00011412725744148724983
6.6500000000010954793 13.108464662185554062 -0.00011413119674561350298
6.7000000000011210588 12.766522054233462313 -0.00011412491419901436244
6.7500000000011466383 13.215938783400737577 -0.00011413487925808862128
6.8000000000011722179 12.067230054483648161 -0.00011412554741135068727
6.8500000000011977974 10.896700776736304661 -0.00011413065693745128959
6.900000000001223377 9.958886640426779735 -0.00011412398786208112261
6.9500000000012489565 9.8524784824023576846 -0.00011411874837060159379
7.000000000001274536 10.673287928892554177 -0.00011413666384735275965
7.0500000000013001156 9.7539670350013150113 -0.00011415089518652552988
7.1000000000013256951 8.6647838944090427304 -0.00011412999722822933296
7.1500000000013512746 8.0448548029769799683 -0.00011412778968150382234
7.2000000000013768542 8.9726559808722310407 -0.00011412681504979828068
7.2500000000014024337 8.9893884516520596861 -0.00011413756708171175671
7.3000000000014280133 9.6019651619497512485 -0.0001141291668310028066
7.3500000000014535928 9.5599432783808726555 -0.00011412705886993576826
7.4000000000014791723 9.2890760226329565086 -0.00011413811984311330846
7.4500000000015047519 8.9992935552565196389 -0.00011412262316347163312
7.5000000000015303314 9.0236207830410180009 -0.00011412217530146277463
7.550000000001555911 10.19116856928842374 -0.00011413218173031247735
7.6000000000015814905 9.804461387362351843 -0.00011412918641271374738
7.65000000000160707 9.829127945958184398 -0.00011412233863493257075
7.7000000000016326496 9.3982879453483043619 -0.00011413656391920014722
7.7500000000016582291 8.3939198754690416138 -0.00011412138905741261617
7.8000000000016838086 9.6423189109028655253 -0.00011412386302795567757
7.8500000000017093882 9.0065823919033380918 -0.00011413821099003391307
7.9000000000017349677 10.312091301831086909 -0.00011413715767131737641
7.9500000000017605473 8.4556543295825132844 -0.00011413283389546355654
8.0000000000017852386 10.293945713567428157 -0.00011412360809862316451
8.0500000000017397639 9.994794644664665384 -0.00011412857997194730104
8.1000000000016942892 9.9242539867936390152 -0.00011412371293887177545
8.1500000000016488144 8.9863243471871676604 -0.00011413906965539490892
8.2000000000016033397 9.5023366961639172956 -0.00011412433702458364953
8.2500000000015578649 9.5040378108456859962 -0.00011413734174937824892
8.3000000000015123902 9.4082093407575406729 -0.00011412618371815669315
8.3500000000014669155 9.2697798422105588401 -0.00011413541098979418983
8.4000000000014214407 8.3064154645981176373 -0.00011412927815517368978
8.450000000001375966 9.7977218346852819053 -0.00011413449129371643163
8.5000000000013304913 10.02948715109683242 -0.00011413011997120630237
8.5500000000012850165 9.8738999768408266533 -0.00011413950324447240631
8.6000000000012395418 10.708286365576070054 -0.00011412172633409531364
8.6500000000011940671 10.777958216657777868 -0.00011414719257627430711
8.7000000000011485923 9.4369894499739945815 -0.00011413511920402115624
8.7500000000011031176 9.9242549544986005117 -0.00011413507595534772845
8.8000000000010576429 10.847940239112766392 -0.00011412932253226248545
8.8500000000010121681 10.326626732788541929 -0.00011412494030633619255
8.9000000000009666934 9.7287599531859836333 -0.00011412769385469043258
8.9500000000009212187 9.4817798235238601734 -0.00011412522475620294319
9.0000000000008757439 10.297268560504436508 -0.00011412548049874206822
9.0500000000008302692 8.694853095476403837 -0.0001141257680183628239
9.1000000000007847945 8.1745411144180089025 -0.00011413389228634984176
9.1500000000007393197 9.2332924554910462689 -0.00011413125508693193293
9.200000000000693845 9.4364732225993517289 -0.00011411813021040370544
9.2500000000006483702 10.192936143328486409 -0.00011412841238437080801
9.3000000000006028955 9.3190516036199451122 -0.00011412475759226067427
9.3500000000005574208 8.6313951117313596484 -0.0001141450594174497191
9.400000000000511946 8.7032031054062741759 -0.00011412901109311753152
9.4500000000004664713 7.4540736241153497943 -0.00011413297992367625827
9.5000000000004209966 8.7268265572539771568 -0.00011411840290972941839
9.5500000000003755218 10.511218977535095931 -0.00011413049676446999307
9.6000000000003300471 8.0683985619465143913 -0.0001141208067961433872
9.6500000000002845724 6.0371873441144909833 -0.00011412381983326921604
9.7000000000002390976 4.4862292048035463665 -0.00011412330243657626237
9.7500000000001936229 1.8184563697914715164 -0.00011412608018440174602
9.8000000000001481482 0.82079198960613930502 -0.00011412038336545728405
9.8500000000001026734 1.0878887810109929557 -0.00011412508195933161053
9.9000000000000571987 0.95558882099558539736 -0.00011412369722340190219
9.950000000000011724 0.59480788771402093307 -0.00011412401940423136197
