0.05000000000000003747 -1.2329776433701054028 -0.00011410993997126305812
0.10000000000000007494 -0.31911347483416058202 -0.0001141108807271751127
0.15000000000000010547 -0.99094489541533925525 -0.00011411206100457141105
0.20000000000000014988 -3.3596169296794289316 -0.00011411094575078464277
0.25000000000000016653 -4.398994881479093344 -0.00011411367059016383908
0.29999999999999465983 -2.8630573188021752884 -0.00011411302546425445377
0.34999999999998915312 -2.3204370593853869131 -0.00011411304829409515992
0.39999999999998364641 -3.1604553068100096347 -0.00011411227950741547092
0.44999999999997813971 -3.2255746549635713194 -0.00011411072125236110242
0.499999999999972633 -2.6600212677467593991 -0.00011411255320237326813
0.54999999999996718181 -2.729757415547919841 -0.00011411061708438024781
0.5999999999999616751 -2.5165719042924084015 -0.00011411200371322437024
0.64999999999995616839 -2.772743432419277454 -0.0001141132845740931549
0.69999999999995066169 -2.2187545418288743271 -0.00011411457079791654037
0.74999999999994515498 -1.7580477880963907289 -0.0001141129226611596408
0.79999999999993964828 -2.0035804247233133246 -0.00011411316958717550296
0.84999999999993414157 -2.9302124534195521655 -0.00011411111229488484951
0.89999999999992863486 -2.6372479236309738226 -0.00011411266331716346544
0.94999999999992312816 -3.3639086152660526707 -0.0001141136841833779856
0.99999999999991762145 -1.9347958488343437455 -0.00011411237127472199319
1.0499999999999343192 -3.4121051208506765207 -0.00011411292426179289522
1.099999999999951017 -2.8840678829953572126 -0.00011411250863856940848
1.1499999999999677147 -2.2577746497486117505 -0.00011411294832759700006
1.1999999999999844125 -1.03599154975396468 -0.00011411228724944874949
1.2500000000000011102 -0.12185771515709316326 -0.00011411244800876298947
1.300000000000017808 -0.47451214946629916014 -0.0001141167281036981724
1.3500000000000345057 -0.45528545942621251319 -0.00011411078172150300317
1.4000000000000512035 -0.3919407556256818137 -0.00011411282811571564369
1.4500000000000679012 -0.81332674044887920406 -0.00011411151857949356164
1.500000000000084599 0.041939329786127826916 -0.00011411413926851443059
1.5500000000001012967 0.29403115024059089944 -0.00011411204996146413228
1.6000000000001179945 0.43965159316175855819 -0.00011410986764819267404
1.6500000000001346923 -0.41816309900165854474 -0.00011411247501908546205
1.70000000000015139 0.34600403010457869701 -0.00011411254237529428867
1.7500000000001680878 1.9945671464931882255 -0.00011411267827894752865
1.8000000000001847855 4.3074897884238829704 -0.0001141127947011287097
1.8500000000002014833 4.4028056539261832825 -0.00011411029971475342604
1.900000000000218181 6.3131143758578174285 -0.00011411349723922608159
1.9500000000002348788 6.0848626127874192449 -0.00011410998707298006184
2.0000000000002513545 6.5380725737386571339 -0.00011411329998607827889
2.0500000000002236433 6.0816947629341964188 -0.00011411102697211993713
2.1000000000001959322 6.5343513350169750709 -0.00011411136539421707281
2.150000000000168221 5.5675989741319655835 -0.00011411147840369758981
2.2000000000001405098 6.9442711642119840931 -0.00011411403238358638467
2.2500000000001127987 6.3400019924498138835 -0.00011411121463067829397
2.3000000000000850875 5.1294034832614352482 -0.00011411428061434382636
2.3500000000000573763 5.280864692483623557 -0.00011411281529451905176
2.4000000000000296652 7.3614482387346980019 -0.00011411209220609374747
2.450000000000001954 5.2912784102179868384 -0.00011411257845214286915
2.4999999999999742428 6.8319542178073389138 -0.00011411171432882308134
2.5499999999999465317 6.7245089626550651474 -0.00011411087813460449108
2.5999999999999188205 7.5931367141435686108 -0.00011411161706531361968
2.6499999999998911093 7.2854114813248296301 -0.00011411187241476242638
2.6999999999998633982 5.947675887716641796 -0.00011411130252457320146
2.749999999999835687 5.9337366370102131441 -0.00011411178012895508023
2.7999999999998079758 6.7502121114189987949 -0.00011411121479704764011
2.8499999999997802647 5.951760617189802538 -0.00011411235714866556237
2.8999999999997525535 6.3423705584417655601 -0.00011411443476322280402
2.9499999999997248423 6.3502683252106741918 -0.00011411158433753310526
2.9999999999996971312 6.5234488818734570614 -0.00011411168465365467153
3.04999999999966942 5.8377287325888840286 -0.00011411155181687038815
3.0999999999996417088 6.9768527432973037605 -0.000114113527686502997
3.1499999999996139977 5.0424350428941346891 -0.00011411392965592347419
3.1999999999995862865 2.5825852682774375069 -0.00011411099558591280016
3.2499999999995585753 1.5566297481548860837 -0.0001141125973842992353
3.2999999999995308642 1.5277634923967267078 -0.00011411165249307638034
3.349999999999503153 2.9688958533888318847 -0.00011411192175030864058
3.3999999999994754418 3.6034501842287109952 -0.00011411207905841230402
3.4499999999994477307 3.0664681025016777838 -0.00011411160916844526622
3.4999999999994200195 3.0501289275065395223 -0.00011411091442268677136
3.5499999999993923083 3.5525236897706657935 -0.00011411272940334605294
3.5999999999993645972 2.4236130013002528116 -0.00011411115414459534125
3.649999999999336886 2.4763754047214763254 -0.00011411298289014612539
3.6999999999993091748 4.1587509666815352105 -0.0001141125752989354241
3.7499999999992814637 4.4168354883853613302 -0.00011411111735575469065
3.7999999999992537525 4.8147920959192527235 -0.00011411419014458251881
3.8499999999992260413 3.5256903161146255776 -0.00011411314670983649594
3.8999999999991983302 2.0503489333166178277 -0.00011411710082314297128
3.949999999999170619 1.3126205462407498636 -0.00011411334504134030394
3.9999999999991429078 0.13697264616683726968 -0.00011411239534882658723
4.0499999999992040145 -1.2416749622863698654 -0.00011411139490085396629
4.0999999999992651212 -2.1961536865265065543 -0.00011411111265482221696
4.1499999999993262279 -4.353182419462517494 -0.00011411273883918065359
4.1999999999993873345 -2.0549333477465081543 -0.00011411316566477426723
4.2499999999994484412 -2.6023393011831603694 -0.00011411302392749560154
4.2999999999995095479 -3.6194111934004080666 -0.00011411223772802767378
4.3499999999995706546 -2.4640411750561814763 -0.00011411521963943354056
4.3999999999996317612 -3.3797280369554467683 -0.00011411237097048217842
4.4499999999996928679 -1.7783621975071932653 -0.00011411178541308867099
4.4999999999997539746 -3.2776245450863661368 -0.00011411118183749935503
4.5499999999998150813 -3.7084904467653614368 -0.00011411279407521695238
4.5999999999998761879 -3.4134434662781600878 -0.00011411467972109246623
4.6499999999999372946 -3.8837939028167687283 -0.00011411382175570383127
4.6999999999999984013 -4.6703549201411496128 -0.00011411334429627419931
4.750000000000059508 -2.0625124637365459535 -0.0001141133525023505207
4.8000000000001206146 -3.1283058869149202863 -0.00011411351695768900093
4.8500000000001817213 -2.6091953017809106363 -0.00011411510745906763256
4.900000000000242828 -1.3839095440859394692 -0.00011411420761399748507
4.9500000000003039347 1.4285792296135684243 -0.00011411210338443676161
5.0000000000003650413 4.9876407183653936883 -0.00011411134789017366494
5.050000000000426148 7.0899039626177868811 -0.00011411292964843587692
5.1000000000004872547 5.6580325973203047241 -0.00011411162825011534813
5.1500000000005483614 6.5254561352581434974 -0.00011411097972685987835
5.200000000000609468 6.464592979086804192 -0.00011411226614728030206
5.2500000000006705747 7.1214164334894229924 -0.00011411231495514474971
5.3000000000007316814 5.6738781218727982747 -0.00011411217921452282778
5.3500000000007927881 7.2730472355621067493 -0.00011411362167976178412
5.4000000000008538947 5.3000285134370930251 -0.00011411144579471013943
5.4500000000009150014 2.0310867143917201716 -0.00011411380781618037268
5.5000000000009761081 -1.1610792368298612498 -0.00011411239178780131971
5.5500000000010372148 -3.103939919336122788 -0.00011411113443612448334
5.6000000000010983214 -3.0258539349600850343 -0.00011411299701988197246
5.6500000000011594281 -3.0078469967718901579 -0.00011411621958879087941
5.7000000000012205348 -3.5775430622949215831 -0.00011411112571413557261
5.7500000000012816415 -5.0595743001572168751 -0.00011411340408800862913
5.8000000000013427481 -5.8317412255071117144 -0.00011411099823416179764
5.8500000000014038548 -4.3946692767472690377 -0.00011411196288074650909
5.9000000000014649615 -0.37270443476906861546 -0.00011411129408393213885
5.9500000000015260682 1.5928956320586533657 -0.00011411192769911416211
6.0000000000015871748 2.4507606278019360424 -0.00011411118755339048078
6.0500000000016482815 0.26641364229237685102 -0.00011411305531679955872
6.1000000000017093882 -2.6168591011098230048 -0.0001141116305106923141
6.1500000000017704949 -4.3329426411318134882 -0.00011411199582161104984
6.2000000000018316015 -5.8678742999636739341 -0.00011411083839784241963
6.2500000000018927082 -7.3960154242567268668 -0.00011411429654909815621
6.3000000000019538149 -7.0767942083673567311 -0.0001141138053063200518
6.3500000000020149216 -6.2635538206808476502 -0.00011411289556008435064
6.4000000000020760282 -7.7986953861762993157 -0.00011411167773031664289
6.4500000000021371349 -7.189744434035056031 -0.0001141130789789182099
6.5000000000021982416 -6.9269875719890405819 -0.00011411082097712707734
6.5500000000022593483 -5.8126510762740712934 -0.00011411130232987762344
6.6000000000023204549 -6.305170361032438997 -0.00011411278821128115061
6.6500000000023815616 -7.3325797905850658154 -0.00011411327192561007747
6.7000000000024426683 -7.0580692084799210306 -0.00011411360304103114276
6.750000000002503775 -6.7107176950590563536 -0.00011411300109726530089
6.8000000000025648816 -8.9314130181665838393 -0.00011411538929755107852
6.8500000000026259883 -10.25217031444815774 -0.00011411369485810472671
6.900000000002687095 -7.8518206913678003644 -0.00011411180504773346537
6.9500000000027482017 -5.1738580553633779502 -0.00011411394414493085305
7.0000000000028093083 -2.3455391302911889895 -0.00011411377967228716445
7.050000000002870415 -3.5742817049024089293 -0.00011411357029185547056
7.1000000000029315217 -2.6969399309863151259 -0.00011411216649830031649
7.1500000000029926284 -2.4131301831543434666 -0.00011411297338464359338
7.200000000003053735 -1.8795601877975389726 -0.00011411491135231740905
7.2500000000031148417 -1.3363840024156692365 -0.00011411312574100529167
7.3000000000031759484 -0.13448699300067623597 -0.00011411186073552142379
7.3500000000032370551 2.1731782152620469084 -0.0001141108004216936369
7.4000000000032981617 4.8440863342861923968 -0.00011411119028297740945
7.4500000000033592684 5.9724983782699547774 -0.00011411201203663069259
7.5000000000034203751 6.5664356520134168349 -0.00011411185008591758503
7.5500000000034814818 8.6902110894004120922 -0.00011411115452881738725
7.6000000000035425884 9.2090676000556648262 -0.00011411098500755348535
7.6500000000036036951 9.1741879060253115341 -0.00011411214679925478044
7.7000000000036648018 10.593488583265264324 -0.0001141112015477362563
7.7500000000037259085 11.292760955918819121 -0.00011411305901729389676
7.8000000000037870151 12.068235771167852732 -0.00011411227473211144447
7.8500000000038481218 12.272162572964539606 -0.00011411184912367708453
