0.4965931394675497379 0.0027532015167414866652
0.99318627893509825455 0.0050407797555324374006
1.4897794184026493802 0.0066780964143832418148
1.9863725578702005059 0.0076693661673595094411
2.4829656973377463025 0.0083447943806658729515
2.9795588368052920991 0.010652385345166886718
3.4761519762728378957 0.016103952615088956701
3.9727451157403836923 0.01401297643584609523
4.469338255207939703 0.013141925653937035212
4.9659313946754961577 0.015854797547404892583
5.4625245341430526125 0.019550229725066314845
5.9591176736106090672 0.023998980431044862616
6.455710813078165522 0.030716057465370035645
6.9523039525457219767 0.033998548978468629
7.4488970920132784315 0.032000008863823189986
7.9454902314808348862 0.037374756956859440937
8.4420833709483726892 0.038616688429068207755
8.9386765104159078277 0.038864258436390006213
9.4352696498834429661 0.039894321091901101262
9.9318627893509781046 0.042534577672990146746
10.428455928818513243 0.046153081921604714732
10.925049068286048382 0.043350147042359003791
11.42164220775358352 0.044621016787799304415
11.918235347221118658 0.044346695246051656691
12.414828486688653797 0.044960409384638924668
12.911421626156188935 0.045678474628856817474
13.408014765623724074 0.051773357234311603858
13.904607905091259212 0.050533558716822718493
14.401201044558794351 0.053272430511734560066
14.897794184026329489 0.052917902996410103034
15.394387323493864628 0.057514381309973293399
15.890980462961399766 0.058115639389828693817
16.387573602428936681 0.059104886421521368733
16.884166741896471819 0.062815022245482285412
17.380759881364006958 0.06248036374130833126
17.877353020831542096 0.066043718904568199379
18.373946160299077235 0.065366993762168187909
18.870539299766612373 0.075420224431220525552
19.367132439234147512 0.074359606828801771972
19.86372557870168265 0.078796211862084811206
20.360318718169217789 0.070049756513202207642
20.856911857636752927 0.073448353596344009842
21.353504997104288066 0.073373491785369351903
21.850098136571823204 0.073271953014881249788
22.346691276039358343 0.067883395101044380349
22.843284415506893481 0.064073481311852004128
23.33987755497442862 0.061172651568344615924
23.836470694441963758 0.057654282508394605333
24.333063833909498896 0.065604421442171850787
24.829656973377034035 0.073499455479714259631
25.326250112844569173 0.084024490183269864851
25.822843252312104312 0.087747438266818370001
26.31943639177963945 0.093350683000948994628
26.816029531247174589 0.087620437368394338273
27.312622670714709727 0.099676043373398998115
27.809215810182244866 0.095240916568719649615
28.305808949649780004 0.092876297232596341513
28.802402089117315143 0.091529847786235907225
29.298995228584850281 0.098974100540930295966
29.79558836805238542 0.092296894931909262416
30.292181507519920558 0.099636818936153725978
30.788774646987455696 0.10704236375222826727
31.285367786454990835 0.11269077939296734403
31.781960925922525973 0.10740391269683269293
32.27855406539011085 0.11020849090455214769
32.775147204857731253 0.10884493461350530641
33.271740344325351657 0.11969880365908480702
33.768333483792972061 0.10955347379778411498
34.264926623260592464 0.11280420012557401677
34.761519762728212868 0.11378200219985684649
35.258112902195833271 0.11530356609602730733
35.754706041663453675 0.1212453810221372219
36.251299181131074079 0.1118907508183096533
36.747892320598694482 0.1134911271756828266
37.244485460066314886 0.11770570944274232061
37.741078599533935289 0.1103123383522197215
38.237671739001555693 0.11027940129614197118
38.734264878469176097 0.10912813784549592333
39.2308580179367965 0.10646375478352973487
39.727451157404416904 0.10170404097096763518
40.224044296872037307 0.097272692125070434055
40.720637436339657711 0.10255359413612415154
41.217230575807278115 0.10443865407255618905
41.713823715274898518 0.11038791973419853631
42.210416854742518922 0.1039321973023967921
42.707009994210139325 0.10859428387456998566
43.203603133677759729 0.1024116220597205279
43.700196273145380133 0.097746910044871099243
44.196789412613000536 0.094389249055392587806
44.69338255208062094 0.09261345541889623445
45.189975691548241343 0.10294322173787617825
45.686568831015861747 0.11787547974523489291
46.18316197048348215 0.12428502925139915669
46.679755109951102554 0.12123037622133089886
47.176348249418722958 0.11910701309060574282
47.672941388886343361 0.1236147282794554797
48.169534528353963765 0.12055663688694176483
48.666127667821584168 0.12269675143149352814
49.162720807289204572 0.11606216425962583016
49.659313946756824976 0.11430416071010592038
50.155907086224445379 0.1151007422155914256
50.652500225692065783 0.11274426225547926061
51.149093365159686186 0.10660386068998155273
51.64568650462730659 0.1008902927134370936
52.142279644094926994 0.10815663956757716468
52.638872783562547397 0.10741850263358787565
53.135465923030167801 0.10085572067920783867
53.632059062497788204 0.10044502781890785048
54.128652201965408608 0.09314929096364508998
54.625245341433029012 0.088146008694232072522
55.121838480900649415 0.080439485628983092846
55.618431620368269819 0.083938551720709395076
56.115024759835890222 0.081690107651595109117
56.611617899303510626 0.084107694612247596577
57.10821103877113103 0.090405052066070593075
57.604804178238751433 0.089609639944695437808
58.101397317706371837 0.090396900645350775072
58.59799045717399224 0.085726657692670446553
59.094583596641612644 0.090360390101591109291
59.591176736109233048 0.095839877894641295475
60.087769875576853451 0.10546806515092131684
60.584363015044473855 0.10365960094735868213
61.080956154512094258 0.10722814239334688136
61.577549293979714662 0.11440385170633128598
62.074142433447335065 0.12691572454764787903
62.570735572914955469 0.12099301996933026215
63.067328712382575873 0.12101046395964404345
63.563921851850196276 0.12978151030204415628
64.060514991317802469 0.12689520068374549044
64.557108130785252342 0.13028693071335534226
65.053701270252702216 0.13622564855941149409
65.550294409720152089 0.13216951730021786471
66.046887549187601962 0.13502908996285567511
66.543480688655051836 0.13253472973277963254
67.040073828122501709 0.12715073155186046305
67.536666967589951582 0.13440019762337152009
68.033260107057401456 0.12846456866390398854
68.529853246524851329 0.12817212447380296747
69.026446385992301202 0.12987941726237606233
69.523039525459751076 0.13030989677557514028
70.019632664927200949 0.13132675595455373108
70.516225804394650822 0.13622275039384512674
71.012818943862100696 0.13221958102652481282
71.509412083329550569 0.13494964160277819754
72.006005222797000442 0.13829023894973380138
72.502598362264450316 0.13277326393502508761
72.999191501731900189 0.12893020413459496676
73.495784641199350062 0.12494258163290272723
73.992377780666799936 0.13099160293794320786
74.488970920134249809 0.12960129663391606325
74.985564059601699682 0.12479456876247096986
75.482157199069149556 0.12146797814525457648
75.978750338536599429 0.12792973346838443227
76.475343478004049302 0.13891515671549053978
76.971936617471499176 0.14546899437897048424
77.468529756938949049 0.1411282810712101432
77.965122896406398922 0.1347271640163336115
78.461716035873848796 0.13497222456097562882
78.958309175341298669 0.14074628734023594823
79.454902314808748542 0.14351747043700718853
79.951495454276198416 0.14501948756595520185
80.448088593743648289 0.1473923723263186325
80.944681733211098162 0.14347661900945010705
81.441274872678548036 0.1522376708481318619
81.937868012145997909 0.16053430125075326962
82.434461151613447782 0.16577652707319351366
82.931054291080897656 0.16813205955947177483
83.427647430548347529 0.16782209223429764289
83.924240570015797402 0.17108060277829556517
84.420833709483247276 0.17506156665866431932
84.917426848950697149 0.16782257086917573563
85.414019988418147022 0.16907057096204777813
85.910613127885596896 0.16266339500487572711
86.407206267353046769 0.17524074565073793908
86.903799406820496642 0.17320813878715299317
87.400392546287946516 0.17245787114006883023
87.896985685755396389 0.17764582757866381746
88.393578825222846262 0.18400008191960556814
88.890171964690296136 0.18495023902825480366
89.386765104157746009 0.19129526957658696262
89.883358243625195882 0.19903320493411724712
90.379951383092645756 0.20300999555311233236
90.876544522560095629 0.21029171827729309374
91.373137662027545502 0.21635386409832629839
91.869730801494995376 0.21375259508646346496
92.366323940962445249 0.21875642127670064108
92.862917080429895123 0.23145439807720397107
93.359510219897344996 0.22999119668360437641
93.856103359364794869 0.24062951172480745443
94.352696498832244743 0.24975941676902330135
94.849289638299694616 0.26135302616362460215
95.345882777767144489 0.26635191102415067821
95.842475917234594363 0.26939264670202262009
96.339069056702044236 0.27948270519163576076
96.835662196169494109 0.28633929004586000655
97.332255335636943983 0.30273615260945629934
97.828848475104393856 0.3044083973848925595
98.325441614571843729 0.31984526342767388707
98.822034754039293603 0.33190046571461395697
99.318627893506743476 0.34076401399570199757
