0.50000000000000022204 2.1500418826977218956
1.0000000000000006661 -1.6054830321294708551
1.5000000000000011102 -2.4529849979267130955
2.0000000000000013323 0.99457382143043160383
2.4999999999999906741 2.6161746627949487021
2.999999999999980016 -0.24282590252648555973
3.4999999999999693578 -2.6523115934827270479
3.9999999999999586997 -0.56510103926023957932
4.4999999999999484857 2.5657417126382302541
4.9999999999999378275 1.2602349980191180912
5.4999999999999271694 -2.3470574755533784028
5.9999999999999165112 -1.8148785031493064324
6.4999999999999058531 1.9851020195680406655
6.9999999999998951949 2.2301040012965867021
7.4999999999998845368 -1.4813483656294135216
7.9999999999998738787 -2.5010069212728369692
8.4999999999998632205 0.83911953911241943249
8.9999999999998525624 2.6348446552894131401
9.4999999999998419042 -0.060538612380203526975
9.9999999999998312461 -2.643796568986262141
10.499999999999820588 -0.732501194514657894
10.99999999999980993 2.528961241504429136
11.499999999999799272 1.3956742271422530877
11.999999999999788614 -2.2789990548397556225
12.499999999999777955 -1.9197104000968114867
12.999999999999767297 1.8848701010032316017
13.499999999999756639 2.3029323224744886467
13.999999999999745981 -1.3504269581079020313
14.499999999999735323 -2.5422028905547553457
14.999999999999724665 0.67641035515639713616
15.499999999999714007 2.6473684721009225207
15.999999999999703348 0.12273187182378514359
16.499999999999779732 -2.6291958762070439803
16.999999999999857891 -0.89275287466409602999
17.499999999999936051 2.4854644369028409123
18.000000000000014211 1.5242847132420982437
18.500000000000092371 -2.2037121947481939088
19.00000000000017053 -2.0175570169670944409
19.50000000000024869 1.7776885780760238731
20.00000000000032685 2.3685435143196471586
20.500000000000405009 -1.2126444528022370939
21.000000000000483169 -2.576740080602892391
21.500000000000561329 0.50667453902910586372
22.000000000000639488 2.6538311648512902252
22.500000000000717648 0.30403560816323077498
23.000000000000795808 -2.6084121706348395442
23.500000000000873968 -1.0457446589067083131
24.000000000000952127 2.43508705998154662
24.500000000001030287 1.6461187889791291106
25.000000000001108447 -2.121197314713219928
25.500000000001186606 -2.1083163552842001387
26.000000000001264766 1.6636514882769435353
26.500000000001342926 2.4270016150557363055
27.000000000001421085 -1.0678719965230591971
27.500000000001499245 -2.6047872146741393173
28.000000000001577405 0.33065620898714792597
28.500000000001655565 2.654277643628317751
29.000000000001733724 0.48087928252443296051
29.500000000001811884 -2.5813160940097090723
30.000000000001890044 -1.1915695956911469544
30.500000000001968203 2.3776839555176785268
31.000000000002046363 1.7611684244521499387
31.500000000002124523 -2.0314994694115484641
32.000000000002202682 -2.1919028129824758011
32.500000000002103206 1.5428241248409142461
33.000000000002003731 2.4784149036590159554
33.500000000001904255 -0.91595407708786402701
34.000000000001804779 -2.6265003356499465603
34.500000000001705303 0.14987621984494908789
35.000000000001605827 2.6487111723988268075
35.500000000001506351 0.65161234176976712273
36.000000000001406875 -2.5477541627394972856
36.500000000001307399 -1.3303819104378651339
37.000000000001207923 2.3131412684333962915
37.500000000001108447 1.8693744563007828052
38.000000000001008971 -1.9347002127491328416
38.500000000000909495 -2.2682654057973459238
39.000000000000810019 1.4152226479086040811
39.500000000000710543 2.5229243691048828246
40.000000000000611067 -0.75678173731851861028
40.500000000000511591 -2.6420131878431849515
41.000000000000412115 -0.03328478231348885874
41.500000000000312639 2.6370927985444096997
42.000000000000213163 0.81538994471226122762
42.500000000000113687 -2.5075587857907621903
43.000000000000014211 -1.4623169838900849093
43.499999999999914735 2.2413880845063638425
43.999999999999815259 1.9706461352112909502
44.499999999999715783 -1.8308999785726287612
44.999999999999616307 -2.3373963857523443188
45.499999999999516831 1.2808044086090233371
45.999999999999417355 2.5606925363459112077
46.499999999999317879 -0.59042342779440026845
46.999999999999218403 -2.6514281499646914497
47.499999999999118927 -0.21590358471829634857
47.999999999999019451 2.6193432098986435541
48.499999999998919975 0.97192411185599669743
48.999999999998820499 -2.4605618212005011536
49.499999999998721023 -1.5874584220479015517
49.999999999998621547 2.1624003402192721879
50.499999999998522071 2.0648790717206519929
50.999999999998422595 -1.7202009646150098199
51.499999999998323119 -2.3993372363610632192
51.999999999998223643 1.139464899320724145
52.499999999998124167 2.5918890646113958987
52.999999999998024691 -0.41733679179264693282
53.499999999997925215 -2.6548099245226204346
53.999999999997825739 -0.3951871940058979682
54.499999999997726263 2.5953482703389365582
54.999999999997626787 1.1212317650984280348
55.499999999997527311 -2.4066065240376972589
55.999999999997427835 -1.7058261475352345382
56.499999999997328359 2.0762026574313581229
56.999999999997228883 2.1519777624947531436
57.499999999997129407 -1.6026847002610065118
57.999999999997029931 -2.4541755751022797938
58.499999999996930455 0.99105557485964301812
58.999999999996830979 2.6166774002829775725
59.499999999996731503 -0.23863677409183353673
59.999999999996632027 -2.6521827134965896278
60.499999999996532551 -0.5690559372460277654
60.999999999996433075 2.5649645947983708005
61.499999999996333599 1.2634497092454706202
61.999999999996234124 -2.3455627573981412404
62.499999999996134648 -1.8173846024035726909
62.999999999996035172 1.9828600876413817744
63.499999999995935696 2.2318725408978621338
63.99999999999583622 -1.4783932007907278905
64.499999999996092015 -2.5020375852749743295
64.99999999999634781 0.83543312361691179913
65.499999999996603606 2.6352038276056752863
65.999999999996859401 -0.056293769765288936835
66.499999999997115196 -2.6435275697583091592
66.999999999997370992 -0.73629447606342945942
67.499999999997626787 2.5280304930884112125
67.999999999997882583 1.3987297108099012721
68.499999999998138378 -2.2773373027614169928
68.999999999998394173 -1.9220559204077185544
69.499999999998649969 1.8824660225883214082
69.999999999998905764 2.3045333295250065575
70.49999999999916156 -1.3473139840525265587
70.999999999999417355 -2.5430774222345515767
71.49999999999967315 0.67255714773807095952
71.999999999999928946 2.6475864574015237629
72.500000000000184741 0.12696402270659573608
73.000000000000440536 -2.6287849114474095558
73.500000000000696332 -0.89637810958402530659
74.000000000000952127 2.4843761590163415676
74.500000000001207923 1.5271829273814037098
75.000000000001463718 -2.2018828410388846528
75.500000000001719513 -2.0197395102498001407
76.000000000001975309 1.7751247494695963081
76.500000000002231104 2.3699779563623430967
77.0000000000024869 -1.2093712301616210691
77.500000000002742695 -2.5774624229100111528
78.00000000000299849 0.50266486403659149662
78.500000000003254286 2.6539094605069180055
79.000000000003510081 0.3081897671730011723
79.500000000003765876 -2.6078565976928840264
80.000000000004021672 -1.0492024293726904816
80.500000000004277467 2.4338376000691850365
81.000000000004533263 1.648860176684445733
81.500000000004789058 -2.1192009447064239502
82.000000000005044853 -2.1103335979351567353
82.500000000005300649 1.6609298125785052491
83.000000000005556444 2.4282715290562109089
83.50000000000581224 -1.0644350373422732936
84.000000000006068035 -2.6053611597734982475
84.50000000000632383 0.3265156774184354016
85.000000000006579626 2.6542168184677592535
85.500000000006835421 0.48490717091786833537
86.000000000007091217 -2.5806125747865742426
86.500000000007347012 -1.1948631576133394994
87.000000000007602807 2.3762702960221857573
87.500000000007858603 1.7637521550699089001
88.000000000008114398 -2.0293375976645853243
88.500000000008370193 -2.193753177789743436
89.000000000008625989 1.5399455885495065832
89.500000000008881784 2.4795232184891338179
90.00000000000913758 -0.91234997835223841101
90.500000000009393375 -2.6269292879972434562
91.00000000000964917 0.14565052435817071874
91.500000000009904966 2.6485107787416333203
92.000000000010160761 0.65548599786017114344
92.500000000010416557 -2.5468989486482889184
93.000000000010672352 -1.3335148372284655327
93.500000000010928147 2.3115612377268472954
94.000000000011183943 1.8717987061569365537
94.500000000011439738 -1.9323750186474193402
95.000000000011695533 -2.2699481841755542177
95.500000000011951329 1.4121869774559117072
96.000000000012207124 2.5238746758037886586
96.50000000001246292 -0.75300938468062228459
97.000000000012718715 -2.6422998817593472687
97.50000000001297451 -0.037531890560717817706
98.000000000013230306 2.6367514602405615065
98.500000000013486101 0.81909750044294349358
99.000000000013741897 -2.5065479268520247658
99.500000000013997692 -1.4652918654961537559
100.00000000001425349 2.2396405837668060812
