0.47085598221087715531 0.0067500555423561413651
0.94171196442175431063 0.014583722846150061828
1.4125679466326319655 0.026566299739688693793
1.8834239288435097315 0.042152930508670999332
2.3542799110543866092 0.062430689401827596519
2.8251358932652630429 0.063464016886279908669
3.2959918754761394766 0.089581499952708920631
3.7668478576870159102 0.11225966159598507743
4.2377038398978923439 0.11574543122629056546
4.7085598221087687776 0.13551978729189570472
5.1794158043196452113 0.14325841685786769308
5.6502717865305216449 0.15057364655578850399
6.1211277687413980786 0.14765602077179543206
6.5919837509522745123 0.18934852009957359176
7.0628397331631509459 0.19854340889385599378
7.5336957153740273796 0.19036642519931426532
8.0045516975849047014 0.19986095321221236665
8.4754076797957864642 0.21114004736664110373
8.9462636620066682269 0.20226131034870017955
9.4171196442175499897 0.2060239089856714112
9.8879756264284317524 0.25128854371910674947
10.358831608639313515 0.27805997332989995652
10.829687590850195278 0.29680661416301318267
11.300543573061077041 0.33281320087704746591
11.771399555271958803 0.37958511275562334397
12.242255537482840566 0.39498020124696653355
12.713111519693722329 0.36585159407735357018
13.183967501904604092 0.35388296581216865944
13.654823484115485854 0.36274419176167266299
14.125679466326367617 0.42036995876102478675
14.59653544853724938 0.44066896685779788356
15.067391430748131143 0.47261888919217553973
15.538247412959012905 0.46889906654019120058
16.009103395169894668 0.46915375315049762106
16.479959377380765773 0.46142314493641689577
16.950815359591636877 0.496950399937255205
17.421671341802507982 0.51332775209297099028
17.892527324013379086 0.52549772694365171066
18.363383306224250191 0.49718674749042673922
18.834239288435121296 0.52048085648837538741
19.3050952706459924 0.55114670586868030888
19.775951252856863505 0.54187389667027996421
20.246807235067734609 0.55093078970526798699
20.717663217278605714 0.54392552026663520959
21.188519199489476819 0.56784944117505253836
21.659375181700347923 0.59352263653296211121
22.130231163911219028 0.56701220324446854892
22.601087146122090132 0.60594864681877913526
23.071943128332961237 0.67100517652972901939
23.542799110543832342 0.68669792390565354001
24.013655092754703446 0.64879087284645076128
24.484511074965574551 0.67664405373135227961
24.955367057176445655 0.6996307265489706273
25.42622303938731676 0.74109818728642351537
25.897079021598187865 0.70663007978871905657
26.367935003809058969 0.73439196983835142163
26.838790986019930074 0.75622295908148473575
27.309646968230801178 0.78673869524694606259
27.780502950441672283 0.76385331704651548979
28.251358932652543388 0.73959136013497883688
28.722214914863414492 0.80832878369316896183
29.193070897074285597 0.81945088672337251801
29.663926879285156701 0.75234710114124991875
30.134782861496027806 0.76525670417822788671
30.605638843706898911 0.79783352916005312316
31.076494825917770015 0.76549078651992397138
31.54735080812864112 0.82828245449005954981
32.018206790339512224 0.83015723390588036512
32.489062772550404645 0.84902835312802926726
32.959918754761297066 0.80650366736252621092
33.430774736972189487 0.80710690406663831986
33.901630719183081908 0.86503268345287553931
34.372486701393974329 0.91469212172049918497
34.84334268360486675 0.87222513277865132419
35.314198665815759171 0.95109497578304247334
35.785054648026651591 0.96150062967039129358
36.255910630237544012 0.92774288022994588765
36.726766612448436433 0.98576602169545624044
37.197622594659328854 0.95435621297289241483
37.668478576870221275 0.92438515638072293878
38.139334559081113696 0.90580281129440676224
38.610190541292006117 0.95121579209097240071
39.081046523502898538 0.95578860204306337334
39.551902505713790958 0.9634787547491610038
40.022758487924683379 1.0212287342555637082
40.4936144701355758 1.0508589956288452161
40.964470452346468221 1.0752197651851573834
41.435326434557360642 1.0958698085568756575
41.906182416768253063 1.1332794243275812196
42.377038398979145484 1.1499432318631583883
42.847894381190037905 1.1772960499710027893
43.318750363400930325 1.2026472042962588205
43.789606345611822746 1.239654202114072401
44.260462327822715167 1.2117020470686212796
44.731318310033607588 1.2359720013002521988
45.202174292244500009 1.2121019822352923079
45.67303027445539243 1.2015305366228588024
46.143886256666284851 1.2549643548103370794
46.614742238877177272 1.205963535023529154
47.085598221088069693 1.2158004479904707118
47.556454203298962113 1.1769318737389089513
48.027310185509854534 1.1956305759073821982
48.498166167720746955 1.2597878417918573213
48.969022149931639376 1.2743712094941517243
49.439878132142531797 1.3605588611936554333
49.910734114353424218 1.363246504290256178
50.381590096564316639 1.3713415612220500872
50.85244607877520906 1.3859540406168988635
51.32330206098610148 1.3922426970258447998
51.794158043196993901 1.3990109536210011409
52.265014025407886322 1.3729190984053247782
52.735870007618778743 1.3486659605752320257
53.206725989829671164 1.3040626213439034942
53.677581972040563585 1.4092887304804375681
54.148437954251456006 1.4566722083374319396
54.619293936462348427 1.501691103020198037
55.090149918673240848 1.5392843977283094947
55.561005900884133268 1.4978540352641529498
56.031861883095025689 1.6005337536209289784
56.50271786530591811 1.5926679761428803594
56.973573847516810531 1.6487613894483663657
57.444429829727702952 1.6307318134404491516
57.915285811938595373 1.6948538387407108274
58.386141794149487794 1.7099453710172605181
58.856997776360380215 1.7028997840280168941
59.327853758571272635 1.5825027473953912072
59.798709740782165056 1.5695201278349653062
60.269565722993057477 1.6232058712686174839
60.740421705203949898 1.605028880170322747
61.211277687414842319 1.6398640177044716548
61.68213366962573474 1.639458435549929094
62.152989651836627161 1.6801318762446169064
62.623845634047519582 1.6674122818747338926
63.094701616258412002 1.6628972744627306124
63.565557598469304423 1.7027090620709517399
64.036413580680189739 1.6864448529398017307
64.507269562891039527 1.6801731516918636533
64.978125545101889315 1.6831884298426051938
65.448981527312739104 1.657324095396075947
65.919837509523588892 1.7323952122900472261
66.39069349173443868 1.7736088981419482202
66.861549473945288469 1.7128119012821481082
67.332405456156138257 1.6949286613190761575
67.803261438366988045 1.7562611428462053809
68.274117420577837834 1.7649281084207049108
68.744973402788687622 1.8108496398996054566
69.21582938499953741 1.9114185266926353446
69.686685367210387199 1.9785787688879028501
70.157541349421236987 1.9667630129378181891
70.628397331632086775 1.9523572181050303787
71.099253313842936564 1.9078798436403479055
71.570109296053786352 1.93965380605781057
72.04096527826463614 2.0050534823173333798
72.511821260475485929 2.0191298182504886505
72.982677242686335717 2.0761793624505413547
73.453533224897185505 2.1440974144983480087
73.924389207108035293 2.2314153034366706052
74.395245189318885082 2.2702900232231182365
74.86610117152973487 2.2402553197905086257
75.336957153740584658 2.274029678372890384
75.807813135951434447 2.3257364142778302885
76.278669118162284235 2.344715723092283266
76.749525100373134023 2.4185096225393762914
77.220381082583983812 2.3982358153097425024
77.6912370647948336 2.4710657834663538601
78.162093047005683388 2.5199834578710276212
78.632949029216533177 2.5336544519355124194
79.103805011427382965 2.636868793633112773
79.574660993638232753 2.5764430980119472636
80.045516975849082542 2.6301303605473682623
80.51637295805993233 2.6661243990320273589
80.987228940270782118 2.6021331993319858356
81.458084922481631907 2.6520072785212396305
81.928940904692481695 2.7071858838144153836
82.399796886903331483 2.712381667999291146
82.870652869114181271 2.6178014157081661573
83.34150885132503106 2.617268067470829962
83.812364833535880848 2.6830793234684775506
84.283220815746730636 2.6839342123835261411
84.754076797957580425 2.6340051158579629309
85.224932780168430213 2.6415727476854033995
85.695788762379280001 2.7297740070388281097
86.16664474459012979 2.6467214316274354502
86.637500726800979578 2.6496584707649932788
87.108356709011829366 2.6983430362953040316
87.579212691222679155 2.6919011422521212928
88.050068673433528943 2.672857812861596738
88.520924655644378731 2.621844615685766211
88.99178063785522852 2.6308310069839087042
89.462636620066078308 2.5657934482631636897
89.933492602276928096 2.6213363899115353917
90.404348584487777885 2.694021776772960397
90.875204566698627673 2.7088296319186460082
91.346060548909477461 2.7661170820505223134
91.816916531120327249 2.6492211716088385209
92.287772513331177038 2.6882704267028101341
92.758628495542026826 2.7147439206998900119
93.229484477752876614 2.7657551091533418841
93.700340459963726403 2.6947478556093291679
94.171196442174576191 2.7646068710865097096
