0.47999999999999998224 0
0.96000000000000040856 0
1.4400000000000008349 0
1.9200000000000012612 0
2.4000000000000016875 0
2.8800000000000021139 0
3.3600000000000025402 0
3.8400000000000029665 0
4.3200000000000011724 0
4.799999999999998046 0
5.2799999999999949196 0
5.7599999999999917932 0
6.2399999999999886668 0
6.7199999999999855405 0
7.1999999999999824141 0
7.6799999999999792877 0
8.1599999999999788258 0
8.6399999999999828049 0
9.1199999999999867839 0
9.5999999999999907629 0
10.079999999999994742 0
10.559999999999998721 0
11.0400000000000027 0
11.520000000000006679 0
12.000000000000010658 0
12.480000000000014637 0
12.960000000000018616 0
13.440000000000022595 0
13.920000000000026574 0
14.400000000000030553 0
14.880000000000034532 0
15.360000000000038511 0
15.84000000000004249 0
16.320000000000035811 0
16.80000000000002558 0
17.280000000000015348 0
17.760000000000005116 0
18.239999999999994884 0
18.719999999999984652 0
19.19999999999997442 0
19.679999999999964189 0
20.159999999999953957 0
20.639999999999943725 0
21.119999999999933493 0
21.599999999999923261 0
22.07999999999991303 0
22.559999999999902798 0
23.039999999999892566 0
23.519999999999882334 0
23.999999999999872102 0
24.47999999999986187 0
24.959999999999851639 0
25.439999999999841407 0
25.919999999999831175 0
26.399999999999820943 0
26.879999999999810711 0
27.35999999999980048 0
27.839999999999790248 0
28.319999999999780016 0
28.799999999999769784 0
29.279999999999759552 0
29.759999999999749321 0
30.239999999999739089 0
30.719999999999728857 0
31.199999999999718625 0
31.679999999999708393 0
32.159999999999705267 0
32.639999999999723457 0
33.119999999999741647 0
33.599999999999759837 0
34.079999999999778026 0
34.559999999999796216 0
35.039999999999814406 0
35.519999999999832596 0
35.999999999999850786 0
36.479999999999868976 0
36.959999999999887166 0
37.439999999999905356 0
37.919999999999923546 0
38.399999999999941735 0
38.879999999999959925 0
39.359999999999978115 0
39.839999999999996305 0
40.320000000000014495 0
40.800000000000032685 0
41.280000000000050875 0
41.760000000000069065 0
42.240000000000087255 0
42.720000000000105445 0
43.200000000000123634 0
43.680000000000141824 0
44.160000000000160014 0
44.640000000000178204 0
45.120000000000196394 0
45.600000000000214584 0
46.080000000000232774 0
46.560000000000250964 0
47.040000000000269154 0
47.520000000000287343 0
48.000000000000305533 0
48.480000000000323723 0
48.960000000000341913 0
49.440000000000360103 0
49.920000000000378293 0
50.400000000000396483 0
50.880000000000414673 0
51.360000000000432863 0
51.840000000000451053 0
52.320000000000469242 0
52.800000000000487432 0
53.280000000000505622 0
53.760000000000523812 0
54.240000000000542002 0
54.720000000000560192 0
55.200000000000578382 0
55.680000000000596572 0
56.160000000000614762 0
56.640000000000632951 0
57.120000000000651141 0
57.600000000000669331 0
58.080000000000687521 0
58.560000000000705711 0
59.040000000000723901 0
59.520000000000742091 0
60.000000000000760281 0
60.480000000000778471 0
60.960000000000796661 0
61.44000000000081485 0
61.92000000000083304 0
62.40000000000085123 0
62.88000000000086942 0
63.36000000000088761 0
63.8400000000009058 0
64.320000000000916884 0
64.800000000000935074 0
65.280000000000953264 0
65.760000000000971454 0
66.240000000000989644 0
66.720000000001007834 0
67.200000000001026024 0
67.680000000001044214 0
68.160000000001062403 0
68.640000000001080593 0
69.120000000001098783 0
69.600000000001116973 0
70.080000000001135163 0
70.560000000001153353 0
71.040000000001171543 0
71.520000000001189733 0
72.000000000001207923 0
72.480000000001226113 0
72.960000000001244302 0
73.440000000001262492 0
73.920000000001280682 0
74.400000000001298872 0
74.880000000001317062 0
75.360000000001335252 0
75.840000000001353442 0
76.320000000001371632 0
76.800000000001389822 0
77.280000000001408011 0
77.760000000001426201 0
78.240000000001444391 0
78.720000000001462581 0
79.200000000001480771 0
79.680000000001498961 0
80.160000000001517151 0
80.640000000001535341 0
81.120000000001553531 0
81.600000000001571721 0
82.08000000000158991 0
82.5600000000016081 0
83.04000000000162629 0
83.52000000000164448 0
84.00000000000166267 0
84.48000000000168086 0
84.96000000000169905 0
85.44000000000171724 0
85.92000000000173543 0
86.400000000001753619 0
86.880000000001771809 0
87.360000000001789999 0
87.840000000001808189 0
88.320000000001826379 0
88.800000000001844569 0
89.280000000001862759 0
89.760000000001880949 0
90.240000000001899139 0
90.720000000001917329 0
91.200000000001935518 0
91.680000000001953708 0
92.160000000001971898 0
92.640000000001990088 0
93.120000000002008278 0
93.600000000002026468 0
94.080000000002044658 0
94.560000000002062848 0
95.040000000002081038 0
95.520000000002099227 0
96.000000000002117417 0
