0.49267856885282068635 0.0083884893373808808864
0.98535713770564126168 0.017139583991923560552
1.478035706558461948 0.024043678410704438092
1.9707142754112825234 0.031329332226175787834
2.4633928442641033207 0.035329968258051312746
2.9560714131169238961 0.040428223818320965788
3.4487499819697444714 0.045520637600764662922
3.9414285508225650467 0.047156484563195384674
4.4341071196753887307 0.04568757394726690596
4.9267856885282128587 0.076416306424571728284
5.4194642573810369868 0.082064527553755206579
5.9121428262338611148 0.082411131449857108477
6.4048213950866852429 0.10348196817809089676
6.8974999639395093709 0.11094033211147358298
7.3901785327923334989 0.11599318852022322268
7.882857101645157627 0.10688660177877834512
8.375535670497981755 0.1175691660586585946
8.8682142393508058831 0.12443020348510400175
9.3608928082036300111 0.12375063364452509873
9.8535713770564541392 0.13691197378825742392
10.346249945909278267 0.12947453203245853914
10.838928514762102395 0.12104058642239823307
11.331607083614926523 0.14457793640589389206
11.824285652467750651 0.15885920621076618509
12.316964221320574779 0.14035652503866216656
12.809642790173398907 0.1564785874404758248
13.302321359026223035 0.16164910759377260074
13.794999927879047164 0.14556100012712663849
14.287678496731871292 0.17438045875729368817
14.78035706558469542 0.14137540881242566249
15.273035634437519548 0.15179298135487301336
15.765714203290343676 0.16263317313268227382
16.258392772143167804 0.186231630374480428
16.751071340995991932 0.20835377453077688625
17.24374990984881606 0.20908874901195259599
17.736428478701640188 0.22619071137535676219
18.229107047554464316 0.21589477361028344693
18.721785616407288444 0.21076434957615286514
19.214464185260112572 0.21486595157304436143
19.7071427541129367 0.22160715142732737015
20.199821322965760828 0.24099226199607234888
20.692499891818584956 0.23773542692909427343
21.185178460671409084 0.24739153878543412857
21.677857029524233212 0.27457091781275017039
22.17053559837705734 0.28803843432133718894
22.663214167229881468 0.30476012885253628282
23.155892736082705596 0.28956068289341929667
23.648571304935529724 0.2994667503083043858
24.141249873788353852 0.29224077400551956574
24.63392844264117798 0.28118805033446825359
25.126607011494002109 0.29497970956586683222
25.619285580346826237 0.30562171885799482851
26.111964149199650365 0.29470396603713910899
26.604642718052474493 0.27294196965965689117
27.097321286905298621 0.28479633380261071274
27.589999855758122749 0.3253554626573423314
28.082678424610946877 0.34968819155636859941
28.575356993463771005 0.36793315250914132575
29.068035562316595133 0.36608518379556753697
29.560714131169419261 0.3642035989367566895
30.053392700022243389 0.38884715505245337486
30.546071268875067517 0.44180472370334261667
31.038749837727891645 0.42504590867120040087
31.531428406580715773 0.39763788847649211844
32.024106975433539901 0.45977925650473117081
32.516785544286335607 0.45027852656296807332
33.009464113139131314 0.42578927197226423829
33.50214268199192702 0.43952093332193309383
33.994821250844722726 0.46947946402369739038
34.487499819697518433 0.46998260691553594981
34.980178388550314139 0.49846709322595533775
35.472856957403109845 0.50033335263257205927
35.965535526255905552 0.56895327403957562939
36.458214095108701258 0.57520269470845475368
36.950892663961496964 0.57085574459796772917
37.443571232814292671 0.59699203547543311377
37.936249801667088377 0.61461242757302703144
38.428928370519884083 0.61473557053420957441
38.92160693937267979 0.62051721213781541042
39.414285508225475496 0.63299250440473375789
39.906964077078271202 0.62173994190374859414
40.399642645931066909 0.63039447325046749082
40.892321214783862615 0.61644933685132696777
41.384999783636658321 0.66029654070739374205
41.877678352489454028 0.67432216292077540309
42.370356921342249734 0.68088642954295031107
42.86303549019504544 0.70318171710196231139
43.355714059047841147 0.74245343724873791302
43.848392627900636853 0.69075968285585054307
44.341071196753432559 0.65424331447889350066
44.833749765606228266 0.64496848593462630106
45.326428334459023972 0.64863590944018589823
45.819106903311819678 0.66161806240360698794
46.311785472164615385 0.63703821910673308349
46.804464041017411091 0.66024051595180521801
47.297142609870206797 0.66728571806046954595
47.789821178723002504 0.65535171605618158797
48.28249974757579821 0.64063361191057266453
48.775178316428593916 0.7117806673440518761
49.267856885281389623 0.70970739214670208739
49.760535454134185329 0.7271690168733917492
50.253214022986981036 0.75442454810550951816
50.745892591839776742 0.79294937876846260938
51.238571160692572448 0.78126602474710526991
51.731249729545368155 0.79473968308125042537
52.223928298398163861 0.79526308421968272544
52.716606867250959567 0.83051616688660589993
53.209285436103755274 0.84285239187246807635
53.70196400495655098 0.85447475462756505848
54.194642573809346686 0.91284578251581272035
54.687321142662142393 0.91519613758680462556
55.179999711514938099 0.94258087989120209471
55.672678280367733805 1.0233635029881118506
56.165356849220529512 1.0728681432524251882
56.658035418073325218 1.0926953324052861571
57.150713986926120924 1.119549852950987745
57.643392555778916631 1.1032407707967066823
58.136071124631712337 1.075995906322230633
58.628749693484508043 1.0606806392985530518
59.12142826233730375 1.0795405767657098028
59.614106831190099456 1.0831429913854786484
60.106785400042895162 1.1372774660775761824
60.599463968895690869 1.1519060071720053084
61.092142537748486575 1.1858117187347299026
61.584821106601282281 1.2703276286658100602
62.077499675454077988 1.3096973591098473033
62.570178244306873694 1.3200305545863333379
63.0628568131596694 1.3785936975304580177
63.555535382012465107 1.4153209713156496008
64.048213950865260813 1.4178080248133291263
64.540892519718113363 1.5043449379325775084
65.033571088570965912 1.5876047457851965028
65.526249657423818462 1.6124188664875152011
66.018928226276671012 1.6105986575144393136
66.511606795129523562 1.5891281204254523729
67.004285363982376111 1.5629417743014160092
67.496963932835228661 1.5486799918261651143
67.989642501688081211 1.5619466494959737268
68.482321070540933761 1.6017739216908879474
68.97499963939378631 1.5033664708233898111
69.46767820824663886 1.5235653314613570863
69.96035677709949141 1.5618877088726381697
70.45303534595234396 1.583292751909001872
70.945713914805196509 1.5349014014365311986
71.438392483658049059 1.5008167498076920854
71.931071052510901609 1.4279129536787111832
72.423749621363754159 1.4125226872987248772
72.916428190216606708 1.4306677884758358665
73.409106759069459258 1.3304668007180704414
73.901785327922311808 1.3565954108170790171
74.394463896775164358 1.3537001290061310144
74.887142465628016907 1.364695205142581802
75.379821034480869457 1.3418929766066405307
75.872499603333722007 1.3217690142158300404
76.365178172186574557 1.287845014710510938
76.857856741039427106 1.2305776673380399711
77.350535309892279656 1.2621348430880607872
77.843213878745132206 1.262906852394336088
78.335892447597984756 1.2816781932685499257
78.828571016450837305 1.2837203320178127708
79.321249585303689855 1.3171642657269735377
79.813928154156542405 1.3203768672682474339
80.306606723009394955 1.3118320592301677685
80.799285291862247504 1.2997346614823399591
81.291963860715100054 1.3228041213440988599
81.784642429567952604 1.282253006109046245
82.277320998420805154 1.3629673263168233799
82.769999567273657703 1.3588593510807573939
83.262678136126510253 1.3545407494164292128
83.755356704979362803 1.2892838980108363156
84.248035273832215353 1.2802182162000153021
84.740713842685067902 1.2350561607600192282
85.233392411537920452 1.2485490108307586432
85.726070980390773002 1.2874972527803441036
86.218749549243625552 1.273185416864632824
86.711428118096478102 1.3129270393523768679
87.204106686949330651 1.3141692744128077308
87.696785255802183201 1.3357596070574502267
88.189463824655035751 1.319140574404784827
88.682142393507888301 1.3854470085543624247
89.17482096236074085 1.3326219638515932608
89.6674995312135934 1.3094294859878883308
90.16017810006644595 1.2977128903246621938
90.6528566689192985 1.3840517299909091964
91.145535237772151049 1.4036229840358995791
91.638213806625003599 1.4164126756842680965
92.130892375477856149 1.4640195600696388478
92.623570944330708699 1.3995164989487047791
93.116249513183561248 1.4132220956547789648
93.608928082036413798 1.4285488755413762174
94.101606650889266348 1.5117498337282984089
94.594285219742118898 1.4778788651780172536
95.086963788594971447 1.4978319738414953566
95.579642357447823997 1.5282200032346000551
96.072320926300676547 1.5729181439273063337
96.564999495153529097 1.6526218526271896359
97.057678064006381646 1.6611357084798910044
97.550356632859234196 1.7007010455995836828
98.043035201712086746 1.7274525964328519834
98.535713770564939296 1.7329394368295285567
