0.44293339520504149132 0.01024670808429057299
0.88586679041008276059 0.016091242286220507757
1.3288001856151243629 0.032515729261834054598
1.7717335808201661873 0.045278558811487255864
2.2146669760252075676 0.079937717862234511368
2.6576003712302482818 0.095101461073860124595
3.1005337664352889959 0.09872660207443850755
3.5434671616403297101 0.095816904821826087701
3.9864005568453704242 0.1110640428125379553
4.4293339520504133588 0.12237240583655750736
4.8722673472554562935 0.14478433853889352556
5.3152007424604992281 0.17928914631361078658
5.7581341376655421627 0.1962400386359672011
6.2010675328705850973 0.21154916073653343145
6.6440009280756280319 0.19868840985702826418
7.0869343232806709665 0.20957028468188015902
7.5298677184857139011 0.22252459144695621585
7.9728011136907568357 0.24755866944558635456
8.4157345088957953294 0.26580232937109282698
8.8586679041008338231 0.27189013305104542395
9.3016012993058723168 0.26849313215779402331
9.7445346945109108105 0.24126988533372828449
10.187468089715949304 0.28892885258123401915
10.630401484920987798 0.30999846384787149711
11.073334880126026292 0.31556424021078005593
11.516268275331064785 0.31656419557082526861
11.959201670536103279 0.29924402477238298825
12.402135065741141773 0.31402647523960852682
12.845068460946180267 0.32750270205397641332
13.28800185615121876 0.33953574431818250856
13.730935251356257254 0.36836815116005605653
14.173868646561295748 0.37259767160802198527
14.616802041766334241 0.36468752878972510167
15.059735436971372735 0.40623752118176043036
15.502668832176411229 0.39491867243995348868
15.945602227381449723 0.41556975899221249016
16.388535622586488216 0.40393689901048029922
16.83146901779152671 0.35241553281251458696
17.274402412996565204 0.3476656324658338737
17.717335808201603697 0.36480339016380869399
18.160269203406642191 0.37025401621076214909
18.603202598611680685 0.35436784406910637468
19.046135993816719179 0.33631865479077427405
19.489069389021757672 0.34521688374054787518
19.932002784226796166 0.34154745243999129478
20.37493617943183466 0.32397598320769205316
20.817869574636873153 0.3026901573264042522
21.260802969841911647 0.31242955280205109148
21.703736365046950141 0.30680642843420402599
22.146669760251988635 0.33241155634675667585
22.589603155457027128 0.35268234051688063246
23.032536550662065622 0.36060221192838509685
23.475469945867104116 0.38815681364164750233
23.918403341072142609 0.44421844097157131559
24.361336736277181103 0.45976798054452122644
24.804270131482219597 0.47016891174165426071
25.247203526687258091 0.51058385814713569406
25.690136921892296584 0.53533479773869152574
26.133070317097335078 0.54707206738150770953
26.576003712302373572 0.51931308180518631623
27.018937107507412065 0.555270077732078704
27.461870502712450559 0.58763922888682040835
27.904803897917489053 0.55107044376621305837
28.347737293122527547 0.56808148886174614223
28.79067068832756604 0.56743507885728716733
29.233604083532604534 0.56721713028278375468
29.676537478737643028 0.57205303532010520762
30.119470873942681521 0.59836123933234031114
30.562404269147720015 0.63604548510965874808
31.005337664352758509 0.65891443977846586577
31.448271059557797003 0.66603681006563464351
31.891204454762835496 0.71698241218581437728
32.33413784996787399 0.70701442156086624635
32.777071245172912484 0.68152220173367517031
33.220004640377950977 0.66818581190763048916
33.662938035582989471 0.66411053955439725005
34.105871430788027965 0.65044464829772719039
34.548804825993066459 0.63591518889915132906
34.991738221198104952 0.67068503872320084369
35.434671616403143446 0.64089286380767429563
35.87760501160818194 0.66361297834646104654
36.320538406813220433 0.71335164411529883299
36.763471802018258927 0.75875834470812197896
37.206405197223297421 0.7422040642323753934
37.649338592428335915 0.74368544926151869401
38.092271987633374408 0.78435549722985986598
38.535205382838412902 0.76867187301758022056
38.978138778043451396 0.7019724850559679874
39.421072173248489889 0.70681046245085976665
39.864005568453528383 0.75150042867887256737
40.306938963658566877 0.78837254107580811979
40.749872358863605371 0.8462059239887286255
41.192805754068643864 0.83042324715391502288
41.635739149273682358 0.87105943622627302059
42.078672544478720852 0.88448767052355825591
42.521605939683759345 0.90486895968079894548
42.964539334888797839 0.89138265447224740434
43.407472730093836333 0.92219826107848978936
43.850406125298874827 1.0251616960044436233
44.29333952050391332 1.0120730402339777054
44.736272915708951814 1.0047405318828266374
45.179206310913990308 0.99510304082559053462
45.622139706119028801 0.9958814263128734634
46.065073101324067295 1.0024062156654782729
46.508006496529105789 0.9807242864025684792
46.950939891734144283 0.96876628120699259661
47.393873286939182776 0.98171364635146718403
47.83680668214422127 0.99681777634534651789
48.279740077349259764 1.0046014093490625019
48.722673472554298257 0.97261338034630562266
49.165606867759336751 0.99833182939965192659
49.608540262964375245 0.97996550138206750535
50.051473658169413739 1.0345507051833173762
50.494407053374452232 1.162920008337228861
50.937340448579490726 1.1813570744234045407
51.38027384378452922 1.1537945671740930109
51.823207238989567713 1.143982653853831799
52.266140634194606207 1.1719920525722600235
52.709074029399644701 1.1688155360978778052
53.152007424604683195 1.1982778480137650234
53.594940819809721688 1.2378544357924645691
54.037874215014760182 1.241922962700211519
54.480807610219798676 1.1870212919819138619
54.923741005424837169 1.147294328217363546
55.366674400629875663 1.156871270993131029
55.809607795834914157 1.2147605989710634766
56.25254119103995265 1.2699181567050201735
56.695474586244991144 1.1829676327824831805
57.138407981450029638 1.2343357820199094554
57.581341376655068132 1.2629044549916530471
58.024274771860106625 1.339832329637794972
58.467208167065145119 1.4217883812087297457
58.910141562270183613 1.446972713416029066
59.353074957475222106 1.4129581617595456944
59.7960083526802606 1.4208339378348944226
60.238941747885299094 1.3954258743047422975
60.681875143090337588 1.3800874897031358834
61.124808538295376081 1.437424876771668858
61.567741933500414575 1.4938011429788340401
62.010675328705453069 1.475760133363157367
62.453608723910491562 1.4617793815459287909
62.896542119115530056 1.5234189633664840802
63.33947551432056855 1.5254661221229592893
63.782408909525607044 1.5429301341900558686
64.225342304730659748 1.5094197331083025748
64.668275699935733769 1.5670190993925114942
65.11120909514080779 1.5920754930517624359
65.554142490345881811 1.6173780758902061017
65.997075885550955832 1.5603905105487971827
66.440009280756029852 1.6475429548565507787
66.882942675961103873 1.6719541407510862818
67.325876071166177894 1.6781874014622812918
67.768809466371251915 1.600130104697627953
68.211742861576325936 1.635815824001785046
68.654676256781399957 1.6820778488794483341
69.097609651986473978 1.6775026404384731915
69.540543047191547998 1.7368537173700220322
69.983476442396622019 1.7969462896382490946
70.42640983760169604 1.7415369113528693656
70.869343232806770061 1.7749315423388576374
71.312276628011844082 1.8352963538034090529
71.755210023216918103 1.7886925440352454686
72.198143418421992124 1.809435920463293046
72.641076813627066144 1.7658878884919337882
73.084010208832140165 1.7808482926393176538
73.526943604037214186 1.7595492082430932435
73.969876999242288207 1.7706763756626466844
74.412810394447362228 1.814284340971487941
74.855743789652436249 1.8722907327327704685
75.298677184857510269 1.8238830303029671676
75.74161058006258429 1.8066849168684906424
76.184543975267658311 1.7421044319227674269
76.627477370472732332 1.8283336760698478685
77.070410765677806353 1.862029227077525162
77.513344160882880374 2.0376690823901215666
77.956277556087954395 2.0289481912654689921
78.399210951293028415 2.019074967318159608
78.842144346498102436 2.0924811274700343411
79.285077741703176457 2.0451013888641687011
79.728011136908250478 2.0884743764150810463
80.170944532113324499 1.9418413980897284432
80.61387792731839852 2.0154364163364388851
81.056811322523472541 1.9828360597813752264
81.499744717728546561 2.0534913943403139136
81.942678112933620582 2.1105981261018542661
82.385611508138694603 2.0231234399405884083
82.828544903343768624 2.0216829613254612141
83.271478298548842645 2.0313324884654120339
83.714411693753916666 2.0107880067636614285
84.157345088958990686 2.0438530262563445739
84.600278484164064707 2.0353385828145684755
85.043211879369138728 1.9433576903943876601
85.486145274574212749 1.9627033281598129655
85.92907866977928677 2.0165755844345514269
86.372012064984360791 2.0212461803119006198
86.814945460189434812 2.038122495526867084
87.257878855394508832 1.9779418136241435633
87.700812250599582853 2.0035193927036472061
88.143745645804656874 2.1004548954057402632
88.586679041009730895 2.0435372916911362928
