0.47999999999999992673 0
0.96000000000000029754 0
1.4400000000000006128 0
1.9200000000000010392 0
2.4000000000000012434 0
2.8800000000000016698 0
3.3600000000000020961 0
3.8400000000000025224 0
4.3200000000000029488 0
4.8000000000000033751 0
5.2800000000000038014 0
5.7600000000000042277 0
6.2400000000000046541 0
6.7200000000000050804 0
7.2000000000000055067 0
7.680000000000005933 0
8.1600000000000019185 0
8.6399999999999916866 0
9.1199999999999814548 0
9.599999999999971223 0
10.079999999999960991 0
10.559999999999950759 0
11.039999999999940528 0
11.519999999999930296 0
11.999999999999920064 0
12.479999999999909832 0
12.9599999999998996 0
13.439999999999889368 0
13.919999999999879137 0
14.399999999999868905 0
14.879999999999858673 0
15.359999999999848441 0
15.839999999999838209 0
16.319999999999829754 0
16.799999999999819522 0
17.27999999999980929 0
17.759999999999799059 0
18.239999999999788827 0
18.719999999999778595 0
19.199999999999768363 0
19.679999999999758131 0
20.159999999999747899 0
20.639999999999737668 0
21.119999999999727436 0
21.599999999999717204 0
22.079999999999706972 0
22.55999999999969674 0
23.039999999999686509 0
23.519999999999676277 0
23.999999999999666045 0
24.479999999999655813 0
24.959999999999645581 0
25.439999999999635349 0
25.919999999999625118 0
26.399999999999614886 0
26.879999999999604654 0
27.359999999999594422 0
27.83999999999958419 0
28.319999999999573959 0
28.799999999999563727 0
29.279999999999553495 0
29.759999999999543263 0
30.239999999999533031 0
30.719999999999522799 0
31.199999999999512568 0
31.679999999999502336 0
32.159999999999492104 0
32.639999999999481872 0
33.11999999999947164 0
33.599999999999461409 0
34.079999999999451177 0
34.559999999999440945 0
35.039999999999430713 0
35.519999999999420481 0
35.99999999999941025 0
36.479999999999400018 0
36.959999999999389786 0
37.439999999999379554 0
37.919999999999369322 0
38.39999999999935909 0
38.879999999999348859 0
39.359999999999338627 0
39.839999999999328395 0
40.319999999999318163 0
40.799999999999307931 0
41.2799999999992977 0
41.759999999999287468 0
42.239999999999277236 0
42.719999999999267004 0
43.199999999999256772 0
43.67999999999924654 0
44.159999999999236309 0
44.639999999999226077 0
45.119999999999215845 0
45.599999999999205613 0
46.079999999999195381 0
46.55999999999918515 0
47.039999999999174918 0
47.519999999999164686 0
47.999999999999154454 0
48.479999999999144222 0
48.959999999999133991 0
49.439999999999123759 0
49.919999999999113527 0
50.399999999999103295 0
50.879999999999093063 0
51.359999999999082831 0
51.8399999999990726 0
52.319999999999062368 0
52.799999999999052136 0
53.279999999999041904 0
53.759999999999031672 0
54.239999999999021441 0
54.719999999999011209 0
55.199999999999000977 0
55.679999999998990745 0
56.159999999998980513 0
56.639999999998970281 0
57.11999999999896005 0
57.599999999998949818 0
58.079999999998939586 0
58.559999999998929354 0
59.039999999998919122 0
59.519999999998908891 0
59.999999999998898659 0
60.479999999998888427 0
60.959999999998878195 0
61.439999999998867963 0
61.919999999998857731 0
62.3999999999988475 0
62.879999999998837268 0
63.359999999998827036 0
63.839999999998816804 0
64.31999999999885631 0
64.799999999998931344 0
65.279999999999006377 0
65.75999999999908141 0
66.239999999999156444 0
66.719999999999231477 0
67.19999999999930651 0
67.679999999999381544 0
68.159999999999456577 0
68.63999999999953161 0
69.119999999999606644 0
69.599999999999681677 0
70.07999999999975671 0
70.559999999999831743 0
71.039999999999906777 0
71.51999999999998181 0
72.000000000000056843 0
72.480000000000131877 0
72.96000000000020691 0
73.440000000000281943 0
73.920000000000356977 0
74.40000000000043201 0
74.880000000000507043 0
75.360000000000582077 0
75.84000000000065711 0
76.320000000000732143 0
76.800000000000807177 0
77.28000000000088221 0
77.760000000000957243 0
78.240000000001032276 0
78.72000000000110731 0
79.200000000001182343 0
79.680000000001257376 0
80.16000000000133241 0
80.640000000001407443 0
81.120000000001482476 0
81.60000000000155751 0
82.080000000001632543 0
82.560000000001707576 0
83.04000000000178261 0
83.520000000001857643 0
84.000000000001932676 0
84.48000000000200771 0
84.960000000002082743 0
85.440000000002157776 0
85.920000000002232809 0
86.400000000002307843 0
86.880000000002382876 0
87.360000000002457909 0
87.840000000002532943 0
88.320000000002607976 0
88.800000000002683009 0
89.280000000002758043 0
89.760000000002833076 0
90.240000000002908109 0
90.720000000002983143 0
91.200000000003058176 0
91.680000000003133209 0
92.160000000003208243 0
92.640000000003283276 0
93.120000000003358309 0
93.600000000003433342 0
94.080000000003508376 0
94.560000000003583409 0
95.040000000003658442 0
95.520000000003733476 0
96.000000000003808509 0
