0.49992973099884213672 0
0.99985946199765263209 0
1.4997891929964630719 0
1.9997189239952735118 0
2.4996486549947491973 0
2.9995783859942251048 0
3.4995081169937010124 0
3.9994378479931769199 0
4.4993675789926523834 0
4.9992973099921282909 0
5.4992270409916041984 0
5.999156771991080106 0
6.4990865029905560135 0
6.9990162339900319211 0
7.4989459649895078286 0
7.9988756959889837361 0
8.4988054269884596437 0
8.9987351579879355512 0
9.4986648889874114587 0
9.9985946199868873663 0
10.498524350986363274 0
10.998454081985839181 0
11.498383812985315089 0
11.998313543984790996 0
12.498243274984266904 0
12.998173005983742812 0
13.498102736983218719 0
13.998032467982694627 0
14.497962198982170534 0
14.997891929981646442 0
15.497821660981122349 0
15.997751391980598257 0
16.497681122980072388 0
16.997610853979548295 0
17.497540584979024203 0
17.997470315978500111 0
18.497400046977976018 0
18.997329777977451926 0
19.497259508976927833 0
19.997189239976403741 0
20.497118970975879648 0
20.997048701975355556 0
21.496978432974831463 0
21.996908163974307371 0
22.496837894973783278 0
22.996767625973259186 0
23.496697356972735093 0
23.996627087972211001 0
24.496556818971686909 0
24.996486549971162816 0
25.496416280970638724 0
25.996346011970114631 0
26.496275742969590539 0
26.996205473969066446 0
27.496135204968542354 0
27.996064935968018261 0
28.495994666967494169 0
28.995924397966970076 0
29.495854128966445984 0
29.995783859965921891 0
30.495713590965397799 0
30.995643321964873707 0
31.495573052964349614 0
31.995502783963825522 0
32.495432514963297876 0
32.995362245962773784 0
33.495291976962249691 0
33.995221707961725599 0
34.495151438961201507 0
34.995081169960677414 0
35.495010900960153322 0
35.994940631959629229 0
36.494870362959105137 0
36.994800093958581044 0
37.494729824958056952 0
37.994659555957532859 0
38.494589286957008767 0
38.994519017956484674 0
39.494448748955960582 0
39.994378479955436489 0
40.494308210954912397 0
40.994237941954388305 0
41.494167672953864212 0
41.99409740395334012 0
42.494027134952816027 0
42.993956865952291935 0
43.493886596951767842 0
43.99381632795124375 0
44.493746058950719657 0
44.993675789950195565 0
45.493605520949671472 0
45.99353525194914738 0
46.493464982948623287 0
46.993394713948099195 0
47.493324444947575103 0
47.99325417594705101 0
48.493183906946526918 0
48.993113637946002825 0
49.493043368945478733 0
49.99297309994495464 0
50.492902830944430548 0
50.992832561943906455 0
51.492762292943382363 0
51.99269202394285827 0
52.492621754942334178 0
52.992551485941810085 0
53.492481216941285993 0
53.992410947940761901 0
54.492340678940237808 0
54.992270409939713716 0
55.492200140939189623 0
55.992129871938665531 0
56.492059602938141438 0
56.991989333937617346 0
57.491919064937093253 0
57.991848795936569161 0
58.491778526936045068 0
58.991708257935520976 0
59.491637988934996883 0
59.991567719934472791 0
60.491497450933948699 0
60.991427181933424606 0
61.491356912932900514 0
61.991286643932376421 0
62.491216374931852329 0
62.991146105931328236 0
63.491075836930804144 0
63.991005567930280051 0
64.490935298908837581 0
64.990865029887018522 0
65.490794760865199464 0
65.990724491843380406 0
66.490654222821561348 0
66.990583953799742289 0
67.490513684777923231 0
67.990443415756104173 0
68.490373146734285115 0
68.990302877712466056 0
69.490232608690646998 0
69.99016233966882794 0
70.490092070647008882 0
70.990021801625189823 0
71.489951532603370765 0
71.989881263581551707 0
72.489810994559732649 0
72.98974072553791359 0
73.489670456516094532 0
73.989600187494275474 0
74.489529918472456416 0
74.989459649450637357 0
75.489389380428818299 0
75.989319111406999241 0
76.489248842385180183 0
76.989178573363361124 0
77.489108304341542066 0
77.989038035319723008 0
78.48896776629790395 0
78.988897497276084891 0
79.488827228254265833 0
79.988756959232446775 0
80.488686690210627717 0
80.988616421188808658 0
81.4885461521669896 0
81.988475883145170542 0
82.488405614123351484 0
82.988335345101532425 0
83.488265076079713367 0
83.988194807057894309 0
84.488124538036075251 0
84.988054269014256192 0
85.487983999992437134 0
85.987913730970618076 0
86.487843461948799018 0
86.987773192926979959 0
87.487702923905160901 0
87.987632654883341843 0
88.487562385861522785 0
88.987492116839703726 0
89.487421847817884668 0
89.98735157879606561 0
90.487281309774246552 0
90.987211040752427493 0
91.487140771730608435 0
91.987070502708789377 0
92.487000233686970319 0
92.98692996466515126 0
93.486859695643332202 0
93.986789426621513144 0
94.486719157599694086 0
94.986648888577875027 0
95.486578619556055969 0
95.986508350534236911 0
96.486438081512417853 0
96.986367812490598794 0
97.486297543468779736 0
97.986227274446960678 0
98.48615700542514162 0
98.986086736403322561 0
99.486016467381503503 0
99.985946198359684445 0
