0.050000000000004041212 0.67753842676823428093
0.099999999999978148035 -4.0288068424921945621
0.14999999999998478439 -5.9396430565584967809
0.20000000000003478884 -9.9801209390998959492
0.25000000000008476553 -11.848337458278212608
0.30000000000013476997 -15.847825619747235137
0.35000000000018477442 -17.831375620909220459
0.40000000000023477886 -21.619020230238973568
0.45000000000028478331 -23.866483193941238738
0.50000000000033473224 -27.300520884140844657
0.55000000000038473669 -29.931412069815085175
0.60000000000043474113 -32.928486896295268593
0.65000000000048474558 -36.004920474218799598
0.70000000000053475002 -38.561973512982532952
0.75000000000058475447 -42.066176080695910855
0.80000000000063475891 -44.257484386855054481
0.85000000000068476336 -48.093777632461012672
0.9000000000007347678 -50.045860854803130735
0.95000000000078477225 -54.065331790980067694
1.0000000000008346657 -55.929540723843338412
1.0500000000008846701 -59.958884811807578785
1.1000000000009346746 -61.893458964500496222
1.150000000000984679 -65.758181081342613084
1.2000000000010346835 -67.915944667167124749
1.2500000000010846879 -71.463076343154327219
1.3000000000011346923 -73.974531680231805808
1.3500000000011846968 -77.101004140966040268
1.4000000000012347012 -80.047708955142255149
1.4500000000012847057 -82.726447416598276163
1.5000000000013347101 -86.114627418468813858
1.5500000000013847146 -88.399642099176759302
1.600000000001434719 -92.154135674070872142
1.6500000000014847235 -94.160031328766876868
1.7000000000015347279 -98.144091590952911019
1.7500000000015847323 -100.01738483366069943
1.8000000000016347368 -104.06208706883994353
1.8500000000016847412 -105.96036448563272359
1.9000000000017347457 -109.88938858803616938
1.9500000000017847501 -111.96836997148662363
2.0000000000018345325 -115.61992801032474176
2.0500000000004967582 -118.0188475182527128
2.0999999999991589839 -121.27245167909629231
2.1499999999978212095 -124.08998439332474106
2.1999999999964834352 -126.89500175087786715
2.2499999999951456608 -130.16082998759301859
2.2999999999938078865 -132.54917957821791674
2.3499999999924701122 -136.21041943066578028
2.3999999999911323378 -138.28231669996011988
2.4499999999897945635 -142.21690991716442909
2.4999999999884567892 -144.11233008606924955
2.5499999999871190148 -148.15774885173470921
2.5999999999857812405 -150.03263045590290403
2.6499999999844434662 -154.01247032989894592
2.6999999999831056918 -156.02428437258490135
2.7499999999817679175 -159.77015390848475818
2.7999999999804301432 -162.06485760765426107
2.8499999999790923688 -165.44133332467458786
2.8999999999777545945 -168.13223595593993309
2.9499999999764168201 -171.06626323764740505
2.9999999999750790458 -174.20528930805588175
3.0499999999737412715 -176.70542096807173493
3.0999999999724034971 -180.26316234240721315
3.1499999999710657228 -182.41273488090638466
3.1999999999697279485 -186.2843155102744106
3.2499999999683901741 -188.21478018886639916
3.2999999999670523998 -192.24626723133786754
3.3499999999657146255 -194.11078689975593647
3.3999999999643768511 -198.12742860624226182
3.4499999999630390768 -200.08422066907672843
3.4999999999617013025 -203.91305615668002815
3.5499999999603635281 -206.11306673472898865
3.5999999999590257538 -209.60626212462759099
3.6499999999576879794 -212.17495270193617785
3.6999999999563502051 -215.2387437328770261
3.7499999999550124308 -218.24850399730738104
3.7999999999536746564 -220.86746586117860147
3.8499999999523368821 -224.31289046908491969
3.8999999999509991078 -226.55113167629539817
3.9499999999496613334 -230.34684618896773145
3.9999999999483235591 -232.32506054498185222
4.0499999999497608982 -236.32809783444844243
4.0999999999511986815 -238.19534579743316272
4.1499999999526364647 -242.23441278691353773
4.1999999999540742479 -244.14871698209779538
4.2499999999555120311 -248.04815934809181499
4.2999999999569498144 -250.16398763754781953
4.3499999999583875976 -253.76601238898925317
4.3999999999598253808 -256.21862577886804502
4.449999999961263164 -259.41090205173736649
4.4999999999627009473 -262.29096739474289279
4.5499999999641387305 -265.0342009381967614
4.5999999999655765137 -268.36012148157880119
4.6499999999670142969 -270.69715583980797646
4.6999999999684520802 -274.40504151201270133
4.7499999999698898634 -276.44339329089399371
4.7999999999713276466 -280.40373636589856687
4.8499999999727654298 -282.28678816718917233
4.8999999999742032131 -286.33369124994715094
4.9499999999756409963 -288.21831287923049558
4.9999999999770787795 -292.17519705902032001
5.0499999999785165627 -294.21814153175040474
5.099999999979954346 -297.91955707314878055
5.1499999999813921292 -300.26375050351077789
5.1999999999828299124 -303.58121110790580133
5.2499999999842676957 -306.33316951535584849
5.2999999999857054789 -309.20432786635967659
5.3499999999871432621 -312.40536469803049613
5.3999999999885810453 -314.85024030206830048
5.4499999999900188286 -318.45943774977615703
5.4999999999914566118 -320.56986995640920668
5.549999999992894395 -324.47370370639276871
5.5999999999943321782 -326.38554769153142843
5.6499999999957699615 -330.4256248861943277
5.6999999999972077447 -332.29354343609378475
5.7499999999986455279 -336.29409007122745834
5.8000000000000833111 -338.27605774483043888
5.8500000000015210944 -342.0660888123204586
5.9000000000029588776 -344.3108281961910393
5.9500000000043966608 -347.74822362798335007
6.000000000005834444 -350.37559919378458062
6.0500000000072722273 -353.37640713083152377
6.1000000000087100105 -356.44912191125882828
6.1500000000101477937 -359.00959320949311859
6.2000000000115855769 -362.51056474773139371
6.2500000000130233602 -364.704423289075919
6.3000000000144611434 -368.53853434216125606
6.3500000000158989266 -370.49199073035498486
6.4000000000173367098 -374.51064341889099296
6.4500000000187744931 -376.37493080677688795
6.5000000000202122763 -380.40491986805113811
6.5500000000216500595 -382.33827218543302706
6.6000000000230878427 -386.20502519142604569
6.650000000024525626 -388.36036762181544191
6.7000000000259634092 -391.91062996542007113
6.7500000000274011924 -394.41874629333858593
6.8000000000288389757 -397.5489150957490665
6.8500000000302767589 -400.49188879670532515
6.9000000000317145421 -403.17420217794432347
6.9500000000331523253 -406.55894430425155406
7.0000000000345901086 -408.84680054544105587
7.0500000000360278918 -412.59876774770572183
7.100000000037465675 -414.60639286420644112
7.1500000000389034582 -418.58922516889282406
7.2000000000403412415 -420.46297287044268387
7.2500000000417790247 -424.50790047757669754
7.3000000000432168079 -426.40532432307145427
7.3500000000446545911 -430.33600059318183639
7.4000000000460923744 -432.41288586377248748
7.4500000000475301576 -436.06730295884648285
7.5000000000489679408 -438.4631038585364422
7.550000000050405724 -441.72030937144791096
7.6000000000518435073 -444.53415672466445585
7.6500000000532812905 -447.34285419770719727
7.7000000000547190737 -450.60508973391358722
7.7500000000561568569 -452.99654127681691307
7.8000000000575946402 -456.65494228963427759
7.8500000000590324234 -458.72891256089974377
7.9000000000604702066 -462.66188043418662801
7.9500000000619079898 -464.55812856898404561
8.0000000000633448849 -468.6033510170107661
8.050000000059231553 -470.4777523032127533
8.1000000000551182211 -474.45884798486702039
8.1500000000510048892 -476.46890842234131469
8.2000000000468915573 -480.21732696586803968
8.2500000000427782254 -482.50917008619882154
8.3000000000386648935 -485.88909607607826047
8.3500000000345515616 -488.57641482825499679
8.4000000000304382297 -491.51417191537694862
8.4500000000263248978 -494.64950633959136894
8.5000000000222115659 -497.1529631486352514
8.550000000018098234 -500.70759122147700282
8.6000000000139849021 -502.85956316616596951
8.6500000000098715702 -506.72913834290994828
8.7000000000057582383 -508.66079967872838097
8.7500000000016449064 -512.69167053173396198
8.7999999999975315745 -514.55608578218004823
8.8499999999934182426 -518.57357428758336937
8.8999999999893049107 -520.52896828703285337
8.9499999999851915788 -524.36001058880026449
8.9999999999810782469 -526.5574499772484387
9.049999999976964915 -530.05389222890607925
9.0999999999728515832 -532.61915219600655291
9.1499999999687382513 -535.68666475813904526
9.1999999999646249194 -538.69269256234747445
9.2499999999605115875 -541.31515939415226057
9.2999999999563982556 -544.7572403702495194
9.3499999999522849237 -546.99818514653384227
9.3999999999481715918 -550.79153685413336916
9.4499999999440582599 -552.77130899620624405
9.499999999939944928 -556.77331604134485588
9.5499999999358315961 -558.64083604628217472
9.5999999999317182642 -562.68033268087037868
9.6499999999276049323 -564.59360368357238258
9.6999999999234916004 -568.49488466578156931
9.7499999999193782685 -570.60845650985368138
9.7999999999152649366 -574.21347740575811258
9.8499999999111516047 -576.66286006718269164
9.8999999999070382728 -579.85879099981991658
9.9499999999029249409 -582.73514161751256779
9.999999999898811609 -585.48201090611655673
