0.025000000000000015266 0.60319270767957211543 0.00053717919081648982105 -2.2365948030883666675 0.045684926401493679282 
0.05000000000000003747 0.5742419910543213879 0.019036933221074997524 -2.2389250621091458804 0.073672393751787287886 
0.075000000000000052736 0.40827090802961107929 -0.019492360775626660363 -2.2455576145731379611 0.12498507518333608346 
0.10000000000000007494 0.35226045055243282444 -0.053783492552142764254 -2.2568518142487299372 0.14253336984686570954 
0.12500000000000008327 0.1625893084153555157 -0.3505425788882532423 -2.2644531367854119353 0.087376764414284810445 
0.15000000000000010547 0.18615112051203266952 -2.5304227155998679777 -2.2710633866494203126 0.1131383825831881601 
0.17500000000000012768 0.31083070720091665606 -3.5626767314759799632 -2.2788441461853352621 0.11334936757658957418 
0.20000000000000014988 0.21375557371755007918 -1.9745346418808278344 -2.287372003782212726 0.1039879547968697443 
0.22500000000000017208 0.22629156570465094878 -3.0775420880980690619 -2.2942131920984305538 0.10665793690788535897 
0.25000000000000016653 0.26540818042193770054 -3.951454876146871964 -2.3021643445404271766 0.1154867729200394072 
0.27500000000000018874 0.20003785848891605936 -2.493011205311657541 -2.3094655393289866829 0.086437513274954552722 
0.30000000000000021094 0.21930659425134554907 -2.0210274787849402678 -2.3158259332881323544 0.088060832584775691756 
0.32500000000000023315 0.3129345451811211265 -0.58193910368067736094 -2.3221167318560036463 0.1084682831826062066 
0.35000000000000025535 0.32305587974698646292 0.72392032214822077396 -2.3280415922607780033 0.056882015398554829078 
0.37500000000000027756 0.32463034899765053076 -0.035677888587352823979 -2.3337952971248814293 0.10114194888141114781 
0.40000000000000029976 0.2407680577782165543 -0.92832521234571252489 -2.3402750046527502903 0.092680463803356108454 
0.42500000000000032196 0.20939701727580570245 -1.839917259839125574 -2.347650423647090534 0.10194954865171329539 
0.45000000000000034417 0.21589757176814716733 -1.6810461857560496934 -2.3546437352034672585 0.09363445927067086394 
0.47500000000000036637 0.15535123779018858436 -0.42913273597077800092 -2.3600536962604241609 0.071774873071568642824 
0.50000000000000033307 0.15668471892533525347 0.72047043812795286133 -2.3648425550377325521 0.063477520004229126549 
0.52500000000000035527 0.22894924440354719186 0.63518887608719964977 -2.370353060838291448 0.091870229560008426217 
0.55000000000000037748 0.28344397461746229094 0.12825940377953093385 -2.375255180858588222 0.053119820869946106356 
0.57500000000000039968 0.28483238734093624389 0.22516631868285125195 -2.3798896388280921244 0.076296795880465187456 
0.60000000000000042188 0.27923132734191430382 -0.22547123557920195625 -2.3850881166699258173 0.074611388201080208749 
0.62500000000000044409 0.22320084791003100277 -1.8022377356376932944 -2.3906387744961632436 0.070596982770083568925 
0.65000000000000046629 0.23270430321599985812 -1.3920769867651803242 -2.395138731191622572 0.063936019305195990192 
0.6750000000000004885 0.23532273031614595049 -0.56133169372162350363 -2.399380242422055165 0.058581211468670270348 
0.7000000000000005107 0.22165913613054974429 -2.0217561392111735863 -2.4029806150470482962 0.038258012646088211672 
0.72500000000000053291 0.27622379228320975697 -3.187697482297016105 -2.4059545059883133966 0.051630345399714235033 
0.75000000000000055511 0.25536747646914315091 -2.6076013449816075607 -2.4104694099740191504 0.082824927171251394586 
0.77500000000000057732 0.1805954548576862162 -2.182766858736210569 -2.415595474822969102 0.050879625416837624685 
0.80000000000000059952 0.18926029615329978406 -2.454786279727397158 -2.4184580211999917587 0.04105664359111388384 
0.82500000000000062172 0.20334809819560970001 -1.9943838232148829448 -2.4218711789466218498 0.052366454431562015071 
0.85000000000000064393 0.19855909892514148063 -1.0145027717712629123 -2.4255184608371069821 0.051283356222514148159 
0.87500000000000066613 0.24463499327641599623 -0.71525990975138986627 -2.4292803610960937988 0.054838127360518032494 
0.90000000000000068834 0.26373015912200409305 -1.4282917322846713226 -2.4328863056897294115 0.052030873206180910939 
0.92500000000000071054 0.26513277886467878641 -2.2333708358018653506 -2.43693389388889603 0.052690787515922654638 
0.95000000000000073275 0.27908571019200795194 -2.7013637608037890381 -2.4403590194431088456 0.054990568779750503836 
0.97500000000000075495 0.27107453232070283233 -2.8136422033255410469 -2.4435452018476353508 0.031686536096603531987 
1.0000000000000006661 0.23746945852168011015 -2.2431316816373572109 -2.4461737419270384031 0.047542218549448782283 
1.0249999999999979128 0.22584806077396579749 -0.68927307860377373672 -2.4501380370959742194 0.05973313777755508841 
1.0499999999999951594 0.23509807540588553709 -0.082818108768246245788 -2.4533475236935009534 0.03020555684710756611 
1.0749999999999924061 0.23641094702532472471 -0.87349476777834456076 -2.4559827663094893069 0.047402685480878718749 
1.0999999999999896527 0.2120011944089378042 -1.1856468265407693607 -2.4586604787551040729 0.027232881099897410238 
1.1249999999999868994 0.21491296166477266705 -1.4221342133443590772 -2.4609255405177834497 0.041870443999396489421 
1.149999999999984146 0.24943822877657689796 -1.888860162272613552 -2.4637447244043579886 0.033943284395412907928 
1.1749999999999813927 0.27710613352921453778 -1.8339813952462660218 -2.4662710516186177045 0.039487318283178828027 
1.1999999999999786393 0.27531996056315555244 -1.9537927740161489254 -2.4688051479982631164 0.029998309506297442251 
1.224999999999975886 0.26193500253982904269 -2.3144622272443999833 -2.4710750014605484814 0.039441463498522212616 
1.2499999999999731326 0.25402908968058490746 -1.8798209174644615604 -2.4741080523372147582 0.036935471874484079868 
1.2749999999999703792 0.21652574045494835109 -1.5885805575714151416 -2.4761188276805281561 0.028422234818916772281 
1.2999999999999676259 0.22607899250689938997 -0.8480058537581824929 -2.477875287783967817 0.022786841348099426408 
1.3249999999999648725 0.26129737848177386761 0.04525601774867127336 -2.4800411083053037764 0.039701924765505609838 
1.3499999999999621192 0.25524206753975725581 -0.69002749821198283708 -2.4824649566976506598 0.021756635055873076862 
1.3749999999999593658 0.2633705180958459402 -1.8235207362900782702 -2.4841819285869406464 0.031370579205256689248 
1.3999999999999566125 0.28159509343375838109 -2.6443373020993301559 -2.4859748869269648885 0.025532008412491140337 
1.4249999999999538591 0.26823381845879773477 -2.6391690558997149552 -2.4879783146613410061 0.020031573851750208992 
1.4499999999999511058 0.25017178159678132854 -1.642930629788958985 -2.4894737429920890115 0.027496442651368330212 
1.4749999999999483524 0.24004700157939948268 -1.3051373330768796244 -2.491138459322060239 0.019761096858804332033 
1.4999999999999455991 0.25117844050062704264 -0.9742074645203864236 -2.492909102595046722 0.03252393179362488701 
1.5249999999999428457 0.26697329593717944451 -1.0526755677394190602 -2.4947668864843848269 0.018567368657572774771 
1.5499999999999400924 0.26409602325382597332 -1.5423126893302763207 -2.4961429514224526827 0.020356605946953657688 
1.574999999999937339 0.24205943774384072742 -0.70779672149259453828 -2.4975942311024335041 0.021116890166043515015 
1.5999999999999345857 0.24809940463482191286 -0.70891087349164849662 -2.4989897731164116834 0.018462056771398043659 
1.6249999999999318323 0.26179179077284292498 -2.0156927199955760877 -2.5004209087732696126 0.025321816783067191414 
1.649999999999929079 0.26683643738078899332 -2.6352452929949299332 -2.5021333391869871043 0.019295755359674256896 
1.6749999999999263256 0.27752913630735276396 -2.5392984020610391838 -2.5034492339648939385 0.017792122396019318525 
1.6999999999999235722 0.26990764802494865426 -1.8805211315356475943 -2.5044567776842034945 0.013023904227952074961 
1.7249999999999208189 0.23995078289187080078 -1.5377073720532927759 -2.5054652643254584632 0.014086126142714780127 
1.7499999999999180655 0.22005786540375449345 -1.4868363714441195089 -2.5064343793979180219 0.015692525245117727034 
1.7749999999999153122 0.23422479271110063781 -1.4778883155589710441 -2.5076245085178543448 0.016617599055068495162 
1.7999999999999125588 0.27408520184526563579 -1.7877687328248081933 -2.5088414797299933845 0.018157630030779282893 
1.8249999999999098055 0.27503678097288108972 -1.9037664726759067069 -2.510075614409136513 0.016663231994258703716 
1.8499999999999070521 0.25576478541346531204 -1.4811553139651327804 -2.5111913504126355257 0.014586193067801758033 
1.8749999999999042988 0.26847911194152396241 -1.1006826449653932531 -2.5120015239762163439 0.0084607746278205827467 
1.8999999999999015454 0.27261026893474765709 -1.1073680241399630475 -2.5127485555146447105 0.014230433162099792588 
1.9249999999998987921 0.26301960396913731666 -1.1037276422662274378 -2.5138964229446827403 0.018295026280006451008 
1.9499999999998960387 0.25641814066150192541 -1.3041924476130779542 -2.515090983461277574 0.01311197359628504637 
1.9749999999998932854 0.24615943589712674378 -1.9581240979422025461 -2.5157275767935609601 0.0082784967417335788425 
1.999999999999890532 0.2413898533337147656 -2.2010329338326029003 -2.5165202523253689115 0.011501004272095520162 
2.0249999999998880007 0.25533500738003328534 -1.8142785192709127706 -2.5171905968732395387 0.0099573356763305760631 
2.0499999999998852473 0.28034053541859954573 -1.7528932816025148966 -2.5179818362959327516 0.011519125001241669812 
2.074999999999882494 0.28326061745197367303 -1.7946746709110430462 -2.5187876316461728088 0.010253114916310519453 
2.0999999999998797406 0.26158855077424825186 -1.7230792469927944666 -2.51949327855885441 0.012288317897085036454 
2.1249999999998769873 0.25737226038683208573 -1.7412492130123986556 -2.5204271661312191988 0.010998305849360127256 
2.1499999999998742339 0.2715659167019947029 -1.4346833926166406847 -2.5209484913647397519 0.0074121715919523798594 
2.1749999999998714806 0.26227867002805371754 -1.0560287724279167065 -2.521721566955263949 0.011014940326651196517 
2.1999999999998687272 0.26380806168053405614 -1.1011209026237338549 -2.5222397128469968841 0.0064236918518977706785 
2.2249999999998659739 0.27316162674642369135 -1.1739506718505667848 -2.5228012184953678698 0.0085958207115265639064 
2.2499999999998632205 0.25410351146435372627 -1.4025143270420494801 -2.5234982086209289953 0.010875703284200332124 
2.2749999999998604672 0.24747416959255916225 -1.8011116134565585689 -2.524108346093917099 0.0065517407997506644721 
2.2999999999998577138 0.27249562182205017136 -1.8106053130440844523 -2.5245730266571988487 0.0070513093599514275675 
2.3249999999998549605 0.27806176977696234198 -1.5798933011497720003 -2.5251278466027726743 0.0086181681351758607917 
2.3499999999998522071 0.26741227248169263664 -1.4812202632596225271 -2.5257074027848664954 0.0078937846598080545907 
2.3749999999998494538 0.26421274897974511564 -1.6602939583737288398 -2.5262516588893788594 0.0065495158047230422199 
2.3999999999998467004 0.26319835923098761077 -1.7568163529094977804 -2.5266156448754077957 0.0057386722719693795264 
2.4249999999998439471 0.26354008980256543593 -1.4852214982600007165 -2.527140207222071222 0.0078151340879869992534 
2.4499999999998411937 0.2692398543050159021 -1.2687971182713799756 -2.5276418698409273134 0.0062500906487230334374 
2.4749999999998384403 0.27029840295694390617 -1.2774540084615941815 -2.5280388425375655004 0.0059931302466718992111 
2.499999999999835687 0.25752202440486654522 -1.2873480514411572706 -2.528513010590375476 0.0064904708481362972244 
2.5249999999998329336 0.25946586167531859868 -1.7089814681776283045 -2.5288764523189013467 0.0048754973626726639396 
2.5499999999998301803 0.27912801303621459503 -1.9518256178840101001 -2.5292647486692483305 0.0056606342384814233026 
2.5749999999998274269 0.2842695502427890486 -1.4091889420528225241 -2.5296702645557265221 0.0053334537807241209212 
2.5999999999998246736 0.26882403231552054468 -1.4127851576490484398 -2.5300186774882509333 0.0059860320931396761648 
2.6249999999998219202 0.25284873261924389887 -1.8491079734331841156 -2.5304434636338495324 0.004147495662349499207 
2.6499999999998191669 0.258750811881175935 -1.6233230267183100803 -2.5306632492183007699 0.0042365514074078633802 
2.6749999999998164135 0.26688412658438348535 -1.3096876491034215029 -2.5310735358329559119 0.005558091685412573299 
2.6999999999998136602 0.27288871080094634358 -1.4078067626145016611 -2.531382092448462906 0.0045600601532649201811 
2.7249999999998109068 0.27857112018849211621 -1.6389528084347717574 -2.5317287616826611441 0.0045213918848101665796 
2.7499999999998081535 0.26409992037243867902 -1.654751877821545758 -2.5319871892446461636 0.0029526981803603196894 
2.7749999999998054001 0.25685767261988423638 -1.3951208995861879014 -2.5322598417645560964 0.0051491346985603533154 
2.7999999999998026468 0.27138812779823334731 -1.3690671973295254205 -2.5325692044362964062 0.0031923072184603519356 
2.8249999999997998934 0.27820031171153475347 -1.3903814396721614344 -2.5328191929567878127 0.0041437253994621491351 
2.84999999999979714 0.27610222255753663623 -1.2624334222137612027 -2.5330630702018317457 0.0029453463815321285352 
2.8749999999997943867 0.27234983138821555748 -1.5591583081666766653 -2.5333222718905528126 0.0040147504394556325635 
2.8999999999997916333 0.26393645008676652752 -1.734092653897521652 -2.5335887522594511267 0.0040144279324926387606 
2.92499999999978888 0.26359248828302939138 -1.6088256497549358048 -2.5338711080601430403 0.0034070035268642918057 
2.9499999999997861266 0.27051751240995791647 -1.8182768266373101618 -2.5340422214838027593 0.001832912734695406852 
2.9749999999997833733 0.2668586837695782199 -1.9119501880263038984 -2.534199629976177981 0.0029517390009186537068 
2.9999999999997806199 0.26620545614572505011 -1.4914089071265430597 -2.5344580545170884989 0.0039785274520494472855 
3.0249999999997778666 0.27463198538985861274 -1.239382996840846074 -2.5347178884347632 0.0034734287918564495275 
3.0499999999997751132 0.27454155675641572776 -1.3002887373793687864 -2.5349051215176245933 0.0017025804202201485875 
3.0749999999997723599 0.27182851979811178955 -1.3133279178462773373 -2.535046434084339495 0.0025696133364193495148 
3.0999999999997696065 0.26879088640285547784 -1.3383780030884004919 -2.5352325762284046995 0.0027629730059124777038 
3.1249999999997668532 0.26797058812015678297 -1.5514561746511685847 -2.5354291775088109162 0.0025654442985416185674 
3.1499999999997640998 0.26585440891405609509 -1.6956183942109981366 -2.5356008610766251898 0.002547116350264199032 
3.1749999999997613465 0.26456782043215393285 -1.6223977660188109162 -2.5357854204304492995 0.0024227979893728219217 
3.1999999999997585931 0.27405441618081854971 -1.5479733279660963241 -2.5359231889391549153 0.0018669019202865217051 
3.2249999999997558398 0.2774550911331337133 -1.5264173944481229661 -2.5360854174392675198 0.0023089303712398251758 
3.2499999999997530864 0.26793187753217168057 -1.5568101378124910017 -2.5362189369811187767 0.0019320154842749888511 
3.274999999999750333 0.26441783379678202026 -1.5894558766821660356 -2.5363824409251494174 0.0023783404242297394998 
3.2999999999997475797 0.26587695424503282604 -1.5171405505279349502 -2.5365127186411702276 0.0015424074500685527184 
3.3249999999997448263 0.27117166221700078621 -1.4677724850319637806 -2.5366617848550596648 0.0024933977977397779428 
3.349999999999742073 0.27701838823247793009 -1.4303677542800259381 -2.536790362562838741 0.001293518800825297797 
3.3749999999997393196 0.27322823400034845776 -1.3221273239614581563 -2.5368969855094634092 0.0017720431466227777768 
3.3999999999997365663 0.26396871415780581716 -1.4067671308908304972 -2.5370156459202379828 0.0014036781863610641678 
3.4249999999997338129 0.26544016429056455086 -1.5429278347390711357 -2.5371328567405981858 0.0023307630015796600327 
3.4499999999997310596 0.27538727224455711307 -1.5832705360730492394 -2.5372839550567429789 0.0014731902475874848919 
3.4749999999997283062 0.27229792901625304857 -1.7016051788171950854 -2.5373678207601408907 0.0011302480872774980925 
3.4999999999997255529 0.26192286095805622503 -1.671893714447468593 -2.5374583825780279156 0.0015116022549610964171 
3.5249999999997227995 0.26605447256289688207 -1.5321291976080015917 -2.5375684345484614823 0.0015125595237989596271 
3.5499999999997200462 0.27576081126768686724 -1.4908927427293021672 -2.5376645075240538141 0.0013412634715453959199 
3.5749999999997172928 0.2768743903360525449 -1.4044569333555705359 -2.53777483648413682 0.0015970465457339818455 
3.5999999999997145395 0.27132974025102268856 -1.4462128789533235107 -2.5378655038007664757 0.0010441199969737039333 
3.6249999999997117861 0.26479282806509418791 -1.5597884112951598823 -2.5379335552080752869 0.0010508892638081991904 
3.6499999999997090327 0.2650747496633795719 -1.4709102370204096832 -2.5380275266165921444 0.0014490558728835524222 
3.6749999999997062794 0.27160590556461627898 -1.4312844058355385091 -2.538116799697899939 0.0011984707034250745728 
3.699999999999703526 0.27572309485600382528 -1.5074550719291397449 -2.5381984374598740573 0.00096319519156541936675 
3.7249999999997007727 0.27331609967224929081 -1.5208463080329552852 -2.5382611886565609183 0.0010096913731367095253 
3.7499999999996980193 0.26513248472316858217 -1.5213331939747827271 -2.538341800714394747 0.0012111963555497466498 
3.774999999999695266 0.26496684407813669848 -1.5390578373055334716 -2.5384207156951892337 0.00092829348714644043927 
3.7999999999996925126 0.27331089706184868993 -1.5757564059635109643 -2.5384772659346457324 0.00087297343412223889474 
3.8249999999996897593 0.27249671734640562581 -1.6189181211791379145 -2.538552387708588931 0.0010265453058180757425 
3.8499999999996870059 0.26937587024735959451 -1.5895175178122000759 -2.5386069339882926243 0.00082225510622525659846 
3.8749999999996842526 0.27171563752543226311 -1.4804073113510076709 -2.5386814984178407428 0.0010356679064138904402 
3.8999999999996814992 0.26897168876703048124 -1.3894184178753494763 -2.5387387666348417703 0.00065575200988711782307 
3.9249999999996787459 0.26903883917856474817 -1.4397602653278216422 -2.5387914902244292925 0.00093352177711130844475 
3.9499999999996759925 0.27484252471630737924 -1.5111066458540542978 -2.5388463110255656829 0.00055577846077965460236 
3.9749999999996732392 0.27180959633865259262 -1.4979424098834632773 -2.5388995428936658172 0.0010123450825539072849 
3.9999999999996704858 0.26717302691924943447 -1.4695046660991262222 -2.5389656842727217345 0.00070033386738892710027 
4.0249999999996788347 0.26835404687111169553 -1.5177545303377557584 -2.5390016547660856361 0.00055628167064520055596 
4.0499999999996871836 0.27116112529915675777 -1.6537434113749704956 -2.5390514878044032621 0.0007037752605073375068 
4.0749999999996955324 0.27457491521388349698 -1.6618865913569680348 -2.5391008501436576061 0.00076620757782469833125 
4.0999999999997038813 0.2727319249400069201 -1.5204763789088087123 -2.5391532205324804927 0.00067148934230185954031 
4.1249999999997122302 0.26752589350493410914 -1.45845617724988319 -2.5391909607507074931 0.00041306975945843387018 
4.1499999999997205791 0.26681773634405875351 -1.4424389726272961454 -2.5392249805004354357 0.00063128774308677160134 
4.1749999999997289279 0.2690829720325541019 -1.4638899505840068382 -2.5392758945973255003 0.00073890144305464031723 
4.1999999999997372768 0.2740831752768903562 -1.5057756594388711502 -2.5393172313981313692 0.00042116106211428260475 
4.2249999999997456257 0.27631781902721253008 -1.4528828572790677409 -2.5393499626608537767 0.00055112968546660310361 
4.2499999999997539746 0.26911795262477183899 -1.5019029934850944841 -2.5393868410045108419 0.00048261940429948548686 
4.2749999999997623235 0.26435025312615606508 -1.5880040274187938731 -2.5394177562250783708 0.00044007431111551175915 
4.2999999999997706723 0.26915180817978029415 -1.5314808926091525443 -2.5394572797066232717 0.0006228610068843544673 
4.3249999999997790212 0.27464914194599415742 -1.5341993011824626159 -2.5394956705855853407 0.00046202182149208931945 
4.3499999999997873701 0.27403959483803030928 -1.5498081586323406711 -2.539522628083414002 0.00035842957921226691444 
4.374999999999795719 0.26896503632878027146 -1.507022415424182249 -2.5395493843248098109 0.00035988654279764875025 
4.3999999999998040678 0.26648200511969499793 -1.5436455631298038327 -2.5395766381683619883 0.00047129728493432984432 
4.4249999999998124167 0.27071311266992703626 -1.5586384694088000202 -2.5396141225426411836 0.00051928121013036332258 
4.4499999999998207656 0.27508415684306825044 -1.5134865341019554386 -2.5396391364147223868 0.00024351882768281309707 
4.4749999999998291145 0.27235051715283797868 -1.4831139710610057314 -2.539666056945847572 0.00049025946116471497312 
4.4999999999998374633 0.26761881473420789934 -1.4565411121213287515 -2.5396911512200666117 0.00022538515021773949032 
4.5249999999998458122 0.26885856815813941045 -1.4946803809389206386 -2.5397116552520251354 0.00041412272020079001367 
4.5499999999998541611 0.27232222215904111629 -1.5229896644665381622 -2.5397417945849047882 0.00035863853907152742472 
4.57499999999986251 0.27264737044219305995 -1.4905666899433871464 -2.5397638371990125528 0.0003226443183256412061 
4.5999999999998708589 0.27026692500010812692 -1.5420675511749437625 -2.5397855894254055542 0.00027121984017043052105 
4.6249999999998792077 0.26790290540390454543 -1.5736881005545193535 -2.5398055842614688515 0.00032730755252047293892 
4.6499999999998875566 0.26991827749163305183 -1.5282433214120718645 -2.5398303510015556306 0.00032433356395229529 
4.6749999999998959055 0.27392641370884951435 -1.5498655749162426609 -2.5398474571566067581 0.00021428430425696510533 
4.6999999999999042544 0.27297292568649450528 -1.5622662449845172716 -2.5398652393408207573 0.00027246169871556716758 
4.7249999999999126032 0.26962993150684583243 -1.4976826430548881852 -2.5398868075537599509 0.00033294719457588101055 
4.7499999999999209521 0.26860401425863261737 -1.458544692597983472 -2.5399077745105476112 0.00026481372709561372533 
4.774999999999929301 0.2695238009716909855 -1.4865843258101076874 -2.5399229079256624431 0.00016258712861904738587 
4.7999999999999376499 0.27179990515349922164 -1.5157704900778039558 -2.5399356194194644409 0.0002145508090393799072 
4.8249999999999459988 0.27276252940511030998 -1.5017555706022065465 -2.5399542547476765542 0.0003108012770160400247 
4.8499999999999543476 0.27162529488847708681 -1.5161240920289653644 -2.5399734735374570604 0.00022761156276157804685 
4.8749999999999626965 0.26989348722233896805 -1.5188476395386003581 -2.5399879394547353328 0.00017225635913351844126 
4.8999999999999710454 0.26881211141314448332 -1.5115152145499965997 -2.5399997358665378222 0.00018826806497584372326 
4.9249999999999793943 0.27082095165097241907 -1.5812884195666228049 -2.5400143602786466879 0.00021474759305368341456 
4.9499999999999877431 0.27324580052720037759 -1.5904415721604108214 -2.5400284766985197216 0.00019706691300013710845 
4.974999999999996092 0.27185057153392916396 -1.5092855133961153857 -2.5400436754825581609 0.00021389363194593055532 
