0.025000000000000015266 0.60275880734189091203 0.00053409002590195167604 -2.2371662814944293096 0.045349038136702463087 
0.05000000000000003747 0.57407726966809324853 0.018916478393389724033 -2.239947237279984904 0.072629323707566667556 
0.075000000000000052736 0.40977721439838793449 -0.018636677127755574279 -2.2478359394071252275 0.12279610498427269427 
0.10000000000000007494 0.35509446273345701695 -0.054128245543520581151 -2.2612436650955891615 0.1399690324925546292 
0.12500000000000008327 0.16705768287794295346 -0.3575680416514734894 -2.2702313679052883444 0.084762560619458318656 
0.15000000000000010547 0.18841530679583254337 -2.4995339072736180164 -2.2778743070921847469 0.10728324150669633907 
0.17500000000000012768 0.30931026358383434394 -3.4884202768969587716 -2.286779804621845269 0.1071773282502247876 
0.20000000000000014988 0.2121966184360824792 -1.9407029385258125487 -2.2964087123906091747 0.096872923179292080853 
0.22500000000000017208 0.22448240995229093442 -3.0085885540771011293 -2.3043471715386298904 0.10270703632615248158 
0.25000000000000016653 0.27088590026527509247 -3.7869224080923400422 -2.3135146394955512505 0.11077184699023863435 
0.27500000000000018874 0.21410139452761814405 -2.3685312572590397906 -2.3217975205845804432 0.082154333089400302659 
0.30000000000000021094 0.22800214865774648398 -2.0229296735680630803 -2.3292741798142961862 0.084596979838778646466 
0.32500000000000023315 0.31625256657302119878 -0.72005831589016144889 -2.3365961084834494521 0.10281329757878784892 
0.35000000000000025535 0.33515231260347366771 0.77132260522336681952 -2.3437832350759388866 0.064230453122223266083 
0.37500000000000027756 0.33123142310235531571 0.29686369748281765668 -2.3503266460347016498 0.082211452350813354895 
0.40000000000000029976 0.25555555805001411995 -0.69684027640687185023 -2.3569667841127417418 0.088076666189652041972 
0.42500000000000032196 0.22355207464019347108 -1.6762874949366028954 -2.3657146345408799348 0.093892711920066818099 
0.45000000000000034417 0.20653941407249779005 -1.877340506985062607 -2.3725178728058047284 0.071181966170567850805 
0.47500000000000036637 0.15976213662797403292 -1.1406099771424882405 -2.3775577493047062028 0.060959002007576597315 
0.50000000000000033307 0.1834591914285416403 -0.67874531702802531896 -2.3829285008386116296 0.053369159990230480295 
0.52500000000000035527 0.23401131500245464512 -0.92162616067608915671 -2.3875505597018302772 0.073755218501764904793 
0.55000000000000037748 0.2664134079234379282 -1.3225444366771110793 -2.3936533416908263305 0.05498980498488996449 
0.57500000000000039968 0.25318038147411808803 -1.614275067382865636 -2.398372232869356413 0.057676684149005084945 
0.60000000000000042188 0.2635837470143344019 -1.7136310166537387367 -2.4032489009503659183 0.071009265720883660289 
0.62500000000000044409 0.28481563969974210693 -1.9879697181010764773 -2.4099935047272369459 0.061192590419448862626 
0.65000000000000046629 0.27045771004682084282 -1.2066002076321593606 -2.4145053332410868485 0.065501402922597901091 
0.6750000000000004885 0.23031943973421997729 -0.14290197715077290752 -2.4200222026315163504 0.057112138861344620422 
0.7000000000000005107 0.22388371210379193199 -0.31004772033816357935 -2.4241134649693520942 0.038607201563774805331 
0.72500000000000053291 0.26336549796952779534 -0.80214531418708523436 -2.4278282050383297452 0.054782541811160274936 
0.75000000000000055511 0.26316438621731197411 -0.85686215411805555231 -2.4325233545935671664 0.04299750769323214955 
0.77500000000000057732 0.25486884111668017816 -0.15454128494048480214 -2.4368331193578267602 0.070158727781547039482 
0.80000000000000059952 0.29601556897229663878 0.063786417366863412681 -2.4419623205594191973 0.044548005334916047915 
0.82500000000000062172 0.29060431147124771156 -0.18656171949012767541 -2.4458771784583261955 0.039455710506269413285 
0.85000000000000064393 0.24117211775782357308 -0.86042649570436047224 -2.449051070038352762 0.047996126882710779538 
0.87500000000000066613 0.23197831223531148459 -1.5519024192932320272 -2.4527508739093573098 0.033162415615173718164 
0.90000000000000068834 0.26294670722059987344 -0.8133365298180580405 -2.4559136837214938787 0.049687171085893690192 
0.92500000000000071054 0.29103781057453087522 -0.34232103250906409375 -2.4594557076942491491 0.027908988987729060893 
0.95000000000000073275 0.30287113847496555108 -0.32874027348260581594 -2.4629694241979582792 0.049480903798122095882 
0.97500000000000075495 0.27513379169348334274 0.091332255968506581567 -2.4666781820975840489 0.036404256464623668821 
1.0000000000000006661 0.22718812539192623223 -0.20825614936530578714 -2.4688290552026344038 0.02815995026112330657 
1.0249999999999979128 0.24440993153378282043 -0.48649526055875513819 -2.471785082220022467 0.027881635115199438629 
1.0499999999999951594 0.28197549387396136922 0.056313993352901658973 -2.4741829562315245106 0.03517296831038627114 
1.0749999999999924061 0.30779704805863578043 -0.4894874451381632241 -2.4765537203336029926 0.02502839279591753327 
1.0999999999999896527 0.3182022292438552169 -1.0193410633416508659 -2.4794563723328852944 0.033257841977741592343 
1.1249999999999868994 0.26706729415319335752 -0.87689263805210315716 -2.4820578933807073696 0.031610059062310069677 
1.149999999999984146 0.23636087807360364743 -0.52658456732375336085 -2.4841508707631310138 0.021127008974141832376 
1.1749999999999813927 0.26215982134932125369 0.39524219671755045358 -2.4863548997589375311 0.025488941425055724327 
1.1999999999999786393 0.28763769798057053917 0.16055161123176264759 -2.4884563885981725306 0.024589867650785916103 
1.224999999999975886 0.29293563885967910387 -0.54734002703338813234 -2.4905661754473316094 0.026599660252086911039 
1.2499999999999731326 0.27741970857603848177 -0.68035556084352788453 -2.4923806851236154358 0.016164046334981772846 
1.2749999999999703792 0.26436934655014776574 -0.60568628650654809942 -2.4939719713151728975 0.022911063909232445152 
1.2999999999999676259 0.29095474332413073792 -0.30391388103152749967 -2.4960589782113249413 0.019760746929799503924 
1.3249999999999648725 0.31430295511063449654 -0.17121649645216036051 -2.4978779398984434224 0.027228981214376678927 
1.3499999999999621192 0.29710984969167825165 0.0088539374038253404464 -2.4996134065753943254 0.01334279319069617796 
1.3749999999999593658 0.2795755520200373101 0.018556826245346047521 -2.5009427385878204575 0.020789459263430794256 
1.3999999999999566125 0.26558339925521956548 -0.36778888248057262089 -2.5028722115507897605 0.020438881800482908146 
1.4249999999999538591 0.25547474209609188911 -0.72811886599265529529 -2.5041904398749754712 0.012455224605819777139 
1.4499999999999511058 0.27555748714356737006 -1.1339763571075129889 -2.5055131110865125343 0.016529301921268169107 
1.4749999999999483524 0.31254042524946290538 -0.95359218004775048172 -2.5066112775873810037 0.014291161864115269065 
1.4999999999999455991 0.30888169708718254958 -0.36655673608299027544 -2.5080430198061520741 0.016333469994162092692 
1.5249999999999428457 0.29297962051772447056 -0.079525458783683444786 -2.5092715122458253418 0.010932282847758094391 
1.5499999999999400924 0.27271885590942523958 0.12140147004974866096 -2.5103244380462692575 0.014894178075803286496 
1.574999999999937339 0.26877032365299913241 0.008101206816929718002 -2.5113067145784118139 0.0095433999292503634421 
1.5999999999999345857 0.28789749164011635418 -0.12014266928648009713 -2.5123823204515574048 0.015953342984855137243 
1.6249999999999318323 0.29131099039212599022 -0.18427461065390737804 -2.51366508042403769 0.011877932797879646801 
1.649999999999929079 0.29023476428961508811 -0.6166017098043851119 -2.5145566396734237991 0.010614529501794218308 
1.6749999999999263256 0.28533304309941048826 -0.76405953577473595395 -2.5156054107240115592 0.012469096409839182382 
1.6999999999999235722 0.27190374733657823869 -0.86642822189164514501 -2.5164429684381679486 0.0093890038024707963421 
1.7249999999999208189 0.29149115519332435831 -0.5328178739520166296 -2.5175083458406204429 0.013149703560474177919 
1.7499999999999180655 0.3139333429337004544 -0.073597968167345984014 -2.518145525810932206 0.0053478386476458993071 
1.7749999999999153122 0.30416396925714195287 -0.16088245939952505736 -2.5190731183725492137 0.012607148068702406923 
1.7999999999999125588 0.28702415422210492135 -0.16724511156714849669 -2.5199864430057741238 0.01030486296455525308 
1.8249999999999098055 0.26477148383800980236 -0.50756817753197447374 -2.5207471524490494552 0.0080969832133166042692 
1.8499999999999070521 0.27362206768585534133 -0.83042802071138732689 -2.521400461077238031 0.0065602128816454894147 
1.8749999999999042988 0.3083772576428262524 -0.62293209356562206924 -2.5219726866783038766 0.0080904762846938128862 
1.8999999999999015454 0.31683642034526521281 -0.4684390545272396067 -2.5228215195147618566 0.010125264300285506669 
1.9249999999998987921 0.28956022052107049936 -0.13508932891430291967 -2.5234166701161049318 0.0055660724030142357324 
1.9499999999998960387 0.27203657854998680721 -0.071304361498095492067 -2.5240115760118988497 0.0071097765860315045167 
1.9749999999998932854 0.28190063302051659999 -0.37580079240361330406 -2.5245361957004601727 0.0064463670800123671137 
1.999999999999890532 0.30010921998229611596 -0.46645789690828665108 -2.5252040635474282126 0.00855327945950669008 
2.0249999999998880007 0.30779451200067353689 -0.55950081620277958283 -2.5257808672994666033 0.0044647138185984237835 
2.0499999999998852473 0.29811531498323262657 -0.49220089453044985062 -2.5261857662877216235 0.0062891317936965068433 
2.074999999999882494 0.28052232145580957567 -0.42887077533324963197 -2.5267470396017412959 0.0060424787153278815624 
2.0999999999998797406 0.27586529086168631864 -0.46616331156162482685 -2.5271925931127698917 0.0056117846981175107182 
2.1249999999998769873 0.28726313723841129244 -0.38001790784490963038 -2.5277218037902362546 0.0050024684820930810994 
2.1499999999998742339 0.30862295563981878566 -0.26042709122899099228 -2.5280854907155174693 0.005309889249817592756 
2.1749999999998714806 0.30783160990223179532 -0.28508636792012431727 -2.5285640053363849233 0.0048977319733055539944 
2.1999999999998687272 0.28411957158034739646 -0.42196493650465444203 -2.5289557846811256958 0.004459849289234187053 
2.2249999999998659739 0.27811107031733572903 -0.49992396766385610585 -2.529305340325376239 0.0039511602211044546257 
2.2499999999998632205 0.29600677403007308319 -0.57275560086709342844 -2.5296731336361215625 0.0049117639250482918525 
2.2749999999998604672 0.31065770108033896602 -0.38320606608430474171 -2.5300854527142604411 0.0041689977170742019072 
2.2999999999998577138 0.30401332750003795535 -0.074900766229314741373 -2.5303949220565797873 0.0033249461486117405998 
2.3249999999998549605 0.28500035095953268893 -0.24868665774529707946 -2.5306947506366319622 0.0042887691493086041103 
2.3499999999998522071 0.27707084910178103598 -0.56050893586488492737 -2.5310460147208249104 0.0033682989985117876147 
2.3749999999998494538 0.28920034539506495053 -0.68398601048879958952 -2.5313488758779358889 0.0040585120095225938816 
2.3999999999998467004 0.30140599768510167866 -0.60881196687816008239 -2.531646624627089448 0.0023805854142690402453 
2.4249999999998439471 0.30719566713205170849 -0.36743493969821189316 -2.5318520482184396769 0.0035381458232977094393 
2.4499999999998411937 0.30059263073122310939 -0.37550562462765479932 -2.5321822970217584547 0.0034326187429425140604 
2.4749999999998384403 0.28073392192256746425 -0.37025249245936642239 -2.5324666095691905632 0.0031213114683936423258 
2.499999999999835687 0.28183433918787781369 -0.14054569478443101893 -2.5326723052675461645 0.0021433771915531883712 
2.5249999999998329336 0.29952039471788283187 -0.2663260218883010122 -2.5328724120485706095 0.0025842017890621506344 
2.5499999999998301803 0.30298725553666167043 -0.51794799904545796299 -2.5331001685639895626 0.0025797942289822401243 
2.5749999999998274269 0.3003677348258592672 -0.52762637696712766378 -2.5333442592677166694 0.0032306267719081679241 
2.5999999999998246736 0.29169659973359696181 -0.51208860408943746023 -2.5335774851067012214 0.0021436085795402725143 
2.6249999999998219202 0.28278757198763065928 -0.37486241955525556602 -2.5337291754770170371 0.0015544241397813668166 
2.6499999999998191669 0.29260307122476836295 -0.35411797860316635012 -2.5339120987244374561 0.0026726011426581974643 
2.6749999999998164135 0.30483791674368221347 -0.44246757988569784814 -2.5341070202268070055 0.0021385716723215835236 
2.6999999999998136602 0.30259207060713788628 -0.40728030141408194664 -2.5342846744496960731 0.0018552400548104979079 
2.7249999999998109068 0.29416362107240345836 -0.51202609073841787168 -2.5344557125845255108 0.002022182857768590504 
2.7499999999998081535 0.28342444923448623095 -0.47089759307346723549 -2.5346095274322082425 0.0018138421764221483463 
2.7749999999998054001 0.28600404722498196097 -0.27865670317318230742 -2.5347689238804389511 0.0019060546276027144977 
2.7999999999998026468 0.30324292110024120284 -0.34510601580502253682 -2.5349148364455191818 0.0014301769604055151151 
2.8249999999997998934 0.30618586119005697377 -0.44915448931410795197 -2.535043777070062454 0.0015382021442082261051 
2.84999999999979714 0.29607021069388478329 -0.3741733255706873873 -2.5351703776723493178 0.0018689521223683907072 
2.8749999999997943867 0.28863530723595842709 -0.35269947859154970882 -2.5353358404088335298 0.0013177394883843230634 
2.8999999999997916333 0.28837734163819828126 -0.44728819190191554389 -2.5354150389879577254 0.0012584864502922610101 
2.92499999999978888 0.29891814848606512722 -0.53034667780644539903 -2.5355647541160220015 0.0017761774109693185663 
2.9499999999997861266 0.3045972899801290823 -0.52444897706473070365 -2.5356779807115739089 0.0011716828349071651671 
2.9749999999997833733 0.29401615949524156912 -0.34183527983641709413 -2.5357858932963313059 0.0010973208088028284669 
2.9999999999997806199 0.28614634364638058539 -0.22100744668886629363 -2.5358658145976531451 0.00099994763223660936523 
3.0249999999997778666 0.28965969211775832726 -0.36160243183023038638 -2.5359666369241633532 0.0014771213362052997876 
3.0499999999997751132 0.29801096389774045514 -0.44995114065600444464 -2.5360988268426027936 0.001221359652596993358 
3.0749999999997723599 0.30586477418826135688 -0.42524274403527234645 -2.5361704308677870401 0.00080750295647743965816 
3.0999999999997696065 0.3020151794642501053 -0.46648154209637660017 -2.5362513669785049508 0.00098000976671551985088 
3.1249999999997668532 0.28986586670375008579 -0.43608901558792190212 -2.53634028684071966 0.001196287295451973088 
3.1499999999997640998 0.28578437839553905153 -0.43338758246662933971 -2.5364325059666450457 0.00073590509897090506178 
3.1749999999997613465 0.29120806070856536385 -0.45878688108386972422 -2.5364842154424804832 0.00082276174879510749482 
3.1999999999997585931 0.3006430889981178689 -0.36596856934959992591 -2.5365753406202595777 0.001072424082066152258 
3.2249999999997558398 0.30325430089868515848 -0.37110400084265532383 -2.5366519401631895114 0.00079239851070351152891 
3.2499999999997530864 0.29461579126343967472 -0.39704942151783501059 -2.5367185682674340264 0.0007432212023624477264 
3.274999999999750333 0.28972275929055391064 -0.36569480269408327633 -2.536769528218307812 0.00055911095207625337127 
3.2999999999997475797 0.29548084288070797232 -0.43670469528787697611 -2.5368347920391660644 0.00091853257954546024041 
3.3249999999997448263 0.30011605829650772614 -0.4289582479159626538 -2.5369049472634177533 0.00069409335892195846238 
3.349999999999742073 0.29845612934389220694 -0.38975491832026576411 -2.5369597187099994784 0.00061313133568579431497 
3.3749999999997393196 0.293667458138118731 -0.49508113748527260434 -2.5370098651389860756 0.00064374505335183199606 
3.3999999999997365663 0.28941392021398260059 -0.53841940381218766909 -2.5370717466608487811 0.00065912477618846818106 
3.4249999999997338129 0.29259781284872887763 -0.44364887657605150961 -2.5371139651150760308 0.00050266322729953312638 
3.4499999999997310596 0.29886752562181689852 -0.3097908133028433042 -2.5371649165541709792 0.00056824621209230824145 
3.4749999999997283062 0.30096297017806972196 -0.25177934645532284996 -2.5372089213824224885 0.00053162662550029977145 
3.4999999999997255529 0.29958054391659133531 -0.36201625667560899391 -2.5372566972555161691 0.00056429565238931566912 
3.5249999999997227995 0.29314079296759754101 -0.47418265934822123597 -2.5373002177014813974 0.00047762712878474035839 
3.5499999999997200462 0.28960123123482367502 -0.44348711639364485348 -2.5373395363590294238 0.00046053013292828742006 
3.5749999999997172928 0.29556895256577525588 -0.44833490284635652001 -2.537383868883514193 0.00048964657296716247899 
3.5999999999997145395 0.30036362542457695213 -0.50959971327228947846 -2.5374129076929894389 0.00033171427244661218876 
3.6249999999997117861 0.29779112816581659873 -0.45127847426592998525 -2.537450382851338393 0.00045962549654292555578 
3.6499999999997090327 0.29248235796663835107 -0.40413751201859993145 -2.5374859907913793755 0.00041684933671128499965 
3.6749999999997062794 0.28990459022322595528 -0.38558780884337967576 -2.537523277587514503 0.00041673747791836637192 
3.699999999999703526 0.29530568497283044005 -0.30913492154729316219 -2.5375537043166711548 0.00035053698161950880112 
3.7249999999997007727 0.30247492214109600317 -0.3525154032306866414 -2.537583365925812906 0.00029773583246089013266 
3.7499999999996980193 0.30086843659518414107 -0.45674309343928148897 -2.5376079784245462179 0.00031583539675779007507 
3.774999999999695266 0.29484388341136585909 -0.49040942935153497562 -2.5376361446508814979 0.00036704498604410706062 
3.7999999999996925126 0.29124814343812011064 -0.46129332149993174106 -2.5376688910677218658 0.00034710398712936823672 
3.8249999999996897593 0.29186194242078022931 -0.34709112320731017043 -2.5376941023877224168 0.00026329329084717951245 
3.8499999999996870059 0.29729308676837779002 -0.35810129901581505552 -2.5377157234238603145 0.00025154949609005868103 
3.8749999999996842526 0.29965709687990021992 -0.47747712992428748002 -2.5377363148109042257 0.0002797869012947249638 
3.8999999999996814992 0.29574229846763055995 -0.45710262933210304981 -2.537765666729527414 0.00033095594580407261195 
3.9249999999996787459 0.29325515133386492739 -0.42057280565678945017 -2.5377856115934096515 0.0001540590857779850398 
3.9499999999996759925 0.29468210809802558581 -0.42156325724961141166 -2.5378004910741629452 0.00026326385293017507284 
3.9749999999996732392 0.29811672996998689333 -0.38216832586828847207 -2.537825622085927435 0.00025428471864708489508 
3.9999999999996704858 0.29968454828822788105 -0.35155470332480343032 -2.5378454724886552185 0.00023758505194399089349 
4.0249999999996788347 0.29584234238125328709 -0.35773238789825079209 -2.5378629737765088237 0.00017582774914325121273 
4.0499999999996871836 0.29186631149279462782 -0.41945615265930424886 -2.5378789366734713084 0.00020488064597552356396 
4.0749999999996955324 0.29315449312710906149 -0.49448342019073465714 -2.5378951353255803092 0.00016418844345077458942 
4.0999999999997038813 0.29672276079461651355 -0.48729586462807938929 -2.5379118398505124965 0.00023343334136420197385 
4.1249999999997122302 0.29933112612323470314 -0.41964888618661205788 -2.5379272843980977825 0.00014668719841558200607 
4.1499999999997205791 0.29827714236502977929 -0.38010344539166335265 -2.537943765026977605 0.00021691782069327216766 
4.1749999999997289279 0.29358838978025858513 -0.36297492723437846385 -2.5379592648923319231 0.00013374007980910886952 
4.1999999999997372768 0.2927089638857263143 -0.36027272115126740548 -2.5379678940660017616 0.00011358822170524899187 
4.2249999999997456257 0.29690075320162778727 -0.41053319987825137583 -2.5379814809996465996 0.0001899156770646051194 
4.2499999999997539746 0.2992505899319254925 -0.44431740536027819477 -2.5379967209503133674 0.00014878607695524925596 
4.2749999999997623235 0.29751079898273552482 -0.45348613305916790628 -2.5380086533621750711 0.0001437792586166379723 
4.2999999999997706723 0.2937445068535521342 -0.47143705853975748088 -2.5380186218381748375 0.0001042198640924309758 
4.3249999999997790212 0.29224889466427489415 -0.43674273354776682599 -2.5380300574600451746 0.00014208735913942495584 
4.3499999999997873701 0.29527198531383008762 -0.39266319841301849936 -2.5380406413726595005 0.00012199892497635280201 
4.374999999999795719 0.29825159466823841781 -0.35477494652186536417 -2.5380508550645215493 0.00011280557516220800999 
4.3999999999998040678 0.29856776686892433359 -0.33095046456676130431 -2.5380591136725421109 8.9928984755841266966e-005 
4.4249999999998124167 0.29755545571435260133 -0.40785011619476480016 -2.5380698032774398065 0.00014527389365018595897 
4.4499999999998207656 0.29502942281771482591 -0.47648722151185257667 -2.5380793977231115299 8.7417755277715959261e-005 
4.4749999999998291145 0.29356805951010561673 -0.46475121374525851792 -2.5380864036008254914 9.147905845778430431e-005 
4.4999999999998374633 0.29542698992542548719 -0.43230971665723860742 -2.5380954914944018341 9.8183782702453663424e-005 
4.5249999999998458122 0.29677326720646407532 -0.3864022995323189158 -2.538102722204319317 8.4108633219582903538e-005 
4.5499999999998541611 0.29578393122727081321 -0.39097900468735624635 -2.5381094606450820272 8.3906193078719237951e-005 
4.57499999999986251 0.29483696551487614812 -0.42593050958746564438 -2.5381179593122928928 9.8174436720262802975e-005 
4.5999999999998708589 0.29544651294722401591 -0.42145412890311867438 -2.5381247207206762972 6.8491419160617760193e-005 
4.6249999999998792077 0.29796363093491834428 -0.42065817661495424895 -2.5381311173609963916 8.4258652903964663069e-005 
4.6499999999998875566 0.29928220642051756029 -0.41151863406501110187 -2.5381371516961168666 5.8654570763458453091e-005 
4.6749999999998959055 0.29640268593056035007 -0.38693144611644109121 -2.5381433581280865575 7.6862046105404023891e-005 
4.6999999999999042544 0.29314259715368490289 -0.39661466245695142785 -2.5381489257260128056 6.489153313408397108e-005 
4.7249999999999126032 0.29302007896622950245 -0.41495324012976236849 -2.5381540349472229146 5.6292277138270823984e-005 
4.7499999999999209521 0.29535105355649921011 -0.41449310148307910717 -2.5381601852679223086 8.3675726109580042815e-005 
4.774999999999929301 0.29824809067776558713 -0.42374683796357309751 -2.5381661804112649605 4.6877374953354042386e-005 
4.7999999999999376499 0.29851958653509402808 -0.44137818236359771529 -2.5381694584533120995 5.0484052488718930685e-005 
4.8249999999999459988 0.2961926835229805044 -0.44250080231800081876 -2.5381741389856582458 4.9955836460914189998e-005 
4.8499999999999543476 0.29468698848759172781 -0.42562133368362198294 -2.5381790148313241318 6.2700443561951348646e-005 
4.8749999999999626965 0.29475620227241000615 -0.38825117243212958762 -2.5381837498549293386 5.0835407014790635557e-005 
4.8999999999999710454 0.29585574021554339463 -0.37512503470173008679 -2.5381876187782075327 4.168592076779244058e-005 
4.9249999999999793943 0.29703157755905096327 -0.40465506536851503228 -2.5381915798275409557 4.7927694553436266285e-005 
4.9499999999999877431 0.29629742660638669349 -0.40805350723506295108 -2.5381952260647722142 3.9797881967610806541e-005 
4.974999999999996092 0.29504153312397229936 -0.41540116826702527808 -2.5381987747907808206 4.6076635153829796892e-005 
