0.025000000000000015266 0.60339352755464914502 0.00053861154979113409769 -2.2363292037857398498 0.045841017206267195561 
0.05000000000000003747 0.57431863579773589912 0.019092821639047602433 -2.2384478849050242211 0.07415894136592914021 
0.075000000000000052736 0.40756951194804530436 -0.019894056045505537078 -2.2444855050628569337 0.12600997873578878572 
0.10000000000000007494 0.35093715634119970748 -0.053606048549413087834 -2.2547776529666263556 0.14374497652331030828 
0.12500000000000008327 0.16051257485931133551 -0.34710569756202436231 -2.261717937670119305 0.088628114778386418715 
0.15000000000000010547 0.18511114165554079514 -2.5445093858675180698 -2.2678170999941165142 0.11596735514297841496 
0.17500000000000012768 0.31157108940784339346 -3.5976890176300360125 -2.275028945241652778 0.11633272397328786596 
0.20000000000000014988 0.21461334156275393981 -1.9906349536887024687 -2.2829746144243703299 0.10712853605690651759 
0.22500000000000017208 0.22708717201250014361 -3.1075047333228953406 -2.2892668294906126647 0.10863892574865023632 
0.25000000000000016653 0.26226033440482032777 -4.0168527606023323173 -2.2966032625906991349 0.11834303532014001092 
0.27500000000000018874 0.19339971455732715699 -2.5360490469231562471 -2.3034179029064718591 0.088006686093944574978 
0.30000000000000021094 0.21639084500775748743 -2.017822673466483252 -2.3092501771844644587 0.08969105985800797376 
0.32500000000000023315 0.31026264266387876267 -0.56049647182055051253 -2.3150280741844802002 0.11115681038497986222 
0.35000000000000025535 0.31501633311486049172 0.62026921693053882478 -2.3203654070114252406 0.05461074552293211648 
0.37500000000000027756 0.31546526442455768979 -0.20810559613978374394 -2.3256376302317645077 0.10735963811987712935 
0.40000000000000029976 0.22960450112724897775 -0.85874313663245915862 -2.3318907524261494046 0.093773350182722814417 
0.42500000000000032196 0.19913940287810305563 -1.725995517038982463 -2.338493886951773959 0.10569225559585436469 
0.45000000000000034417 0.21984006209348519456 -1.5152067999183804758 -2.3453358913299879873 0.10282083349278489659 
0.47500000000000036637 0.17314907279203273216 0.072302010274582495519 -2.3508645020247911361 0.082735593413539629259 
0.50000000000000033307 0.14808244487775171216 1.6644544922046389246 -2.3554485538524727595 0.063204849316765801537 
0.52500000000000035527 0.21543125148929839763 1.656591567265099707 -2.3606296175024157336 0.09156726033587980762 
0.55000000000000037748 0.3041050243624688898 1.5126979225646330907 -2.365270445414895395 0.062341326741075460405 
0.57500000000000039968 0.31651530703152680468 2.3340121852868183083 -2.369508435647728728 0.076866282066862204325 
0.60000000000000042188 0.32348119761876326095 2.8971837904045356638 -2.3747826114329626535 0.077943262983873412564 
0.62500000000000044409 0.27184130136942008527 2.3237032145669638261 -2.3800211236104384938 0.075985734255840375884 
0.65000000000000046629 0.26086222511614232111 2.7538521098725756708 -2.3834856005371087839 0.05216031966816601223 
0.6750000000000004885 0.22467381737257149932 2.710167943587321826 -2.3877443084258818118 0.064145391489994443845 
0.7000000000000005107 0.21727041189927312481 2.2378083719607819724 -2.3913887129792787967 0.058406739805488147588 
0.72500000000000053291 0.23314171333910585493 1.818956221870875245 -2.3951178676244504473 0.057341764411401929813 
0.75000000000000055511 0.21009816962519789474 1.2453466967816402278 -2.3979936328644226862 0.037486022632135108934 
0.77500000000000057732 0.16779532049060805199 2.4425624457717649562 -2.4017597914125117242 0.068229324468130750359 
0.80000000000000059952 0.22215088349257838818 3.3882695277667056466 -2.404850640467190992 0.048301315442065936856 
0.82500000000000062172 0.2615426548015903907 2.7748993452119528058 -2.4085296654937953242 0.051610696373812450788 
0.85000000000000064393 0.26350198125483975664 2.5001880862913949954 -2.4110150877534892722 0.037813428542311476599 
0.87500000000000066613 0.28050500191624583302 2.7231301151741091893 -2.4144365634144002719 0.050777216627106831759 
0.90000000000000068834 0.25259674791944281003 3.2164327364036280343 -2.4171816443230298432 0.060973268768795434169 
0.92500000000000071054 0.23090513133054776929 2.9019905150904565794 -2.4203010989685691534 0.025746325740039103375 
0.95000000000000073275 0.25746056955241441999 1.8366374412970087882 -2.423248056225498992 0.064455196274992895833 
0.97500000000000075495 0.24029889096107312496 2.7827313611566601992 -2.4264852054813683679 0.040392547333262203424 
1.0000000000000006661 0.22438339887748820489 3.2679751072044753712 -2.4291826757131920189 0.049316105838627305458 
1.0249999999999979128 0.28583434180130706803 2.8908766620541235248 -2.4324341124504678113 0.050267908993327475864 
1.0499999999999951594 0.30233219970852903691 4.3214355947130078661 -2.4358608627741116237 0.049041598303051686658 
1.0749999999999924061 0.25025127567309779497 4.2657031108502971861 -2.4383569596523333445 0.037369005809937967666 
1.0999999999999896527 0.24104493317091674198 3.3774998514691625395 -2.4408912347454121416 0.042338215468309910172 
1.1249999999999868994 0.28890969333100813277 3.3279604404530465089 -2.4433791529007451437 0.036597902503565739318 
1.149999999999984146 0.31578433014722029348 2.5668905952952041361 -2.4461374801776711863 0.043902025718164969237 
1.1749999999999813927 0.32127450168613685966 3.3764102253333523329 -2.4485582111504444747 0.038553955440547016398 
1.1999999999999786393 0.33592183525418323198 4.121250171445062449 -2.4511917673270668949 0.043210485084529161315 
1.224999999999975886 0.2640027017774661533 3.5912546739281978603 -2.4537620872529841698 0.036004114891406563403 
1.2499999999999731326 0.19553334617247150606 3.5544898362819741244 -2.4557635610624806155 0.025111014043781045707 
1.2749999999999703792 0.25417038335813846306 3.2447446687771828167 -2.4573727744356541614 0.037705869570990396822 
1.2999999999999676259 0.33645831826045569102 2.9297009143919745533 -2.4602106966518126896 0.035246343112265779429 
1.3249999999999648725 0.32191441577143853348 3.7230942360473529007 -2.4625007062671504521 0.03781627897106001196 
1.3499999999999621192 0.31202881166735313423 4.0111319948318033823 -2.4644408637756551883 0.030233587155043723654 
1.3749999999999593658 0.30276339107412703067 3.4698867825208972171 -2.4662611656728947729 0.029502687030265168505 
1.3999999999999566125 0.22846203318407037886 3.1425921765818403131 -2.4683433444037112814 0.031126640976944189299 
1.4249999999999538591 0.18465586684187557109 2.9925320717407872806 -2.4697432628679969469 0.016901409748243188813 
1.4499999999999511058 0.27339341571565578537 3.2656906539360130992 -2.4715979026186967182 0.036521949911989023962 
1.4749999999999483524 0.32170689860389489745 3.505817403967874224 -2.473293875267837727 0.026031662764434915225 
1.4999999999999455991 0.26348179701480400894 3.3375933544854032853 -2.4751448820713513044 0.02554528943746328315 
1.5249999999999428457 0.24846676708400616818 3.4856465354777013133 -2.4767151085591536663 0.024629272976184297256 
1.5499999999999400924 0.28534327927250091594 3.6141293142865382748 -2.4784489696955733784 0.025130099111374183674 
1.574999999999937339 0.28405727119485596477 3.3180483847060493474 -2.4794660076560375295 0.018595332649348740583 
1.5999999999999345857 0.29641951690657680762 3.3916065538716648753 -2.4811151059944749342 0.027401067552409678202 
1.6249999999999318323 0.33512953478093593374 3.8810558352478485844 -2.4829032344019457135 0.025715827440169279627 
1.649999999999929079 0.31897562950059943354 3.6217505781402845599 -2.4844616790653790694 0.024855344266340794607 
1.6749999999999263256 0.24628178740591522011 3.0067307411469843537 -2.4856775983902310578 0.01606306749620629859 
1.6999999999999235722 0.2455310386120845012 2.9079336199950964748 -2.4867201058061780827 0.014524865288794385626 
1.7249999999999208189 0.28598012360074026583 3.3944745093453532192 -2.4877148156962243242 0.017407647164262581019 
1.7499999999999180655 0.30347388819186965625 3.3498860651315904846 -2.4889743757934388313 0.023157761694889894555 
1.7749999999999153122 0.319380900905052445 3.0365845995237852328 -2.4903141652469513723 0.019661437929668748592 
1.7999999999999125588 0.31984682492947297261 3.6616699365663563093 -2.4916517508539115511 0.017914602095076156973 
1.8249999999999098055 0.29021861738120630081 3.9408598278628081957 -2.4925666560823089846 0.014746303299611922613 
1.8499999999999070521 0.27849320183802839246 3.347402504923960187 -2.4936889068972445394 0.020672082196965011619 
1.8749999999999042988 0.29903355920670021684 2.9417625163018445988 -2.4948358265639067888 0.012330936151025382111 
1.8999999999999015454 0.30250148875427529394 3.620137318059853726 -2.4956617910443843478 0.015294997422521760047 
1.9249999999998987921 0.28217968005029731016 4.2249287435457887341 -2.4966143238026705653 0.016342525124905308426 
1.9499999999998960387 0.27677130877545280674 3.0131909565028474063 -2.4978300520167011634 0.017365994753418583646 
1.9749999999998932854 0.28273069102927472773 2.5305120342754494622 -2.4985695561475651516 0.011690296695095012125 
1.999999999999890532 0.29713941863753773331 3.6533404247356537908 -2.4995046650257592979 0.01340909210987027006 
2.0249999999998880007 0.30319972902382963387 3.4894972445967908925 -2.5003056236559824121 0.013689204089377137591 
2.0499999999998852473 0.30827092051058763156 3.260276860293124912 -2.5011611420593737876 0.012910249592448613115 
2.074999999999882494 0.30518753537392201425 3.7897657914500939569 -2.502042492553027131 0.01598540942110951088 
2.0999999999998797406 0.27547082384501014873 3.9658417283130238395 -2.5028628412535129932 0.0080218909505822728889 
2.1249999999998769873 0.2777096950011571086 3.8390362176308663322 -2.5034810963354305891 0.013229734471981044464 
2.1499999999998742339 0.29561420623928236218 3.0606602893844865321 -2.504328133981175597 0.011185742031632405283 
2.1749999999998714806 0.29292884207618463677 3.0627237159670359645 -2.5049681900199356477 0.011438669447363762621 
2.1999999999998687272 0.28852582473728710655 3.6457640840708744889 -2.5056176662437392721 0.0090819846859680544715 
2.2249999999998659739 0.28537788804969838052 3.2600088225389725061 -2.5064849418914358914 0.01481715200368677321 
2.2499999999998632205 0.29656367376734049657 3.3419432263085502299 -2.5070982870733002912 0.0078783106417907988045 
2.2749999999998604672 0.31705037531280133578 3.9518928509506268121 -2.5076785111121804306 0.0080468209696077392518 
2.2999999999998577138 0.3170279982484726089 3.8658059123772852139 -2.5081570552401055707 0.0089466088604555245312 
2.3249999999998549605 0.31179159816213691814 3.5798389227677196445 -2.5088786853550533174 0.012095920460365063367 
2.3499999999998522071 0.29765160605952206696 3.4388752955411918677 -2.509500649863416033 0.0093465465010206354168 
2.3749999999998494538 0.27916202256409844429 3.4446196281632919245 -2.5100864158137565774 0.0067034529945807211013 
2.3999999999998467004 0.28795534909192660455 3.413197590033987705 -2.5105320153698014174 0.0088670901690511422233 
2.4249999999998439471 0.31001399499597337428 3.0677112436340756574 -2.5110502007613337838 0.0073991802811838158077 
2.4499999999998411937 0.30893550574083455951 3.1531606790167288068 -2.5115682504612415471 0.0090584286195024704691 
2.4749999999998384403 0.30781615507103782248 3.9359276949892167963 -2.512166442920989784 0.0091325927707414170098 
2.499999999999835687 0.30801919229233354347 4.1126172461082566301 -2.5126523160227440812 0.0051958405977602104345 
2.5249999999998329336 0.31612045252042764165 3.853756537759204015 -2.5129307553529471875 0.0060172086930086743362 
2.5499999999998301803 0.32556884848145484224 3.8154251038465245571 -2.5134130076681135968 0.0077105227605364905913 
2.5749999999998274269 0.31031643133314051886 3.3898038038077498157 -2.513889853729148971 0.0076649468082262625646 
2.5999999999998246736 0.2875695613620920521 2.9438198526562131541 -2.5143720513045155762 0.0068623216232033832154 
2.6249999999998219202 0.27673711994750710419 3.0234478065542536029 -2.514736307894663625 0.0051476334314863123748 
2.6499999999998191669 0.28277920554617269611 3.3403106464310834411 -2.515088771685711766 0.0060049539230888080224 
2.6749999999998164135 0.30592220484673249281 3.872565219944229753 -2.5155259967448939662 0.0074468380065021771638 
2.6999999999998136602 0.32906230313105083729 3.9593972485043629206 -2.5159280775770525018 0.0054754920674372816597 
2.7249999999998109068 0.31959178332254345456 3.5794231189566825257 -2.5162421039311237969 0.0037651692674102615367 
2.7499999999998081535 0.3033471018724071544 3.7691804780233604255 -2.5165382492051411312 0.0065767831574237789818 
2.7749999999998054001 0.29793800173820728094 3.6714902811200103017 -2.5169343893978703974 0.0054403707762822805724 
2.7999999999998026468 0.29652113451272460454 3.1835891583182664988 -2.5173059531865518146 0.005362444612063707941 
2.8249999999997998934 0.29759577266170922361 3.2292401634293521617 -2.5175541418032305607 0.0035884052485265220851 
2.84999999999979714 0.29756675595947462698 3.3273693140981173144 -2.5178503919039991743 0.0057142842573874334453 
2.8749999999997943867 0.30147265523347172023 3.3485013425030194512 -2.5181893811192757049 0.0043725408579079914559 
2.8999999999997916333 0.30416542003322194487 3.6829752584890806943 -2.5185092785588123476 0.0053921553678373057919 
2.92499999999978888 0.31547587476404259643 3.9458932333765122102 -2.5187702919176473415 0.0038139421497322837165 
2.9499999999997861266 0.32650775039590557158 3.9087082462348803347 -2.5190344942078799484 0.0035167087942135307789 
2.9749999999997833733 0.31590340848558934317 3.7206616539175381142 -2.5192472401928625025 0.0039065637629906394684 
2.9999999999997806199 0.29847540007433986942 3.4537131355722681114 -2.5195322117970708753 0.0046081557163593720589 
3.0249999999997778666 0.29738521718366695001 3.2351462504431163225 -2.5197953765882648014 0.0041292876558877370657 
3.0499999999997751132 0.29949148667610769881 3.2417554045352856562 -2.5200503963958817977 0.0033356162180065130306 
3.0749999999997723599 0.29819273655282824143 3.3790855860854502879 -2.5202627781084063763 0.0033119934745775223006 
3.0999999999997696065 0.30653811189177276875 3.5414464859426559862 -2.5204527840346537815 0.0035132842786146428402 
3.1249999999997668532 0.30682717640112555646 3.7149260536319559378 -2.5207142377526015053 0.0039921075913056823167 
3.1499999999997640998 0.29512606734840052258 3.6883935795119349166 -2.5209227506929350326 0.0026025567962550972406 
3.1749999999997613465 0.30176623792529849721 3.6219827050417672254 -2.5211283006350613256 0.0037404866343707784612 
3.1999999999997585931 0.32184836710350961386 3.6245166977601877001 -2.5213035170026416587 0.0027649892594938324866 
3.2249999999997558398 0.31433968278404528229 3.5220964788827804348 -2.5215214859063768138 0.0026870853425996110882 
3.2499999999997530864 0.29599187465339676928 3.5011361990336080652 -2.5216770255424170166 0.0030832605922109074768 
3.274999999999750333 0.29322357284725292237 3.3869100604863531245 -2.521882734754000488 0.0030358122981921286873 
3.2999999999997475797 0.29141877147310973895 3.1895690001025371885 -2.5220481655069000304 0.0024481041119675706237 
3.3249999999997448263 0.29270288536114180689 3.4286313856795267441 -2.5222179145883432128 0.0025659415524799276606 
3.349999999999742073 0.30702147773598131852 3.7846604671119439267 -2.52236649332748053 0.0024331937071418396033 
3.3749999999997393196 0.31862796694443368262 3.7286367843539531819 -2.5225317529152149199 0.0026331857696954633075 
3.3999999999997365663 0.31252708296583836534 3.5170578144808142262 -2.5227015433464043959 0.0024495978033261785536 
3.4249999999997338129 0.30337468756242041978 3.5133780216306815802 -2.5228379007256074296 0.0021950133611605129533 
3.4499999999997310596 0.30926916567036616401 3.632528045921135984 -2.5229777249074882839 0.0020814210357371254641 
3.4749999999997283062 0.31252368024503762722 3.5647702470218467496 -2.523125911487485773 0.0027215514182277874763 
3.4999999999997255529 0.2985699657789588346 3.387942390950971383 -2.5232804334322032069 0.0017078969703808815316 
3.5249999999997227995 0.29471617504553992983 3.5014693045665916671 -2.5233877397073269933 0.0020019124151324221503 
3.5499999999997200462 0.304215331541668077 3.5663238850464415997 -2.5235029747943529266 0.0017347848869085830993 
3.5749999999997172928 0.30353351467464062541 3.3228410263697782945 -2.5236314678892539654 0.0019748195880077705662 
3.5999999999997145395 0.30894122792920880594 3.5482434984000401634 -2.5237622943027799849 0.0023383741282005489695 
3.6249999999997117861 0.32375222544212245435 3.9012437654676364041 -2.5238828577324272651 0.001430845849851901776 
3.6499999999997090327 0.31387472814830236212 3.5476327198369674853 -2.5239826134618881248 0.0016041878871016176152 
3.6749999999997062794 0.29409565611744004077 3.4130302028852237406 -2.5240848756648897044 0.0017211245828252037717 
3.699999999999703526 0.29490113765689346392 3.5756245422965600156 -2.5242074370253679838 0.0020887963849700770524 
3.7249999999997007727 0.30492111366142377049 3.4933883071491540484 -2.5243080970386309048 0.0012925522130126652128 
3.7499999999996980193 0.3081408599246440172 3.481943161123481012 -2.5244162281904118927 0.0013563950014784599725 
3.774999999999695266 0.30452225990029418989 3.5033581566032019339 -2.5244721206963189886 0.0014255181988818549626 
3.7999999999996925126 0.30278467923912805171 3.6056690537330720048 -2.524589966704400279 0.0016114786461595221115 
3.8249999999996897593 0.29870538499394072574 3.5996257024717772666 -2.5246825493501416915 0.0015129066559505556511 
3.8499999999996870059 0.29733695705103702078 3.3089906446657981753 -2.5247675081141340847 0.0010476696011245815229 
3.8749999999996842526 0.312855443776224873 3.4776517708507883597 -2.5248386437627208245 0.0012890375074968143596 
3.8999999999996814992 0.3166111387473362071 3.7991385391125369608 -2.5249163328061938749 0.0012849743782711096733 
3.9249999999996787459 0.30139262120032578318 3.5810431038801571191 -2.5250150406929319225 0.0014351052123605829991 
3.9499999999996759925 0.29948343950123312851 3.4308728299719906119 -2.5250847716119699804 0.0010271942226460497542 
3.9749999999996732392 0.30390475361010571564 3.5645798069218583848 -2.5251496840758309581 0.0010416387230869220484 
3.9999999999996704858 0.30152319601411986527 3.5762344966709451732 -2.5252207589381177044 0.0011703851998468330076 
4.0249999999996788347 0.30565411773007034046 3.4616210800408224735 -2.525303693056450971 0.0011677966166467280626 
4.0499999999996871836 0.3105586393488155017 3.4829236659178408608 -2.5253636376439123623 0.0011252745198254883192 
4.0749999999996955324 0.30556436417021537455 3.5922364094429322101 -2.5254348694805344167 0.00078922879514075955018 
4.0999999999997038813 0.30347795558950019235 3.5502588227386175923 -2.5254833458514989175 0.00097337400917126113038 
4.1249999999997122302 0.31070372595498579882 3.4679788089615612989 -2.525552912185903498 0.0010801857193840263063 
4.1499999999997205791 0.31570671685957468755 3.6415385306159278045 -2.52561707681636749 0.00094232047593658632874 
4.1749999999997289279 0.31008147351791898183 3.7574070507123362717 -2.5256720578487583673 0.00075586945088399241054 
4.1999999999997372768 0.30140796772078809473 3.5043815896092902484 -2.5257208188273638783 0.00092346917212417526863 
4.2249999999997456257 0.29770993811311552424 3.3778201876540814297 -2.5257743231267077988 0.00066433407757060991463 
4.2499999999997539746 0.30032158945078857304 3.5177849096206466051 -2.5258295091916531661 0.0010490165197228925979 
4.2749999999997623235 0.30779765553626159402 3.5332235489405023898 -2.5258876311498061895 0.00078092278095357446112 
4.2999999999997706723 0.31610701243695521478 3.5286136664709060184 -2.5259302185923431239 0.00061243498984289604196 
4.3249999999997790212 0.31406740429582669094 3.5876976024900311124 -2.5259766569121242519 0.00084124048517260460907 
4.3499999999997873701 0.30271311808830231316 3.6201094611011543911 -2.5260261368062439935 0.00061628370180042844808 
4.374999999999795719 0.29829846818626959415 3.6131844775375023815 -2.5260663845600004329 0.00078510254222096374516 
4.3999999999998040678 0.30374730655819842662 3.5076186401709517071 -2.5261140594334552389 0.00064607773156508596299 
4.4249999999998124167 0.3064618191434475003 3.4536137720339876722 -2.5261558774412478101 0.00063840428658200711661 
4.4499999999998207656 0.30430754320330599683 3.4824719608819778571 -2.5261927072555021567 0.0005284434081421826709 
4.4749999999998291145 0.30393122142977624378 3.4761001714608159574 -2.526229032641966743 0.00071442883822292111134 
4.4999999999998374633 0.30429511619156152102 3.5176670827912337458 -2.5262704677227145744 0.00051427229875949487074 
4.5249999999998458122 0.30627043979001838947 3.6345574976837609071 -2.5263104107586342728 0.00068077951490558925775 
4.5499999999998541611 0.31031893968014967466 3.6857661723239898421 -2.5263465408931020661 0.00052292199806422759445 
4.57499999999986251 0.31124128841550929847 3.5682552360378947398 -2.5263727735163112875 0.0003779233921128179706 
4.5999999999998708589 0.30658981529861051296 3.4980381343340107847 -2.52641104898890001 0.00067049205227570011622 
4.6249999999998792077 0.30136769874902635813 3.5046158879151017018 -2.5264449607104895179 0.00051882921478927420539 
4.6499999999998875566 0.30065153271042360794 3.4610261389420671208 -2.5264790354148178864 0.00041620504422978916005 
4.6749999999998959055 0.30532921086769732044 3.5010643665712466444 -2.5265020606605026465 0.00048481967299319832752 
4.6999999999999042544 0.31003082062103110017 3.5436432911975770388 -2.5265364419860643075 0.00044569386156053503569 
4.7249999999999126032 0.31005641290215107952 3.5726246250416955341 -2.5265635476455869934 0.0005032160194520706115 
4.7499999999999209521 0.30690218658375101324 3.6769647845575370582 -2.5265930451417251135 0.00035124537546404584285 
4.774999999999929301 0.30566392403132069955 3.6034850716736377407 -2.5266177763452533078 0.00044333906907602078744 
4.7999999999999376499 0.30948885036083773059 3.5278561564850932086 -2.526640159416999154 0.00035065390611621117568 
4.8249999999999459988 0.31121842260460252927 3.5769792262159474383 -2.5266715977602745014 0.00048768216484565158481 
4.8499999999999543476 0.30624417911546747417 3.4803076871446152474 -2.5266933992898201744 0.00033651318128284700513 
4.8749999999999626965 0.3019294590455139371 3.4303475245217245337 -2.5267189522540429714 0.00031696027988236693098 
4.8999999999999710454 0.29997868892698087429 3.4958609011705652492 -2.5267359851426620665 0.00040300414216929922057 
4.9249999999999793943 0.30180408171340389334 3.5509111898133958185 -2.5267621597661773514 0.00028436360020001803751 
4.9499999999999877431 0.30944196795788303511 3.6253291403296912243 -2.5267858981908655203 0.00048569967686701228131 
4.974999999999996092 0.31316848983570888532 3.6143206694213612096 -2.5268069167531970187 0.00019566850440021435627 
