0.025000000000000015266 0.60302562734442255454 0.00053598874225939049931 -2.2368152463555643905 0.045555365881315625087 
0.05000000000000003747 0.5741784204597435437 0.018990501570582990487 -2.2393200942312860846 0.073269420007588001442 
0.075000000000000052736 0.40885241802505356556 -0.019160892586400579685 -2.2464410616382886055 0.12413807020770813161 
0.10000000000000007494 0.35335580633299523701 -0.053922452643033080832 -2.2585573874029267749 0.14153735987964549681 
0.12500000000000008327 0.1643130676990681438 -0.35331192410819445282 -2.2666992284259341872 0.08635585858776395618 
0.15000000000000010547 0.18702028918223534415 -2.5185987405548750928 -2.2737184562842438496 0.11084275591403575101 
0.17500000000000012768 0.31023183848669955154 -3.5338605006374592676 -2.2819487201013224364 0.11092783412192136483 
0.20000000000000014988 0.21310513099483924249 -1.9613553274278978655 -2.2909253758263639078 0.10129654645544071412 
0.22500000000000017208 0.2256150153820528359 -3.0516104752084234342 -2.2982039949832535619 0.10506662190364360332 
0.25000000000000016653 0.26772174582164487422 -3.8916505954440800963 -2.3066432357605752834 0.1134971183160735364 
0.27500000000000018874 0.20554822291405830392 -2.4500510455261235165 -2.3143302073836409249 0.084948645794994018243 
0.30000000000000021094 0.22229153726614023223 -2.0223881284230214028 -2.3211262477689422745 0.086706581004256724765 
0.32500000000000023315 0.31470963761158238237 -0.6195554369405900097 -2.3278300040113681924 0.10625522134571406541 
0.35000000000000025535 0.32862012322101302741 0.76989223043469856567 -2.3342452556419961418 0.059455222995597592495 
0.37500000000000027756 0.32921330351462274599 0.099080723848979979085 -2.3403211085908761646 0.093741779639896147258 
0.40000000000000029976 0.2488913455421689902 -0.91367213216495180017 -2.3469077600707684006 0.092083568831743775607 
0.42500000000000032196 0.21731818604634672853 -1.8958839484867446856 -2.3549559656377834216 0.10052456074809569542 
0.45000000000000034417 0.21098579773863920805 -1.8888435162353784946 -2.3619633280890965921 0.083913500471114912949 
0.47500000000000036637 0.15014208528515088359 -0.94891822082140897532 -2.3671549489996985827 0.066590459425294901141 
0.50000000000000033307 0.16800587463900493179 -0.20320818121051487104 -2.3723184027431094556 0.063225444831206539797 
0.52500000000000035527 0.24158517092944886695 -0.3049314617618054668 -2.37793383252759849 0.092556438368482721324 
0.55000000000000037748 0.30518129910361141421 -0.95055295785425453214 -2.3840678690663952288 0.068613072311920583757 
0.57500000000000039968 0.31323054380890041903 -1.2175006414575295643 -2.3904692537682281639 0.087149183757885148593 
0.60000000000000042188 0.29203065666520006127 -1.18811934253231688 -2.3952364793603093673 0.056826083839182472968 
0.62500000000000044409 0.20316758974577792118 -1.7288135309222920633 -2.4003486616627847106 0.059449107863682848496 
0.65000000000000046629 0.18851817128082221098 -1.0475573465516989646 -2.4039375455650300317 0.051206763553447449955 
0.6750000000000004885 0.24970273140180590521 -0.37412370390878740833 -2.4089154821478380164 0.068161301280118019585 
0.7000000000000005107 0.25850875378194093646 -1.8029107767085936764 -2.4131992686164900341 0.056731191788685367272 
0.72500000000000053291 0.27676618244859557683 -3.1751239219458526897 -2.4186544252419182044 0.06657313650317732423 
0.75000000000000055511 0.24748001523014895309 -3.2502118239662349808 -2.4231167893457379314 0.0661029661703967375 
0.77500000000000057732 0.2120466353171816809 -2.7990724461535103629 -2.4279220445592213373 0.059316402770425637192 
0.80000000000000059952 0.23568906078712884011 -3.7124623382058170584 -2.4328095769399831205 0.066814206036022005808 
0.82500000000000062172 0.24824682997297883857 -4.9250988934746979808 -2.4369745596880281191 0.038807777668045308206 
0.85000000000000064393 0.23122697997357594124 -4.5017974132478792981 -2.4398145172046716844 0.043159538620636234141 
0.87500000000000066613 0.23083209694270048762 -3.8524184151689881972 -2.4434584327580890495 0.045192859009577389384 
0.90000000000000068834 0.23824002974774513564 -4.1229159465674394269 -2.4468530391842833183 0.054887782028272297241 
0.92500000000000071054 0.26490679643170306212 -3.9261703961814355957 -2.4510221826302069914 0.046914630703440325654 
0.95000000000000073275 0.25884852910255035097 -3.0437776243949157262 -2.4549216681257401973 0.046215086959276854839 
0.97500000000000075495 0.22783697511147696368 -2.7278543419783320978 -2.4574479966648783424 0.027450582187760207836 
1.0000000000000006661 0.2029886035273321121 -2.9962724477375188847 -2.4595175449195347817 0.03391998154608225069 
1.0249999999999979128 0.20489100570024607051 -2.7465332507111952509 -2.4628798625358654384 0.044815297795949761428 
1.0499999999999951594 0.21425271556583130872 -2.673607033845320835 -2.4657567977274417181 0.03764449151416824485 
1.0749999999999924061 0.24677612365586870657 -3.3822039775739014544 -2.4686496486586935184 0.033003407213493318739 
1.0999999999999896527 0.25239936479329111441 -2.4646612510174557009 -2.4713854193336208809 0.043180234294838006071 
1.1249999999999868994 0.24386975262780360985 -1.1263075086259877189 -2.4740055167162307015 0.025235917080087284098 
1.149999999999984146 0.25248481825616059249 -0.69817229700749217081 -2.4760356675767698498 0.031360579613914092711 
1.1749999999999813927 0.22372362295505340835 -0.73728751967025207836 -2.4784326363653446101 0.029330925893983336022 
1.1999999999999786393 0.24536888036019760539 -1.7485580278773911189 -2.4809679731875289299 0.034805783286673004639 
1.224999999999975886 0.2630484431222645525 -2.3224748843391291864 -2.4828719655472655248 0.020612352342500642882 
1.2499999999999731326 0.21245294247596782644 -1.9354772693497774849 -2.4847455616343929741 0.026420732210375698357 
1.2749999999999703792 0.19427782681303848444 -1.427419403619938354 -2.4868623673239897975 0.028251935636992023954 
1.2999999999999676259 0.24159997365790253365 -1.0851691460800543254 -2.4886746892906490558 0.022758342067768468769 
1.3249999999999648725 0.2933290060777536401 -2.1520002302620295787 -2.4910757858414496191 0.036005730307283351221 
1.3499999999999621192 0.28907309294808786193 -2.7708371368241175858 -2.4929434966129391249 0.013528498722631914289 
1.3749999999999593658 0.28941368305789677562 -1.9344654726325030136 -2.4945530232043648944 0.027977986719385485037 
1.3999999999999566125 0.25942102159844965259 -1.5890453628994756219 -2.4962772235967256584 0.023748074761530957311 
1.4249999999999538591 0.21237961202389044058 -1.7909672074856857193 -2.4984194949801254992 0.024062588791722214904 
1.4499999999999511058 0.22648021776902310664 -1.8102135937283188039 -2.499770074849216428 0.019345491513920391735 
1.4749999999999483524 0.25041862316731994254 -1.7733703814582815195 -2.5012802072267676934 0.017918944980961640928 
1.4999999999999455991 0.24123884516094143415 -1.5935562006865302553 -2.5026962004849568899 0.017076926620229724435 
1.5249999999999428457 0.23709293881446580343 -1.4535692445068160161 -2.5036401297313268799 0.01141719016540707933 
1.5499999999999400924 0.25648831751792833256 -1.1952549017821412214 -2.5048175723650394353 0.016028137030043698025 
1.574999999999937339 0.26700012786440463497 -0.74527056409892755706 -2.5059344313818079364 0.019010562555477943103 
1.5999999999999345857 0.23936461730186381347 -0.72428523565768299086 -2.5075187498228452831 0.016220825162316977047 
1.6249999999999318323 0.23824449012161383332 -0.84388023964650460407 -2.508584343660015481 0.016614323406505950714 
1.649999999999929079 0.25693549926102049463 -1.0081114832804116688 -2.5099700694108846299 0.014765159713661530835 
1.6749999999999263256 0.25819206897658386612 -1.0492726859982506316 -2.5109021515221008336 0.014387646692965196105 
1.6999999999999235722 0.26867011902476528595 -0.83875069772973154247 -2.5119780139677323483 0.012573919898411277038 
1.7249999999999208189 0.26668657952120727872 -0.78936769743878754113 -2.5131202111802313226 0.016945658885554406442 
1.7499999999999180655 0.25867880447466895522 -0.82249720653011726412 -2.5141535970038364489 0.011443981200067024351 
1.7749999999999153122 0.24726658719287952781 -1.0688070396813458274 -2.5151656520066980605 0.012789854713320220406 
1.7999999999999125588 0.23767360217906130515 -1.3402797698030524121 -2.5159280812376856318 0.0097182010046237780193 
1.8249999999999098055 0.23972942381412859492 -1.3688779994901527637 -2.5166653049600400394 0.0085572934168386509401 
1.8499999999999070521 0.24172461704156705808 -1.0558358734219921438 -2.5174026363141197571 0.012529375493725637344 
1.8749999999999042988 0.24762191478191003524 -0.61847935490438166184 -2.5184210625596574751 0.010645323039978889929 
1.8999999999999015454 0.26997083735892085654 -0.34558339229659085223 -2.5191452250520516287 0.011801386903770904116 
1.9249999999998987921 0.28057914831067265471 -0.35710120455995880695 -2.5199654392714694318 0.0084500462680906981983 
1.9499999999998960387 0.26819275628904742925 -0.84688341708116743334 -2.520742769884497303 0.011976320840618523075 
1.9749999999998932854 0.25860354941867608192 -1.3388032178264273053 -2.5214370834134984811 0.0064320853889181187762 
1.999999999999890532 0.25312048804283543424 -1.2241033931313014538 -2.5221052489882782588 0.010982969685974104321 
2.0249999999998880007 0.24603467789689834055 -0.97774898742092875015 -2.5227510664039312083 0.0071459433284206015646 
2.0499999999998852473 0.24849221322536477197 -1.0576077965535355396 -2.5235028049078835899 0.0097467910459270393903 
2.074999999999882494 0.25285306436015569931 -1.1845562602439718702 -2.5239589043509997879 0.0058595357839316226586 
2.0999999999998797406 0.25185814898696112785 -1.056649583337264442 -2.5245309218769733661 0.0068479206666523882024 
2.1249999999998769873 0.26169580108441981015 -0.65379681167524328345 -2.5251447427004141133 0.010360422073888620256 
2.1499999999998742339 0.27249023204628153305 -0.47845215843575072956 -2.5257590890121730531 0.0053257903428717808317 
2.1749999999998714806 0.26743564753585591376 -0.59367285970930860906 -2.5262707082424387117 0.0077853946245201241516 
2.1999999999998687272 0.26444625695102957907 -0.52282671229955257619 -2.5266800781708953494 0.0039430504887714842507 
2.2249999999998659739 0.26025153162853253974 -0.613503522279146285 -2.5271865033877771722 0.0086474688482829718122 
2.2499999999998632205 0.25964561310486267143 -0.86265045300690279539 -2.5277642216474864867 0.0066280786193101803166 
2.2749999999998604672 0.25944593725135345341 -1.0071920925000756863 -2.528187325269469099 0.0047208694014585130677 
2.2999999999998577138 0.25689475151178720047 -1.2429367903156256503 -2.5286060639168086439 0.0061304861856467393957 
2.3249999999998549605 0.25110286118749303164 -1.2117617431446987553 -2.5290149654736593376 0.0045588512073109748596 
2.3499999999998522071 0.24271839211551293758 -0.91664902727386787795 -2.5293829218807672987 0.0055326521490214209537 
2.3749999999998494538 0.25976129169040701461 -0.70129766846363994492 -2.5298428411886813016 0.0060957947441497087326 
2.3999999999998467004 0.27518744783792004061 -0.70660926490271647182 -2.5302352853976479707 0.0045745788688893790006 
2.4249999999998439471 0.27013385383790045058 -0.80863864843508193037 -2.5305566795610121567 0.0035978977884393663865 
2.4499999999998411937 0.26826052801405336767 -0.7004373226465018254 -2.5308734558897567624 0.0050322713761033095736 
2.4749999999998384403 0.26883471768374606059 -0.59070316898488728352 -2.5312502335681634769 0.0047007107390029806426 
2.499999999999835687 0.25860192623639605136 -0.69846114457932872988 -2.531600655973197167 0.0041880177585241484817 
2.5249999999998329336 0.24934696376032292053 -0.95296128589606188264 -2.53185966471738233 0.0035516442109635179905 
2.5499999999998301803 0.25275557182949259794 -1.0861072612711115681 -2.5321713995265966446 0.0037043179358589380275 
2.5749999999998274269 0.25873967246999185488 -1.0445679120345394697 -2.5324626527912981189 0.0046796745469422406163 
2.5999999999998246736 0.26339678211273437336 -0.94824506161554111827 -2.5327849107592235178 0.0029408697741674493659 
2.6249999999998219202 0.2660618129268431109 -0.75495403153683560138 -2.5329881395653708331 0.0032212388794857684665 
2.6499999999998191669 0.26260456703067330819 -0.76097724886187834148 -2.5332552097251248568 0.0038133750078769772067 
2.6749999999998164135 0.25880991932154356894 -1.0011955761159294642 -2.5335459520100522823 0.0030128649136587025946 
2.6999999999998136602 0.25856696639319992626 -1.0259610831789403029 -2.5337299756383866445 0.0029040114690953638607 
2.7249999999998109068 0.2631602575996487281 -0.88762704215757182169 -2.5340052632668874644 0.0032468655535715330515 
2.7499999999998081535 0.26550737276209973592 -0.69753509229629340194 -2.5342066590354117572 0.0032874313591568548112 
2.7749999999998054001 0.25851491972222967464 -0.6840510371345426277 -2.5344676545880688856 0.0022925876953762275301 
2.7999999999998026468 0.25744401595046978448 -0.82353291356742963636 -2.5346016465736393997 0.0020956519359362157061 
2.8249999999997998934 0.26225831158350493277 -0.76664069483862085086 -2.5347982478008947993 0.0029747846806348213558 
2.84999999999979714 0.26314498708152339601 -0.84716407618919542521 -2.5350560571624347617 0.0032985566942721816427 
2.8749999999997943867 0.26792101097069165316 -1.021580038855832262 -2.5352051282160075196 0.001300419883001142831 
2.8999999999997916333 0.26791726126917297934 -0.90079607423993923732 -2.5353791243069321304 0.0026392445559873679156 
2.92499999999978888 0.25605235878126869631 -0.86358677185729881831 -2.5355455313254715577 0.0024103075924103833233 
2.9499999999997861266 0.25398151346886782553 -0.89518335941533244693 -2.5357416861752675175 0.0019832046226471227932 
2.9749999999997833733 0.26217778686880505168 -0.78463582254401087468 -2.5358645041234084694 0.0019528978045660304319 
2.9999999999997806199 0.26194561048326830965 -0.79851681929020135176 -2.5360151562101145295 0.0017248881607810364301 
3.0249999999997778666 0.25764760172492101598 -1.0044469420749462252 -2.5361824731963862334 0.0025938818219002277021 
3.0499999999997751132 0.26130744578893955188 -1.0262371315948790595 -2.5363243102743897595 0.0012415009672602137468 
3.0749999999997723599 0.26567191147269964002 -0.73928441686255985665 -2.5364511567803784686 0.0018747966974180635923 
3.0999999999997696065 0.26581054910257723156 -0.599045166202681445 -2.5365622474236868555 0.0016209604636067472417 
3.1249999999997668532 0.26556991290248582738 -0.76001360118392380372 -2.536720791490886473 0.0018518194174665411449 
3.1499999999997640998 0.26772180606296558381 -0.8344312655823542535 -2.5368224979476927672 0.0013115489398444128526 
3.1749999999997613465 0.26431607482428248757 -0.81683647319801011566 -2.5369372377874026547 0.0015094202998193985074 
3.1999999999997585931 0.25419039507708357517 -0.9006256590518624261 -2.5370696021493861494 0.0018578783894506679854 
3.2249999999997558398 0.25335608488374194991 -0.93576134059539062271 -2.537158957413594873 0.00085670353817735500276 
3.2499999999997530864 0.25993478829065685964 -0.8730504465422626037 -2.5372688177939992649 0.0016366470941868440595 
3.274999999999750333 0.26158676039036404815 -0.93120199093994882045 -2.5373607757014697839 0.001124168315136003923 
3.2999999999997475797 0.26633002534738697831 -0.97688275463154594647 -2.5374706474784569643 0.0014293896479277083244 
3.3249999999997448263 0.27260249992842960909 -0.73243853250373647246 -2.5375593441165329445 0.0011686919264963038529 
3.349999999999742073 0.26624327048444856869 -0.63802491501179980915 -2.5376415476627607326 0.00097557776072766254523 
3.3749999999997393196 0.25586651027582030249 -0.8659799114232200612 -2.537740812419774894 0.0014472864785869329896 
3.3999999999997365663 0.25801662783181955607 -0.85074565863564144408 -2.5378140529733879127 0.00068970772035652390397 
3.4249999999997338129 0.2651263999507821878 -0.70317267493921509214 -2.5378910965899224017 0.0011643027773502610724 
3.4499999999997310596 0.26496500967391123371 -0.78459275694443575411 -2.5379726472765771206 0.0011292542115007120178 
3.4749999999997283062 0.26077942896464867406 -0.93650088125619568302 -2.5380518819106598905 0.00084936940607672367122 
3.4999999999997255529 0.26038378898499414671 -0.89747458663930845812 -2.5381156981799040118 0.0009101396759741165474 
3.5249999999997227995 0.26322364320368024648 -0.82183686021661805921 -2.5381850527105189741 0.00086064031018745934965 
3.5499999999997200462 0.26274998694059653603 -0.94815223923667979467 -2.5382568675720906803 0.00098388305039910010745 
3.5749999999997172928 0.26450218464942953922 -0.94222677778017660533 -2.5383132717125924671 0.00061129573486080955418 
3.5999999999997145395 0.26451416046505571433 -0.786978255726469067 -2.5383701479790401478 0.00089245749274513889136 
3.6249999999997117861 0.25656236046484143243 -0.83748864535236988704 -2.5384424439728761058 0.00086774985185955502524 
3.6499999999997090327 0.25866400368735098514 -0.82466489214064786495 -2.5384983965651768401 0.0007096424693595928786 
3.6749999999997062794 0.27000935649276619488 -0.68121110224034087111 -2.5385456930234133743 0.00048272560101150373182 
3.699999999999703526 0.26971016619045184992 -0.71606936565704470965 -2.5385904793860771811 0.00081698468512473394667 
3.7249999999997007727 0.25948312428911390892 -0.89841253194786807601 -2.5386578403687090066 0.00079808714536742919859 
3.7499999999996980193 0.25626392341703430056 -0.95858351590004586829 -2.5387021947731760463 0.00040136872957137589759 
3.774999999999695266 0.2614095686039291655 -0.86801007891719139664 -2.5387368601284494574 0.0006507577055100864042 
3.7999999999996925126 0.26593014767011857735 -0.8387107229975128142 -2.5387963558744734982 0.00069555148853077592742 
3.8249999999996897593 0.26719625867249291451 -0.82519644283696302889 -2.5388371105130174143 0.00056528693069038209694 
3.8499999999996870059 0.26513475698912369882 -0.78090590201285636773 -2.5388781032431619877 0.00038552055897443394126 
3.8749999999996842526 0.2595611490152431311 -0.8582239412663550393 -2.5389098265724436843 0.00055126033946922077707 
3.8999999999996814992 0.25515364854894861946 -0.93965196240638504399 -2.538957303617780159 0.00061678705596285873878 
3.9249999999996787459 0.26077505704525832941 -0.86950973506792639256 -2.5389973005534134387 0.000438655236514355932 
3.9499999999996759925 0.26835364977876879911 -0.77887682637637234428 -2.5390243004137453831 0.00036944204945002940286 
3.9749999999996732392 0.26400829015453902704 -0.81273006260142488522 -2.5390656103173929736 0.00059484911212042844344 
3.9999999999996704858 0.26112376403904657973 -0.8409369076335883042 -2.539100219684114812 0.00038011777865171701707 
4.0249999999996788347 0.26700201502735354531 -0.77325755958152919689 -2.539127720997557347 0.00029927794246211282883 
4.0499999999996871836 0.2670146276571367383 -0.76730934632599212541 -2.5391531276211103396 0.00046407665388669864593 
4.0749999999996955324 0.26176937044638726171 -0.82650302828224597729 -2.5391923254990818037 0.00046905136868831518067 
4.0999999999997038813 0.26064332276360285823 -0.87067638869419705649 -2.539222264989292821 0.00033215117823437342566 
4.1249999999997122302 0.26024608820016287281 -0.9193924087624447683 -2.5392418346635938775 0.00024904636690210640772 
4.1499999999997205791 0.25835234753334118674 -0.89555690120738229432 -2.5392722256180095819 0.00045821313068263833405 
4.1749999999997289279 0.26136915132562205111 -0.83017167595385199519 -2.5392978830050534356 0.00031172701122546931729 
4.1999999999997372768 0.26825151669146302114 -0.81229728023351699395 -2.5393237690773604598 0.00027154661161870062352 
4.2249999999997456257 0.26821513989614065299 -0.83805170889803437539 -2.5393423530202969829 0.00031705038362437400245 
4.2499999999997539746 0.2611586028608542942 -0.87510169437974050233 -2.5393700658027000827 0.00033720619010625815185 
4.2749999999997623235 0.26004102847338678162 -0.82517956247653323487 -2.5393935958650830642 0.00028453428255645969898 
4.2999999999997706723 0.26289755807844394919 -0.78976919675137113863 -2.5394087253632089407 0.00019602925932499029051 
4.3249999999997790212 0.26092867253609625111 -0.83580318413973242464 -2.5394336135400474852 0.00033827641841748196192 
4.3499999999997873701 0.26215529924596725486 -0.80857760507420117779 -2.5394504189112860892 0.00021675311705870412308 
4.374999999999795719 0.26749198152283665264 -0.77785201907556178469 -2.5394707564409935152 0.00022303612440003958294 
4.3999999999998040678 0.26486337472730203668 -0.8146477593735526046 -2.5394871664737173056 0.00028609038159209117073 
4.4249999999998124167 0.25955011712756181907 -0.87383048606832747218 -2.5395078166948068521 0.00021175471688949230094 
4.4499999999998207656 0.26184595139053656876 -0.91884660224131764483 -2.5395246634634331961 0.00022328373528995000357 
4.4749999999998291145 0.26462259226838652504 -0.89748477337117393837 -2.5395357684419295197 0.00012917960945935011126 
4.4999999999998374633 0.26232916854288607089 -0.87062582409825806096 -2.5395547732487391279 0.00029736759985663218124 
4.5249999999998458122 0.26107266925363198373 -0.83990314841762070408 -2.5395709362668461573 0.00017900102461633742718 
4.5499999999998541611 0.26277035472924725745 -0.77939610769959766223 -2.5395842616058494912 0.00014089475289075789957 
4.57499999999986251 0.26341425278651259267 -0.78128838322931182248 -2.5395965343933912806 0.00021681109298776445591 
4.5999999999998708589 0.26296953644213588719 -0.83377574146696398216 -2.5396126897940973777 0.0001692499879028578041 
4.6249999999998792077 0.26473422034082033649 -0.8333052917739947052 -2.539625060253532407 0.00016613293980035360163 
4.6499999999998875566 0.26526749327404397505 -0.80836540462076844626 -2.5396346194127157325 0.00011587409215947750037 
4.6749999999998959055 0.26123073105914379477 -0.85185219305169568305 -2.5396487965307015244 0.00022376489265911258348 
4.6999999999999042544 0.26039960109307347391 -0.87664099656752947354 -2.5396614714339658114 0.00011972798465608086094 
4.7249999999999126032 0.26474705246904900457 -0.8287218630757415827 -2.5396710538961748682 0.00012888868778996001216 
4.7499999999999209521 0.26501911439308384333 -0.83687898739552935012 -2.5396810160555811642 0.00014688986360570442766 
4.774999999999929301 0.26146344772813528978 -0.87329562521833981048 -2.5396928184584774968 0.00014742852126284973664 
4.7999999999999376499 0.26065876819219008231 -0.86302220959250819377 -2.5397028368362710715 0.00011776498778378643973 
4.8249999999999459988 0.26158034727818374465 -0.8400898986337509422 -2.5397097236280159471 8.160328091839462309e-005 
4.8499999999999543476 0.26281510854315942582 -0.82996900987344912615 -2.5397204882694977002 0.00018523792125357401188 
4.8749999999999626965 0.26508304693123618812 -0.8335656286880108734 -2.539731391602681132 9.728723189025103885e-005 
4.8999999999999710454 0.26597672612859918351 -0.79600365259215943858 -2.5397381367327414026 8.6744963512881210067e-005 
4.9249999999999793943 0.26362376067118936662 -0.79477936474133803468 -2.5397447105079589136 0.00010222798472433238534 
4.9499999999999877431 0.26093730364786577036 -0.86977168161135576252 -2.5397541547747302104 0.00012013668407122650667 
4.974999999999996092 0.26171898717997588157 -0.85167074087243399561 -2.5397623568084557455 0.00010643580676310974758 
