0.025000000000000015266 0.60245938096415030394 0.00053196276633048905635 -2.2375587464760404721 0.045118336611054653262 
0.05000000000000003747 0.57396429333959286812 0.018833593930117881188 -2.2406456154851235318 0.071916018162437353456 
0.075000000000000052736 0.41080939082274003926 -0.018055849555375869109 -2.2493781430592387771 0.12130562887879296763 
0.10000000000000007494 0.35703008923614198977 -0.054335937609087947564 -2.2642040875043356607 0.13824096242463587703 
0.12500000000000008327 0.17012496520795955535 -0.36210606728621530515 -2.2741164565621896365 0.083027146964266065887 
0.15000000000000010547 0.18999038304469076377 -2.4778938847772189469 -2.2824181807285253143 0.10343995288405218036 
0.17500000000000012768 0.30833055780654827771 -3.4382527766305477357 -2.292022728852190383 0.10314120446075049353 
0.20000000000000014988 0.21138419074954795107 -1.9180757080325454567 -2.3022944515429228929 0.091777761791913839429 
0.22500000000000017208 0.22308780067465658337 -2.9584200325296170497 -2.3109108609953348257 0.10040466050096048811 
0.25000000000000016653 0.27380583527768526109 -3.6577699301996915437 -2.3208111956413310928 0.10776305031249190647 
0.27500000000000018874 0.22291635044976682023 -2.2595638909455266763 -2.3297591001399244881 0.078543634477497292767 
0.30000000000000021094 0.23558875325652359201 -2.0219674758059866804 -2.3379502436427417322 0.082369926404220528138 
0.32500000000000023315 0.31581437570075443499 -0.89168225752609442392 -2.3458877451749113874 0.098957589154025998868 
0.35000000000000025535 0.33900463735113645081 0.67670924573649104961 -2.353905246122349304 0.069703399689520717519 
0.37500000000000027756 0.32818352004531659016 0.47111622029605287887 -2.3610141412349778811 0.072406760404530229325 
0.40000000000000029976 0.25083982356774192635 -0.27079910978071919381 -2.3678469635645238434 0.082923459144601918691 
0.42500000000000032196 0.21733426199145666757 -0.87573708934426408579 -2.3765151468415774971 0.075708776671389824142 
0.45000000000000034417 0.20509177586693091988 -0.93534974246929492026 -2.382864192090559996 0.063929917205785474765 
0.47500000000000036637 0.17944537098552565402 -0.071766656368304926339 -2.3882063355613047939 0.059708992035647147356 
0.50000000000000033307 0.20551880641878145228 0.68632484998027176726 -2.393939712115751739 0.053204774065569039598 
0.52500000000000035527 0.27878298943390711351 0.51661710669690130704 -2.3994340321910612168 0.070812557609827728178 
0.55000000000000037748 0.32418773315531107526 0.34175865079326195328 -2.4071063084233310647 0.078343948150625425386 
0.57500000000000039968 0.31878377142206532069 0.17774442170980320199 -2.413297354654338811 0.053673525739536570578 
0.60000000000000042188 0.26117867795200960801 -0.55958345339862847201 -2.417275912213564304 0.04355548209429314227 
0.62500000000000044409 0.21816200473239263924 -0.88291098312050153574 -2.4229793664763277228 0.061075542894655152071 
0.65000000000000046629 0.24671979884790701254 -0.071878167652420499323 -2.4281610093158012553 0.058353953724621585031 
0.6750000000000004885 0.28437250100622862847 -0.3579256341289761556 -2.4342087781778349864 0.060039368943944536328 
0.7000000000000005107 0.24901646685478706633 -1.1797635755026176785 -2.4381954226246858042 0.030737333792612838573 
0.72500000000000053291 0.23178991989634298299 -0.54637291428752288169 -2.4425274401084986486 0.059111671165658068172 
0.75000000000000055511 0.21425826841927547717 -0.50721780013139294851 -2.4476198326784439629 0.045253838231483496657 
0.77500000000000057732 0.20379037644183159439 -0.47471706633423460531 -2.4522040728243581498 0.051954884808080872838 
0.80000000000000059952 0.27526406524736179993 -0.61736372434968400658 -2.4566051433577942298 0.037516762966013229852 
0.82500000000000062172 0.30659951843606170208 -1.0652747574045138279 -2.4603817158142882171 0.042617512562656299779 
0.85000000000000064393 0.22213239793672293065 -1.2209697720473347005 -2.4639724216313676486 0.037372619949801670625 
0.87500000000000066613 0.18280278260696339321 -1.7848634818836468519 -2.4678274498173822238 0.034916941421581908223 
0.90000000000000068834 0.2146162989703851165 -1.5352840186877667605 -2.4702826496798104827 0.025320539223051836963 
0.92500000000000071054 0.26459990854704856789 -0.71812404077070302044 -2.4732720505829894897 0.036029951307263732851 
0.95000000000000073275 0.26838338455815541339 -1.0739625314769043474 -2.4766973065531665554 0.030285903711476561129 
0.97500000000000075495 0.22496214087948004923 -1.1042950715798984795 -2.4797766795544191609 0.038758494499803654298 
1.0000000000000006661 0.22359934186123350819 -0.86086815413857586954 -2.4828075838810752529 0.026024289039709110061 
1.0249999999999979128 0.24616748129213325558 -0.88644765286826798789 -2.4851532069555064552 0.02075451891710757002 
1.0499999999999951594 0.27907393566905536186 0.36310220615852883963 -2.4876332972319081804 0.029772963906520757277 
1.0749999999999924061 0.32070459474139079159 0.35260828045191455749 -2.4899568358823258585 0.023427569419570998255 
1.0999999999999896527 0.32395934370228485211 -0.69866589338135154374 -2.4919445740603922701 0.019883988986853787934 
1.1249999999999868994 0.25188615026618904613 -0.60118626433406174847 -2.4941641510979053464 0.019301907197752574824 
1.149999999999984146 0.22682253631657095516 -1.1272999323711929698 -2.4960281633587926287 0.022460866437013653901 
1.1749999999999813927 0.25863199336499093084 -1.0760021381712336908 -2.4976149303417094494 0.013806366748620634705 
1.1999999999999786393 0.27909247994530644865 -0.76496561000012475162 -2.4994947787779153714 0.021666127874604784731 
1.224999999999975886 0.28546979774739617008 -1.065886385556728877 -2.5012887654005311333 0.017898275263138783281 
1.2499999999999731326 0.25316151740383607827 -0.34869001809732402819 -2.5032213843224049299 0.023266544378624104406 
1.2749999999999703792 0.21237674365506256646 -0.28520767268475655243 -2.5051614544583262756 0.016251469289892100933 
1.2999999999999676259 0.24153853045089376805 -0.73837031399065322645 -2.5067542914116622832 0.015250243411329781132 
1.3249999999999648725 0.2750039108234532681 -0.57562033385074884428 -2.5081528628625315847 0.015740943438494272438 
1.3499999999999621192 0.26591024693570169957 -0.74207958628564030246 -2.5093464290362841318 0.014558740653754875458 
1.3749999999999593658 0.25121234453203350467 -1.2501032615976255258 -2.5110302225758358574 0.016215326505164450593 
1.3999999999999566125 0.22490356274037817674 -1.5288796936534350124 -2.5125230938439040429 0.013734836541452659017 
1.4249999999999538591 0.23930591998343545002 -1.3723788831216401363 -2.5136739614076253346 0.011377067794332012748 
1.4499999999999511058 0.28153542141426457501 -1.2656459986332271317 -2.5146406336403619441 0.011728411217964362923 
1.4749999999999483524 0.27328091093291578817 -1.1420067255278771867 -2.5158459848462708663 0.011985908353925866024 
1.4999999999999455991 0.2592221858613151797 -0.46623859796870681382 -2.5171050192886306185 0.014545380206110569699 
1.5249999999999428457 0.24812247411427110211 -0.10561877759857229986 -2.5182701345542857219 0.008598943738947192883 
1.5499999999999400924 0.23336115136847751517 -0.10886382929886984083 -2.5191582183964404962 0.0092955009726098207501 
1.574999999999937339 0.26406255017615531955 -0.53463078249150630672 -2.5198432640286045903 0.0096326755618497458128 
1.5999999999999345857 0.28752692952622438405 -0.55036223811551598928 -2.5210049096476105923 0.010735451640961282335 
1.6249999999999318323 0.25966117239701191899 -0.76695262432914423911 -2.521928653715555857 0.010543424064694304626 
1.649999999999929079 0.24385487199151414939 -1.9631033382733660275 -2.5229230644897664426 0.0067419678889587136839 
1.6749999999999263256 0.24006172029416211755 -1.7232480293488456891 -2.5234593491677492771 0.0086934883160248548062 
1.6999999999999235722 0.24472248978062022262 -0.84919324044797217521 -2.524147432800460944 0.0041415092998118453044 
1.7249999999999208189 0.26880265100667966038 -1.1494928684068155267 -2.5248541574872693793 0.010691258744693643915 
1.7499999999999180655 0.27231175822624903438 -1.0750599735999402107 -2.5257100694609579961 0.0074421903770092584507 
1.7749999999999153122 0.25370811875008436598 -0.55825440919645208382 -2.5264425054526435943 0.0068567683834392543704 
1.7999999999999125588 0.25461666941720939583 -0.26220216164220322419 -2.527004349770695768 0.0058911709535601928731 
1.8249999999999098055 0.25812805316923398413 -0.22890825980165746545 -2.5274916422558271201 0.004623619517248231045 
1.8499999999999070521 0.27049106979848286381 -0.54010494913376616566 -2.5280565179363008177 0.0073746391236220072696 
1.8749999999999042988 0.28199258597411119842 -0.87048088823337910203 -2.5286970848211520746 0.0054302894066801266765 
1.8999999999999015454 0.25506516281976798766 -1.2585084042111345237 -2.5292843830675906247 0.0061337835140572059475 
1.9249999999998987921 0.23713975495884026534 -1.2478179977875765161 -2.5297389993593246693 0.0046622171385007479469 
1.9499999999998960387 0.25351462652174022727 -0.96794953903641589577 -2.5301018793375860128 0.0032667502415672875632 
1.9749999999998932854 0.26287527421507633774 -1.0213631312835314002 -2.5306248400777282548 0.0065308237242847101689 
1.999999999999890532 0.26746123227201812345 -0.93367929228823465237 -2.5310958437181816372 0.0040976989549967373846 
2.0249999999998880007 0.26650275270083906287 -0.73429385135179758848 -2.5315374244154136285 0.0043206575142334764303 
2.0499999999998852473 0.25209746395584614609 -0.63782513194242485 -2.5318575498705184756 0.0035161541080018952551 
2.074999999999882494 0.25412020012089081566 -0.75095160753615974869 -2.5322139222586934615 0.0033778905459955817919 
2.0999999999998797406 0.26729607136138805457 -0.75757744726305453753 -2.5325712200572447763 0.0050437689838829201372 
2.1249999999998769873 0.27105043877837020627 -0.60334685553914790823 -2.5330210975389046979 0.0027361663338597436157 
2.1499999999998742339 0.26611153800660469759 -0.95155457656373942932 -2.5332922683417891108 0.0037773315270076403098 
2.1749999999998714806 0.25376353780295246576 -1.0518463802214852443 -2.53357908730787873 0.0024886232180703722269 
2.1999999999998687272 0.25131710069238538674 -0.92209558517256773325 -2.5338302256936438006 0.0030900980484964532709 
2.2249999999998659739 0.26366855224802288049 -1.0569207109938631994 -2.5341618594538353193 0.0031971940054218886233 
2.2499999999998632205 0.26419347333051546034 -0.79644597064075639548 -2.5344794409678961244 0.0031939679127480726829 
2.2749999999998604672 0.26327131106346685074 -0.58925441042065396235 -2.5346947826166337236 0.0022778936524996814747 
2.2999999999998577138 0.26547333829385311166 -0.79426224757368979468 -2.5349386631556614091 0.0021311380477031607351 
2.3249999999998549605 0.25219620142573745403 -0.94531609103681368822 -2.5351307614066849183 0.0025494250052329634967 
2.3499999999998522071 0.25374045838768782835 -0.91860959140937259448 -2.5353977874197721754 0.0024733109077916316278 
2.3749999999998494538 0.27343383909250751351 -0.75181777874721178456 -2.5356187670512420063 0.0023382541671870195506 
2.3999999999998467004 0.26947875216953370847 -0.89575970119695580429 -2.5358284680986789006 0.0018672222520222441985 
2.4249999999998439471 0.25459172193577150889 -0.99822355099281789848 -2.5359850664709346901 0.0019568217762856595331 
2.4499999999998411937 0.25450166815376312757 -0.78700688651752270797 -2.5361702021035221755 0.0017340309966351415052 
2.4749999999998384403 0.25992529424324251064 -0.79227673856093150384 -2.5363513617055892801 0.0018359891213981787295 
2.499999999999835687 0.26934476280306623996 -0.84159313182882145021 -2.5365483024381223487 0.0020664394227110044304 
2.5249999999998329336 0.27291417471208351264 -0.72043464465409889907 -2.5366758449225237371 0.0014699785267933025961 
2.5499999999998301803 0.26370245197730474151 -0.58821178219718461833 -2.5368436967411964744 0.0013814741442927779697 
2.5749999999998274269 0.25262470711611029195 -0.76045430097554511661 -2.5369696527682643605 0.0015968699795237972523 
2.5999999999998246736 0.24878598929309531096 -1.0843729745901642403 -2.5371258470403446061 0.0013954657224788445755 
2.6249999999998219202 0.26439249312508700251 -1.0163784627371126312 -2.5372638455203246899 0.001655582712419373121 
2.6499999999998191669 0.28009474318375121582 -0.93130965066940474273 -2.5373728405963471566 0.00069702630907712457512 
2.6749999999998164135 0.26302087797825168813 -0.97488252272014874755 -2.5374889207809356861 0.0016723824117182923069 
2.6999999999998136602 0.24612814615285355524 -0.83585422010147469862 -2.5376103746668285943 0.001034547645495337764 
2.7249999999998109068 0.25740321743506799912 -0.75306611143213708637 -2.5377302755410835466 0.0010667269275682050161 
2.7499999999998081535 0.26856889830988189827 -0.64907983803504809561 -2.5378295410519031705 0.0013870392596907210343 
2.7749999999998054001 0.27178401287764153427 -0.6605032205151328828 -2.5379271411425396998 0.00051305078372268215874 
2.7999999999998026468 0.27159337647870651633 -0.78793226854654296876 -2.5379966836961540544 0.0012406801699744967986 
2.8249999999997998934 0.25783493935192852708 -0.80070299681529688574 -2.5381197828943040662 0.00089093720497452027866 
2.84999999999979714 0.24942438510837075527 -0.94293322386212774511 -2.5381979994290020386 0.00095340297774499749121 
2.8749999999997943867 0.26016509552291017249 -1.0035244080144527512 -2.5382842647372432232 0.00086803470080869997525 
2.8999999999997916333 0.27128788580231633087 -0.90135148351034655168 -2.5383503764224193411 0.0005529365178467801796 
2.92499999999978888 0.26857676311700223737 -0.93822994820400462679 -2.5384197441440070619 0.00089593503803216524659 
2.9499999999997861266 0.2565480050951282065 -0.96522641639978123962 -2.5385012098571344552 0.00079072913460042856554 
2.9749999999997833733 0.25376585727000106063 -0.81676686112171981158 -2.538576724937424256 0.00066112618483458041995 
2.9999999999997806199 0.26476643813137368255 -0.60183146799697173623 -2.5386328782086264866 0.0007105892589283390251 
3.0249999999997778666 0.26888509422561973627 -0.62698624548878489904 -2.5386910100133994739 0.00047007172341742819435 
3.0499999999997751132 0.26647130342810787518 -0.82615483353110974463 -2.5387458077243678645 0.00072473092187204271424 
3.0749999999997723599 0.26516791380735382777 -0.8969415426312580264 -2.5388151133900462852 0.00057342545523368356006 
3.0999999999997696065 0.25801747852106016179 -0.92885230921040562446 -2.5388660344607383301 0.00053133056438631534862 
3.1249999999997668532 0.2570180988346270623 -0.90520357785091620784 -2.5389083300024060108 0.0005202446496600762792 
3.1499999999997640998 0.26699146437539450494 -0.86879501676426440504 -2.5389630565251315453 0.00045266677641728919092 
3.1749999999997613465 0.266515606357624113 -0.83634635324292383451 -2.5390010882422826555 0.00051120272356563220377 
3.1999999999997585931 0.25873130931017079837 -0.80553655924130906918 -2.5390591995404911962 0.00049798049968817004532 
3.2249999999997558398 0.25934793387171511947 -0.8964083637975965857 -2.5390952059869102975 0.00040060341834146718024 
3.2499999999997530864 0.26287138887415634203 -0.83722183815022377384 -2.5391329780082112499 0.0003501746163045368356 
3.274999999999750333 0.26556657389740440101 -0.74217096065214605005 -2.5391674288343306642 0.00045653833420483956899 
3.2999999999997475797 0.26653764843428939812 -0.82410897091345491905 -2.5392086553205701627 0.0003063159636926199368 
3.3249999999997448263 0.26342276890810223389 -0.80992386486940659562 -2.5392450178711691855 0.0004741075202991590961 
3.349999999999742073 0.26001603806485207304 -0.87054070976752528921 -2.5392829574634978584 0.00030970773986619900848 
3.3749999999997393196 0.25917041417567171502 -0.96104318712202008168 -2.5393057197028734429 0.00023615554715389496421 
3.3999999999997365663 0.26258100595364225471 -0.83997833633288265798 -2.5393334897946524542 0.00033241935703708769658 
3.4249999999997338129 0.26745148150174613555 -0.7825708501618783286 -2.5393663442580596268 0.00030400025340419629775 
3.4499999999997310596 0.26383887168057573724 -0.81606648667148529164 -2.539396433534068187 0.00035428335752810873136 
3.4749999999997283062 0.258540189618652827 -0.81935616104359509926 -2.5394247685214730303 0.00022566966701527223617 
3.4999999999997255529 0.26222119634629853513 -0.80696290904196676941 -2.539443526462083156 0.00020217745921252572457 
3.5249999999997227995 0.26562333178857627791 -0.82711509327317100926 -2.5394656785920686204 0.00028317927732176049289 
3.5499999999997200462 0.26477452487513541968 -0.8995765457527084008 -2.5394926288787429414 0.00021862894798417790011 
3.5749999999997172928 0.26428781090103237172 -0.87069681872347404195 -2.5395160003297041484 0.0002731748633569849676 
3.5999999999997145395 0.2605151515416356256 -0.81889102630416066297 -2.5395346895486436978 0.0001729474369700488318 
3.6249999999997117861 0.2572166898554446024 -0.87170903178705305692 -2.5395529720178662281 0.00018072022489912592459 
3.6499999999997090327 0.26145565028639200511 -0.90005296804900780661 -2.5395696560957290444 0.0002115720526048721589 
3.6749999999997062794 0.26701643068210351162 -0.82433892995785806868 -2.5395933279920339665 0.00018144572412072355601 
3.699999999999703526 0.26754282881607183153 -0.76601495765139715477 -2.5396070362601652626 0.00021206761441390920963 
3.7249999999997007727 0.26346872894082185024 -0.80465741024803882908 -2.539625031016906398 0.00010723514402026535777 
3.7499999999996980193 0.26022690446010871002 -0.76625790313451946911 -2.5396371598490770083 0.0001845253107977661575 
3.774999999999695266 0.26229037034392477246 -0.7726733464467639978 -2.5396531246817342087 0.00014434745034171155942 
3.7999999999996925126 0.26417643322833556097 -0.93175313283809502174 -2.5396695203433323762 0.00016094132258810187725 
3.8249999999996897593 0.26271796437777733546 -0.91094823715912953688 -2.539682403331990912 0.00014616658330221599994 
3.8499999999996870059 0.26229109395246041903 -0.83425698060485697916 -2.5396949041273950698 0.00010095278885235536414 
3.8749999999996842526 0.26135930828874615051 -0.89110039973079646636 -2.539704278032656859 0.00012983453962304034794 
3.8999999999996814992 0.26048483388434456876 -0.88952997152477697451 -2.5397178462539788946 0.00011730546523956315841 
3.9249999999996787459 0.26421017015934644689 -0.82594522957384775008 -2.5397307600418024265 0.00014695055147075417436 
3.9499999999996759925 0.26690431672357578519 -0.75003677169726357121 -2.5397408762144078054 9.3366624548793392406e-005 
3.9749999999996732392 0.26426822968085306176 -0.7683381330792875552 -2.5397495376106031806 8.4595570343743843968e-005 
3.9999999999996704858 0.26199067861011005043 -0.84569902419816922468 -2.5397586882835776478 0.00010144930715759094438 
4.0249999999996788347 0.2618432718918673463 -0.81540540223346735793 -2.5397681994795195948 0.00010408585344855464264 
4.0499999999996871836 0.26241006775167791121 -0.82703292257619809291 -2.5397790224908223244 0.00010206530785068508149 
4.0749999999996955324 0.2634997401597712896 -0.88843353562169413706 -2.539786124644984433 7.0791268895039366374e-005 
4.0999999999997038813 0.26315217119046574457 -0.87875054859210000036 -2.5397937666848502403 7.8387955487526413817e-005 
4.1249999999997122302 0.26195549391277223039 -0.87488190498038864718 -2.5398003939814950414 8.111389192857275496e-005 
4.1499999999997205791 0.26180715913367363923 -0.86651344411089570308 -2.5398093445242571065 7.3723260629425497277e-005 
4.1749999999997289279 0.26308884466750132036 -0.81925314918307323708 -2.5398159324823113003 7.9431437454091429959e-005 
4.1999999999997372768 0.2652751746230317953 -0.78819072319061567189 -2.5398223072059273875 5.9987805293366610899e-005 
4.2249999999997456257 0.26457303234586299068 -0.80872085670549731518 -2.5398281600138492564 6.483377870837415762e-005 
4.2499999999997539746 0.26133893698045518317 -0.82494854227919112155 -2.5398341600004328278 5.3331999442457696562e-005 
4.2749999999997623235 0.26147740284854453785 -0.8292094069315907312 -2.539840285141685694 7.2671103019250840745e-005 
4.2999999999997706723 0.26356088693167900594 -0.85917069534195178448 -2.5398461409706656333 5.7006861625842637352e-005 
4.3249999999997790212 0.2636444572100627437 -0.85300917788428320954 -2.5398509513810685334 3.8118026947624738014e-005 
4.3499999999997873701 0.26358997271227602166 -0.84787780915832178241 -2.5398549281094595642 5.9736282799266336903e-005 
4.374999999999795719 0.26284855420246450164 -0.85882481868645244028 -2.5398605910001799124 4.2050800073394585597e-005 
4.3999999999998040678 0.26136510728635459211 -0.82993285030761232424 -2.5398647072172066963 5.5147909899113912123e-005 
4.4249999999998124167 0.26282488917282859076 -0.82873798013833355203 -2.5398701844434201647 4.6910046110195980111e-005 
4.4499999999998207656 0.2650087215615279379 -0.82385412624853970875 -2.5398732405270445511 3.0897809954333717774e-005 
4.4749999999998291145 0.26381580152015576823 -0.81912207981489681963 -2.5398763830755655135 3.8321724417272588921e-005 
4.4999999999998374633 0.26162046628269852722 -0.85111784727460126909 -2.539880943774845079 4.3608968469932626736e-005 
4.5249999999998458122 0.26155942982243785 -0.84082425058390197758 -2.5398848516460219571 4.1959488733174010245e-005 
4.5499999999998541611 0.2632237563129680713 -0.84750767103745949793 -2.5398881584630510488 3.2288749738344595368e-005 
4.57499999999986251 0.26410076299017898327 -0.85963205986894541955 -2.5398910634071398817 2.5763439759539981405e-005 
4.5999999999998708589 0.26328107725982502485 -0.82494820088542319958 -2.5398935539772167225 3.2573864335315296859e-005 
4.6249999999998792077 0.26294147466468226204 -0.8323377868440999805 -2.5398971871403173139 3.370406456860928346e-005 
4.6499999999998875566 0.26302192286040876334 -0.84278995104528164894 -2.5399000771266511123 3.200952111022915082e-005 
4.6749999999998959055 0.26257459763110335693 -0.82049428497416798667 -2.5399027399667621907 2.2904302205818034436e-005 
4.6999999999999042544 0.26335249688284867453 -0.81331320825558739429 -2.5399049238117825666 2.4856109727131444422e-005 
4.7249999999999126032 0.26379960818800063382 -0.82754630956737040837 -2.5399071566843676173 2.5820598034322960135e-005 
4.7499999999999209521 0.26219168543033621877 -0.85779208016190744424 -2.5399100865692854079 2.3844170627631168914e-005 
4.774999999999929301 0.26213785038326170573 -0.86243855501673294395 -2.5399120086667990037 2.5920647453404047138e-005 
4.7999999999999376499 0.26358354706352316033 -0.84483012235915333488 -2.5399142141704222908 1.7308625139587716774e-005 
4.8249999999999459988 0.26337767415132656845 -0.84474752448778067659 -2.5399159349748337 2.1711089304333340197e-005 
4.8499999999999543476 0.26281924947570611817 -0.85403439578582329705 -2.5399178773524955233 1.7067895361745934586e-005 
4.8749999999999626965 0.26283610715959043747 -0.8370333092607240566 -2.5399199364058322459 2.4003439201738451604e-005 
4.8999999999999710454 0.26282847206763843007 -0.80315720219042496808 -2.5399217711696016053 1.642318262800355905e-005 
4.9249999999999793943 0.26332800431021485821 -0.81611414286071159996 -2.5399231680880927087 1.3753919575830122045e-005 
4.9499999999999877431 0.26366512147989262793 -0.83533214873651928656 -2.5399246761520668514 1.8081506717945138978e-005 
4.974999999999996092 0.26335704322010172751 -0.82766964850718638402 -2.5399261514019966235 1.3207993529590042445e-005 
