0.025000000000000015266 0.60282545374432194851 0.00053456401380821971792 -2.2370787153513851386 0.045400508588799938503 
0.05000000000000003747 0.57410249284425529659 0.018934953399986353961 -2.239791015378632455 0.072788812068850641812 
0.075000000000000052736 0.40954666184812182905 -0.018767027545557479762 -2.2474893552760604187 0.12313007803838829646 
0.10000000000000007494 0.35466139986653028027 -0.054078685953159566502 -2.2605769725555249217 0.1403582322908020763 
0.12500000000000008327 0.1663731033989389041 -0.35652390420143564853 -2.2693553596296651698 0.08515633275737223562 
0.15000000000000010547 0.18806607872465935793 -2.5043160813552720612 -2.276845819842523877 0.10816025428995171276 
0.17500000000000012768 0.30953629517079156441 -3.499704577724777721 -2.2855874187105111872 0.10810058860832445771 
0.20000000000000014988 0.2124078503306717769 -1.9458170750887222589 -2.2950606404367408508 0.097990444440114371494 
0.22500000000000017208 0.22477315979165579662 -3.0195015382008731919 -2.3028389458562816827 0.10327143571586061555 
0.25000000000000016653 0.27015191463933330152 -3.8140744705829190409 -2.3118308739312669609 0.11142334814074879301 
0.27500000000000018874 0.21200948321112594863 -2.3903314192440943131 -2.3199661493285566038 0.082899533355192803197 
0.30000000000000021094 0.22647472820246575265 -2.0229394347880695904 -2.3272754155930779341 0.085114529557047888253 
0.32500000000000023315 0.31603517293170818592 -0.69022310770135675284 -2.3344485955214921979 0.1036632483845499747 
0.35000000000000025535 0.33379794752080721443 0.77893341943560545637 -2.3414451151967061726 0.063000350331991056274 
0.37500000000000027756 0.33126024481801397137 0.25012167768937654255 -2.3478706299669216406 0.084870352462909789959 
0.40000000000000029976 0.25491042990171414173 -0.77297763397771712679 -2.3545007444654610929 0.089426612301570077013 
0.42500000000000032196 0.22308741216540481367 -1.783729041301605589 -2.3631586919764675514 0.09672419477757264461 
0.45000000000000034417 0.20733226191478679179 -1.948907925586583989 -2.3700491143524637927 0.073855371779391582043 
0.47500000000000036637 0.15609737318489541602 -1.2037041184511121372 -2.3750935740662226792 0.062128261304993867564 
0.50000000000000033307 0.18000598520000915537 -0.76261833415416468984 -2.3804501794990864383 0.055933683747224835492 
0.52500000000000035527 0.23572646393544136045 -1.0140064120540430714 -2.3852932450748429716 0.078297531868658287735 
0.55000000000000037748 0.27596046059385503924 -1.6232846955449351523 -2.3915029833044751939 0.059945681041995470262 
0.57500000000000039968 0.26780350363438837347 -2.1986830135609860548 -2.3969404648178938011 0.071452179500469531481 
0.60000000000000042188 0.28652505745460415953 -2.1923648513040894237 -2.4027765443118243027 0.07960290350422827288 
0.62500000000000044409 0.28780292642007293535 -2.2900044950748070782 -2.409239971668558411 0.057914745569347315934 
0.65000000000000046629 0.23046636067240813817 -1.515230609872446621 -2.4139895041793879571 0.071193530672534977022 
0.6750000000000004885 0.17952958038348484915 -0.084332590666528095547 -2.4192913673004161623 0.047739387987157502757 
0.7000000000000005107 0.17897143671728971137 -0.60950001311552859384 -2.4229488703173260866 0.048527173548925842117 
0.72500000000000053291 0.2346593081734592301 -1.7730473400342776635 -2.4277995705004853377 0.064542152890850662539 
0.75000000000000055511 0.27556859800279165373 -2.448755035285861581 -2.4326776331774682127 0.0532006985492207915 
0.77500000000000057732 0.26038270886074849075 -2.0574455208066280143 -2.4373431169208115143 0.060238530792018282756 
0.80000000000000059952 0.26850928588029515653 -1.2126741431531309345 -2.4410209127376591987 0.034556418854535843332 
0.82500000000000062172 0.24375430207205595057 -1.8013979575000851341 -2.4449582284578821323 0.05917252108747295819 
0.85000000000000064393 0.22788165891098069449 -2.7247783381786989665 -2.4495633744140010712 0.044403814945061050035 
0.87500000000000066613 0.20419087936755089818 -2.5890255740521403993 -2.4532200667971455488 0.042700107736936797342 
0.90000000000000068834 0.18596225841938215928 -2.3956330934244913777 -2.4558899390139989904 0.033354422235455344348 
0.92500000000000071054 0.20524727361328837238 -3.336168053043250481 -2.4591200490407900681 0.035390566838280214379 
0.95000000000000073275 0.24806637827508856708 -3.5519206712008384308 -2.4622561385705883374 0.041245991500630942161 
0.97500000000000075495 0.25340480144213023417 -1.9731864014999822565 -2.46539997182948456 0.034251669795788086681 
1.0000000000000006661 0.25507333539057719385 -1.5757517265766431969 -2.4680209939593811264 0.036710162961734037201 
1.0249999999999979128 0.27347692801902179216 -1.7288326020498929747 -2.4715703609515671246 0.046079517895202905253 
1.0499999999999951594 0.2623104756726302722 -1.6543327909265701514 -2.4747473247520921369 0.029502649653795388202 
1.0749999999999924061 0.22967699987125375638 -2.4844524129461023065 -2.4773140821838057768 0.027354033023034754479 
1.0999999999999896527 0.21319200447306130286 -2.3827767993584449968 -2.4791552468409525645 0.025943806658771773055 
1.1249999999999868994 0.22197680322550261689 -2.1151024234355730869 -2.482045914982751178 0.038334370261324537954 
1.149999999999984146 0.25807393024526226188 -1.7645385119097944937 -2.4847344443391681246 0.028141473900307426015 
1.1749999999999813927 0.2717445663625214225 -1.3556418425881053835 -2.4868968136991975726 0.022851051091311039287 
1.1999999999999786393 0.256648106498786166 -2.7473976453879371817 -2.4888387897461741183 0.025279426769631786059 
1.224999999999975886 0.2695543051218310393 -3.4300423509810573641 -2.4911251755767636062 0.026952709600356918734 
1.2499999999999731326 0.25739899365392082675 -2.2486317798483757002 -2.493071396749473756 0.024610868526665247158 
1.2749999999999703792 0.22583357831920949921 -1.6844723254979259153 -2.49515241990362302 0.023141433318843440681 
1.2999999999999676259 0.22932214988273733058 -1.4736389298857281993 -2.4968720534033854719 0.018972385852590135241 
1.3249999999999648725 0.26364893788700061172 -1.4459831453327969264 -2.4988065451199146239 0.025908722103062532816 
1.3499999999999621192 0.26777918624463720176 -1.7328645496251930957 -2.5007842488786127255 0.020233307475239513396 
1.3749999999999593658 0.27067224427675057319 -2.1422304475628308751 -2.5020655289033069124 0.016055880820659097774 
1.3999999999999566125 0.26713130068572704667 -2.3682944382618931201 -2.5036641307446143578 0.022772308282440003463 
1.4249999999999538591 0.26399878665330739347 -2.0272089509960822262 -2.5056269272202027487 0.018045228601194018142 
1.4499999999999511058 0.24547054410455582119 -1.7411382080154909069 -2.5068752653015247134 0.015500130506996320778 
1.4749999999999483524 0.22181571202452304847 -2.0713237730621134602 -2.508105575932543907 0.016997390838743124675 
1.4999999999999455991 0.23369719494223800682 -2.7399421794992862011 -2.5096280524299592329 0.017816796554932956553 
1.5249999999999428457 0.27227473828693521396 -2.6102051314459839837 -2.5108523805352951364 0.012043129668535780194 
1.5499999999999400924 0.28484955783537990737 -1.5235731817740845173 -2.5122123314708071362 0.018294028946941737201 
1.574999999999937339 0.27871252345659003335 -1.4720655220835145993 -2.5133911248090643475 0.012385522980425493766 
1.5999999999999345857 0.26605707359940922174 -1.5025180792379306816 -2.514645394405175427 0.017477966414596719097 
1.6249999999999318323 0.23532012109273173217 -1.703774903015744524 -2.5156032113925879123 0.0076007082252512727857 
1.649999999999929079 0.23181750274731471873 -2.5552143983522550563 -2.5165747206085140597 0.014454534741217210658 
1.6749999999999263256 0.2611429047183005947 -2.2942670665780315886 -2.5177912031173526053 0.013545166775708258888 
1.6999999999999235722 0.28661866789934287159 -2.0729153403300903946 -2.518828417872465586 0.011914515400625153366 
1.7249999999999208189 0.27425764763801718793 -2.2441246135322030497 -2.5195978467616533258 0.0092248280098658139159 
1.7499999999999180655 0.23655084629950690056 -2.0034014451247807997 -2.5204783475576952867 0.0095226170366641427895 
1.7749999999999153122 0.2371486292886060554 -2.1141900072650137155 -2.5213770973108995399 0.012972973358550946368 
1.7999999999999125588 0.27335733750129609376 -2.0392890482657222151 -2.5223810272862494664 0.010517895800205670151 
1.8249999999999098055 0.27873240756282346986 -1.8463881063028857454 -2.5230399505745237931 0.0069115463454248547009 
1.8499999999999070521 0.26410991806108025104 -2.0288805588340634856 -2.5237296118418193203 0.0092974773149422755558 
1.8749999999999042988 0.26214564033665127551 -1.7065657089858994322 -2.5247032539703089249 0.013086701241613124536 
1.8999999999999015454 0.26406670815011390463 -1.7804874152328977743 -2.525408552552055319 0.0036516423293563205106 
1.9249999999998987921 0.25699871908647753393 -2.3422048591047066601 -2.5258243976590479818 0.007743209222083608477 
1.9499999999998960387 0.25772142586312085655 -2.3255065473846370239 -2.5265101251497310564 0.0091081669138757797438 
1.9749999999998932854 0.26742466263732989074 -2.1046431196326267354 -2.5272084804931633784 0.0073151578226962124529 
1.999999999999890532 0.26140025824801838006 -2.205166486935634218 -2.5278648353288533102 0.0072192247260329809114 
2.0249999999998880007 0.24727549619039099205 -2.1221500513307161029 -2.5283777244425005293 0.0058159318227530227077 
2.0499999999998852473 0.2529444938618571892 -1.7768510595263438123 -2.5288574439988456 0.0073337782403482742674 
2.074999999999882494 0.27069453848067676072 -1.7463926737578587822 -2.5294738274708401526 0.0067932939694200370276 
2.0999999999998797406 0.28228318294608173433 -1.8937344323171494409 -2.5300281776071091855 0.004987526553963928487 
2.1249999999998769873 0.27629531738609153235 -1.9902358516122404808 -2.5304301929761101597 0.0065268508197562392914 
2.1499999999998742339 0.25483150350893057912 -2.1669136595931899336 -2.5309773967052531241 0.0059083772636184909988 
2.1749999999998714806 0.23533971724007476944 -2.0981165871062192885 -2.5314318141637377479 0.0049705021470892460714 
2.1999999999998687272 0.24152594095344082081 -2.0798534602948217653 -2.5317933290029919213 0.0045827906728971691888 
2.2249999999998659739 0.27571023799562011103 -2.0956994517677181022 -2.532243329501522755 0.0056171545741572339802 
2.2499999999998632205 0.29279982936924386916 -1.8498497057820819656 -2.5326393707292127466 0.0038422141436641656792 
2.2749999999998604672 0.27648864876017936743 -2.1027288801502508342 -2.5330291842856449414 0.0055673803714102031853 
2.2999999999998577138 0.25750920099898516602 -2.0995418615042034105 -2.5334164777746752684 0.0044195135838606637232 
2.3249999999998549605 0.24751476469406641367 -1.7779786478516399484 -2.5337542752895885201 0.0038022136758309892958 
2.3499999999998522071 0.2497894862953734807 -2.0896129013477380276 -2.5341098590549222536 0.0034219382303312343568 
2.3749999999998494538 0.26012513856347752039 -2.1067308023810280559 -2.5343779390705307719 0.0041952393511347401203 
2.3999999999998467004 0.26675268986692202144 -2.0147726557640321943 -2.5347326232033098314 0.0044636931088496154332 
2.4249999999998439471 0.26453948702809004789 -2.1120566326289682557 -2.5350835944648872911 0.0034865963650981203654 
2.4499999999998411937 0.27019030301537638739 -1.9287009562229060489 -2.5353009893931370833 0.0022777672795047327128 
2.4749999999998384403 0.28339613866062124403 -2.0229202487305495417 -2.535572446094364274 0.0034561430880464226456 
2.499999999999835687 0.27656906006105891338 -1.9554935914766602423 -2.5358339940692689041 0.0038851048791145753082 
2.5249999999998329336 0.25450255838150914744 -1.8150014840590222853 -2.5361583078922840251 0.0027630583899023370732 
2.5499999999998301803 0.24559026996154756373 -2.0911789573192236524 -2.5363386968204975069 0.0029125832929384394034 
2.5749999999998274269 0.25534900951688394022 -2.2213471938632451952 -2.5365617387950538664 0.0019835864799548829848 
2.5999999999998246736 0.26524590979788087441 -2.0579353240041937667 -2.5368260894710052966 0.0039302559688798735862 
2.6249999999998219202 0.26998659736568703105 -1.9175562196362090361 -2.5370563728114574609 0.0018185401088303765685 
2.6499999999998191669 0.27332173595927428122 -1.9755979656339788253 -2.537202393149585955 0.0021401946487687025997 
2.6749999999998164135 0.27028897218041175732 -2.1529892928684954967 -2.53741509869396209 0.0031307617932219032261 
2.6999999999998136602 0.25859084300364670872 -2.2667593495507620815 -2.5376667930935998818 0.0019023994481294297619 
2.7249999999998109068 0.25574994549740465155 -2.1974953907119871843 -2.5378009825375875685 0.0020577048560805758295 
2.7499999999998081535 0.26081817108365967783 -1.9036229631034062848 -2.5379682302041697284 0.0021374679944288670422 
2.7749999999998054001 0.26530033055522767027 -1.8001095761905121506 -2.5381582374017157555 0.0021203373047639063019 
2.7999999999998026468 0.27225184781715489057 -1.7988271497459211723 -2.5383219921916797546 0.0020366870818657777445 
2.8249999999997998934 0.27478896831743654383 -1.8787362760649548576 -2.5384602021789475224 0.0011997996671970787095 
2.84999999999979714 0.26679848037384534809 -2.1615517617977548781 -2.5386013212188029975 0.0021642706287694313087 
2.8749999999997943867 0.25912550126441780129 -2.0794063361552863611 -2.5387729772958840258 0.0020496327367739825519 
2.8999999999997916333 0.25896762213016155663 -2.024355534381252042 -2.5389171464461544048 0.0013296233772837520292 
2.92499999999978888 0.25859961230305100743 -2.2471733609100961182 -2.5390006517992320667 0.0011056987788444316671 
2.9499999999997861266 0.26136577453699955109 -2.1918688002111816893 -2.5391489908577455914 0.0018815607573393834835 
2.9749999999997833733 0.26898303968213599369 -2.117116984050168238 -2.5392893464143964088 0.0016306280595141128906 
2.9999999999997806199 0.27132182581871494564 -1.9401331382836168871 -2.5393876073129324489 0.001153671092085793411 
3.0249999999997778666 0.26972359561894915236 -1.7583654688201619809 -2.5395017427770163465 0.0013102596513814674609 
3.0499999999997751132 0.2663688091354507459 -1.9068733514648166238 -2.5396115677782287179 0.0013298860330747017903 
3.0749999999997723599 0.26137783785707019435 -1.9321298020523802741 -2.5397117780182503211 0.0011047536594605558095 
3.0999999999997696065 0.25791834049626966019 -2.0480062840150323744 -2.5398049731124108241 0.0011268609255678681529 
3.1249999999997668532 0.26216360007181571667 -2.2372610339647849287 -2.5398989268876897007 0.0013372380831172044503 
3.1499999999997640998 0.2733412961386696427 -2.0798222195729194617 -2.5400079442264833496 0.00098105935217038015179 
3.1749999999997613465 0.27362714061717691161 -1.9759431656160630908 -2.5400705935361158616 0.00090944795903180988047 
3.1999999999997585931 0.26247161717495304245 -2.0610446355085181303 -2.5401666949869352585 0.001018277626708313224 
3.2249999999997558398 0.25839201812325784946 -2.0983821781247700144 -2.5402538567829218152 0.0012252922111709988774 
3.2499999999997530864 0.26225014496194593017 -2.0581251405134892707 -2.5403181223335669081 0.00051705868161539838244 
3.274999999999750333 0.26200175026356137264 -2.0059867881334016992 -2.5403855284064600362 0.00097747661442561012586 
3.2999999999997475797 0.26406928877001839551 -1.984256099723484823 -2.540467405714079252 0.00096159855945632483152 
3.3249999999997448263 0.27169983508407408168 -1.9456033408405712937 -2.5405474102021017302 0.00085149339943190404355 
3.349999999999742073 0.27112218378275743103 -2.0117945483469128476 -2.5405965095480187443 0.00058851600238266597864 
3.3749999999997393196 0.26600096641241732787 -2.067463583985377884 -2.540652141364200034 0.00068403456324210500528 
3.3999999999997365663 0.26527940366562297037 -2.0548351320356075256 -2.5407212656723032751 0.00094735576556281972035 
3.4249999999997338129 0.26405916377331617451 -2.033108656694982308 -2.5407859300699144889 0.00054427642132022426447 
3.4499999999997310596 0.26155382981173713741 -2.0013185500759220758 -2.5408262812320523416 0.00053468881744231605384 
3.4749999999997283062 0.26163883563145379219 -2.1124534869443110097 -2.5408869411343681932 0.00089370627551570765851 
3.4999999999997255529 0.26549329339782201664 -2.0798622541639377737 -2.5409425548518504989 0.00050120290358209116516 
3.5249999999997227995 0.26899625057955017793 -1.9330812416431397693 -2.5409855828379361853 0.00046226259377968596971 
3.5499999999997200462 0.2673765649107655018 -2.0500015809656368937 -2.5410267217525852601 0.00056567914768601719987 
3.5749999999997172928 0.26609692737071344304 -2.0558133703608243437 -2.5410780207074843418 0.00063707813839442332341 
3.5999999999997145395 0.26653481792912658843 -2.0133806288460389666 -2.5411255870647697641 0.00059472053709694685814 
3.6249999999997117861 0.26210620710356891117 -2.0893042571986315536 -2.5411651396052379326 0.00028163590120653878013 
3.6499999999997090327 0.26012224288923707638 -2.0231779449285687278 -2.5411957146766983584 0.0005090686260273919253 
3.6749999999997062794 0.26639870413795591064 -1.9846570881650753559 -2.5412390539925695521 0.00050590374660051766736 
3.699999999999703526 0.27108214400798391619 -1.9913342310825798975 -2.5412776495945794686 0.00040261764297735579046 
3.7249999999997007727 0.27015538492713297991 -2.0003757044719145952 -2.5413083836120979875 0.00043437166951462594187 
3.7499999999996980193 0.26601385681698558328 -2.0652926050895135113 -2.541348493134261588 0.00046384056710221688866 
3.774999999999695266 0.26001933677780397769 -2.0395558834487967914 -2.5413784067796956201 0.00023888902890867620287 
3.7999999999996925126 0.25961161222928985648 -2.0368379480139289228 -2.5414024665855485807 0.00039434783846271405112 
3.8249999999996897593 0.26565468068816505687 -2.0805404185949258888 -2.5414379767059203097 0.00042330872176047517784 
3.8499999999996870059 0.26926875003314115764 -2.0561670788938588572 -2.5414676575260868319 0.00034229871011022826354 
3.8749999999996842526 0.26841561614642578393 -2.0491850053430407108 -2.5414929633509073525 0.00023259062567247766173 
3.8999999999996814992 0.2653122959952424198 -2.0642385247832422124 -2.5415167605365232006 0.0003309742333138540691 
3.9249999999996787459 0.2629811509959549265 -2.0220124784285142816 -2.5415441499994702035 0.00037117245913464264832 
3.9499999999996759925 0.26457315510217033205 -1.940827954390046628 -2.5415730560989540088 0.0002614834408115342102 
3.9749999999996732392 0.26605249543398151735 -1.9765928552616558456 -2.5415880432401940503 0.00019838583027886316432 
3.9999999999996704858 0.26623060616359722763 -2.0478677026176033138 -2.5416113280378938022 0.00030158600858939553415 
4.0249999999996788347 0.26735206804234556976 -2.0401005355565478006 -2.5416368012981593871 0.00030658079507628994368 
4.0499999999996871836 0.2662397591504138683 -2.0657621716298715242 -2.541657528689540424 0.00018917663646232706163 
4.0749999999996955324 0.26517149045158766585 -2.0425333390308155757 -2.5416730325060288287 0.00023082773568442873182 
4.0999999999997038813 0.26581764267938196022 -2.0281875846689576548 -2.5416930813178195692 0.00023968870401923760092 
4.1249999999997122302 0.26354318469643778222 -2.0846177318583163363 -2.5417126827039866477 0.00021278969067482303716 
4.1499999999997205791 0.26164030917832403755 -2.0627703185695205335 -2.5417296495126406874 0.00017657441974545533313 
4.1749999999997289279 0.26453165498441744141 -2.067070140277190049 -2.5417428458225064247 0.00020814256736143745409 
4.1999999999997372768 0.26746173478373663768 -2.0316504553991641124 -2.5417632604194837498 0.00024234933739617398095 
4.2249999999997456257 0.26918328658734724801 -1.9300782002069034604 -2.5417791509227471991 0.0001409824645268015729 
4.2499999999997539746 0.26933214202758487543 -1.9586336366534964348 -2.5417890611304447823 0.00011300834206114094053 
4.2749999999997623235 0.26621103002200086074 -2.008947888269565496 -2.5418047029275960824 0.00025111818975139611797 
4.2999999999997706723 0.26333511357605721148 -2.0731703839866737482 -2.541820616558046364 0.00013699658969073045091 
4.3249999999997790212 0.26219878634501220249 -2.1228131581283724572 -2.541832337710030032 0.00015074931872232193446 
4.3499999999997873701 0.26287005969339583 -2.0457432030470661388 -2.5418434290121378893 0.00013190435497954160031 
4.374999999999795719 0.26628510350306278109 -2.0128832948660075886 -2.5418567797527136243 0.00015486253391709987209 
4.3999999999998040678 0.26807180841380584546 -2.0479813377060902546 -2.5418684593311335895 0.00014327666532873409755 
4.4249999999998124167 0.26672220657201767269 -2.0520112480673646793 -2.5418785562255177268 0.00010667379403359352863 
4.4499999999998207656 0.26632852578891924589 -2.0391034887063455017 -2.541887966757373718 0.0001346730272749613723 
4.4749999999998291145 0.26563328922628437478 -2.014028251984504081 -2.5419004612366919993 0.00014234218761252368846 
4.4999999999998374633 0.26429315107338180457 -1.9877219670875825308 -2.5419101116837321541 8.4651715887980243471e-005 
4.5249999999998458122 0.26431721333412155905 -1.986767366040348648 -2.5419175899094459403 0.0001151342747923282141 
4.5499999999998541611 0.26430961047316392509 -2.0489325394141508774 -2.5419271905240057308 0.0001211886148889242072 
4.57499999999986251 0.2660350456018067411 -2.0857488867995614967 -2.5419365279643360012 8.467286281667520825e-005 
4.5999999999998708589 0.2689422262545049791 -2.0518193211933200004 -2.5419431620173420505 0.00010109868981162564001 
4.6249999999998792077 0.26796918161170169004 -2.0248804576283152556 -2.5419528348958735364 9.5467759322039272437e-005 
4.6499999999998875566 0.26490392834211962114 -2.0072350345515213021 -2.5419597195292853442 0.00010235244988050066248 
4.6749999999998959055 0.26318859801214372629 -2.034064658251154345 -2.5419671360577256181 6.5925330081863307667e-005 
4.6999999999999042544 0.26266604256036291121 -2.0486757590451016853 -2.5419731575179858041 8.5294321588285176524e-005 
4.7249999999999126032 0.26486390802789100407 -2.0320057912877187434 -2.5419803132779170696 8.5617933919919050781e-005 
4.7499999999999209521 0.26777001771606567804 -2.0571113686644473262 -2.5419879159611622477 7.8239638264077272659e-005 
4.774999999999929301 0.26750496448831184715 -2.0161841716604440577 -2.5419925053356005051 6.1443156509977776229e-005 
4.7999999999999376499 0.26594904621509224407 -1.9923550217962389119 -2.5419987281658582567 8.049499725267843177e-005 
4.8249999999999459988 0.26486891108679078144 -2.0633793979158889798 -2.5420053679233758359 7.3480558858192519182e-005 
4.8499999999999543476 0.26505279477436233249 -2.0598976825884820485 -2.5420101381118587192 4.1430333398475000623e-005 
4.8749999999999626965 0.26657091640618840733 -2.0236708717404554569 -2.5420144502987325197 6.5954255941642675118e-005 
4.8999999999999710454 0.26596266760825043596 -2.0107583715708345906 -2.5420202518260510693 8.0156128896693160579e-005 
4.9249999999999793943 0.2646398174994122332 -2.0068242163668075229 -2.5420259609276780743 4.9249331499780949568e-005 
4.9499999999999877431 0.26570420846546694005 -2.0374190992821255008 -2.542029780219159818 4.3322514029944223001e-005 
4.974999999999996092 0.26590233587866268783 -2.0476965958714505867 -2.5420331481933930995 4.6589973156716584716e-005 
