0.025000000000000015266 0.60285879158614674722 0.00053480118041153781872 -2.2370348841786920069 0.045426271648020134786 
0.05000000000000003747 0.57411512052394242378 0.018944198591880540006 -2.2397127637445097825 0.072868689931551405836 
0.075000000000000052736 0.40943122415035848594 -0.018832378131523774822 -2.2473155310985344357 0.12329744302563028224 
0.10000000000000007494 0.35444446859660505567 -0.054053436285102396397 -2.2602424119210682285 0.14055354866510852418 
0.12500000000000008327 0.16603041696789194726 -0.35599689416911295403 -2.2689156080555115125 0.085354347892319923363 
0.15000000000000010547 0.18789157991824276261 -2.5067032813865788299 -2.2763289764100615997 0.1086019512932554637 
0.17500000000000012768 0.30965041582696328781 -3.5053655479210044099 -2.2849874168289101561 0.10856581420513347624 
0.20000000000000014988 0.21251750883537748327 -1.9483862385012695739 -2.294380977458017945 0.098546543148768303566 
0.22500000000000017208 0.22491642264397343487 -3.0249208186698233192 -2.3020779804209428043 0.10356037641718916775 
0.25000000000000016653 0.26977133397626318345 -3.8274167528663349813 -2.3109804660365642626 0.11175372451386472727 
0.27500000000000018874 0.21095005243041545229 -2.4008834044737388247 -2.3190417169071877446 0.083261024770764621716 
0.30000000000000021094 0.22573501646252658315 -2.0229120034557932506 -2.3262664755719657528 0.085376085952412056335 
0.32500000000000023315 0.31588310181676410027 -0.67648005434058000596 -2.3333637487397607124 0.10409033667488248875 
0.35000000000000025535 0.33305105520251726547 0.78079059532143435529 -2.3402642869463603503 0.062390416972496101633 
0.37500000000000027756 0.33115307703327462319 0.22596678721732121886 -2.3466316440867829307 0.086267199825698220872 
0.40000000000000029976 0.25431208926901754941 -0.80604567823079553701 -2.353257732230044752 0.090040685345027987596 
0.42500000000000032196 0.22255237499336696927 -1.8232210958263241896 -2.3618464265892695764 0.097792876556843891245 
0.45000000000000034417 0.20781744617334341196 -1.9651358592299994488 -2.3687704304321965942 0.07533184290934581695 
0.47500000000000036637 0.15455559929633638783 -1.2069335756462746811 -2.3738277366326943074 0.062838526495764740476 
0.50000000000000033307 0.17826555787830153377 -0.75136179474069220152 -2.3791762677929915171 0.057360583922255597988 
0.52500000000000035527 0.23730737772047597045 -0.9910709892912351604 -2.3841613372809771221 0.080919237527318083059 
0.55000000000000037748 0.28271127216898744861 -1.6562625070393734994 -2.3904425122060222186 0.063123899378864659071 
0.57500000000000039968 0.2782558046157165843 -2.2208610632569851795 -2.3962359409267475208 0.076238892158880078309 
0.60000000000000042188 0.28980976164345489954 -1.9669554138154938805 -2.4020835983393240554 0.076661896847773650099 
0.62500000000000044409 0.26239963371309088513 -2.255160312098673181 -2.4085111777042818026 0.067587545691489780975 
0.65000000000000046629 0.20534242500953414634 -1.6655855004519857232 -2.4132957182608545388 0.06089943600324885381 
0.6750000000000004885 0.17477662917731576209 -0.29131475833735542835 -2.4182430293043091218 0.053073807964238634005 
0.7000000000000005107 0.18700676579615410633 -1.3020144739663268574 -2.4222538141170026904 0.047446472161201493078 
0.72500000000000053291 0.26229163221805928963 -2.5251526156467427597 -2.4273144713246734838 0.073266465967581281826 
0.75000000000000055511 0.29118548620476314426 -2.7322995830357155178 -2.4321143108448262105 0.04715643586247787733 
0.77500000000000057732 0.24039906663457311087 -1.9318040243727681027 -2.4365195801682699717 0.054663664206300151271 
0.80000000000000059952 0.25248219723318959806 -1.0523981095140291231 -2.4401530343743829121 0.0442443939409267184 
0.82500000000000062172 0.26824210213584609441 -1.7263308550200249236 -2.4441962093469133954 0.054589613522698601789 
0.85000000000000064393 0.25803378442571184292 -2.3116184254579259516 -2.4486076828513541059 0.046039274314220023088 
0.87500000000000066613 0.22232134427981303793 -1.3720634991371369882 -2.4522479994276364934 0.040858720831841034704 
0.90000000000000068834 0.19972749548549073584 -1.6008471148546488116 -2.4550206996926524639 0.040275945578162671012 
0.92500000000000071054 0.2055628937260794431 -2.6392474156191729762 -2.4581767739295727893 0.030005373931988120473 
0.95000000000000073275 0.25647496524490470682 -2.6570785911365630838 -2.461262917749992063 0.043433156985022106089 
0.97500000000000075495 0.26039641720250972234 -1.9854840621693430336 -2.4645339333833811146 0.035985652177591823109 
1.0000000000000006661 0.23911864109879016338 -2.1526394370714463378 -2.4673088853074243154 0.03846830112224167153 
1.0249999999999979128 0.25436872003191390856 -2.1700094550687403228 -2.4703411815765341508 0.035152207708280321097 
1.0499999999999951594 0.28961480878061868216 -2.2825350480614314819 -2.4731475488203953361 0.030926199774811133358 
1.0749999999999924061 0.24956076018010092676 -2.6106772259865933528 -2.4758864824416773054 0.033454420094881497094 
1.0999999999999896527 0.19683508378671554784 -2.626212133617737976 -2.4783199037065974935 0.030041345436081147435 
1.1249999999999868994 0.21545175327097734752 -2.605792276513877237 -2.4807556121115741377 0.029738045790616052938 
1.149999999999984146 0.25197869299702851942 -1.6175642320233976079 -2.4832688246190643966 0.032877246317755792759 
1.1749999999999813927 0.26846145533731913257 -1.0532988061753147946 -2.4859408160151916789 0.029819495359659414779 
1.1999999999999786393 0.26449119855534136692 -2.1838132469357760534 -2.4880616804533475239 0.022781040525163498423 
1.224999999999975886 0.2656254564696106657 -1.8495064668421741239 -2.4902315415934075382 0.027262511274527431726 
1.2499999999999731326 0.24838938905161173087 -1.7502568871493369151 -2.491886682464280689 0.018673424662875557495 
1.2749999999999703792 0.22703503677229044944 -2.5248152543238067125 -2.4938261865932318528 0.029372275800263331069 
1.2999999999999676259 0.2504137050706071177 -2.4195458098331621422 -2.4960616129492927406 0.02179813655133660058 
1.3249999999999648725 0.2906046392257534694 -2.3417775179600219815 -2.4981137031423656936 0.025685859397037890534 
1.3499999999999621192 0.25574216289865897567 -2.0963607827456467447 -2.4996323880974178344 0.017720392474775928382 
1.3749999999999593658 0.20505779226419384997 -2.1650333349147961037 -2.5012656745415289272 0.019338347252854472258 
1.3999999999999566125 0.22414868170554522186 -2.6673847007290865108 -2.5027624168021178619 0.016565362604709771982 
1.4249999999999538591 0.2571945153383709548 -1.7887844612272245648 -2.5044054811310489939 0.023897437231296229238 
1.4499999999999511058 0.27284908311521710589 -1.2400641265577556638 -2.5058372235320947041 0.013892896929821848054 
1.4749999999999483524 0.27069796879805935186 -2.1711123288109610563 -2.507328519358727803 0.021605115611733491376 
1.4999999999999455991 0.25484854558431385696 -2.1896959101280155657 -2.5090200474871529046 0.01766112608688455432 
1.5249999999999428457 0.24851758433684861815 -1.9990484942916479927 -2.510126454370330773 0.011063314245827498422 
1.5499999999999400924 0.26502024037127797085 -1.7744554958427445346 -2.5113078634194616612 0.017364621060150207954 
1.574999999999937339 0.2707865131394810998 -1.5932658234910332951 -2.5126064669048471245 0.014194505492984435882 
1.5999999999999345857 0.27520774042713963548 -1.9893638696227262663 -2.5136806398910254146 0.013288161784725268863 
1.6249999999999318323 0.25502964241135156476 -1.9455187128254114448 -2.5148628376948818364 0.013858356588619781882 
1.649999999999929079 0.2292589433566537549 -2.0530379951346979794 -2.5158704640321545298 0.011674339023391825526 
1.6749999999999263256 0.24957876372928503028 -2.1324235255680319412 -2.5169645311193589166 0.014129666383316865155 
1.6999999999999235722 0.27983598387533092922 -1.9751277452672677537 -2.5179638956643981551 0.01213635769244439562 
1.7249999999999208189 0.27949163305636087751 -2.2633581793463428689 -2.5189025737812800187 0.010584565634935221359 
1.7499999999999180655 0.2582444592758222357 -2.3331475457773849236 -2.5198687057255084731 0.012145256916536971425 
1.7749999999999153122 0.23179903415782898701 -2.1529580897976030585 -2.5208386850808768287 0.0097207646449517931542 
1.7999999999999125588 0.24590273743684293306 -1.7080647485844995259 -2.5215723443775157619 0.010925259134312458389 
1.8249999999999098055 0.27354476156326190672 -1.738532072170221543 -2.5223367002084162714 0.0077153140817089833556 
1.8499999999999070521 0.28364897292163782083 -1.9460556091227059206 -2.5231103070860800841 0.011161434140570719586 
1.8749999999999042988 0.27518216945835549669 -1.7159540824261201308 -2.5239839160856529787 0.0091215230846726849667 
1.8999999999999015454 0.24904089840592752436 -2.063183477231894436 -2.5247204118744748236 0.0076728463008872054354 
1.9249999999998987921 0.2408495823243897993 -2.2122791316440304499 -2.5252377867907065401 0.0079459354786189026476 
1.9499999999998960387 0.26311359934827277529 -2.0425746404368805287 -2.5260263458084981636 0.010714256159250640579 
1.9749999999998932854 0.27879739960239086072 -2.0223503914734877185 -2.5267469078417779116 0.0065171824016074277053 
1.999999999999890532 0.25990341231932612143 -1.7528477324942428606 -2.5273115200947948722 0.0066425666455373205688 
2.0249999999998880007 0.24049363554316266489 -2.1924002251012781883 -2.5278227264908177396 0.0054516475478645761918 
2.0499999999998852473 0.24805523453115899124 -2.3937986322638158398 -2.5282782114844319921 0.0079642268143876003561 
2.074999999999882494 0.27194861451566854083 -1.9973953801933421737 -2.5289517756030459594 0.0077364429851324014939 
2.0999999999998797406 0.28411081129326004602 -1.9700719892419238377 -2.5295797533741115615 0.0061733685250897896157 
2.1249999999998769873 0.27013891564396957934 -1.7671010637853996617 -2.5299747231055582652 0.0045165563542314893231 
2.1499999999998742339 0.2432755870338317028 -1.7614995281593608389 -2.5304555989839019325 0.0063615752171399643847 
2.1749999999998714806 0.24613454143747154346 -1.9071722289140979889 -2.5308868553329380013 0.0060285944116163191209 
2.1999999999998687272 0.2710765631988428237 -1.9816052705527247291 -2.5314343455585235354 0.0056932600929468805614 
2.2249999999998659739 0.28665683876891545623 -2.1992496853644101229 -2.5317692164926453025 0.0038192851166438611908 
2.2499999999998632205 0.27552097293877580997 -2.0764589208326635905 -2.5322185047983736261 0.005534857051540899818 
2.2749999999998604672 0.24515394154098366086 -1.9981552696067557129 -2.5326041414253102069 0.0049924680999696175593 
2.2999999999998577138 0.24497422278970990006 -2.1361544169979480579 -2.5330023662223464243 0.004852198437903079524 
2.3249999999998549605 0.27066873966186566491 -2.199064693453571806 -2.5333366523356737332 0.0039104112074220126472 
2.3499999999998522071 0.27444200441195515383 -2.168047470242401964 -2.5337097718484464792 0.0037195186354510613447 
2.3749999999998494538 0.26400288508090441475 -1.9132103222914602636 -2.5340336000149958906 0.0050594736519530766894 
2.3999999999998467004 0.25509115821692673887 -1.7939438975783963404 -2.5344081812471590531 0.0033747037917652334023 
2.4249999999998439471 0.2563989408424691141 -1.8014728483173552132 -2.5346323139040176642 0.0040223820829199631241 
2.4499999999998411937 0.26952095357631028483 -1.9736326473169421014 -2.5350008762450570998 0.003153866505146573837 
2.4749999999998384403 0.28004603497231400633 -2.3060744321266626322 -2.5352625010471401268 0.0037769301802919224079 
2.499999999999835687 0.2744955261863500362 -2.1620957413677821535 -2.5355234779680908552 0.0025814734972889347847 
2.5249999999998329336 0.25600254842369291053 -1.9992554894846890079 -2.5358032360568070196 0.0042167715161515063188 
2.5499999999998301803 0.24599306734519210682 -1.9522235928498550273 -2.5360454078850391824 0.0026271946023228654257 
2.5749999999998274269 0.258582706518195371 -1.914916850764746048 -2.5363387507174763869 0.0033407409616104228288 
2.5999999999998246736 0.27774509826712839855 -2.1229944212612670285 -2.536511848035991612 0.0015305175956989653177 
2.6249999999998219202 0.27280861284450336202 -2.0026582989956080993 -2.5367348261081823502 0.0034179321051432190459 
2.6499999999998191669 0.25707736059032543219 -1.9689970743075031478 -2.5369681432614679117 0.0030135050004138114361 
2.6749999999998164135 0.25565091497336051019 -2.135721947124724629 -2.5371961104762852379 0.0022215990225762493465 
2.6999999999998136602 0.26351801714751460493 -2.0081902964489861674 -2.5373713523816197046 0.0020443372755748990752 
2.7249999999998109068 0.27130744295868153282 -2.10867965544435787 -2.5375495673394525831 0.0020668513979080712674 
2.7499999999998081535 0.27068600442716977961 -2.125960267805011128 -2.5377412924323752286 0.0029341390147021102937 
2.7749999999998054001 0.26264484283806410758 -1.9586209020081750687 -2.5379513100291748451 0.0020030716857536304612 
2.7999999999998026468 0.2617356990807528927 -1.9311731643142648895 -2.5380697658231525793 0.001450348010383532317 
2.8249999999997998934 0.2665509327002867912 -1.881751016510840202 -2.5382433931772685476 0.0021786504662131252544 
2.84999999999979714 0.26774891841174291995 -1.9955654491430170339 -2.5384121617757919864 0.0020384347347735098238 
2.8749999999997943867 0.26517369198983870016 -2.0721018842399567816 -2.538573003107716719 0.001971653563493632258 
2.8999999999997916333 0.25848750416137994401 -2.1107653196108597804 -2.5386991689590501231 0.0013920625455770584741 
2.92499999999978888 0.25568669534877674909 -2.2006833544095081301 -2.5388159430890295809 0.0014073063858920575528 
2.9499999999997861266 0.2657549659681491816 -2.0900576176174663345 -2.538968533276378281 0.0020093393628225933271 
2.9749999999997833733 0.27526849775525874531 -2.0534093976559839589 -2.5391124324006795199 0.0014104547575939240141 
2.9999999999997806199 0.27069197616859502764 -2.0358099075741358241 -2.5392057850404943231 0.0014219078531400651359 
3.0249999999997778666 0.26055458256539004713 -1.9833851887574804884 -2.539332094125124506 0.0014245977971719437933 
3.0499999999997751132 0.25781130430609916493 -1.9429289804625859972 -2.5394449231246651877 0.0013923633098365077732 
3.0749999999997723599 0.26629538593253770928 -1.8874834948879599672 -2.5395648253641702752 0.0011581705904610689606 
3.0999999999997696065 0.27261987221443179097 -2.0617955765063280538 -2.5396485906258554621 0.001233514098642193163 
3.1249999999997668532 0.26462478153679669379 -2.0636857725418611409 -2.5397500406658841676 0.0013081608473017244942 
3.1499999999997640998 0.25862136862605367149 -1.9727216233447106841 -2.5398599298687640768 0.0013438407005362769994 
3.1749999999997613465 0.26365152453230195073 -2.0788708402203708303 -2.5399427829313681038 0.00064679143436490284594 
3.1999999999997585931 0.27012648638566122417 -2.1043720221553883221 -2.5400307734091756018 0.0013056799902251799757 
3.2249999999997558398 0.2713564310803814883 -2.175039674529714695 -2.5401096268213527729 0.00090331394033301445987 
3.2499999999997530864 0.26304382391367930882 -2.0902007395311050786 -2.5402011375040913777 0.0012246764555383419203 
3.274999999999750333 0.25353739567881167227 -1.9340395761165805055 -2.5402707115830072127 0.00063807124075964402957 
3.2999999999997475797 0.25828057758060790627 -2.0015744754265933913 -2.5403468109676685671 0.00095172135787213393582 
3.3249999999997448263 0.27116844604757256443 -1.9414965253074587537 -2.540423159912458928 0.0010109769992235953778 
3.349999999999742073 0.27636618197273626896 -1.9630429084168397047 -2.5404930801432512588 0.00068303575412334257069 
3.3749999999997393196 0.2719974488426796233 -2.0693415220119213416 -2.5405460726839304009 0.0008471960333417347935 
3.3999999999997365663 0.26209453664285392582 -2.0179905982479162674 -2.5406158794252071687 0.00067225507605308089994 
3.4249999999997338129 0.25780078674621098589 -2.046259076761399065 -2.5406811707352376928 0.00089951895151286142497 
3.4499999999997310596 0.26368411923120205209 -2.0529123657240098133 -2.5407433071996203822 0.00056461142215467679476 
3.4749999999997283062 0.26823684789149349061 -2.1007347336721515774 -2.5407861862970215761 0.00065733558027823951568 
3.4999999999997255529 0.26484507196200240964 -2.1152503683779348975 -2.5408410862475201419 0.00074429227971190003998 
3.5249999999997227995 0.26061829442378942057 -1.9802151790544408883 -2.5409074448999011686 0.00065739206398387833256 
3.5499999999997200462 0.26326483318393112398 -1.9791798030798732899 -2.5409476295503519161 0.0004110384896754409466 
3.5749999999997172928 0.27166188272178037888 -2.004317934313490035 -2.5409917417437113407 0.000638109051506973151 
3.5999999999997145395 0.27227727359012326991 -1.9945446496320742291 -2.5410367747014452888 0.00060014139384981105355 
3.6249999999997117861 0.2636393693889040879 -2.0278622706403175435 -2.5410888255529653357 0.00060868789913590733848 
3.6499999999997090327 0.26015519228535111118 -2.0819607896921454859 -2.541133847165742754 0.0003926389178621944023 
3.6749999999997062794 0.26246525171140594468 -2.104542058371531521 -2.5411599881489483899 0.00034502112965069636329 
3.699999999999703526 0.26450979906123883723 -1.9810403899300161878 -2.5412039409827507086 0.00068262795695246713309 
3.7249999999997007727 0.26879200594524754742 -1.9872869310118344011 -2.54124650853788836 0.00043017891473087131694 
3.7499999999996980193 0.2701969136194249943 -2.0841564134087668947 -2.5412814283088351885 0.00038925442320724204775 
3.774999999999695266 0.26428899034690461756 -2.0346846291801954365 -2.541313302782129746 0.00037273520808060836866 
3.7999999999996925126 0.26071640312210431212 -2.0168011121550466491 -2.5413442375793211525 0.00036098899756209203377 
3.8249999999996897593 0.26496497238809507691 -2.0054984648402816028 -2.5413791474835933926 0.00053901908271507378758 
3.8499999999996870059 0.26964078445409633833 -2.0471611271816598787 -2.5414105830427442534 0.00023963486530037119435 
3.8749999999996842526 0.26695144497369921455 -2.088081980089464551 -2.5414357064908092987 0.00039737777928762816173 
3.8999999999996814992 0.26097006338137257453 -2.0136070724478805083 -2.5414674960965624173 0.00030685970963145189168 
3.9249999999996787459 0.26208745840809460903 -2.0535008681023416699 -2.5414941964318722434 0.00033931241524277466065 
3.9499999999996759925 0.26782164278219500186 -2.05545219285889047 -2.5415170306911223363 0.00031059023606456515922 
3.9749999999996732392 0.2693793723928769035 -1.9868910234984822338 -2.5415441651142356427 0.00029968405679584410924 
3.9999999999996704858 0.26754088830923855591 -2.0065190075293668492 -2.5415661979643155988 0.00028501190263732295799 
4.0249999999996788347 0.26506214679248596422 -1.9953044945311997349 -2.5415928925467943245 0.00025747011946835750198 
4.0499999999996871836 0.26288284141828544005 -2.0323430004102429614 -2.5416097786248483814 0.000256177505263794627 
4.0749999999996955324 0.26438976913350659137 -2.0565501287791834173 -2.5416331368093683096 0.00028378266842213215266 
4.0999999999997038813 0.26765857240223039915 -2.0318134686243007891 -2.5416544213572618283 0.00026447722116829054575 
4.1249999999997122302 0.26695604840131825775 -2.074324165181284485 -2.5416731311407874117 0.0001624762500141981134 
4.1499999999997205791 0.26288769387016841517 -2.0694241605145919927 -2.5416905753787317757 0.00025087331540121098929 
4.1749999999997289279 0.26107059419270350897 -2.0421149463452508144 -2.5417081442380924372 0.00020908018036963158122 
4.1999999999997372768 0.26556570920941702241 -2.0334339098121847478 -2.5417279555324729934 0.00027295046393662305336 
4.2249999999997456257 0.27166933071348947637 -2.0237313165687074168 -2.5417437636642463694 0.00012220252610235205165 
4.2499999999997539746 0.26984664585847417673 -2.0060898570565774968 -2.5417566626794618756 0.00018004911847442715139 
4.2749999999997623235 0.26318802535204688375 -1.9662919990689415872 -2.5417742095688335979 0.00023296970312415595634 
4.2999999999997706723 0.26153224500641164552 -2.0180693153155742081 -2.5417899497273519493 0.00016282882988568215393 
4.3249999999997790212 0.26487128397218867581 -2.0617470383689893154 -2.5418022899150716221 0.00016438613960183159467 
4.3499999999997873701 0.26723578061625669067 -2.0435238234085204567 -2.5418145970390608746 0.00013128750248747475754 
4.374999999999795719 0.26609910122737684413 -2.05977468851255896 -2.5418290046394220738 0.00019754749068723366783 
4.3999999999998040678 0.26414557632687041266 -2.0559208833174382747 -2.5418432432814990207 0.00014402972787469316206 
4.4249999999998124167 0.26482707287693152409 -2.0665239712523693072 -2.541852675382343385 0.00011063103289464348942 
4.4499999999998207656 0.26683437433704959574 -2.0447699916841330925 -2.5418626916120605763 0.00015567355100044302438 
4.4749999999998291145 0.26759854451785825002 -2.0055101826021290989 -2.5418757293873350811 0.0001349961636967839042 
4.4999999999998374633 0.26661991485368913279 -2.0283285409265316979 -2.541887772661892253 0.00014711214363583485819 
4.5249999999998458122 0.26368422898414539679 -1.9862213720214985102 -2.5418965142356366727 7.0915002937129470147e-005 
4.5499999999998541611 0.26225449319521798586 -1.9902593911419970141 -2.541903754766804191 0.0001402471002981919802 
4.57499999999986251 0.26559118180753504834 -2.0608829789640656927 -2.541915365842776442 0.00013038525328726922989 
4.5999999999998708589 0.26906336114167195284 -2.0574925946782429698 -2.5419256435814499007 9.6048824709394877352e-005 
4.6249999999998792077 0.2676541981173379825 -2.059096537306541741 -2.5419320555219320212 8.3969490284344395505e-005 
4.6499999999998875566 0.26421603932496351419 -2.0401364763419072013 -2.5419409278733602342 0.0001110636024192510025 
4.6749999999998959055 0.26352879819745450574 -2.0267223306099717561 -2.5419479371483242325 0.00010307552315868810807 
4.6999999999999042544 0.26578957277448106433 -2.0542971006236436793 -2.5419577495384690913 9.6364356470564872738e-005 
4.7249999999999126032 0.26696809878860511267 -2.0356063622079583197 -2.5419633462240867061 6.45861911908252376e-005 
4.7499999999999209521 0.26518172646499882372 -2.0110666285467466707 -2.5419702697370363254 8.3461437174062717446e-005 
4.774999999999929301 0.26387024551454585364 -1.9962611440390993778 -2.5419775631265997262 0.0001100890380336174161 
4.7999999999999376499 0.26507099991406840589 -2.0192594894272151151 -2.541984010991107823 5.0329876126206840234e-005 
4.8249999999999459988 0.2667980138950773461 -2.0671599317091908787 -2.5419900410637246146 9.7552432308148118471e-005 
4.8499999999999543476 0.2675616521501877898 -2.059251779273650218 -2.5419961958177839101 4.0931234444214711389e-005 
4.8749999999999626965 0.26672949885608987497 -2.0393166116037857449 -2.5420014444608116655 8.9816502922781282802e-005 
4.8999999999999710454 0.26477035211174421159 -2.017201599414897295 -2.5420072749431548154 6.1578210731860034358e-005 
4.9249999999999793943 0.26398679207364117438 -2.0141810058377265236 -2.5420123514222683347 6.1312967306742096143e-005 
4.9499999999999877431 0.26502296642930484039 -2.0277221339091515695 -2.5420174473126468939 6.8221392798478052615e-005 
4.974999999999996092 0.26651110772030045526 -2.0317382113062976146 -2.5420230407081922941 4.5496504548825008067e-005 
