0.025000000000000015266 0.60299224064094969489 0.00053575099918546503774 -2.2368592382605831936 0.045529509792495696796 
0.05000000000000003747 0.57416573888237409928 0.018981230694484374499 -2.2393988166894089886 0.073189094894954481729 
0.075000000000000052736 0.40896839521905320458 -0.019094954177481415769 -2.2466166709689825431 0.12396943632932000412 
0.10000000000000007494 0.35357407353074499223 -0.053949283801907776947 -2.2588960283268422202 0.14133962830615082185 
0.12500000000000008327 0.16465705559943061287 -0.35385561661255904298 -2.267144866292773564 0.086154019633698050717 
0.15000000000000010547 0.18719438264427396001 -2.5162251951129870342 -2.274244093022258717 0.11039025108302479017 
0.17500000000000012768 0.31011413164149848054 -3.5281360029869013317 -2.2825616681381708517 0.11045065283668205336 
0.20000000000000014988 0.21298245841535454193 -1.9587448902429436259 -2.2916242184348236677 0.10075091355376146474 
0.22500000000000017208 0.2254773801722349813 -3.0463296803012207548 -2.2989880679999750157 0.10475774180626479248 
0.25000000000000016653 0.26815202285431033458 -3.879145447590733653 -2.3075220305948249688 0.11313262714680366594 
0.27500000000000018874 0.20664009333214006237 -2.4407051302686051386 -2.3152845782180331291 0.084627396529082618559 
0.30000000000000021094 0.22294498788537694955 -2.022550730239148109 -2.3221670455786500575 0.08643794210423708102 
0.32500000000000023315 0.31499689243756939794 -0.62937314895089646605 -2.3289512398212064426 0.10581805266356089645 
0.35000000000000025535 0.32959863787055998507 0.77481831829577196835 -2.3354641339198694006 0.060021137605340280086 
0.37500000000000027756 0.32980194239477150786 0.12515691889060304165 -2.3415993362120008925 0.092206013036857631393 
0.40000000000000029976 0.25025495583621037987 -0.90003309085194482808 -2.3481983541129869408 0.091821860740600724782 
0.42500000000000032196 0.21864927716552096104 -1.8953728876474249532 -2.3563735576312185849 0.10021346604858637208 
0.45000000000000034417 0.21022512117560915312 -1.920914392732994358 -2.3633732361610828576 0.082049243085579398604 
0.47500000000000036637 0.15042332066734556695 -1.0324439553574571438 -2.3685288280968768149 0.065796883848181123011 
0.50000000000000033307 0.17020545464592068408 -0.36579415563014439083 -2.3737487947398978605 0.062367857937047771477 
0.52500000000000035527 0.24183141801839250218 -0.49315452191495579015 -2.3792751641792277972 0.09081201778031736116 
0.55000000000000037748 0.3045680199985824621 -1.1470702012598494868 -2.3855317956562718251 0.069629515582316822697 
0.57500000000000039968 0.31235353272724214468 -1.4156399510584736223 -2.3920310081778408673 0.085759151195490337938 
0.60000000000000042188 0.29257352238087364071 -1.2666590405176543221 -2.3967963817325115272 0.057723740395619144161 
0.62500000000000044409 0.20855530839147523592 -1.8126888507827421115 -2.4021584794036834332 0.061513393184639865441 
0.65000000000000046629 0.19531785431019998978 -1.1197782246655982874 -2.405770419155163431 0.049612449342584054313 
0.6750000000000004885 0.24868091879897757934 -0.3629701248261850699 -2.4109140467107104122 0.075162865609983878223 
0.7000000000000005107 0.23714959970192911465 -1.7563314834654439878 -2.4155571527727373038 0.049991590100564628485 
0.72500000000000053291 0.26195043465147238582 -3.2931910849949961317 -2.4210187767510760182 0.076346144585203321031 
0.75000000000000055511 0.24703844338592784169 -3.5193061329113621838 -2.4258428438484118672 0.070503907375083121889 
0.77500000000000057732 0.17162111591425233126 -2.8506666223126457815 -2.4309499961137421842 0.044961799225735440966 
0.80000000000000059952 0.20951812749556680826 -4.0028154809307530115 -2.4347919744718469204 0.060839777883093713873 
0.82500000000000062172 0.27999297928838617899 -5.2826788945712088719 -2.4392706741626781763 0.047080319641163610733 
0.85000000000000064393 0.26270159737138654155 -4.431574378860369201 -2.4429378734014646213 0.052632070204806681579 
0.87500000000000066613 0.21525504377212112406 -3.6619478441055908213 -2.4459582443899536841 0.034029566336182960617 
0.90000000000000068834 0.20513058896478458815 -3.8281061335664459122 -2.4494351571876453733 0.050946200495911628248 
0.92500000000000071054 0.24231292348040073259 -3.6470979054101371197 -2.4531594614175640245 0.043166693479110701537 
0.95000000000000073275 0.26418247205655553955 -3.1850139427301380479 -2.4567682247789859318 0.046063299718406870709 
0.97500000000000075495 0.25267379590612060181 -3.0913987829137932195 -2.4593594421607827272 0.033576961656532178235 
1.0000000000000006661 0.26726082192563632711 -3.8490422450297341328 -2.4623351328748364075 0.036528205572896682574 
1.0249999999999979128 0.2100353737082496508 -3.0179930466154463176 -2.4654942029290487504 0.042787037076837924898 
1.0499999999999951594 0.17043459484320774844 -2.5057911373003634026 -2.4679372640973826769 0.02480429998052088858 
1.0749999999999924061 0.22209550770764022176 -3.5648934170859325476 -2.4705799388852964782 0.037016987023703137871 
1.0999999999999896527 0.22936723304179737482 -3.2490235317774915913 -2.472777916807258336 0.022484653451471426494 
1.1249999999999868994 0.23418837713347101515 -2.3378485691984929318 -2.4747338045910196591 0.035402168651900461915 
1.149999999999984146 0.24920346015899103032 -2.0676369161840737476 -2.4771717915634541285 0.021034115600383970768 
1.1749999999999813927 0.23549291400060110013 -1.807812783108928345 -2.4792839951421452582 0.034447268532912106442 
1.1999999999999786393 0.25336405462614913775 -2.226747280976412835 -2.4818526795371944615 0.033454635909373205138 
1.224999999999975886 0.285750092463618377 -2.2659292650694551341 -2.4846864998658606538 0.036524997964846053766 
1.2499999999999731326 0.2447486279358697947 -1.7323287136885199278 -2.4867819332709304447 0.022218163856686040658 
1.2749999999999703792 0.21033496424238221079 -2.1202119329752475707 -2.4886489494106895926 0.02108186221778545269 
1.2999999999999676259 0.22115300620638306262 -2.2909442342604382503 -2.4901974769671264553 0.02438529400221919885 
1.3249999999999648725 0.24640553723136596198 -1.8546737425754382667 -2.4923336898633885461 0.023623640513538310404 
1.3499999999999621192 0.29416903319802201189 -1.7612791439473522992 -2.4939570131192305702 0.025221836377034470567 
1.3749999999999593658 0.30367238597911172526 -1.8299878449400981406 -2.4957927998389557445 0.022575456881692938099 
1.3999999999999566125 0.26681892745790769528 -1.854170802692054254 -2.4975068931562933727 0.019260484776685096037 
1.4249999999999538591 0.24450363973095726178 -1.8056565126567631907 -2.4994953744560306497 0.027959821882853577724 
1.4499999999999511058 0.24724079050557704051 -2.2502105733701873724 -2.501149853592873562 0.02129277255121984902 
1.4749999999999483524 0.23301405088738119664 -2.5559411246641769999 -2.5024555610659442451 0.012904138082763038503 
1.4999999999999455991 0.23134890538997704423 -2.016256841490426055 -2.5039511548156516696 0.020629796460123511065 
1.5249999999999428457 0.22896560502973267726 -1.8683461874072553321 -2.5051417615342930212 0.017218706529809196804 
1.5499999999999400924 0.2349639898565755447 -2.1824278581734861682 -2.5066843853064399994 0.018241445828596481588 
1.574999999999937339 0.28367315802266085401 -2.3738714265777103307 -2.5081247197973790541 0.020037496674526797391 
1.5999999999999345857 0.29778311662741613342 -1.7005498840577555342 -2.5094605877828675133 0.013743132720738897301 
1.6249999999999318323 0.28858986252956836394 -1.3749678102075857389 -2.5103979339295965367 0.015205915470029890413 
1.649999999999929079 0.26502329348761860528 -2.0815427080335986432 -2.5117486291220960659 0.016222394096830794474 
1.6749999999999263256 0.22110083510536640561 -2.0647965912163499524 -2.5130188282799088562 0.015643899090688567072 
1.6999999999999235722 0.23291832466139947289 -1.9316779815869193904 -2.5139509734691647402 0.012013742071484218715 
1.7249999999999208189 0.26832214352796490697 -2.1434317566834479862 -2.5150040150583046206 0.012970379340049307051 
1.7499999999999180655 0.25572946747627928188 -2.0482994402834804326 -2.515961978618934225 0.011968754874571583408 
1.7749999999999153122 0.24894298133260181483 -2.0295357974382661759 -2.5169566364798878766 0.014572045099192867945 
1.7999999999999125588 0.27158235000847208429 -2.1862091983689029284 -2.5179137186695124129 0.011107856048955061512 
1.8249999999999098055 0.26828936630443017686 -2.382316921190903436 -2.5189709566837463761 0.011957010747362455463 
1.8499999999999070521 0.27309657349147548056 -2.3026800290196307586 -2.5195416867278699335 0.0086836721811211475125 
1.8749999999999042988 0.27395411098514504955 -1.8246798444606935341 -2.5205236243665485318 0.014134684313714944437 
1.8999999999999015454 0.23486591714054425029 -1.8003311567837967377 -2.5214970894468917706 0.010528085187359426111 
1.9249999999998987921 0.2322892379227803894 -1.9324614531045249954 -2.5221693172600203603 0.0069007295634279782956 
1.9499999999998960387 0.25552665604837432323 -1.9749411880473835001 -2.5227965244144132662 0.01206747184030184869 
1.9749999999998932854 0.26984116959485199283 -1.9862815116214744826 -2.5236000655700854267 0.0058575127881774994437 
1.999999999999890532 0.28623913952288826401 -1.9506884821463950086 -2.5243133967347231028 0.012597634282745455436 
2.0249999999998880007 0.27296049182753101547 -2.0521799056634906222 -2.5250441632411608772 0.0072866451190470235555 
2.0499999999998852473 0.25126385132932221866 -1.9450542788475613243 -2.525597888093857879 0.0072131930208798877846 
2.074999999999882494 0.25934838954543487644 -2.0230389609110224214 -2.5261890334081220644 0.0075832557585272589162 
2.0999999999998797406 0.25891141547377843901 -2.2877074429577604064 -2.5268428525621291492 0.00979533961924570519 
2.1249999999998769873 0.25580492720145359131 -2.07198811367175173 -2.5274550010860452609 0.0066469273172484371129 
2.1499999999998742339 0.26507255448807992559 -1.7518583697572136515 -2.527987059344450671 0.0050499110517009497545 
2.1749999999998714806 0.24847150877947529746 -1.800876892518282979 -2.528402054928828413 0.0085405826658839258114 
2.1999999999998687272 0.25117799307299909506 -2.319502181600217483 -2.5290594548120468588 0.0063636889443201925115 
2.2249999999998659739 0.27682898847749531912 -2.3302003265818651556 -2.5295056696782025618 0.0065910158083853304448 
2.2499999999998632205 0.27678267389029553858 -1.7478340682833983788 -2.5300268319127803274 0.0054262763069109426831 
2.2749999999998604672 0.26552041146627414214 -1.8721166546520859875 -2.5304675794898057184 0.0065414426992778983497 
2.2999999999998577138 0.26513394219004687846 -2.0388268726050129409 -2.5308507661961998636 0.0044794449100302013295 
2.3249999999998549605 0.25963662706862361551 -1.7377563393091346455 -2.5313458372896939785 0.006499974136868023368 
2.3499999999998522071 0.2612518772611074902 -1.8203504282671929548 -2.5316800842535407412 0.0041172063158978434647 
2.3749999999998494538 0.26565884065699252314 -2.1792366891555223773 -2.5321190620936477877 0.0061210447001713522847 
2.3999999999998467004 0.25632164707626448052 -2.1912633239439021082 -2.5325152770106877931 0.0040947855880771729872 
2.4249999999998439471 0.25846883648831558977 -1.9897209331097946983 -2.532851992836460564 0.0049384984579331544369 
2.4499999999998411937 0.26202716444896667625 -2.1735660365113669279 -2.5332271238422903181 0.0046269276839291237011 
2.4749999999998384403 0.26302995765944270357 -2.3620057302736578997 -2.5334963573728082054 0.0032515026176405271291 
2.499999999999835687 0.27487509373686758174 -2.0220181091243452087 -2.5338995695089403526 0.0057623844688621085955 
2.5249999999998329336 0.27116293097203525431 -1.7756628447354936284 -2.5342104833089442728 0.002923246469082227926 
2.5499999999998301803 0.25733832705635539817 -1.7725677975466125336 -2.5344630281057347609 0.0041050323979311634931 
2.5749999999998274269 0.25943580146116596019 -1.8709782218966393152 -2.5347720213419031587 0.0033051564427515498987 
2.5999999999998246736 0.25842496763803712856 -2.0505958379467563724 -2.5350503606742651463 0.0037175638312629778401 
2.6249999999998219202 0.25988726047157839627 -2.1683545023352674974 -2.5352901080912020326 0.003634368566470347426 
2.6499999999998191669 0.27110913852979429128 -2.1337550304224301989 -2.5356098191950411369 0.0030925599069887010906 
2.6749999999998164135 0.26799624967486829208 -1.9296303960556604462 -2.5358048715398480155 0.0032540616410508455859 
2.6999999999998136602 0.2646207960124984937 -1.9905339168774514036 -2.5360580428690835397 0.0027074035271219404342 
2.7249999999998109068 0.26546133227798401899 -2.2685727298518689743 -2.5362922076830933804 0.0035450898059454262479 
2.7499999999998081535 0.25762588386102464044 -2.1790137036779948509 -2.5365130546450993521 0.0020663212830903418364 
2.7749999999998054001 0.25998948656131209978 -1.9596106279579141862 -2.5367259722772095287 0.0032404451263687195257 
2.7999999999998026468 0.26415804434494299935 -1.8610334893935349676 -2.5369005612973536401 0.0021154209617108357677 
2.8249999999997998934 0.26226143802605117461 -1.926544448014627875 -2.5371429789157282642 0.0029563993724829548161 
2.84999999999979714 0.2667173323424786302 -2.099707241381777223 -2.537296474962562165 0.002120532368653666247 
2.8749999999997943867 0.26750785334295801299 -2.0012653049811488515 -2.5374995973421383688 0.0023306891321252976197 
2.8999999999997916333 0.26639261274897602094 -1.8895028040551355986 -2.5376649345607953379 0.0026288838658772581761 
2.92499999999978888 0.27038074519877941526 -2.0534008634062757004 -2.5378533288356504016 0.0016082041050331547134 
2.9499999999997861266 0.26798615552282378793 -2.1806029642749793496 -2.5379838968692527423 0.0024729972596228928447 
2.9749999999997833733 0.26014191148393950304 -2.1104595377520416477 -2.5381732416826969789 0.0017421537403952622181 
2.9999999999997806199 0.2570868319973224625 -2.0203816264438989592 -2.5382964715919347221 0.0019479308029108880103 
3.0249999999997778666 0.25566186856661371474 -1.990616574403352379 -2.5384527650848860425 0.0019132837122481061946 
3.0499999999997751132 0.26426366063436845799 -1.94922583472904698 -2.5386091053534287632 0.0020140907800507449818 
3.0749999999997723599 0.27861868371711462355 -1.9331640679577062336 -2.5387114905852730118 0.0010062909016203113594 
3.0999999999997696065 0.27498756361101928114 -2.1163654141017071986 -2.5388522094328744849 0.0021465656178269285244 
3.1249999999997668532 0.26012293078910719846 -2.1777967151522594769 -2.5389780058302924282 0.0016223962806061916191 
3.1499999999997640998 0.25647935706806618272 -1.9660483785796887268 -2.5391104090005685023 0.0013674457912148992728 
3.1749999999997613465 0.26166254939936323121 -1.8758750755100230823 -2.5392107683451650146 0.0015582822556010696331 
3.1999999999997585931 0.26846622852423812633 -2.0505809913511789944 -2.5393217361330227 0.0010849081132078661378 
3.2249999999997558398 0.26857594149616481616 -2.1420899363882393018 -2.5394202899291267173 0.0016757324448611681748 
3.2499999999997530864 0.26326686680029032228 -2.0192137879651776977 -2.5395346872039863406 0.0012023019464309351624 
3.274999999999750333 0.26396957082488531343 -1.9979189219175532699 -2.5396413065118488284 0.0014590693122580986225 
3.2999999999997475797 0.26481148069314097704 -1.9888527851225374921 -2.5397230791908396164 0.00083071828492256225267 
3.3249999999997448263 0.2658334254903016447 -1.9031328621000465073 -2.5398062013488109656 0.0012559086360905702146 
3.349999999999742073 0.27000587123702957104 -2.0940904483603723918 -2.5399112188761829856 0.0014220861971510226438 
3.3749999999997393196 0.26383879766015605473 -2.2553438466764941239 -2.5399998277358872834 0.00086912528860230914892 
3.3999999999997365663 0.25691513186190834128 -2.0966031458498539664 -2.5400639653745762381 0.0009474269096332800684 
3.4249999999997338129 0.26352309516350563845 -1.9305163985141322591 -2.540143476120521715 0.00094623054681526304419 
3.4499999999997310596 0.26765589947791379455 -1.9275436084730035446 -2.540226300208056287 0.0012503890069495743505 
3.4749999999997283062 0.2672427912671396788 -2.0875741592623859866 -2.5402997847247030805 0.00064444766763720217392 
3.4999999999997255529 0.26837390120805520999 -2.0905493416351057512 -2.5403651445642321249 0.0010858027667502746783 
3.5249999999997227995 0.2659693161549940843 -1.9484982984139493922 -2.5404309081633629219 0.00061903611589689592175 
3.5499999999997200462 0.26329364827183276976 -2.0051170194373577615 -2.5404956003323753144 0.0010175095646220249073 
3.5749999999997172928 0.26474187856139091979 -2.0364717818581268283 -2.5405655551737837961 0.0008491664223739791564 
3.5999999999997145395 0.26533806827846961873 -1.9709026636053477155 -2.5406223245763150942 0.00045416191529144730706 
3.6249999999997117861 0.26428895386174600102 -2.0151488149175493803 -2.540662779452016462 0.00095419512196384160835 
3.6499999999997090327 0.26358101104044812102 -2.1357141889059017004 -2.5407413057461187833 0.00068914374655060922636 
3.6749999999997062794 0.26392512545187357675 -2.1634568314789381915 -2.5407850061945165265 0.00068470056032108618776 
3.699999999999703526 0.26671834421572110374 -2.0353632905929890384 -2.5408357777922323528 0.00052632855772761003282 
3.7249999999997007727 0.26738117379937065277 -1.9706876529591674796 -2.5408824098443703043 0.00072461114891897784873 
3.7499999999996980193 0.26632128969352975023 -1.9951627408085790272 -2.5409318553969111321 0.00061553458915570950782 
3.774999999999695266 0.26595592554614366776 -1.9555949687482214738 -2.5409865158517579431 0.00060418769188041131484 
3.7999999999996925126 0.26304987562379139598 -1.9622177172700163705 -2.5410157926461978128 0.00042410155019242940086 
3.8249999999996897593 0.26281935966726760467 -2.0778786640528243979 -2.541067624074853093 0.00067194946378553658661 
3.8499999999996870059 0.26842958065983157923 -2.109876958380136891 -2.5411021738055552532 0.00041283677167671040857 
3.8749999999996842526 0.26791673095146234518 -1.9957107809931184939 -2.5411456319241771951 0.00058629027223739706674 
3.8999999999996814992 0.26330100418357316183 -2.0184498235371965968 -2.5411845150833092255 0.00048489963567818018591 
3.9249999999996787459 0.26368471830935730216 -2.1410368383372571088 -2.5412163684247488504 0.00032139686178617437456 
3.9499999999996759925 0.26507150604792734105 -2.056354100935757323 -2.5412518735756375321 0.00060809732351320888635 
3.9749999999996732392 0.26701262077679721596 -1.976449098779736957 -2.5412878687212319129 0.00033435160324632321252 
3.9999999999996704858 0.26752609728745835316 -2.0172209096536324324 -2.5413195403151247476 0.00045329625717450321501 
4.0249999999996788347 0.26358520918017319667 -1.9812082638768131471 -2.5413491375423129526 0.00035578371147730651841 
4.0499999999996871836 0.26160729258633963479 -1.9750097643536939085 -2.5413802550777377931 0.00039202796541664921724 
4.0749999999996955324 0.26459400580441566619 -2.0608904694492271581 -2.5414069331443105426 0.0003709894425203751696 
4.0999999999997038813 0.26863819847174852384 -2.1257160946982942562 -2.5414371605917120966 0.00036075090954984631499 
4.1249999999997122302 0.27035487865920498907 -2.0601637376505621546 -2.5414635219149546153 0.0003476785648808984326 
4.1499999999997205791 0.26679754125348598137 -1.9529354621202941189 -2.5414874587137554762 0.00025137905394175420054 
4.1749999999997289279 0.26115371218179850299 -2.0217059502026208939 -2.5415105610072723508 0.00038967788883121761432 
4.1999999999997372768 0.26158785934946254814 -2.0976636788551483725 -2.5415399914909757584 0.00030434477603562065055 
4.2249999999997456257 0.26592633031361173623 -2.0471018497923294532 -2.5415593382532524203 0.00025780676368579452532 
4.2499999999997539746 0.26767047165499213701 -2.0027917129514447581 -2.5415787423438516157 0.00023845319858993807528 
4.2749999999997623235 0.26632655299271307259 -1.9780220300053548144 -2.5416021036775093833 0.00032838113220010235879 
4.2999999999997706723 0.26403087326535923385 -2.0060006796026481624 -2.5416230826727104208 0.00026903756064411237219 
4.3249999999997790212 0.26528840860853930561 -2.0879686131968391294 -2.5416443028764894585 0.00020078786673169158597 
4.3499999999997873701 0.26798477035417850312 -2.1005324373334177679 -2.5416579747701031344 0.0002706854815479671386 
4.374999999999795719 0.26656273754017456579 -2.0327550819048245678 -2.54168002396996906 0.00018584362560325405861 
4.3999999999998040678 0.26453826854213574604 -1.9881286867224097215 -2.5416949447286025787 0.00028147191746551039962 
4.4249999999998124167 0.26426433708746954743 -2.0139944109619425383 -2.5417148217442107061 0.00019142592451798604329 
4.4499999999998207656 0.2635084922951678732 -2.0323562072673495571 -2.5417300409673608819 0.00019030208119037822739 
4.4749999999998291145 0.26529031551978199399 -2.0360066448904343694 -2.5417411941034604439 0.00018081810037022110231 
4.4999999999998374633 0.26840692035284974271 -2.0203380968678077423 -2.5417615602441818723 0.0002371788383934937878 
4.5249999999998458122 0.26739124462765745394 -1.991809493127843167 -2.541773490777444966 0.00015218722990253613441 
4.5499999999998541611 0.26469332571084325245 -2.0502193615421306916 -2.5417876981503941813 0.00017489263978656165231 
4.57499999999986251 0.26365787565334625198 -2.1037020249583373577 -2.5418007388913252953 0.00018722364283291133844 
4.5999999999998708589 0.26449035016693062117 -2.0676892865253595488 -2.5418139434559003931 0.00014017055848189154598 
4.6249999999998792077 0.2663971162457096642 -2.0299546629869658076 -2.5418257825102696934 0.00017283292477473201289 
4.6499999999998875566 0.26644003338205285436 -2.0102118082944504529 -2.541837861309443003 0.00013692797768154819959 
4.6749999999998959055 0.26537410481158035802 -2.0002438135631543936 -2.5418492979978264401 0.00016220120156970211983 
4.6999999999999042544 0.26555531960609235487 -1.9916933442346573813 -2.5418599209407592987 0.00011522984606503097315 
4.7249999999999126032 0.26584618306470003679 -2.0231678604156866363 -2.5418709052875039234 0.00016445388676578789433 
4.7499999999999209521 0.26599052924770594242 -2.0759718011804126903 -2.5418805737454999161 9.2799833623411528537e-005 
4.774999999999929301 0.26640332760194640471 -2.0266013410522933924 -2.5418902972879324764 0.00014465250707872489926 
4.7999999999999376499 0.26570905469145517097 -2.006671491252645545 -2.5418997704783041769 0.00012996171787440106223 
4.8249999999999459988 0.26435203397277345916 -2.0875803132760220038 -2.5419103918278111998 0.00010491878682534757988 
4.8499999999999543476 0.26399597024360643704 -2.0768255901157157695 -2.5419167236766111451 9.716408207490139328e-005 
4.8749999999999626965 0.26524822731908320739 -2.0068796549873861856 -2.541925306836361198 0.00010711995369101350592 
4.8999999999999710454 0.26698381808657845049 -2.0108887266456818566 -2.5419346838582388415 0.00013162891772153614183 
4.9249999999999793943 0.26656252849927997151 -2.0386455781826970934 -2.5419418715590045288 6.8303219220890463775e-005 
4.9499999999999877431 0.26519647722588313155 -2.0257377147042090471 -2.5419494000027227365 0.00011279234961699621538 
4.974999999999996092 0.26615794595451724991 -2.0188552317073327202 -2.5419559866983760799 7.4057249487494586923e-005 
