0.025000000000000015266 0.60269219995726563965 0.00053361649801042868035 -2.2372537195253623388 0.045297641805705626816 
0.05000000000000003747 0.57405208929965756415 0.018898023867546992483 -2.2401030847746059571 0.072470191176474241246 
0.075000000000000052736 0.41000733705696756903 -0.018506793094654583332 -2.2481811091258232516 0.12246313823234605822 
0.10000000000000007494 0.35552646064478898857 -0.054176558208881675505 -2.2619071321888823967 0.13958173263055922986 
0.12500000000000008327 0.16774119645267890344 -0.35859908598611700548 -2.2711027406614068269 0.08437177559080709377 
0.15000000000000010547 0.18876483363655324754 -2.4947416415489120922 -2.2788959116466678267 0.10641466860225261282 
0.17500000000000012768 0.30908721327859356443 -3.4771858492855178824 -2.2879621315223532818 0.10626365761752709638 
0.20000000000000014988 0.21199633574495063693 -1.9356206418814774217 -2.2977419501300868632 0.095749000432295131024 
0.22500000000000017208 0.22418545992458979721 -2.9975820489685829351 -2.3058372227092664986 0.10216132474983438683 
0.25000000000000016653 0.27158571229117051127 -3.7591714395089721457 -2.3151756814794244299 0.11012486377179846186 
0.27500000000000018874 0.21615223157727941894 -2.3458229771441159173 -2.3236058789334887997 0.081382262108565209258 
0.30000000000000021094 0.22959097831629740605 -2.022841307544405165 -2.3312473926055310436 0.084087450120594875447 
0.32500000000000023315 0.31635318693708502913 -0.75299419649669796506 -2.3387138216086862386 0.10196633983576156024 
0.35000000000000025535 0.33632196201570108141 0.75864268843664461883 -2.3460895595039907846 0.065465370078447299163 
0.37500000000000027756 0.33091429437995867335 0.34117417564796020946 -2.3527536901887917686 0.079739700253119258355 
0.40000000000000029976 0.25547430736862530853 -0.60982008942222953873 -2.3594116199139008039 0.086679976145687745448 
0.42500000000000032196 0.22321246883885137446 -1.5327667379072436038 -2.368189468652643459 0.09020775700023289656 
0.45000000000000034417 0.20608689364969964841 -1.7502961111139128114 -2.3748827532245155858 0.068936334940908922109 
0.47500000000000036637 0.16452172490767918989 -1.0089296973105001953 -2.3799588749190174752 0.060498165772213619018 
0.50000000000000033307 0.18769631230118549725 -0.476636692602102785 -2.3854011125840943741 0.052060568354089391263 
0.52500000000000035527 0.23746249744791375624 -0.67694657603123120637 -2.390008128510920038 0.071938993219272662216 
0.55000000000000037748 0.27180150855989759773 -0.80483772618189497461 -2.3963155085615741591 0.057528052700970416788 
0.57500000000000039968 0.2675662339882304841 -0.6272987030941616915 -2.4013906105313362893 0.059492838161649769235 
0.60000000000000042188 0.28318598637186759293 -0.43266767120992660756 -2.406386724158022794 0.067122776097078701296 
0.62500000000000044409 0.29867513747486207354 -0.20707363908952125531 -2.4122104465320597377 0.049364791692730530803 
0.65000000000000046629 0.27126246432193401592 1.3136628734079205394 -2.4170343455961025292 0.069670973154081161649 
0.6750000000000004885 0.2549513252081885839 1.5176714321545266007 -2.4216899302339607303 0.044483278694513808671 
0.7000000000000005107 0.24656354469174171506 0.03760315796209723338 -2.4259184995918370298 0.047672155893798695558 
0.72500000000000053291 0.25891666108317917816 0.76750139839935682673 -2.4309025800108616799 0.057643024577995950752 
0.75000000000000055511 0.27361426371721420114 0.74468401863467936774 -2.4349634468314511615 0.047999943313301429715 
0.77500000000000057732 0.25427994115346269632 0.40874388694729701932 -2.4390431655859439175 0.045287714530729390738 
0.80000000000000059952 0.25363648609643113518 1.8880321924482368345 -2.4435099350631315218 0.051585224713941169039 
0.82500000000000062172 0.28872104703138473658 1.1270720924871353574 -2.447693674938625108 0.042432460369568034131 
0.85000000000000064393 0.3173396561546883432 0.1538263475320327256 -2.4504313652440266047 0.031406833691906922701 
0.87500000000000066613 0.30538010011613786476 1.1038487535929615291 -2.4545034929869724571 0.049318082174437942455 
0.90000000000000068834 0.28336712615153231143 1.1582368100648223752 -2.458356768358390898 0.041977042113402904255 
0.92500000000000071054 0.27059114785626697808 1.0865884053209193816 -2.4611472593423329158 0.02857701814659869069 
0.95000000000000073275 0.23833395471760518425 1.0395789072767107619 -2.4644643750983923347 0.040661728089540792597 
0.97500000000000075495 0.24218883022798021187 1.1269265422038357016 -2.4674401064835107533 0.028642391982390384003 
1.0000000000000006661 0.28960164749096289905 1.1748913236382088066 -2.4699837816900993559 0.027377374111052121819 
1.0249999999999979128 0.27911431259611296785 1.2076207880433815767 -2.4721527614507903259 0.029741383550194788743 
1.0499999999999951594 0.26881133475126106624 0.72554735690793514813 -2.4751135759984759233 0.033059190355098314051 
1.0749999999999924061 0.30069501337644000127 0.94973487241105081225 -2.4780745127198824385 0.032448997816062731536 
1.0999999999999896527 0.29935316229624481243 1.8662574273067444874 -2.4803219571525798592 0.023216964173045698955 
1.1249999999999868994 0.29066896685782883658 1.3029255185152213148 -2.4826166940263485472 0.029231136096448884915 
1.149999999999984146 0.28864068133979292607 0.99633179350759937254 -2.4850228143906560874 0.02339774588305671213 
1.1749999999999813927 0.27493923140823728346 1.3419621410231510339 -2.4867431060125730902 0.019070230068178706251 
1.1999999999999786393 0.26223241482630882393 0.84241292224579644721 -2.4889748146993726508 0.028179507828502925459 
1.224999999999975886 0.27264571590908925902 0.78241090870864693496 -2.4913773773636047615 0.027833376336362437853 
1.2499999999999731326 0.29316736322943903748 1.1981821879025993383 -2.4929290970503172886 0.010497591238284970441 
1.2749999999999703792 0.30108110687424777252 1.2611983143872180779 -2.4945376496203799377 0.022696630938306292663 
1.2999999999999676259 0.30098298231695480576 1.349238334990980448 -2.4964644349373843468 0.024858667023509879029 
1.3249999999999648725 0.29583237135964418618 1.3294827013061594201 -2.4982588842874116075 0.012940976913555992875 
1.3499999999999621192 0.29512831980557913125 1.8120922105556420689 -2.499725525340015686 0.020346776850479041804 
1.3749999999999593658 0.28676323200302633598 1.6040044029288407224 -2.5013659463907664815 0.018868890057040753339 
1.3999999999999566125 0.29336932364458245814 0.75039914265211438149 -2.5028418984508222778 0.015152373308112750822 
1.4249999999999538591 0.2844704579851927706 0.38041695147301035629 -2.5040811449074049655 0.011765927635741111473 
1.4499999999999511058 0.26890066004306784064 0.45856155345173144067 -2.5053620424016291857 0.018728575073627410502 
1.4749999999999483524 0.28606698545977310433 0.81291732593901655513 -2.506780584105977816 0.012462016424847894083 
1.4999999999999455991 0.30459338974095556685 0.78605174133256139335 -2.5077706002344881675 0.011552944342620002569 
1.5249999999999428457 0.29519248315667717675 1.2058453886379836284 -2.5090341501810171643 0.018664987937640886012 
1.5499999999999400924 0.28905850247282505183 1.9176125092341878009 -2.5104536297124031563 0.010623328902115668215 
1.574999999999937339 0.28738058673686617261 1.6351479299290243574 -2.5114481955979726102 0.014501545768213936274 
1.5999999999999345857 0.28628098026668113985 1.5516229447652774009 -2.5125354684135081662 0.0080325573775576909058 
1.6249999999999318323 0.30390547167414966312 1.943703664477576476 -2.5132415451481149304 0.010923457812836550804 
1.649999999999929079 0.3080641370708102067 2.2819823620060155633 -2.5141758849152293642 0.010081003300607927278 
1.6749999999999263256 0.27321942504896706838 2.5837951468816520162 -2.5151104772309329505 0.0094103834758685177969 
1.6999999999999235722 0.26602942780171112691 -0.59023921007663904259 -2.515797780398304262 0.0083960760682146497874 
1.7249999999999208189 0.27561545071737147961 -0.57256534046612261868 -2.5167472728749746835 0.012706079912998711687 
1.7499999999999180655 0.26813212026378002717 -0.5732901006172483882 -2.5178518063145980399 0.012286454178850070643 
1.7749999999999153122 0.2651463752138794594 -0.9856000928798223093 -2.5187925642045385644 0.0086124868139598829281 
1.7999999999999125588 0.258649933276225652 -1.231001373515470565 -2.5195550961857691163 0.01056760421025283031 
1.8249999999999098055 0.24883215208774842053 -1.1092319487043045267 -2.5203540762981533341 0.0065229234699801562705 
1.8499999999999070521 0.2501592469462512458 -0.88320825763394428254 -2.5210425382004921779 0.009337961792243616721 
1.8749999999999042988 0.25242181168311300654 -0.8946103576737205465 -2.5217407792833030911 0.0075700885945516700401 
1.8999999999999015454 0.25803354516550358611 -0.83027542539704302094 -2.522491675864777072 0.0088518175826687427871 
1.9249999999998987921 0.2721834229425778573 -0.88392574255996558819 -2.5231580783889846487 0.0066315506950505899442 
1.9499999999998960387 0.27738620603686198196 -1.3246847580625722429 -2.5237498631076786815 0.0063585318261289392947 
1.9749999999998932854 0.27318494174420104859 -1.2926845950139482788 -2.524309867369591398 0.0079027836611024176311 
1.999999999999890532 0.26966133859053853516 -0.94467815482242678549 -2.525064044812787678 0.0080748264465458387262 
2.0249999999998880007 0.25282838446077149364 -0.67577993076484443868 -2.525587320882146436 0.0043175061231786205501 
2.0499999999998852473 0.24669348879321395529 -0.46255760635288883931 -2.5259994263773259959 0.0056270455125416165773 
2.074999999999882494 0.26654995825961164124 -0.69186605796980371608 -2.5265897348283510304 0.0068386407177643037184 
2.0999999999998797406 0.27846676329308495124 -0.71942245883219335667 -2.5270322720730105104 0.0044274273598997777868 
2.1249999999998769873 0.27248003139156934393 -0.55768563477215948865 -2.5274807796569085383 0.0054127979781942395926 
2.1499999999998742339 0.26947062113655018134 -0.92076010017122911222 -2.5279948859676015793 0.0060898452392291330115 
2.1749999999998714806 0.26308825598382312716 -0.9431101148943696888 -2.5284586585796846592 0.0048667543960088498894 
2.1999999999998687272 0.25746950228102422065 -0.94349936131729750244 -2.5288576209763284908 0.0041849693758566315974 
2.2249999999998659739 0.26153161075514924638 -1.3525290665235121246 -2.5292014206564510381 0.0035572538484990152106 
2.2499999999998632205 0.26347120786835570572 -1.1888150680467139964 -2.5295781756623711978 0.0053358069286650504706 
2.2749999999998604672 0.26401691894462919752 -0.8320744373533156546 -2.5300074857341865453 0.0045215287459373608436 
2.2999999999998577138 0.26524553720931243195 -0.90419427794019868738 -2.5303362556401283179 0.0024427564579228007273 
2.3249999999998549605 0.26150836615683636932 -0.84283300306701514071 -2.5306043767948165346 0.0044398727529263767172 
2.3499999999998522071 0.25887993203734133152 -0.66626416798559795485 -2.5309665745130205394 0.0034635927795442634884 
2.3749999999998494538 0.2656252637334471367 -0.67695847362675976022 -2.5312808716110946072 0.0039799922311769316691 
2.3999999999998467004 0.27497610530288124631 -0.71465829773668532177 -2.5315930739678007555 0.0026415136192917245198 
2.4249999999998439471 0.27441648917008898412 -0.89487856214310357306 -2.5318275676671708752 0.0031146528029047746561 
2.4499999999998411937 0.26882808816233982885 -1.0091120757788150097 -2.53208906620338281 0.0031273319922359437036 
2.4749999999998384403 0.26152004429586900303 -0.80469004037807434493 -2.5323834520991033159 0.003058759549761907743 
2.499999999999835687 0.26432843488736690318 -0.77951530710375405153 -2.5326151912836154523 0.0026215731543261983939 
2.5249999999998329336 0.27140530949392693838 -0.96086397701692272122 -2.5328496913942761815 0.0027407261457753004374 
2.5499999999998301803 0.26155000505673514644 -0.91653316280773655667 -2.5330890579917100247 0.0024220769802354271197 
2.5749999999998274269 0.25733991651908177944 -0.95434296085244085805 -2.5332781631339789108 0.0023092743135978352487 
2.5999999999998246736 0.26551102606745868862 -1.0298832965334974165 -2.5334976615357516216 0.0024504361457188916611 
2.6249999999998219202 0.26476750067993420901 -0.93831841383094638509 -2.5336908591633129362 0.0020808470408033167068 
2.6499999999998191669 0.26568476091851633836 -0.90481026698129674024 -2.5338676263707640146 0.0020459147531871010352 
2.6749999999998164135 0.27146799243781832844 -0.85860822250067125871 -2.5340575647603000853 0.0022828615357103113591 
2.6999999999998136602 0.26696673659732189643 -0.84913032399421162211 -2.5342548709043590804 0.0018997225869779653211 
2.7249999999998109068 0.26708868192459650492 -0.83935447455640743719 -2.5344026060222621943 0.0019307073859540781983 
2.7499999999998081535 0.2713830311003715412 -0.70253995944634706206 -2.5345576164908489858 0.0015359034959545607608 
2.7749999999998054001 0.26735680802977956905 -0.76106195633570628001 -2.5347094629602211491 0.0016861587365098475687 
2.7999999999998026468 0.26578270190206854107 -0.87745584679661636773 -2.5348548527978538303 0.0019305405373458077271 
2.8249999999997998934 0.26335788003207322161 -0.78941072652005772614 -2.5350029573369132763 0.001250819955347250113 
2.84999999999979714 0.26096560938264895535 -0.83031391034500112713 -2.5351104980484597817 0.0014866483478407890775 
2.8749999999997943867 0.27163788073649791643 -1.0234548395842992807 -2.5352736432449436421 0.0018356291758882036045 
2.8999999999997916333 0.27414374005016683977 -0.98641532475806847913 -2.5354021184763184671 0.0013737335429480086301 
2.92499999999978888 0.26620654443873220663 -0.76893454776985770138 -2.5354868514510005006 0.00070243385606510923714 
2.9499999999997861266 0.26592500617811515307 -0.88014165248765707794 -2.5355997407434438529 0.0016119550328992837598 
2.9749999999997833733 0.26125494584077652016 -1.1196880270071898344 -2.5357203232846834418 0.0012732884410639022221 
2.9999999999997806199 0.25774627300052466161 -0.99735782364453340332 -2.5358282949570796205 0.0011466632360743838053 
3.0249999999997778666 0.26735770578040818357 -0.83851995778279486693 -2.5359179231715422986 0.00095481182536430789492 
3.0499999999997751132 0.27221822478411300539 -0.82128717601895329103 -2.536011249218886654 0.0011848164452174967613 
3.0749999999997723599 0.27151178260131092479 -0.77514473786906379349 -2.5361160365707093867 0.0011452558953835329132 
3.0999999999997696065 0.26973907471019514803 -0.73829910631408202093 -2.5361943413622363153 0.00074199617201870188363 
3.1249999999997668532 0.265587879286845574 -0.70267163092653284195 -2.5362668735838895806 0.00086839699823623034153 
3.1499999999997640998 0.26912072459422770043 -0.74729322086774585543 -2.536346933021098593 0.0010008542691358058956 
3.1749999999997613465 0.27163896581104779449 -0.92494802354990235393 -2.5364316897690328823 0.00088205784730584061749 
3.1999999999997585931 0.26474444503076366431 -0.98634741647352508487 -2.536504346737428861 0.00084363293667072793494 
3.2249999999997558398 0.26197647984526828413 -0.97615588366502881179 -2.5365746256393331137 0.00071911525216329381504 
3.2499999999997530864 0.26341681721237841796 -1.0388992771715226393 -2.5366367880570330762 0.00073663212895828705969 
3.274999999999750333 0.26358902957245688992 -0.93655497570866552692 -2.5367054978187062453 0.00077970665011192373181 
3.2999999999997475797 0.26896577465606252844 -0.76937846988933822345 -2.5367595146813264329 0.00053101427301409408806 
3.3249999999997448263 0.27242872059034156651 -0.82561747545823260808 -2.5368129026622043831 0.00072983198269150554704 
3.349999999999742073 0.26785839142869660723 -0.88523130256728410625 -2.5368851573912554187 0.00070753357887227399849 
3.3749999999997393196 0.26535932819617918943 -0.88383043266072758293 -2.5369264651789196208 0.00053631732955360751549 
3.3999999999997365663 0.26709013462339392664 -0.87900107832338147951 -2.5369827766314934081 0.0005580993389101169275 
3.4249999999997338129 0.26815560611402189384 -0.81281891006969098079 -2.5370349389491280157 0.0006399469936139593005 
3.4499999999997310596 0.26755787686037912909 -0.84949749230918081278 -2.5370755419298811617 0.00036551044374798745407 
3.4749999999997283062 0.2656889953728704401 -0.84714152336879022798 -2.5371166271959157967 0.00059195389089891452521 
3.4999999999997255529 0.26431205753054648477 -0.77517762560953651363 -2.5371663725155193525 0.00047639694388695343064 
3.5249999999997227995 0.26809534654297190182 -0.90168786794625011005 -2.5372094431311391638 0.00047799808997573892252 
3.5499999999997200462 0.27211538540491636562 -0.92758171185819771054 -2.5372437129652105625 0.00045117456898839409379 
3.5749999999997172928 0.27014194552370213165 -0.83573337615905218811 -2.5372839870788332917 0.00037028332511831622614 
3.5999999999997145395 0.26594409929833451312 -0.95576887031813284601 -2.5373223586095443594 0.00048064290779232734943 
3.6249999999997117861 0.26280140895776110677 -0.98432204589243421644 -2.5373545889135580289 0.00032346474459983418819 
3.6499999999997090327 0.262012800394398504 -0.85938529498828153397 -2.5373834884354744545 0.0003343124000763019691 
3.6749999999997062794 0.26657541348501301304 -0.85993744816045780688 -2.5374175653225385929 0.00042596460749936952434 
3.699999999999703526 0.27029596532506022788 -0.8833549097901483016 -2.5374530240546224746 0.00036318467574804254869 
3.7249999999997007727 0.2693087329467014901 -0.8736138031728511999 -2.5374783230777588905 0.00027551753705345311245 
3.7499999999996980193 0.26841223704222288982 -0.86334152233565841783 -2.5375074626044042958 0.00034244479716936888957 
3.774999999999695266 0.2667833667475204007 -0.7864845686331898289 -2.5375334446897999108 0.00027566040783947622084 
3.7999999999996925126 0.26601672102920814744 -0.78776803333371514526 -2.5375580930505705624 0.00027829070080959323902 
3.8249999999996897593 0.27012766037125246488 -0.88217453756339936355 -2.5375811443695286407 0.00025818224065493529948 
3.8499999999996870059 0.27033042904292164943 -0.87609564665494765734 -2.5376041002577656158 0.00029074226754311567524 
3.8749999999996842526 0.26566871556655141662 -0.85475478383110381486 -2.5376321484566730646 0.00029430694078973196337 
3.8999999999996814992 0.26486621333409671175 -0.90830349882708327769 -2.5376513899062702606 0.00018430245218663003008 
3.9249999999996787459 0.26511931878652983396 -0.91162558127980819478 -2.5376694846586063115 0.00022204198250284329472 
3.9499999999996759925 0.26621008507129345633 -0.88865548817717265884 -2.5376893232738360062 0.00026322284075177995819 
3.9749999999996732392 0.26882364683333481725 -0.89739389923011581018 -2.537710555892744857 0.00016358525174340867109 
3.9999999999996704858 0.26712523525225495558 -0.91014162583943869489 -2.5377263502734184186 0.00023186099380753704335 
4.0249999999996788347 0.26618308962356268532 -0.91087880596422898805 -2.5377434187956833256 0.00018119312291700384382 
4.0499999999996871836 0.2690095482544378469 -0.87191992005189900006 -2.537761284974015652 0.00018709962103787607861 
4.0749999999996955324 0.26870850437156956758 -0.83419160628324851015 -2.5377777188652843599 0.00020030145472737511747 
4.0999999999997038813 0.26800566162602895703 -0.8143087195913909504 -2.5377924717300062163 0.00015319927265894324247 
4.1249999999997122302 0.26751107826877018603 -0.78899569416555226375 -2.5378060392972816572 0.00014967158563864997167 
4.1499999999997205791 0.26511040885213943419 -0.82819968853805625564 -2.5378192966477692849 0.00014447050989475779541 
4.1749999999997289279 0.26712894486115973391 -0.90479998343298340124 -2.5378324449689024789 0.00016195196037149808756 
4.1999999999997372768 0.26962559736077273964 -0.90814271203990459824 -2.5378453653524837286 0.00016199846439288742919 
4.2249999999997456257 0.26680860590835353552 -0.87752127126000467605 -2.5378606161932433238 0.00013536961196730236509 
4.2499999999997539746 0.26595683075577081222 -0.90475708501914864357 -2.5378698361865081878 0.00010271984989188330051 
4.2749999999997623235 0.26713033902811339493 -0.92515774306181319808 -2.5378796787969410964 0.00013849795755231064892 
4.2999999999997706723 0.26729904843433788253 -0.87246201669989420502 -2.5378920279073766686 0.00012131492591249141077 
4.3249999999997790212 0.26866485691939068214 -0.86627947505792568528 -2.5379018428837953891 0.00010392633575076416688 
4.3499999999997873701 0.26795208079334792428 -0.89008685530387854357 -2.5379106874900863033 0.00011254849954698959683 
4.374999999999795719 0.26581803319511265737 -0.84741300265722552254 -2.5379207507205765459 0.00011874850348220148245 
4.3999999999998040678 0.26610749297302738192 -0.85524847186903929508 -2.5379314748442709515 9.9735719574594455805e-005 
4.4249999999998124167 0.26617343230968282253 -0.8931001467179455755 -2.5379378144197857203 7.9991293758589760007e-005 
4.4499999999998207656 0.26715525556984925926 -0.85422040698651502399 -2.5379462528119738352 8.9136293888357221457e-005 
4.4749999999998291145 0.26994970440671228751 -0.83750121151648415641 -2.537954442686827683 0.00011712259184305788713 
4.4999999999998374633 0.26980668843208227559 -0.85388266476134400129 -2.5379629531151439714 5.6479492043557834161e-005 
4.5249999999998458122 0.26800087483973233926 -0.84984465086528104827 -2.5379679560104007052 7.70272315950172316e-005 
4.5499999999998541611 0.26678485249929878576 -0.87034735071149271768 -2.5379756032741904725 9.3220125290932676966e-005 
4.57499999999986251 0.26542412789563968323 -0.88406241431321763713 -2.5379837332244314929 8.486474161573654665e-005 
4.5999999999998708589 0.26617124936405012203 -0.88972261983087563841 -2.5379894778695422097 5.8061885702296808526e-005 
4.6249999999998792077 0.26777634774947450813 -0.92897503104295142684 -2.5379949288900962578 5.1524797105391305547e-005 
4.6499999999998875566 0.26692726647825060216 -0.91689668952762404253 -2.5379997114431285254 7.6770054929072112869e-005 
4.6749999999998959055 0.26630368712238544626 -0.86174315995003780699 -2.538006330850879344 6.9819178936067911303e-005 
4.6999999999999042544 0.26759382492986372171 -0.85146270735664519869 -2.5380125570332272567 5.7536261834124320994e-005 
4.7249999999999126032 0.26832285701219882323 -0.8393729578746256248 -2.5380164043066146817 4.6610428095940155857e-005 
4.7499999999999209521 0.26816471532386876309 -0.83943122308631046291 -2.53802147352773666 6.9924072964449576284e-005 
4.774999999999929301 0.26809998248703237334 -0.87864879064668111042 -2.5380266793659655988 3.8828699643633652065e-005 
4.7999999999999376499 0.26775638071049329136 -0.88249954393308294165 -2.5380304426414692642 5.221079680049674096e-005 
4.8249999999999459988 0.26725647255889201093 -0.87324081805526798661 -2.5380348222808866154 5.2043469534895084793e-005 
4.8499999999999543476 0.26686519302014322097 -0.8637452812183299411 -2.5380390878923893005 4.2564797027691642843e-005 
4.8749999999999626965 0.26627899914182434626 -0.84911263660825697652 -2.538042915853500503 4.2877325119976022105e-005 
4.8999999999999710454 0.26657175554732309708 -0.87873980263362239107 -2.538046706406873021 4.6715209358596887859e-005 
4.9249999999999793943 0.26780682743534350854 -0.88097707629116184247 -2.538050551392791121 4.0885027794128786819e-005 
4.9499999999999877431 0.26821922346947491 -0.8632833651012011833 -2.5380536929263834978 3.220217517425640844e-005 
4.974999999999996092 0.26811590799946005692 -0.91008667616762062291 -2.5380569450173480206 3.6798954348060243047e-005 
