0.025000000000000015266 0.60372901353765151544 0.00054100810978886457181 -2.2358839372693779524 0.046102675749648380776 
0.05000000000000003747 0.57444725869326362933 0.01918638407462935902 -2.237644916523094718 0.074977132156564402221 
0.075000000000000052736 0.40639178220770910688 -0.020573194692183438548 -2.2426692352322659119 0.12773900608922775235 
0.10000000000000007494 0.34871007232984285729 -0.053283864595007002229 -2.2512529827405054483 0.14580501913331653241 
0.12500000000000008327 0.15703223574979804922 -0.34109453868699457502 -2.2570603826069706166 0.090779549440299908691 
0.15000000000000010547 0.18338586956855423837 -2.5677139097932553113 -2.262256066589660275 0.12086822706352373658 
0.17500000000000012768 0.312852788680808791 -3.6571207061254531467 -2.2684436939237411224 0.12148708763183166393 
0.20000000000000014988 0.21621072756042464258 -2.0181763892612858413 -2.2753094163556064622 0.11212639038300326044 
0.22500000000000017208 0.22840250900350556051 -3.1541544613842513733 -2.2806305473805097428 0.11197347653188992334 
0.25000000000000016653 0.25610998539383578176 -4.109060553164010976 -2.2868818028986299673 0.12448508888015796803 
0.27500000000000018874 0.18259899027217338374 -2.5866695593401392017 -2.2928056686055922064 0.090368723694342192876 
0.30000000000000021094 0.21332023596782132002 -2.0067847854895588533 -2.29774552023478984 0.092391998858880317047 
0.32500000000000023315 0.30556526218937596351 -0.57147420537901605364 -2.3026493469707833839 0.11566069700983988566 
0.35000000000000025535 0.29933376032439085179 -2.8268330652751849641 -2.3070289372206147505 0.053351027753201815673 
0.37500000000000027756 0.29243421879128134178 -0.54111759810287152206 -2.3112840308113593579 0.10646067033515160816 
0.40000000000000029976 0.20781961303620899439 -0.69500064605169309395 -2.3167593653034317391 0.1008110227477710813 
0.42500000000000032196 0.18986425427251749087 -1.4451204747222821112 -2.3221048620096294002 0.11396738124343157306 
0.45000000000000034417 0.20285162198988662685 -1.645780867137845771 -2.3285555017582195703 0.11332988746587885354 
0.47500000000000036637 0.19385732935182370396 0.14728027739639559801 -2.333595793309958033 0.096697816048974816194 
0.50000000000000033307 0.16736310179504879092 2.3738739509736337396 -2.3382286309440041272 0.07539265508961269513 
0.52500000000000035527 0.19137572077791190073 2.8325194359991701099 -2.3429385517772249869 0.088143925293489744366 
0.55000000000000037748 0.26474638817248058453 0.29181394802623294993 -2.3479670824004799101 0.10772197738448528737 
0.57500000000000039968 0.24653544401079457993 0.6360167188748899747 -2.3522559752264973199 0.090199307581333917905 
0.60000000000000042188 0.2455500934813743541 0.67270303318197854914 -2.3581255017724802592 0.099223409183306521264 
0.62500000000000044409 0.18503021007094472283 0.47286444438354846564 -2.3630495611770045983 0.099002180537219791612 
0.65000000000000046629 0.15888731234426620165 -1.3252559803886967416 -2.3678066178073668979 0.087976774772568017147 
0.6750000000000004885 0.19420477429825708238 -3.108148853432738612 -2.37235750714682192 0.088454860283134734145 
0.7000000000000005107 0.25769126758280125333 -3.9318556133851418899 -2.3762673738852684302 0.057139859526950484425 
0.72500000000000053291 0.24998511205775386657 -5.376291532735313794 -2.3796060542051207243 0.072055097132408874039 
0.75000000000000055511 0.17093680439127884041 -1.5052440096735892894 -2.3836985814663576022 0.083254124867140760768 
0.77500000000000057732 0.14304199898338110231 -0.25476529172638906484 -2.3882171739212227912 0.086157441147433816431 
0.80000000000000059952 0.19731662189353954551 -0.26979828401114192005 -2.3919167605380762254 0.056546192047781530798 
0.82500000000000062172 0.16780776433104271916 -0.33802525360464175108 -2.3950184139212988832 0.056936392820152587069 
0.85000000000000064393 0.18429730080099160361 0.41834755757691649558 -2.3979294995744471208 0.069681564415464344875 
0.87500000000000066613 0.25567802995819283174 0.24443044587921769484 -2.4025049247651226736 0.094243363436714050474 
0.90000000000000068834 0.23507128256443002301 -3.7641685852909581023 -2.4064251872636810425 0.062220896712543743989 
0.92500000000000071054 0.25749927116412968386 -6.1609672048260657462 -2.4102273571945405095 0.073346798785267799947 
0.95000000000000073275 0.24737750720753404199 -5.2052301956488866708 -2.4139544280402431831 0.072467751131365637507 
0.97500000000000075495 0.21016988999887528666 -5.1193718445044762433 -2.4166787147550983228 0.033785668467744993382 
1.0000000000000006661 0.15989873692079056844 -3.8782555904931252932 -2.4193743546614201456 0.066998449167556109463 
1.0249999999999979128 0.20233623251853360969 -3.2891159916536927277 -2.4226744168928058265 0.064554183027730846489 
1.0499999999999951594 0.25327513679668883784 -4.1774211734591011336 -2.425384260157865679 0.035193312403547782896 
1.0749999999999924061 0.28383088428296215922 -4.1641253864821807795 -2.4275624482054536379 0.043185538511351720392 
1.0999999999999896527 0.28468917798822090948 -4.4261552313510108547 -2.4305177697827571315 0.065143430919706132864 
1.1249999999999868994 0.26878441667979252605 -1.2892690255273229205 -2.4327696989108282821 0.039056585422772314986 
1.149999999999984146 0.28490937868797827637 -1.1033665960225256253 -2.4352053374280324682 0.048196625525286862501 
1.1749999999999813927 0.2702929003989452128 -4.2842623091922211742 -2.4380363298110188097 0.059069978752962812307 
1.1999999999999786393 0.27258809978289894049 -4.1408184622148151988 -2.4405784974613555782 0.033008861315806652115 
1.224999999999975886 0.27703426528962743491 -4.4772769720549350225 -2.4425898297031491957 0.050680368958868557416 
1.2499999999999731326 0.22978338834030448412 -4.2695499488367767427 -2.445024412064936481 0.037781965801594895316 
1.2749999999999703792 0.19492934667826217199 -3.8962807683722622265 -2.4471621625563866331 0.046712816062464614097 
1.2999999999999676259 0.22780708445668523821 -4.340708751238251395 -2.4490919464836178321 0.026910547305688162223 
1.3249999999999648725 0.25243894371741826266 -4.3831342353654481059 -2.4505931282118829095 0.030005542237005008999 
1.3499999999999621192 0.25261029172676802146 -3.4835472643691054451 -2.4525218352032402969 0.045195283806993460929 
1.3749999999999593658 0.26483115599942813612 -3.1509094602129121832 -2.4543471570373158741 0.026340821108410898688 
1.3999999999999566125 0.27873475994038066084 -3.6693376785378939431 -2.456093860830554032 0.037501511441544808922 
1.4249999999999538591 0.28281223237175395768 -3.8206046811330138802 -2.4580564561712048288 0.036311459858913090748 
1.4499999999999511058 0.28119890507198375129 -2.8708759218080133202 -2.4597443992224325982 0.031462656951570501518 
1.4749999999999483524 0.2655643339368079503 -3.0509366750953335057 -2.4611767005196973912 0.025573907740458576288 
1.4999999999999455991 0.24944320814584042267 -3.8466798817653398146 -2.4629507774219820959 0.038709053947260249617 
1.5249999999999428457 0.23310133823864673253 -4.251566210857304462 -2.4646640109858388712 0.023977809412642041298 
1.5499999999999400924 0.23309898748804494528 -5.2108002857495430149 -2.4661678950772119023 0.03754198627983559855 
1.574999999999937339 0.25343326540169813788 -5.6300882861469867535 -2.4680275636146089546 0.037292584478192870867 
1.5999999999999345857 0.26430752212065539153 -5.3182293303396379613 -2.4704712807979385403 0.045431736059374221159 
1.6249999999999318323 0.2709637111314414093 -5.5982028958231486726 -2.4722408919580760589 0.02782017188305303812 
1.649999999999929079 0.27510668741360633227 -5.5685327357154923433 -2.473705488683847431 0.027981735135503050388 
1.6749999999999263256 0.24692452951170773545 -5.600093427770645782 -2.4748435768727801154 0.018702115768987986194 
1.6999999999999235722 0.20069070054906018585 -5.4727915509647226955 -2.4763697766072851891 0.035645660867337385092 
1.7249999999999208189 0.21829125465868404188 -5.2638276170153845968 -2.4778516611177092699 0.022898990040870800811 
1.7499999999999180655 0.27209761656998421309 -6.1514873747214098287 -2.4791750753391768036 0.027703182740297770809 
1.7749999999999153122 0.27595706487944077212 -6.1322741053341109918 -2.4807513258578994808 0.030937210226257977341 
1.7999999999999125588 0.25726516106923108529 -5.3434512278810482044 -2.4824298061944749527 0.032271823976473788809 
1.8249999999999098055 0.25448276544249781583 -5.3775693024842290413 -2.4837295354460002805 0.021584187273839244153 
1.8499999999999070521 0.2779347215807896343 -4.7379813968156758719 -2.4851206840376582896 0.026040161337266304331 
1.8749999999999042988 0.28918352079184711512 -3.7062582889671848996 -2.4862932653249871784 0.024971851912770143961 
1.8999999999999015454 0.27149829505715294964 -4.5932060996742727355 -2.4876246212467147956 0.022381389282494817267 
1.9249999999998987921 0.28214722557842969453 -5.4933667569312722989 -2.488926523804751767 0.026455786172834953179 
1.9499999999998960387 0.27661512228916251832 -5.5761356647661708408 -2.4900150601651009907 0.019032888570647672755 
1.9749999999998932854 0.25793246620708398797 -5.8188958844783833513 -2.4911245069507068628 0.022122634859674611407 
1.999999999999890532 0.25096844946742841165 -5.3483335681920873839 -2.4924476660295793451 0.026521667889198755064 
2.0249999999998880007 0.2537828928720268773 -5.5786831693133320798 -2.4936858663555825366 0.023667356179106108921 
2.0499999999998852473 0.24679818437388428842 -5.985499445674308916 -2.4946895103985293751 0.013209494258720380633 
2.074999999999882494 0.24634319762889769767 -5.1578047937671085421 -2.495600955424552847 0.01976341800493864112 
2.0999999999998797406 0.23497257168324947596 -5.3230099994102184624 -2.4966792380665951967 0.025118790322988915342 
2.1249999999998769873 0.26738154689404797226 -5.9863390852663549424 -2.4979228804151740739 0.020151195704556250365 
2.1499999999998742339 0.30763081682514792359 -5.5299273860398860947 -2.4988538617219311355 0.017612698579826936013 
2.1749999999998714806 0.30318320304505241847 -5.1329847566079092047 -2.4998260401676919429 0.014549483824770810883 
2.1999999999998687272 0.29246546904970055492 -5.0043129318161074792 -2.5006060231438458352 0.017594478324722176432 
2.2249999999998659739 0.27595699565060538561 -4.7980175594695930741 -2.5015132079190629533 0.019957857364550853768 
2.2499999999998632205 0.25439739077953388291 -4.3844670790888304879 -2.5026057473649871987 0.018556911598717956008 
2.2749999999998604672 0.26039344301438127616 -4.4767996669443466118 -2.5034116593392630179 0.012857115277366425524 
2.2999999999998577138 0.26431737143631461873 -5.3606386716792142622 -2.5042072922039730898 0.016772332999801353726 
2.3249999999998549605 0.25351522421484401493 -5.7282736036180645911 -2.5049401922990526259 0.016133074679740958685 
2.3499999999998522071 0.25621858407618558484 -5.4389518509599525942 -2.5060168871810586388 0.018253617434180347684 
2.3749999999998494538 0.25679453013772562953 -5.5941721161110020688 -2.5066856642247943299 0.012410112894524469307 
2.3999999999998467004 0.27043446721265068655 -5.5867756144103895011 -2.5075303233564110172 0.01544589970290676309 
2.4249999999998439471 0.28049912831980056138 -5.2975912195556880135 -2.5081479841987648349 0.014499116229256819519 
2.4499999999998411937 0.26576749554761297523 -5.1178545197966975877 -2.5090674166754087793 0.013772398152629667517 
2.4749999999998384403 0.27141504864508447792 -5.0225129214170713965 -2.5097349443789913614 0.014307525407615855756 
2.499999999999835687 0.28128060258345283229 -5.3615618908856284008 -2.5103605513914017955 0.011562603542580289148 
2.5249999999998329336 0.269927418641346617 -5.3028126472824794746 -2.5110663758384634825 0.013528560412817969283 
2.5499999999998301803 0.26544080959911187101 -4.7732309616324632984 -2.5118462688201650401 0.015306467394174865307 
2.5749999999998274269 0.25992064735712866463 -5.0610696518348579076 -2.5124244059645630678 0.0092335380842501722787 
2.5999999999998246736 0.26445824920055449603 -5.7064603358000116629 -2.5129473281421881303 0.010154864934088864842 
2.6249999999998219202 0.26790422550956255465 -5.3636417085989398501 -2.5135939856111160218 0.012949012866856948398 
2.6499999999998191669 0.27182304818198471663 -5.128812409648056736 -2.5142383791712172858 0.014280397740167016449 
2.6749999999998164135 0.2794494044716968606 -5.3104469667117237819 -2.5149135923480678834 0.0090789259534847146366 
2.6999999999998136602 0.27878524987910946464 -4.9795934554656762216 -2.5153645774340889218 0.0093704619494420458847 
2.7249999999998109068 0.26422876205084266932 -4.8605797570901030369 -2.5158568602769597611 0.011488325955504695083 
2.7499999999998081535 0.25447044431778198526 -5.3887139007778399602 -2.5165569824083005024 0.011847895139323834368 
2.7749999999998054001 0.27302401241740337223 -5.8116722967489495844 -2.5171400817737192845 0.010280098934153771364 
2.7999999999998026468 0.27645327924471557735 -5.7989462888944620644 -2.5174816706657496823 0.0065843889001891081972 
2.8249999999997998934 0.2640056751009937086 -5.2762411953750012472 -2.5180311708082254718 0.010447571012607773447 
2.84999999999979714 0.26541603285312381777 -5.0754017870912040422 -2.5185327154457533005 0.0112663708858809445 
2.8749999999997943867 0.27008523839686177093 -5.2056490468491416479 -2.5190819469210112835 0.0084357279280062990451 
2.8999999999997916333 0.27947721560226040927 -5.1487142533901062436 -2.5194709839302764642 0.0065967224323087263194 
2.92499999999978888 0.27766749218710917724 -5.0590232884546209036 -2.5198986067748299078 0.010562322093176720536 
2.9499999999997861266 0.2686796999878626746 -5.1012186046166299036 -2.5203902848896428956 0.0082391066454795928997 
2.9749999999997833733 0.26709360186264852199 -5.3352245768273869331 -2.5208400821884446863 0.0067090658640363521822 
2.9999999999997806199 0.25794444800427951403 -5.4230007095159233899 -2.5211668939063365258 0.0082390258477611204996 
3.0249999999997778666 0.26171632800806682306 -5.4046817980784229718 -2.5215719617503853378 0.0070951458362019988874 
3.0499999999997751132 0.28074348962943374008 -5.6553199904430870859 -2.5220631967308118071 0.0094124794978179601029 
3.0749999999997723599 0.2819644113604701241 -5.7844646669401189598 -2.5224037645438706079 0.0062423711768511396664 
3.0999999999997696065 0.27376499853795233097 -5.2611295798834696313 -2.5227812342486033437 0.0065712831448870761067 
3.1249999999997668532 0.26797485253903452485 -5.0606934072117741863 -2.5231125962931306717 0.0075179347806967498566 
3.1499999999997640998 0.26212823056815409695 -5.3701194698375411818 -2.5235537506562697452 0.0074324974320213368223 
3.1749999999997613465 0.26866749842336851151 -5.5063575317460040637 -2.5238402273822773125 0.0050118158046695178431 
3.1999999999997585931 0.27744984774877928801 -5.5242197707451552446 -2.5241807269371006051 0.006803511092146459667 
3.2249999999997558398 0.28075340954609157018 -5.328574229999834877 -2.5244911694225815602 0.0072285955312154873825 
3.2499999999997530864 0.27721734680357956737 -5.1309935513309330446 -2.5249098194289052444 0.006135243045369796755 
3.274999999999750333 0.25985594711592047146 -5.2515129602489336591 -2.5251794976497046186 0.0058192857613479651371 
3.2999999999997475797 0.25573951787253867973 -5.1051535000687184862 -2.5254872262941945316 0.0050479299492453017645 
3.3249999999997448263 0.26754298615856009214 -4.9318231484982701929 -2.5257078948515085948 0.0046589201857877328428 
3.349999999999742073 0.27272105456432910175 -5.2905489022773668495 -2.5260477937592091813 0.0071701055057388062702 
3.3749999999997393196 0.27916815035770253806 -5.4177055686759416631 -2.5263751914275172084 0.0054901593181380554942 
3.3999999999997365663 0.28591151537021308737 -5.085789835817813298 -2.526626998864505147 0.0045476193441310996252 
3.4249999999997338129 0.28298028711465172957 -5.3800124576873660232 -2.5268815360937684211 0.0050638092707527429873 
3.4499999999997310596 0.27406768393425223751 -5.7029811556714076204 -2.5271581572947492411 0.005574368207674305388 
3.4749999999997283062 0.26301158894886100814 -5.2929789597739960172 -2.5274386000002020403 0.0046338826285722339512 
3.4999999999997255529 0.26290934719828307209 -5.1517886360472280316 -2.5276451320182244942 0.0044365799980982849673 
3.5249999999997227995 0.27307976467971151191 -5.4869688312503726024 -2.5278862860310402638 0.0036935071750253214463 
3.5499999999997200462 0.2733735593242498374 -5.5446473118439101313 -2.5281280625009419083 0.005966596078271814603 
3.5749999999997172928 0.26958077693125470642 -5.4748954812055199426 -2.5283845781103249095 0.003976880300148560865 
3.5999999999997145395 0.27045234425180247895 -5.435731708215001845 -2.5285895769171840008 0.0036705233753068092564 
3.6249999999997117861 0.26969683920763487528 -5.2490474159099616003 -2.5288092035051890072 0.0048630522704553461391 
3.6499999999997090327 0.27524741978119782182 -5.0781157958064335745 -2.5290373998790336429 0.0039372510296595960785 
3.6749999999997062794 0.28270818516967838319 -5.0456783653398895595 -2.5292303944596348231 0.0032392342082234364467 
3.699999999999703526 0.27883390154071657774 -5.1100511366724870044 -2.5294356064910368254 0.0041352068639980863948 
3.7249999999997007727 0.27237168848390064246 -5.2309780058578247974 -2.5296283452595740293 0.0042909443620301789338 
3.7499999999996980193 0.26899597892167453894 -5.4476351551467567802 -2.5298396955230750827 0.002892135209642935495 
3.774999999999695266 0.26659664067854949021 -5.4423647036060351923 -2.5300400510512819352 0.0050029135440084609998 
3.7999999999996925126 0.27339696987805800488 -5.366695768981234238 -2.5301991721204344366 0.001587580780348700699 
3.8249999999996897593 0.28022621873878378329 -5.7465563393129723835 -2.5303686598124564 0.0040103354616367100499 
3.8499999999996870059 0.27297894832973013113 -5.7773105487996083696 -2.5305454467822512399 0.0037250346515985671009 
3.8749999999996842526 0.26510572277654104179 -5.3138557923230091973 -2.5307315183865712882 0.0025335549331755159545 
3.8999999999996814992 0.26766409221236570071 -5.240054261270777225 -2.5308675473553101654 0.0030199658587872313213 
3.9249999999996787459 0.2711030303530811425 -5.2002279522607777196 -2.5310317357639231517 0.0034170738895833228758 
3.9499999999996759925 0.27424646296327565009 -5.0592650877064979653 -2.5312094927082764428 0.0034493906510165536945 
3.9749999999996732392 0.27979574397585160739 -5.280003946961662642 -2.5313836867961136967 0.0025940993722639335388 
3.9999999999996704858 0.28107374518189548462 -5.3536357551115738573 -2.5315127059427267042 0.0026036334797509982052 
4.0249999999996788347 0.27535430724054876794 -5.3055776016705262776 -2.5316151133903619375 0.001932709017440038899 
4.0499999999996871836 0.2749384714637267968 -5.3733663738622787776 -2.5317736530322223487 0.003264318496393768098 
4.0749999999996955324 0.27906781549730008685 -5.0787956112295882249 -2.5319285932463855282 0.0028916446746041655699 
4.0999999999997038813 0.27368432750174576107 -4.992945277433765483 -2.5320480573750301367 0.0022913410179975358776 
4.1249999999997122302 0.26156181282248591735 -5.3860528507667932985 -2.5322001700594949369 0.0025272534315705359569 
4.1499999999997205791 0.26360831605708756609 -5.4940880459753023146 -2.5323195462801608713 0.002802157282665211982 
4.1749999999997289279 0.27632082957292775083 -5.5118920521851153538 -2.532445021253111328 0.0015581113257470376784 
4.1999999999997372768 0.28291255936530151915 -5.6729254189275861719 -2.5325493989173848419 0.0025992914648984015609 
4.2249999999997456257 0.27700325237761685981 -5.5924001756275725228 -2.5326656400847809003 0.0020023216444085244203 
4.2499999999997539746 0.27066768282766262566 -5.3195114204738525032 -2.53278798621717538 0.0025591657683473509853 
4.2749999999997623235 0.26839793970633180065 -5.1439969664922928771 -2.5329060594022747566 0.0016261658933558844394 
4.2999999999997706723 0.26729082626279243584 -5.1909396518033652512 -2.5329992417456081988 0.0024901785999531904359 
4.3249999999997790212 0.2720863911738307106 -5.2765608387303792881 -2.5331177335402910167 0.0016627521704997727005 
4.3499999999997873701 0.28363126231989443937 -5.1896312583781929462 -2.5332249965999653618 0.0023423866895263627773 
4.374999999999795719 0.2838762704013813587 -5.1923005020447847713 -2.5333134551429115078 0.0015826970804694454401 
4.3999999999998040678 0.27273648839630593166 -5.315457577241344822 -2.5334172118326288015 0.0017645406716256769371 
4.4249999999998124167 0.27021364557305938003 -5.3521993565330436837 -2.5335013716193794941 0.0018825338359395235848 
4.4499999999998207656 0.27239538729638301806 -5.3040659441889346226 -2.5336048308326182266 0.0018910775930231112085 
4.4749999999998291145 0.27125802319539993324 -5.2864906073632766947 -2.5337038347140961037 0.0019233631960226288838 
4.4999999999998374633 0.27234124299342804543 -5.4344388925505153765 -2.5337864843590716113 0.0011372164406570663131 
4.5249999999998458122 0.2733143048805669606 -5.5077271045796010185 -2.5338589127754724828 0.0018641314554035746508 
4.5499999999998541611 0.27262120114870302956 -5.3627212691498877817 -2.5339524968196496246 0.0015324335762913659023 
4.57499999999986251 0.27172960140844865107 -5.3580192002335333967 -2.5340366268251006687 0.0017316086487927956784 
4.5999999999998708589 0.27160917039338211554 -5.3823096330614301763 -2.5341093302815860255 0.00098010557546428841297 
4.6249999999998792077 0.27923985468442447111 -5.2301851369824587934 -2.5341824162916006813 0.0019702488429128271752 
4.6499999999998875566 0.28448957855342688061 -5.2642280212449055199 -2.534269992038729491 0.0013054011642557852759 
4.6749999999998959055 0.27818980158070799602 -5.3292655788358080926 -2.5343424712535589371 0.0013772000752812333692 
4.6999999999999042544 0.27206742459891569696 -5.2212820816719958117 -2.5344087458562660764 0.0012907932774220980295 
4.7249999999999126032 0.26999965392704111666 -5.209709016779147106 -2.5344856839538625337 0.0015122339847034036494 
4.7499999999999209521 0.26657359741422176347 -5.2190801319513315804 -2.5345461842972065725 0.00094014567135310839197 
4.774999999999929301 0.26940707624631954342 -5.2414869926952238899 -2.5346068874532510229 0.0013063836138882537526 
4.7999999999999376499 0.27676224802201776498 -5.4866760205991145227 -2.5346813080603189938 0.0015144192601345052209 
4.8249999999999459988 0.28032973739296968008 -5.5739956448181633419 -2.5347412526243648934 0.00090998752511523787329 
4.8499999999999543476 0.27849304013022130322 -5.3117659799033205559 -2.5348063475854143434 0.0013553734581389122182 
4.8749999999999626965 0.27355284483752423386 -5.2279355935145845891 -2.5348656886387090914 0.0011267186632407338951 
4.8999999999999710454 0.27122629784834723088 -5.2836275074964049736 -2.5349216293246872311 0.00082354620544512822759 
4.9249999999999793943 0.27320090258707391273 -5.1841604571540367274 -2.5349702209970521594 0.0012132938398856424247 
4.9499999999999877431 0.27439946549307864254 -5.3003480760184951137 -2.5350306141136393911 0.0011019918715454977455 
4.974999999999996092 0.27735992097798423117 -5.568315145236677921 -2.5350915261365116748 0.0010072834414477890071 
