0.025000000000000015266 0.60255910212720875663 0.00053267082042249974672 -2.2374282120064004076 0.045195071024663233117 
0.05000000000000003747 0.57400185649194568338 0.01886117615196036823 -2.240413660129839446 0.072152990466722702334 
0.075000000000000052736 0.41046629542984786054 -0.018248418024019830153 -2.2488672270836320699 0.12180020966254251347 
0.10000000000000007494 0.35638726779114821008 -0.054269471784145872917 -2.2632244513619861337 0.13881278195834209632 
0.12500000000000008327 0.16910498821909089595 -0.3606222938071631523 -2.2728316952201166323 0.083599054331362193659 
0.15000000000000010547 0.18946474279215752556 -2.4851281287443800494 -2.2809187103407220221 0.10470251623919284156 
0.17500000000000012768 0.30865021117878638224 -3.4548651312337845809 -2.29029707260827875 0.10446506129370743132 
0.20000000000000014988 0.21162936592102826738 -1.9255494816820177828 -2.3003647497552988099 0.093485477458420840335 
0.22500000000000017208 0.22357028877739698602 -2.9753155459977467245 -2.3087632492770970849 0.10112811568537929952 
0.25000000000000016653 0.27289363122646592696 -3.7019942965429413206 -2.3184297686774320013 0.10880712094842034943 
0.27500000000000018874 0.22010567787608570356 -2.2977838012362705733 -2.3271550186063114651 0.079776482636020676353 
0.30000000000000021094 0.23294007730318572191 -2.0224497057772152786 -2.335116631032461143 0.083093826599723155657 
0.32500000000000023315 0.31620882144925288593 -0.82791975844842102816 -2.3428588588951897442 0.10026380978976857927 
0.35000000000000025535 0.33811769443536898727 0.7187190017645008755 -2.3506050814170671437 0.067913949943335799597 
0.37500000000000027756 0.32959537726697685223 0.42081444597969935861 -2.3575197843711364065 0.075326157279347008555 
0.40000000000000029976 0.25345201856850646527 -0.41740828568368060214 -2.3642541827000642662 0.084235197297389680093 
0.42500000000000032196 0.22049951761894101554 -1.1690656814231012994 -2.3729828093520559662 0.081626332254945310751 
0.45000000000000034417 0.20591294789295799816 -1.335829325836610515 -2.3794414844023110689 0.065642171236785437638 
0.47500000000000036637 0.17609588409725626668 -0.56297684572515516166 -2.3846804178412788211 0.060938523751057210864 
0.50000000000000033307 0.1996293305360086201 0.10132732049062675994 -2.3904411373540668251 0.053629287979531939379 
0.52500000000000035527 0.25953013734030122572 -0.082839044196265532172 -2.3955522638798103507 0.070772286729347835821 
0.55000000000000037748 0.30583812885539030102 -0.0323032561114261485 -2.4024159919430192467 0.071264296878554955761 
0.57500000000000039968 0.30911540109009894017 0.28754921685506262818 -2.4087713340525960248 0.059096550172988093763 
0.60000000000000042188 0.27931276972278984427 -0.23738109782567107242 -2.4124842462749800376 0.035938415238536691731 
0.62500000000000044409 0.24136857143628229205 -0.34278548102169303924 -2.4175840759408702141 0.068257605506880911217 
0.65000000000000046629 0.24917576500786189908 1.0479923218377096283 -2.4232608467979970257 0.053351362607456861986 
0.6750000000000004885 0.277127035092401941 1.1459996455486902711 -2.4273975229803741449 0.044747533468569071491 
0.7000000000000005107 0.27017710239096365266 0.51473741740831913116 -2.4314701633866984132 0.04104584975382145895 
0.72500000000000053291 0.23883161496611063357 1.821196509620648829 -2.4363266572630113416 0.053490996893096290354 
0.75000000000000055511 0.22021597202360046475 2.0278386062267026446 -2.4405368638205624521 0.048939199934894074551 
0.77500000000000057732 0.24195884983304127847 2.3685581664812147551 -2.4446719094274955708 0.047085035507460841486 
0.80000000000000059952 0.29202385395082025576 0.64632187515635042274 -2.4494868566267293808 0.045887690346240579686 
0.82500000000000062172 0.32255216356007271328 -0.37453490354878143931 -2.4532575614844711609 0.041143843398918043819 
0.85000000000000064393 0.25910388194166211751 -1.4775408101133979955 -2.457519042432703138 0.04729131659767837198 
0.87500000000000066613 0.1946654769803615459 -1.4329726789138874654 -2.4611591862908590578 0.037389226270087096149 
0.90000000000000068834 0.26480272998154152919 -1.3848488666403906411 -2.4642380768166867178 0.032609210430223876942 
0.92500000000000071054 0.31229339968163394303 -1.007884227905277541 -2.4669908942501268534 0.025642903531616308144 
0.95000000000000073275 0.23612185786647976737 -0.55623742396175801517 -2.4701464365812171309 0.037192605484626772849 
0.97500000000000075495 0.20785332614278420604 -0.284936045799159543 -2.4730519277509226406 0.032058891464987582243 
1.0000000000000006661 0.22010823603650145341 -0.15750904411092292445 -2.4762224593381021442 0.03538953398336735362 
1.0249999999999979128 0.22764873961059470253 0.77994749018467113277 -2.479077822542610221 0.021174993467382111773 
1.0499999999999951594 0.26933641123373147641 1.0044677145897584758 -2.4814767039757601452 0.032493605038184089628 
1.0749999999999924061 0.28523950811509191094 0.334685055926555175 -2.4837904271649176025 0.03074563735645308854 
1.0999999999999896527 0.22994979888437680482 -0.36487255899370946155 -2.4870167590957366066 0.027297511902747827878 
1.1249999999999868994 0.22101083655720640819 -1.2269526919321291913 -2.489235949164915862 0.023846043204684343186 
1.149999999999984146 0.24296535010649591979 -1.8531518483185140944 -2.4910371438690348533 0.01602476644216440857 
1.1749999999999813927 0.23065132067737914578 -0.97527881586166653705 -2.4928514951938591793 0.021703659988513691187 
1.1999999999999786393 0.26800343834743856064 -0.48329237508389377709 -2.4945152702735344796 0.017239263247425119785 
1.224999999999975886 0.26910340968221774238 -0.57507829677011945702 -2.4965563785592004287 0.02604794416382533867 
1.2499999999999731326 0.23337091172485863177 0.24024905164566384697 -2.4989522551590059862 0.024891596334651065747 
1.2749999999999703792 0.25103168251018026513 0.25538607582372774285 -2.5006096914964088818 0.010682125897659624364 
1.2999999999999676259 0.25619910504895659908 0.10380364372585848542 -2.5019602330636940835 0.023696779423892706806 
1.3249999999999648725 0.25409137447575241842 0.56445967497235827182 -2.5038323964170103864 0.013283381176092441331 
1.3499999999999621192 0.2532991179493491174 -0.1090745410010711125 -2.505313199939129376 0.01735658895988241579 
1.3749999999999593658 0.23267890663143828145 -0.65532720119591247876 -2.5069310345913855542 0.019254718800166135267 
1.3999999999999566125 0.22377411490368057101 -0.70081982228530737 -2.5082799777224957793 0.010828411276371107883 
1.4249999999999538591 0.25132476878147330668 -0.69149039354368058152 -2.5094227871312448919 0.012458073123854558617 
1.4499999999999511058 0.2707415010467500438 -0.17239032755112937423 -2.51083022920519916 0.018652959229795634116 
1.4749999999999483524 0.27745533509799280569 -0.059030487881711057874 -2.5119814384629184367 0.00900224036366848758 
1.4999999999999455991 0.27509743550205695284 -0.13445255969504255056 -2.5133022576521284464 0.015918032800415628236 
1.5249999999999428457 0.23566198896071535729 0.17285831425681641438 -2.5145328694544129 0.010889587909683426728 
1.5499999999999400924 0.21816628199193208171 -0.042768236176224161404 -2.5154224994307532448 0.010178500946103641658 
1.574999999999937339 0.25244825056537961716 -0.10995577568489756093 -2.5163653189590400316 0.011282776868357833125 
1.5999999999999345857 0.25904077185413826312 0.49310965526705785589 -2.5174798191323666252 0.01004247083565155442 
1.6249999999999318323 0.2513522102223330057 0.18720362417305180802 -2.5184196093624819923 0.01160411688732907072 
1.649999999999929079 0.2573406596475592556 -0.52872608086401362559 -2.5193308165306080859 0.009411927192546562515 
1.6749999999999263256 0.25040100335756287908 -0.64299451372933891236 -2.5202257190624637317 0.0075937787534865403352 
1.6999999999999235722 0.2697887536157325683 -0.66410778149862637054 -2.5208772915905259815 0.0095045523869984917253 
1.7249999999999208189 0.29237593666595113051 -0.45417893192483560494 -2.5217013282478073499 0.0076214060011629038149 
1.7499999999999180655 0.26482469572710326533 0.059411688533262285716 -2.5225283582064577104 0.0094809297872572150662 
1.7749999999999153122 0.2323815017273829775 0.062443292023363405896 -2.5233432890174500862 0.0078982608786527033762 
1.7999999999999125588 0.21542939673876559947 0.013945805273925082624 -2.5239495865079213388 0.006050598096182881018 
1.8249999999999098055 0.23326320284862681054 0.15860952434858821558 -2.5244423949299878984 0.0054424767835368819888 
1.8499999999999070521 0.27327843343669139253 0.13148776678437268384 -2.5251510649906219186 0.008360440551342007004 
1.8749999999999042988 0.27245520603069117715 0.095578266705505843248 -2.5257515807596258028 0.0061546554120064092194 
1.8999999999999015454 0.26029015472207756021 -0.25701261604244796111 -2.5263643714311880828 0.0069797791051133912729 
1.9249999999998987921 0.2686686098745507123 -0.80462300305365919151 -2.5269339445965428581 0.0043754968354477504627 
1.9499999999998960387 0.25962982142701723776 -0.66947684580417732292 -2.5273234130318704693 0.0050965245896652982063 
1.9749999999998932854 0.25792086787612206189 -0.21783302324737902067 -2.5278126503188480534 0.005723827712078749172 
1.999999999999890532 0.27159661290708453363 -0.0068533917093858143232 -2.5283817304310245433 0.0057903745289188584058 
2.0249999999998880007 0.2502514207692125292 0.18158532443612196428 -2.5288734195746327416 0.0052399142692179743325 
2.0499999999998852473 0.22988626519694982386 0.1670383603474736578 -2.5292635448256630681 0.0035071060368174352372 
2.074999999999882494 0.24070022114569089577 -0.08040490023961532895 -2.5295851517851444257 0.0032186297487666543429 
2.0999999999998797406 0.25075617015989598579 0.024166360881414550299 -2.529945476015840633 0.0053275817559366106871 
2.1249999999998769873 0.26098793427943184353 0.05867010811585737784 -2.5304603022948195523 0.0050314595631670991707 
2.1499999999998742339 0.27873939431677696721 -0.24156732580438744495 -2.5308179162152772967 0.0029440311712490329146 
2.1749999999998714806 0.27291212759719502001 -0.45070993453198204826 -2.5310822402082453486 0.0030888538829836700329 
2.1999999999998687272 0.25856039587992901696 -0.6200597924183002263 -2.5314320871773672295 0.0042021922530114177996 
2.2249999999998659739 0.25710441745293993732 -0.42784295604720590234 -2.5317146553399667575 0.0025881059830465411378 
2.2499999999998632205 0.2600448755279540225 0.042213150330607129845 -2.5320546787170683523 0.0040161097838683603237 
2.2749999999998604672 0.25607401942616531132 0.09042515531380357352 -2.532363663073124993 0.0029921568169484391748 
2.2999999999998577138 0.24634184023028710131 0.13363321998260091483 -2.5326045559739287505 0.0026538904743659227393 
2.3249999999998549605 0.24262730917871044856 0.25279159721035004971 -2.5328625758374148091 0.0023539810113589122904 
2.3499999999998522071 0.25495580566222664221 -0.12076695735648951269 -2.5330776196516864296 0.0027727054812873353808 
2.3749999999998494538 0.26260845994512344026 -0.43174865310008225805 -2.533353686962578788 0.0031984646219836848635 
2.3999999999998467004 0.26250848847611524262 -0.32257020092797200617 -2.5336114474135129626 0.002179917721648817492 
2.4249999999998439471 0.27044837602081789329 -0.33081902633192622476 -2.5337920463452041631 0.0018805665520413141021 
2.4499999999998411937 0.26670806623716664108 -0.34785114686655077554 -2.5340034221027698536 0.0026306133653729141773 
2.4749999999998384403 0.25437700342993213587 -0.20997925693279312354 -2.5341768300280076431 0.0016334276892174747712 
2.499999999999835687 0.25365059101636489025 -0.10602626738778131443 -2.5343892265312550904 0.0022774522183052229793 
2.5249999999998329336 0.25339656921800424172 0.053116599873196390647 -2.5345700567913143075 0.0021124941188781901948 
2.5499999999998301803 0.25441990878973236301 0.12244903990479250044 -2.5347449772509866861 0.0016920725713415313545 
2.5749999999998274269 0.26342795760193110643 -0.04025584869248677311 -2.53490835621845223 0.0015881710726480206125 
2.5999999999998246736 0.26029534369008766603 -0.14081113052163357624 -2.5350430461313946395 0.0016144033214114418811 
2.6249999999998219202 0.2509165003171000552 -0.27340112261200061328 -2.5351994277311886705 0.0017679778695083841339 
2.6499999999998191669 0.25600404880822807963 -0.34669055065409259964 -2.5353697529838710167 0.0019234266003165102592 
2.6749999999998164135 0.26222671483434401019 -0.11313931210352601298 -2.5355160313882545431 0.00087486976487263236855 
2.6999999999998136602 0.26282488440713758227 -0.13175197431096463685 -2.5355927490632317323 0.0015240894891507211859 
2.7249999999998109068 0.26184393833745711611 -0.39021251994292299736 -2.535744289912551519 0.0013208230027671728248 
2.7499999999998081535 0.25992362086433967727 -0.28854585102939389607 -2.5358755015898615248 0.0014567395642557843215 
2.7749999999998054001 0.26218547156765709127 -0.11212899359646344433 -2.5359813537653037585 0.0011931615376621525215 
2.7999999999998026468 0.26011012076255957126 -0.019312358951471653157 -2.5360996612275639173 0.0010522533882229435486 
2.8249999999997998934 0.25328792766420071825 0.13682235353715543891 -2.5361817552492360583 0.0009840471449809934032 
2.84999999999979714 0.25372469694500920934 0.025375033607961117177 -2.5362951011650056721 0.0013311853544828011059 
2.8749999999997943867 0.25438931360977701246 -0.24495077253322011801 -2.5363957406872423839 0.00093489540673898378822 
2.8999999999997916333 0.25552571533649998115 -0.28925801224771635622 -2.5364798846895264539 0.00087329427555950505518 
2.92499999999978888 0.26456842799767138485 -0.27781129223872980116 -2.5365681848904331197 0.00099544307535832650229 
2.9499999999997861266 0.26669333066160061385 -0.2855116368823014672 -2.5366403927751699499 0.00076925288436540143963 
2.9749999999997833733 0.26174384858752763883 -0.23010438020755824562 -2.5367294398840600778 0.00095715464280296232505 
2.9999999999997806199 0.26135595302017561314 -0.22428371369819755099 -2.5368089484282734247 0.00084792354246280079999 
3.0249999999997778666 0.25703892461287780602 -0.11927803557467520079 -2.5368753045764056431 0.00065418477695305314677 
3.0499999999997751132 0.25253064577189421325 0.042719258959792449915 -2.5369413842083314847 0.00076184409466477853116 
3.0749999999997723599 0.25760392276322335858 -0.0069245672190326734707 -2.5370141752305506166 0.00074109140180894433544 
3.0999999999997696065 0.25950831584159206322 -0.06749412075905825148 -2.5370729929408537551 0.00064661789483104242706 
3.1249999999997668532 0.25495053660353717007 -0.13292854772986190115 -2.5371329809629208363 0.00062913709753616533279 
3.1499999999997640998 0.25617338947578455199 -0.31492150607275870566 -2.537192474496125616 0.00062194094177276282743 
3.1749999999997613465 0.26131955620707686405 -0.3032946760977023315 -2.5372468114933934835 0.0006165868115845557669 
3.1999999999997585931 0.2654553613328330397 -0.17325216883526067813 -2.5372999150094996956 0.00050689036381235694304 
3.2249999999997558398 0.2657542501090154885 -0.19182571924472985314 -2.537342127994529406 0.00046616197362528682263 
3.2499999999997530864 0.25959635453984897246 -0.18691037656833486835 -2.5373997374439785091 0.00069424425278851961164 
3.274999999999750333 0.25558454688680193323 -0.14054360677487892639 -2.5374484736278271058 0.00045125684798464504475 
3.2999999999997475797 0.25476523904039305446 -0.095136562781776679021 -2.5374853805505148685 0.00031491827866674269908 
3.3249999999997448263 0.25415873548975381757 0.010445405082292857912 -2.5375234797827785904 0.00053047762195865320965 
3.349999999999742073 0.25853377257853227267 -0.017537827855304333191 -2.537566596945632913 0.00038573005504840147386 
3.3749999999997393196 0.26074243846130173985 -0.15418538929737407583 -2.5376027947681105701 0.00048108044897918748233 
3.3999999999997365663 0.25752988457487097085 -0.21529895036678270426 -2.5376495370942993013 0.00040742470417140969367 
3.4249999999997338129 0.26082985678980297184 -0.30921919469035774597 -2.5376763783071716318 0.00024124138949118670208 
3.4499999999997310596 0.26406486523559818957 -0.34745309030021503949 -2.5377030834247342739 0.00041241854755780189617 
3.4749999999997283062 0.26137478867830765683 -0.19104819149081186946 -2.5377423324339254407 0.00033745166199676329341 
3.4999999999997255529 0.26212642304178185304 -0.05562342554644572612 -2.537774430825817884 0.00038885524173035103043 
3.5249999999997227995 0.25922815403652049726 -0.037620667468219903817 -2.5378039826378366861 0.00028106065258592466622 
3.5499999999997200462 0.25098198623692430376 -0.05810212373912426731 -2.5378277301711245073 0.00020336143996406777501 
3.5749999999997172928 0.25278333911473682694 -0.10713828315415468984 -2.5378482587735127218 0.00028658901545851388042 
3.5999999999997145395 0.25982078124145063791 -0.14840890974156561999 -2.5378806765270698342 0.00038686788632487622555 
3.6249999999997117861 0.26265962142103416177 -0.18770403660321005601 -2.5379070598726864993 0.00019088820215989828395 
3.6499999999997090327 0.2637512686689685304 -0.23861490826848674729 -2.5379258371955546458 0.00021989731893834715327 
3.6749999999997062794 0.26082349869781407126 -0.23311339836614825005 -2.5379482037945306772 0.00027478647643262757005 
3.699999999999703526 0.25769229333688997707 -0.19934748449865147268 -2.5379695226437730682 0.0001925636788750502025 
3.7249999999997007727 0.25936313051457626777 -0.15414742811076265205 -2.5379885802626520608 0.00020987865226783854905 
3.7499999999996980193 0.25952647111453008844 -0.067450465937214043599 -2.5380098301005808992 0.00025128027826941190049 
3.774999999999695266 0.25883222002091521574 -0.067505781853358315381 -2.5380276991407164644 0.00016716623176109011496 
3.7999999999996925126 0.2585128174596898476 -0.17524216824145855131 -2.5380454733047486116 0.00017243348728839268157 
3.8249999999996897593 0.25642735820910578237 -0.19536641276964133995 -2.5380594134116756244 0.00016470485097086227174 
3.8499999999996870059 0.25865458435902444201 -0.14992949705185543152 -2.5380753521901402436 0.00019458315134204186183 
3.8749999999996842526 0.26184123078586857281 -0.14699529014358214685 -2.5380944275807433286 0.00018305689003404480028 
3.8999999999996814992 0.25989706889074659646 -0.13097074680513109968 -2.5381078402902317315 0.00012153094453893897593 
3.9249999999996787459 0.2600359642912792868 -0.14339966760108602273 -2.5381200588453740608 0.00015951399545823118802 
3.9499999999996759925 0.26042427907068899096 -0.21620201492277874022 -2.5381330689192020955 0.00012103762298469849645 
3.9749999999996732392 0.25718847709610792585 -0.23005150372812260828 -2.5381462594909609543 0.00014744357328662932734 
3.9999999999996704858 0.25840556602536685071 -0.17186740031278280316 -2.5381592366779823777 0.00015590673657271070999 
4.0249999999996788347 0.26158565162911240343 -0.11037873404421966184 -2.5381712752906047115 9.6774498144520511799e-005 
4.0499999999996871836 0.25951811332739171956 -0.092182573173550330647 -2.5381815082680474482 0.00012028445714404745887 
4.0749999999996955324 0.25772796789806079465 -0.13395415144323585821 -2.5381909225547425457 9.681364211441569848e-005 
4.0999999999997038813 0.25865799958524826607 -0.14281094858653886615 -2.5382007829723347569 0.0001186253923450298882 
4.1249999999997122302 0.25939062819375213742 -0.12830801429936211644 -2.5382125289909049926 0.00013224315048351336006 
4.1499999999997205791 0.26039608079582232669 -0.18100066028136052587 -2.5382229383167111969 7.4455635721408042291e-005 
4.1749999999997289279 0.2600131170547438364 -0.20745758480486825581 -2.5382280879538510199 7.5545682403176185105e-005 
4.1999999999997372768 0.25835265622776193428 -0.19308332890544377403 -2.5382368883885781941 9.6084791253888334958e-005 
4.2249999999997456257 0.25857935641759538514 -0.20939214287698654227 -2.5382461483644949141 0.00010423916209641090867 
4.2499999999997539746 0.25995803093302366493 -0.15860194836969887522 -2.538254286283487815 7.4866856681987987315e-005 
4.2749999999997623235 0.26084479896523943276 -0.087293737946853577903 -2.5382611703371877887 7.961477569011950466e-005 
4.2999999999997706723 0.25987156515969778159 -0.11455550060617769592 -2.5382679346875183235 5.9538985749407384942e-005 
4.3249999999997790212 0.25781707182192870054 -0.13275422611211978863 -2.5382736982220790445 7.5087064416350327175e-005 
4.3499999999997873701 0.25818160444493254424 -0.13923507468502793749 -2.5382808557650897718 7.6877601988678079346e-005 
4.374999999999795719 0.25982194603842612146 -0.17857296443916503836 -2.5382871675782281429 6.2239895194606632617e-005 
4.3999999999998040678 0.25927604153019617739 -0.16999969964199201922 -2.538293651090134162 7.0039880538198966728e-005 
4.4249999999998124167 0.25903407560022034817 -0.16826106301765680895 -2.5382982462223400155 3.9559624324304750148e-005 
4.4499999999998207656 0.26041924608677863295 -0.19225121168189540644 -2.5383026104150130386 5.9841997798944121219e-005 
4.4749999999998291145 0.26000049005292796833 -0.17425953023394663566 -2.5383087105868846756 6.0845841873960746285e-005 
4.4999999999998374633 0.25892118387463830542 -0.17158423510473619356 -2.5383141390218462163 6.2095926525573868137e-005 
4.5249999999998458122 0.25976457435213728964 -0.15475418826313258602 -2.5383184979560056149 3.6968147846522035171e-005 
4.5499999999998541611 0.25991852582449298525 -0.098593752368508869033 -2.5383223564227122004 3.9371184589573653882e-005 
4.57499999999986251 0.25860247565703670114 -0.10779352126120222977 -2.5383261630423081812 5.1877207734246808207e-005 
4.5999999999998708589 0.25804951400808828765 -0.13663313467979665283 -2.5383309436367107459 4.7755275736767917587e-005 
4.6249999999998792077 0.2582346108501439863 -0.15355395189974352377 -2.5383347787356638214 3.7465591678984461231e-005 
4.6499999999998875566 0.25923226971517482342 -0.20834049911553564893 -2.5383386977813366947 4.2143492536663072442e-005 
4.6749999999998959055 0.26100088416060907015 -0.20625598330024247362 -2.5383417782131227902 3.2285069241516532528e-005 
4.6999999999999042544 0.26142760153065136564 -0.15995307653767587563 -2.5383445664617569903 2.8693241414412984125e-005 
4.7249999999999126032 0.26002961152474202144 -0.16400418007946138133 -2.5383483127344934616 4.6854523988866066044e-005 
4.7499999999999209521 0.25831969754666250783 -0.14801616352879298777 -2.5383518840395713489 3.459782510230668349e-005 
4.774999999999929301 0.25792971682626991692 -0.11864000947885544601 -2.5383544862802649433 2.2210290941427931046e-005 
4.7999999999999376499 0.25903808853000759305 -0.12873572827650869854 -2.5383570237573622741 3.107317913455837511e-005 
4.8249999999999459988 0.25930647861760774964 -0.13027119367909978376 -2.5383595394983888838 2.572072666036893601e-005 
4.8499999999999543476 0.25901464277206631692 -0.14973759820044185709 -2.5383619960916132818 3.0622794025772262744e-005 
4.8749999999999626965 0.2598189023180526025 -0.19390947315984524701 -2.5383651932570936438 3.144861219100377668e-005 
4.8999999999999710454 0.25970714225872176817 -0.19403183844378835143 -2.5383673170321428003 1.8876397696816966162e-005 
4.9249999999999793943 0.25928039424295351578 -0.17146209024592301562 -2.538369067537592727 2.2319229462758839928e-005 
4.9499999999999877431 0.26035318061884943353 -0.15125956810490975846 -2.5383712846001023067 2.0491993327797973322e-005 
4.974999999999996092 0.26031981989983271619 -0.1301715602084153045 -2.5383731765577164374 2.5102828028150553385e-005 
