0.025000000000000015266 0.60232655550993940974 0.00053102029670694730901 -2.2377323471202656968 0.045016281519468959171 
0.05000000000000003747 0.57391435695463777211 0.018796888884765466932 -2.2409535934558815207 0.071601287724420537018 
0.075000000000000052736 0.41126535788285478734 -0.017800698920874435949 -2.2500545021958804348 0.12064965322938456249 
0.10000000000000007494 0.35788348283215654089 -0.054420312299520268162 -2.2654992280966430584 0.13748498140039583371 
0.12500000000000008327 0.17148105589053011522 -0.3640402141538578995 -2.2758137131453022306 0.082274607213376788062 
0.15000000000000010547 0.19069211595671164972 -2.4682180707718917034 -2.2843943387529650479 0.10178475629510232159 
0.17500000000000012768 0.30791534643000412208 -3.4162715867255935009 -2.2942902542243372999 0.10140935002630005468 
0.20000000000000014988 0.21109826818360441503 -1.9082131337255583414 -2.3048188612834672462 0.089493535680595676096 
0.22500000000000017208 0.22241266966929368332 -2.9356733905637710791 -2.3137124058972236007 0.099506304309101872851 
0.25000000000000016653 0.27495017012977818194 -3.5972257039427431025 -2.3239085964565004971 0.10624681092446801312 
0.27500000000000018874 0.22641846704052662198 -2.2058561322365020096 -2.333156115994615476 0.076914779294542323651 
0.30000000000000021094 0.23927979770931698256 -2.0210244162225761144 -2.3416356236057360718 0.081426028236327135934 
0.32500000000000023315 0.31495361046102665625 -0.98602178700041076542 -2.3498188730136666535 0.097137719199876626508 
0.35000000000000025535 0.33960885678779589858 0.60578518907921252712 -2.3581878323284457544 0.071990185080934340767 
0.37500000000000027756 0.32600416055637565504 0.52343770505848685737 -2.3655593134079735407 0.068909931614513600384 
0.40000000000000029976 0.24685240348322926018 -0.089182614801691983963 -2.372567858727088641 0.081711706187656191203 
0.42500000000000032196 0.2127744052918278117 -0.52534307374591682205 -2.3811644967704559406 0.069603618526814792222 
0.45000000000000034417 0.20242899605533318241 -0.42346814852926450978 -2.3875235098182092663 0.06279533468712708566 
0.47500000000000036637 0.17499425684708444506 0.62754010118852043831 -2.393143316485587313 0.0596552690558001808 
0.50000000000000033307 0.19878985476929145193 -1.7893251005799326592 -2.3992073923163967919 0.058864232755465754898 
0.52500000000000035527 0.26780910937108121095 -2.0361879425433833113 -2.4056373592407154227 0.076403106919589069967 
0.55000000000000037748 0.25719872151376382829 -1.9415180270920620043 -2.4141300893304977748 0.074320767873683191151 
0.57500000000000039968 0.211785337165323162 -1.4943168501177765961 -2.4190461407228665003 0.037956067564277773396 
0.60000000000000042188 0.22440949202874047042 -1.5908039604230463926 -2.4225867816007977673 0.03793272893104163157 
0.62500000000000044409 0.23483039606008723754 -1.8391162284766628954 -2.4277102327776947099 0.058867579720299108292 
0.65000000000000046629 0.22867254408899562179 -0.64760860965835920222 -2.4331784697427925046 0.047452726518386285914 
0.6750000000000004885 0.25371567496172869882 -0.8282514336579591685 -2.4379684823309069053 0.053682835960462284286 
0.7000000000000005107 0.24237554883104536763 -2.0929107950955332385 -2.4420032873847907773 0.027560697298372096448 
0.72500000000000053291 0.23805560377716342146 -1.2824198895444294255 -2.4457758311002217866 0.043729828679713450557 
0.75000000000000055511 0.2330305632407714822 -1.1946400464590094526 -2.4500652287334854229 0.047184968277954937588 
0.77500000000000057732 0.18813493889718119201 -1.5080587413012001008 -2.4543482955621578334 0.034856358622260767699 
0.80000000000000059952 0.20588875893653804661 -0.63857143583977582502 -2.4569889245869824812 0.02287352580863994192 
0.82500000000000062172 0.26974031016570249042 -0.74102703585989770918 -2.460624996202788406 0.044898501853231902181 
0.85000000000000064393 0.27053904480937329691 -1.3942098078075657597 -2.4645973348348211296 0.04151755142868420595 
0.87500000000000066613 0.23145929681421312241 -1.4844513706232926875 -2.4679518078610591658 0.018073450652275422496 
0.90000000000000068834 0.21712446848614594397 -1.0266013821096320324 -2.4708642111860279478 0.043919998193388605501 
0.92500000000000071054 0.23028317228189629229 -0.53191716670066679917 -2.4743794605880222726 0.028734108358691008711 
0.95000000000000073275 0.23625144314539117674 -0.86088873105402630159 -2.4773537338376154793 0.027606421636844076517 
0.97500000000000075495 0.26764077486022436192 -1.5509688486427606335 -2.4803257181697713207 0.029766609551244764542 
1.0000000000000006661 0.28802448800310870292 -1.5058653221618638618 -2.4829276189220741422 0.030854107246001495624 
1.0249999999999979128 0.25265260100959069378 -1.0158478271785602587 -2.4857891759811661103 0.022578079102190087152 
1.0499999999999951594 0.24997883122022082625 -1.0250594165034971894 -2.4882181515428265506 0.024788483088241681368 
1.0749999999999924061 0.27416958750402675715 -0.56938682850157928961 -2.4908240291394627697 0.028452675595557256477 
1.0999999999999896527 0.25012446813696492809 -0.30356998940873802795 -2.4929025829816406912 0.015919774987300287783 
1.1249999999999868994 0.21219098296516661351 -1.2769194023185157505 -2.4951644376791102253 0.025512124210523984269 
1.149999999999984146 0.21788897779422383705 -1.1957845977988563746 -2.4971471157008431341 0.019434127458428179791 
1.1749999999999813927 0.24986995873885087249 -0.34023366682584477161 -2.4991489599808920374 0.016584945764754818742 
1.1999999999999786393 0.29012853053592296826 -0.75817845854144505502 -2.500828521252351333 0.020715186810884383961 
1.224999999999975886 0.29111125299866896787 -0.63651810885539217288 -2.5031173755443005824 0.019335542907521974937 
1.2499999999999731326 0.26543428066526952858 -0.55181443384542405717 -2.504707218228230392 0.01622528229515316639 
1.2749999999999703792 0.26223651976788392437 -0.73422237004706158991 -2.505969319832495934 0.010980911089543641049 
1.2999999999999676259 0.26828366983018986369 -0.60454885293074722696 -2.5075848616951388337 0.019682349622616994445 
1.3249999999999648725 0.26701409108556978245 -1.2942281089997917931 -2.509236392911882163 0.0129195264786029166 
1.3499999999999621192 0.2714013847631185361 -1.1229776476978345912 -2.5106437455127998959 0.01459175979961242417 
1.3749999999999593658 0.23788277969374946319 -0.61359970595797197479 -2.5118219747198238245 0.01063639953070967363 
1.3999999999999566125 0.21405764636880242335 -1.0314996440235004727 -2.5129797190873102153 0.013690228322149278206 
1.4249999999999538591 0.26230303220820200272 -1.0320213281511287917 -2.5144123867958332319 0.012035466501641351594 
1.4499999999999511058 0.28355804588494887275 -0.66593573264973215942 -2.5155796175433207118 0.011806740545690100341 
1.4749999999999483524 0.27725431609391953947 -0.67495900387325602487 -2.5165990862374183479 0.0090950672527368662396 
1.4999999999999455991 0.28849706803358871054 -1.1032036513874330375 -2.5173532660666069205 0.0070345847348580407138 
1.5249999999999428457 0.28018724743229589391 -0.88171987892697234468 -2.5184277635363372383 0.013167549445567633751 
1.5499999999999400924 0.2635340665114946912 -0.66964518209981005459 -2.5195420277672502252 0.010714734111858633531 
1.574999999999937339 0.25003036416892038263 -0.88010123729923528391 -2.520448605362726191 0.0062403118883094200672 
1.5999999999999345857 0.24063724071531006343 -0.45395051178183315477 -2.5212414610363489409 0.0081461013856325061727 
1.6249999999999318323 0.2679718901879695192 -0.54765143666885829354 -2.5219417331109053038 0.0086173317513134964352 
1.649999999999929079 0.27374104890102063381 -1.0871443943698573253 -2.5227724743435469001 0.0083709352302079823721 
1.6749999999999263256 0.25193386208745544019 -0.94043562706628280878 -2.5235672758997989007 0.0061465706946775252109 
1.6999999999999235722 0.26635516689086913278 -0.67306032312047514576 -2.5243658536383644098 0.00815742147619570937 
1.7249999999999208189 0.27812741282806513476 -0.65920087849435793359 -2.5248949607387336513 0.0058733640185966023983 
1.7499999999999180655 0.26048055399864789017 -1.0671672324231651352 -2.5256006421209229451 0.0058853109893895203322 
1.7749999999999153122 0.26548124994176364178 -1.1954181910447339021 -2.5261639754587279505 0.0064883437585497236166 
1.7999999999999125588 0.26412344561339662352 -1.1788382768678993262 -2.5267799281882949991 0.0057757015540299688761 
1.8249999999999098055 0.24351577359875975493 -1.240996613682997296 -2.5272791675690267077 0.0042313581875052935777 
1.8499999999999070521 0.25706016468962267219 -0.98774108776928737363 -2.5278487466727281863 0.0063506077967980922167 
1.8749999999999042988 0.2745310618747364706 -0.77865218251144474593 -2.5283666993285680569 0.0046802143172692623266 
1.8999999999999015454 0.2726398653163026875 -0.61301585248008683138 -2.5288391899562649989 0.0051072606894260845489 
1.9249999999998987921 0.26797188540967836756 -0.57592994992751467276 -2.5293030340393500843 0.0039631608955664676328 
1.9499999999998960387 0.26139788394530127924 -0.55263146395197004779 -2.5296594663171778627 0.0032819271031237274606 
1.9749999999998932854 0.27296252104655061022 -0.49795899547498662097 -2.5300849959008262502 0.0047176905725996257784 
1.999999999999890532 0.28147185010968889252 -1.0083053145353406688 -2.5304748872940829862 0.0034009155004066432201 
2.0249999999998880007 0.26195762000997657726 -0.94712759609992658305 -2.5308235251869612981 0.0040778737418809178975 
2.0499999999998852473 0.25285816753578677085 -0.59932400121493989431 -2.5312154141155751574 0.0034679487318824255351 
2.074999999999882494 0.26103428594214567182 -1.1181696352536367733 -2.5315902393646525503 0.0038207937670389677774 
2.0999999999998797406 0.26430974901211096162 -1.2782635655620557813 -2.5319193517103206759 0.0023294632470333702552 
2.1249999999998769873 0.26631096793507713638 -1.0601245319735543848 -2.5321064580469121452 0.002852111993047995453 
2.1499999999998742339 0.26788071826977960521 -1.0200532311070205083 -2.5324351844396790767 0.0025544150267437829536 
2.1749999999998714806 0.25944561052459813588 -0.79510080330838694973 -2.5327302801871889315 0.0037304135818181428409 
2.1999999999998687272 0.26074559307262151764 -0.92231513894727434888 -2.5330018957130877588 0.0019738923233049003071 
2.2249999999998659739 0.27280828227472014857 -0.99065645446195449431 -2.5332549085966400426 0.0023728796277392586248 
2.2499999999998632205 0.27167755174014968089 -0.61561931925685597911 -2.5334813886592670862 0.0026929371230041175903 
2.2749999999998604672 0.26611175723240504398 -0.53508613709908880995 -2.5337232190966556544 0.0021682031517286461976 
2.2999999999998577138 0.26920492488670061393 -0.76468437506944342275 -2.533913694046319165 0.0017612694924060874613 
2.3249999999998549605 0.26867343694009981903 -0.74211493271906148195 -2.5341102188037929466 0.001689493724146957053 
2.3499999999998522071 0.26446642226339833748 -0.78149559224572517913 -2.5343068511079347438 0.0024623123662789567385 
2.3749999999998494538 0.26333980810546503415 -1.1189158009740549637 -2.5345058477904691685 0.0017563343578339183325 
2.3999999999998467004 0.2658979179047186725 -1.0591643716338485781 -2.5346827688478477114 0.0016350134032439647431 
2.4249999999998439471 0.26898240591078503847 -0.89312279657351190121 -2.5348583542364253596 0.0018167506282916329186 
2.4499999999998411937 0.26657521700837688572 -0.97283716366353845117 -2.5350107779195041324 0.0015061961806554606536 
2.4749999999998384403 0.2620143594201173598 -0.91371728092884074712 -2.5351720952059721981 0.0011961723692861126606 
2.499999999999835687 0.2646220038188124013 -0.89444800878361352403 -2.5352727142141726624 0.001339874834451814517 
2.5249999999998329336 0.26733540546902417878 -0.81777747592426752732 -2.5354309053663914852 0.0017840715513283234104 
2.5499999999998301803 0.26419943669530115971 -0.84442337950668933111 -2.5355841094657187718 0.0011014213946990629271 
2.5749999999998274269 0.2686651490871986292 -1.046058836280066906 -2.5357037586819615171 0.0012985518969100744244 
2.5999999999998246736 0.26949568702485671157 -0.84837896414525681976 -2.5358179919859407114 0.0010787945931575158333 
2.6249999999998219202 0.26173780639323190877 -0.73306138327546377376 -2.5359314122337028863 0.0010760309609455748041 
2.6499999999998191669 0.27025648495302662111 -0.80645964192348440491 -2.5360296506097816938 0.0010470438890755808404 
2.6749999999998164135 0.27701608660481097379 -0.67307844050681908676 -2.5361225222071266394 0.00086041786944484016479 
2.6999999999998136602 0.26665353002237485169 -0.72415643902283433064 -2.5362312305158143388 0.0011552640586364470738 
2.7249999999998109068 0.26509912106035576906 -0.91160053782813410539 -2.5363303383674105085 0.00084055624709494542336 
2.7499999999998081535 0.26771183448429403118 -0.97641671543877839312 -2.5364262896368146016 0.0010650470554186431543 
2.7749999999998054001 0.26398496708308399894 -0.99772343742727565008 -2.5364926463364616538 0.00052616623640206817199 
2.7999999999998026468 0.2613106144974672862 -1.0282063775120029447 -2.5365757025176267625 0.00081936667619048996879 
2.8249999999997998934 0.26067775240699531114 -0.96141178671064508876 -2.536645039669316315 0.00076173386053727284821 
2.84999999999979714 0.26722669428425394056 -0.84948724662320240775 -2.5367211616433702481 0.00072452190468638960185 
2.8749999999997943867 0.27427570542149543042 -0.91086823626873081317 -2.5367939170263840154 0.00064339750801575845435 
2.8999999999997916333 0.26858825016913889794 -0.83276211633416108437 -2.5368598991230340012 0.00076034381990872079975 
2.92499999999978888 0.2666140729296212486 -0.69665657132851843691 -2.5369197505012124338 0.00051844912353477706247 
2.9499999999997861266 0.27118524895310969214 -0.83463541626888892999 -2.5369801511339815647 0.00057035428289150473091 
2.9749999999997833733 0.26782837709841272877 -0.86447001489190289369 -2.5370375069595998418 0.00053214061968885335678 
2.9999999999997806199 0.26583647629701256943 -0.78573757223521734083 -2.5370814609772232018 0.000478892150523146595 
3.0249999999997778666 0.26698802109168107144 -0.83042568364641700107 -2.5371292137556618052 0.00049034428913808704182 
3.0499999999997751132 0.26301510630819308068 -0.89856417984492553686 -2.5371873239577196202 0.00059046298827800330986 
3.0749999999997723599 0.26573915269932052441 -0.92334862601893941125 -2.5372428679132297269 0.00050394581450175196091 
3.0999999999997696065 0.27133293158144017321 -0.89060970143051498837 -2.5372759534115449931 0.00021933631404587883578 
3.1249999999997668532 0.26818143293745344558 -0.91358854258416477556 -2.5373116358182290497 0.00050004002683568069421 
3.1499999999997640998 0.26591002309087397038 -0.9777326403492585527 -2.5373594368010889966 0.00039552430880616799066 
3.1749999999997613465 0.26634095182024730697 -0.95141630880835625916 -2.5373909161563776848 0.00035398690961137161196 
3.1999999999997585931 0.26531601513584557317 -0.87809766376296360946 -2.5374297789287565408 0.00028476155993701062364 
3.2249999999997558398 0.26679788911987689648 -0.8635519905295405696 -2.5374627597234549192 0.00045822119808094842908 
3.2499999999997530864 0.2669595929155744729 -0.85332290319731907147 -2.5374996219548249243 0.00027618598815068511011 
3.274999999999750333 0.26650732583222092043 -0.75035417451550934231 -2.5375312430787357876 0.00030323742631142353758 
3.2999999999997475797 0.26988802012609247605 -0.7918471757767346908 -2.5375539500282981997 0.00023732198803344179187 
3.3249999999997448263 0.26982924727454687952 -0.90694243230599846939 -2.537581904087375495 0.00027897482414044575023 
3.349999999999742073 0.26697424738221281482 -0.82282482249545108033 -2.5376117723011084593 0.00030005611247430307971 
3.3749999999997393196 0.26769573055649104054 -0.82394427398963632214 -2.5376370519048849772 0.00021577926358046846823 
3.3999999999997365663 0.26751021552393672298 -0.90996843623549450442 -2.5376587046575118656 0.00026408595331158364822 
3.4249999999997338129 0.26635947175794061348 -0.93574887015480934238 -2.5376846334534950422 0.00022689240382942819875 
3.4499999999997310596 0.26690286679742925013 -0.97276669609676669204 -2.5377082059692059879 0.00020309931309932382636 
3.4749999999997283062 0.26561074560148145718 -0.88444828952282350532 -2.5377252826238381189 0.00018651579930426223533 
3.4999999999997255529 0.26477732049151164739 -0.8277845619050508974 -2.5377424550996332542 0.00018078486597904218705 
3.5249999999997227995 0.26793077198434517294 -0.89359663572571956802 -2.5377647390351083523 0.00019075630611174973256 
3.5499999999997200462 0.26855708721530174854 -0.86095359752037348144 -2.5377803417024131782 0.00020695099008831823188 
3.5749999999997172928 0.26592469238491989181 -0.85219030919475069474 -2.537801878282050172 0.0001664306269676878267 
3.5999999999997145395 0.26734430456237195939 -0.90543495161742093558 -2.5378162754273336787 0.00012819876679570781607 
3.6249999999997117861 0.27024459457882515911 -0.86433804446029927071 -2.5378301929179234442 0.0001563846100537523594 
3.6499999999997090327 0.26991375304504389154 -0.81593640942202672051 -2.5378430423008433436 0.00013618348398345200964 
3.6749999999997062794 0.26735315606322879178 -0.83746500103409982074 -2.5378594716668132492 0.00015270855436110868293 
3.699999999999703526 0.26488526409446244703 -0.8302119850670114376 -2.5378725701631830169 0.00011315111723464133474 
3.7249999999997007727 0.26602268537493012346 -0.83490397650556957831 -2.5378836492025418359 0.00012334032293448015001 
3.7499999999996980193 0.26834905952957222031 -0.91792265074164314242 -2.5378971275261288376 0.00013977174716380271163 
3.774999999999695266 0.26717143411071025971 -0.91930150278756628257 -2.5379087706307017491 9.4978365698089091016e-005 
3.7999999999996925126 0.26651017139470661865 -0.88834085074985058572 -2.5379200423504739703 0.00012458871649299191071 
3.8249999999996897593 0.2672309629407841336 -0.92318594621810023959 -2.5379278014561661436 5.0774143709661330123e-005 
3.8499999999996870059 0.2661436139321767258 -0.91347403285127271033 -2.5379381667386304855 0.00012506880358277019331 
3.8749999999996842526 0.26741321789424027378 -0.88227270380065769828 -2.5379479445983537111 0.00010426785934294072926 
3.8999999999996814992 0.2699073680013756027 -0.83910229322874752 -2.5379581180936559015 7.7983402678564987137e-005 
3.9249999999996787459 0.26753172287404020091 -0.81863671627294909428 -2.5379653858609478867 7.7132162208094252756e-005 
3.9499999999996759925 0.26581923396477119548 -0.86358956028376110403 -2.5379740523348557346 9.4445705976990809889e-005 
3.9749999999996732392 0.26724632810292686669 -0.85906600175097636019 -2.537981587496825675 5.1116583237003008198e-005 
3.9999999999996704858 0.26696054983046202391 -0.85276383847053294218 -2.5379875365781017216 7.4088366600275025117e-005 
4.0249999999996788347 0.26755692086705451516 -0.87208517853078348914 -2.5379949302546616074 7.6692587179411230336e-005 
4.0499999999996871836 0.26909128221830413974 -0.84894274454017104592 -2.5380021370437577666 6.8072513923330386725e-005 
4.0749999999996955324 0.26835186703367752692 -0.86097718246017440613 -2.5380086018589111951 5.3274589287208960081e-005 
4.0999999999997038813 0.267369253807623386 -0.90916179318902456963 -2.5380143157142658339 6.0722638954541402251e-005 
4.1249999999997122302 0.26592824353101679469 -0.90731699539706833768 -2.5380199139222816562 6.2894505780467364854e-005 
4.1499999999997205791 0.26540062387803659005 -0.86783310798539603503 -2.5380251076102813279 3.5874330446517685629e-005 
4.1749999999997289279 0.26773096860798134555 -0.88455459603124308998 -2.5380301677337135935 6.1174619785966019548e-005 
4.1999999999997372768 0.26802239926503623746 -0.92262392482905530855 -2.5380349139975084682 3.9916666222408934647e-005 
4.2249999999997456257 0.26657753642690290574 -0.88049440762998032461 -2.5380396187176357259 5.4766971031551895928e-005 
4.2499999999997539746 0.26711773800447935479 -0.83896182677918529347 -2.5380448957894898854 3.9561523412448517908e-005 
4.2749999999997623235 0.2675356493555044457 -0.83104831229198072862 -2.5380484444826687529 4.701516553195634983e-005 
4.2999999999997706723 0.26840846252382838388 -0.8370927817629392198 -2.5380524811126723428 2.8906815483159248434e-005 
4.3249999999997790212 0.26952227974284348466 -0.8687763115189730545 -2.5380561775055605622 3.9560245974104414168e-005 
4.3499999999997873701 0.26735763123113781559 -0.8639730260662938921 -2.5380595934604559538 3.3111015650611159771e-005 
4.374999999999795719 0.26564935774595394014 -0.86857493225442583551 -2.538062991963311088 3.6713685170643819468e-005 
4.3999999999998040678 0.26716310168749990428 -0.9023998514119583314 -2.5380667004815036236 3.7024684220220279926e-005 
4.4249999999998124167 0.26758244015317683706 -0.88245770440910242804 -2.5380700697405860211 2.6621071874082174265e-005 
4.4499999999998207656 0.26690322596353238671 -0.85995120431831240104 -2.5380725354651212378 2.796182121925629236e-005 
4.4749999999998291145 0.26710279258607916297 -0.88607132703700353105 -2.538075454812197318 2.653670422052936513e-005 
4.4999999999998374633 0.26721976122908597251 -0.8962139150586048153 -2.5380780850695505713 2.6579547280656944135e-005 
4.5249999999998458122 0.26770864278135891867 -0.8716586154269163611 -2.5380803623465930663 2.3861824217759426063e-005 
4.5499999999998541611 0.26795193653963650382 -0.87134063909050607499 -2.5380830067358193247 2.6578092905327181406e-005 
4.57499999999986251 0.26714254101625328763 -0.87785855858668249141 -2.5380857535183922735 2.2539594877225762335e-005 
4.5999999999998708589 0.26694066155223672432 -0.85835412488088991267 -2.5380874454336650459 2.1105296674059469949e-005 
4.6249999999998792077 0.26706462504873684782 -0.85788312339227745795 -2.5380898407975980291 1.9614358535795008842e-005 
4.6499999999998875566 0.26727757698491605431 -0.86512725791810196618 -2.5380916342914465744 1.996947581879690483e-005 
4.6749999999998959055 0.26833164598276043611 -0.86885585525348418834 -2.5380935774442421327 1.7991547214531694425e-005 
4.6999999999999042544 0.26829651861022391079 -0.86540403739026383612 -2.5380950713226155813 1.3886032162388421465e-005 
4.7249999999999126032 0.26704691221271154022 -0.84820743878418602968 -2.5380970322799640826 2.0826923029467857821e-005 
4.7499999999999209521 0.26703905421496787476 -0.87283526923960219612 -2.5380988277585774249 1.8884143473715829032e-005 
4.774999999999929301 0.2673934606598520336 -0.89077183706922313799 -2.5381004217059155437 1.2935889285345861431e-005 
4.7999999999999376499 0.26682318139791771916 -0.8771944432966503058 -2.5381017008360369225 1.1214175351727072096e-005 
4.8249999999999459988 0.26703036296695320528 -0.8944576538953832312 -2.5381028855184140092 1.3811526452447731931e-005 
4.8499999999999543476 0.26774218048939502079 -0.88886230330516013964 -2.5381045525520149475 1.8100394529120191763e-005 
4.8749999999999626965 0.26728025917473385853 -0.86602315228461757002 -2.5381056572067111077 6.372682550176692348e-006 
4.8999999999999710454 0.26682989448880667371 -0.87361219667315581638 -2.5381068793332990374 1.5095056277736763878e-005 
4.9249999999999793943 0.26735981216059628851 -0.86583862811038247997 -2.5381080457265796646 1.2559026261033012076e-005 
4.9499999999999877431 0.26800040779527611878 -0.8568726229281494744 -2.538109371648706869 9.4913519775657486088e-006 
4.974999999999996092 0.2681239648975519696 -0.86760691666433165103 -2.538110185223249271 8.4460889090407268408e-006 
