0.025000000000000015266 0.60356114753862444289 0.00053980837475713083773 -2.2361069780374731586 0.045971610272696146471 
0.05000000000000003747 0.57438280875805725056 0.019139537846457804759 -2.2380476049042812292 0.074566894956794249616 
0.075000000000000052736 0.40698201600949929224 -0.020232108965467954231 -2.2435819997181751795 0.12687121283982213948 
0.10000000000000007494 0.34982699609217893233 -0.053449131625241119714 -2.2530259951556734777 0.14476855952766365387 
0.12500000000000008327 0.15877532248736769827 -0.34414496055926913076 -2.2594047938867953818 0.089693360427215290676 
0.15000000000000010547 0.18424719534685213285 -2.5561565093142504246 -2.2650604931370663664 0.11838824749270750181 
0.17500000000000012768 0.31220493546111832694 -3.6272340568031409269 -2.2717724845326268124 0.11888206546338085656 
0.20000000000000014988 0.21538744835654641263 -2.004294175144802459 -2.2791955725412806899 0.10966520878036020714 
0.22500000000000017208 0.22774491163508697733 -3.1313826127043089542 -2.2850108816023930736 0.11031193594161103899 
0.25000000000000016653 0.25932326285248047393 -4.065674277490725963 -2.2918136277157086234 0.12118895360459534805 
0.27500000000000018874 0.18793421478790253709 -2.5646676297029848968 -2.2981969316472832254 0.089201279797109220282 
0.30000000000000021094 0.21456297159614601266 -2.0133658974531991603 -2.3035853136607977731 0.091041631320967292273 
0.32500000000000023315 0.30785812571508391899 -0.55978281072043578614 -2.3089277917001824747 0.11340171290898030942 
0.35000000000000025535 0.30740814874437805138 0.49270937816246718199 -2.3137815638330652135 0.053584123331610319929 
0.37500000000000027756 0.30501610266294948426 -0.36494246518941780844 -2.3185662771937813886 0.10855214989758821265 
0.40000000000000029976 0.21937832434392975922 -0.76922033228151664996 -2.3245184921552075608 0.096845887738872468709 
0.42500000000000032196 0.19266987455340564561 -1.6065271247045571634 -2.3304989508502513829 0.11054182608076799921 
0.45000000000000034417 0.21525498329699463418 -1.5355572714153662428 -2.3371503965624578214 0.10782699288047875585 
0.47500000000000036637 0.18903497998339285902 0.2253568371054702757 -2.3425044203125708897 0.092608034700179586718 
0.50000000000000033307 0.15224540586869431125 2.171942363500993789 -2.3472084246776758754 0.0686606582644546104 
0.52500000000000035527 0.2080025524487351396 2.3677951703562789554 -2.3523371342517611637 0.094216518575488045206 
0.55000000000000037748 0.31233154360182119325 2.6597429185629506421 -2.3569855293865220602 0.076553042011863747796 
0.57500000000000039968 0.29378530494810101148 3.5506526096320607522 -2.3608034611273795988 0.071106978114813160219 
0.60000000000000042188 0.31946649571576712923 0.8919789483297371202 -2.3657752857175040617 0.080407014931986695028 
0.62500000000000044409 0.23738654494435432185 0.77154449533659308358 -2.3715351707887202259 0.10873231909518761562 
0.65000000000000046629 0.12021063369833492884 0.52902890946416403217 -2.3754199399626703126 0.046707645359932235818 
0.6750000000000004885 0.17766460180213297648 1.0119919400269110632 -2.3787615287208905279 0.062946701684597844428 
0.7000000000000005107 0.24909968505849183762 1.7114455483638559841 -2.3826978913649186076 0.067324879051025840471 
0.72500000000000053291 0.19201514683140877282 0.06441700898673963227 -2.3868021390205980126 0.076561112302796788254 
0.75000000000000055511 0.17913107317984877653 -0.62166223001710152474 -2.3900136439991168658 0.049004504588045401381 
0.77500000000000057732 0.18674357820949494258 0.62730070009350735738 -2.3942427235975900501 0.077685157880535024577 
0.80000000000000059952 0.21748060943085176233 -0.37928134472345564898 -2.3978360431887746351 0.059000265744260239897 
0.82500000000000062172 0.24943129455235915626 -2.0646599324625398708 -2.4014778861153165401 0.065215785462724024102 
0.85000000000000064393 0.26870953128668845222 -1.6999817089515554258 -2.405434278484963162 0.061457333034701681906 
0.87500000000000066613 0.24445063320689972008 -1.6528025743445113882 -2.4086681314060056636 0.051985620509107217935 
0.90000000000000068834 0.14603523158316852881 -1.7971080865729938125 -2.4111428316994358845 0.050850124573782580495 
0.92500000000000071054 0.14384120589760646114 -2.0597480610711937921 -2.4142117359725800974 0.046569347938839766865 
0.95000000000000073275 0.23682777058831819272 -2.9879415212321287498 -2.4177321531412281352 0.067857904089930684566 
0.97500000000000075495 0.28767798261143695537 -2.7369667054239954496 -2.4210152766036907579 0.050678273495786289871 
1.0000000000000006661 0.27251998174534780572 -2.694034446393276383 -2.4239912096755942272 0.046342880970245282912 
1.0249999999999979128 0.2381882670291856352 -3.8816600549324502545 -2.4269116466034330593 0.051156902549613060549 
1.0499999999999951594 0.22836847243900687543 -3.7509082490962071255 -2.4297183401973407868 0.055951654358547729673 
1.0749999999999924061 0.20775137257063727714 -2.7566652689836206314 -2.4329764063174650346 0.049811339017902862836 
1.0999999999999896527 0.21503916850137136385 -2.9282113076480902336 -2.4359925677994502813 0.051582701911729936239 
1.1249999999999868994 0.25927498826093048345 -3.8988840068530983274 -2.4381821419933000783 0.037583185496216919841 
1.149999999999984146 0.29606307473239179551 -3.4109204422884520369 -2.440822696758094601 0.035435050595979691868 
1.1749999999999813927 0.25064223320152800856 -3.629438696230951944 -2.443461771121413495 0.056320926077635606599 
1.1999999999999786393 0.23063017979598898766 -1.3212143541489975718 -2.4456028422734901184 0.033378057099420647968 
1.224999999999975886 0.28146294898127272033 -0.82981472365501773858 -2.448006148401834281 0.034630267945711619426 
1.2499999999999731326 0.29188265583633626887 -3.6019907842203973125 -2.449652008246216095 0.032009921144940792215 
1.2749999999999703792 0.25975737131573400918 -4.1779849874703574031 -2.4520135713765038865 0.047456426968277780343 
1.2999999999999676259 0.21070545394811487916 -3.6578700950677163206 -2.4547679851006276586 0.044679060409201186432 
1.3249999999999648725 0.22114670130287661376 -3.6613242478980767558 -2.456936854702121753 0.032643627180153088341 
1.3499999999999621192 0.22883699833838458404 -4.7797853300269057542 -2.4589985432225676121 0.035861528793621914868 
1.3749999999999593658 0.22542698828841956082 -4.7628179534330854494 -2.4608310425610269156 0.028558887599023516368 
1.3999999999999566125 0.22377398402822071266 -3.722547620329694773 -2.4628266028260412668 0.043376565573621940486 
1.4249999999999538591 0.22686494733839090987 -2.5696569364605599262 -2.4651720654698694446 0.029402274014549756309 
1.4499999999999511058 0.2691771922529263561 -2.047148533276502036 -2.4668321952018836818 0.034068216418399056844 
1.4749999999999483524 0.28693170741205747953 -4.8667514518417478442 -2.4689561333457392678 0.040572790432473984645 
1.4999999999999455991 0.26919848867870954656 -4.9604667814572325213 -2.4712725785931946021 0.037466347051140380664 
1.5249999999999428457 0.25752440474262894288 -5.8752884830838363328 -2.4733401629090931984 0.030078311195220978208 
1.5499999999999400924 0.26694842006914665244 -5.8318749154739721874 -2.4749593454049128027 0.030369300660035573186 
1.574999999999937339 0.23906140132036141077 -5.6206378891763124628 -2.4767851335158606041 0.032401091745253816911 
1.5999999999999345857 0.19728394185990244525 -5.7618810208610424795 -2.4787769067907619025 0.032582063512830800045 
1.6249999999999318323 0.19407993151210206628 -6.0649166141602277591 -2.4802992429337020752 0.023745853029736828377 
1.649999999999929079 0.25047580690006110427 -6.8340356683644811753 -2.4817470282324682884 0.022421927283359500277 
1.6749999999999263256 0.2764736709222794242 -6.8007483423994372629 -2.4828656562193769375 0.022587717947431404375 
1.6999999999999235722 0.22999019714480467558 -6.2986798943970550013 -2.4848218539625310797 0.039228451072869707783 
1.7249999999999208189 0.21574296109515561648 -5.6813879347664064667 -2.4866485740820243322 0.02780307252305819557 
1.7499999999999180655 0.25319992981079708638 -5.0480832157415607142 -2.4882635042063250275 0.023708805350187028144 
1.7749999999999153122 0.2839951323667862515 -5.1819138854729622778 -2.4894172227262374442 0.020510345322185537936 
1.7999999999999125588 0.28892626163463280831 -5.1182436032691960293 -2.4908278183106986603 0.024481161147692373503 
1.8249999999999098055 0.26673223586243222094 -4.9391445501133066642 -2.4919761049586397483 0.020082965889676996502 
1.8499999999999070521 0.23979950263193747229 -5.1653612650015272578 -2.4932785610609276006 0.021863455786234713141 
1.8749999999999042988 0.24077588808632463535 -5.9486838597607727408 -2.4946591111476061897 0.028319820739049834241 
1.8999999999999015454 0.2453604572250152327 -6.8361372316212287714 -2.4962518769686536935 0.022103960912466281974 
1.9249999999998987921 0.25953722136973128576 -6.9229018094275200923 -2.4972378027115973431 0.014939039224158118593 
1.9499999999998960387 0.244625179541948512 -6.5453946068447779183 -2.4983858942350654075 0.024316832825782400823 
1.9749999999998932854 0.21404874448541255649 -5.970847813071639365 -2.4996157298415031534 0.01883905867641515533 
1.999999999999890532 0.22077090522847961362 -5.5111508159796329664 -2.5007379909862796907 0.017659712471080678958 
2.0249999999998880007 0.23658793287144022632 -5.5462287944650432436 -2.5017261777246400101 0.01785581900240048453 
2.0499999999998852473 0.24014815293791244577 -5.183097350224491251 -2.5026944500640997404 0.014509115745050600588 
2.074999999999882494 0.25090663342969798943 -4.9657662090952712219 -2.5034693137870949187 0.014478487557916058792 
2.0999999999998797406 0.25279248534680542893 -5.4950731558781296116 -2.5043602431938483122 0.015942532248527558486 
2.1249999999998769873 0.23669444072633413767 -5.7271636832852621524 -2.5053730600040662324 0.016797801940668277004 
2.1499999999998742339 0.23810125213611146866 -5.3410707275809796712 -2.5062134525785060291 0.014244262349183765826 
2.1749999999998714806 0.24567413709601723659 -5.1980425216250383258 -2.5070849812019111447 0.013978949125692214511 
2.1999999999998687272 0.25078105173960663077 -5.729829255800578558 -2.5079078992179022478 0.017473981016299468261 
2.2249999999998659739 0.27538344435812106559 -6.0604892147614171094 -2.5089727667154528845 0.015928340346307558184 
2.2499999999998632205 0.28953429322456153416 -6.1382876157746633083 -2.5098592169707414357 0.014742725804122218392 
2.2749999999998604672 0.26851174722488191371 -6.0886859992459223534 -2.5105745682735118862 0.014082828164755650455 
2.2999999999998577138 0.22013378122230647937 -5.564874338427862277 -2.5116077608804037169 0.016768355028621319269 
2.3249999999998549605 0.21441804708237949262 -5.7768906852364718674 -2.5123753223998348538 0.012383169081987001683 
2.3499999999998522071 0.25184263482719293492 -6.077171280158299993 -2.5130484379374586901 0.010460215153686626063 
2.3749999999998494538 0.26762297122606037991 -5.8677698504569679727 -2.5137874569001823488 0.013776708256398243271 
2.3999999999998467004 0.26597602069830855731 -6.0687578901743810533 -2.514625918111176972 0.016277724753040262451 
2.4249999999998439471 0.25433066113469532388 -5.9435466498580558081 -2.5154109054632818321 0.0095552147124132822548 
2.4499999999998411937 0.24904785673770885035 -5.4038214025070523405 -2.5160752474467349415 0.014413971553351796057 
2.4749999999998384403 0.27367297781736510398 -5.6228163949571552394 -2.5166619413842017394 0.0057758173482789568198 
2.499999999999835687 0.27942328053011755706 -5.9127583922780138082 -2.5171301893888373691 0.0091995365849664063884 
2.5249999999998329336 0.26695527975695015899 -5.727447071026447567 -2.5177341584269785635 0.014044169049935053065 
2.5499999999998301803 0.25503335702846569033 -5.6365167391793651319 -2.5185424872155297571 0.011508980827582414308 
2.5749999999998274269 0.25029030100902627254 -5.7275149915857230809 -2.5191091754240058087 0.0087617702732320362768 
2.5999999999998246736 0.26292144021599400672 -6.1169076500555039644 -2.5196084258988529214 0.0088999016832434114932 
2.6249999999998219202 0.26020344281423879451 -5.9004489763334131425 -2.5202452075622692185 0.012373803675987419745 
2.6499999999998191669 0.24628110113137233195 -5.72589642876128746 -2.5208916585300720214 0.010170308048844046295 
2.6749999999998164135 0.2445364143944762092 -6.0068650741278197813 -2.5214019953630963933 0.0076616126110409469435 
2.6999999999998136602 0.23459021299731830368 -6.0722491954209143472 -2.5218358128379954053 0.0068171994247357660043 
2.7249999999998109068 0.24636387285195782137 -6.4296915002132726258 -2.5222904213934023154 0.0098324844550225741491 
2.7499999999998081535 0.27288956115357076992 -6.4806975480494157793 -2.5228626599762526972 0.0093396336113710492349 
2.7749999999998054001 0.27928478416567742437 -5.8543635003918303994 -2.5234190283018409495 0.0090206643433376667435 
2.7999999999998026468 0.25835699015302465709 -5.5797354330477926254 -2.5238681169770638135 0.0073729419704051989484 
2.8249999999997998934 0.24873281272066172232 -5.3728659548163060222 -2.5242166912914356658 0.0058468200205871300595 
2.84999999999979714 0.26323110208739697313 -5.0969038674882334305 -2.52470631149323399 0.0086281672979769460236 
2.8749999999997943867 0.27703349692351031397 -5.5866518164703089511 -2.5251453920029276468 0.0077948787304646452445 
2.8999999999997916333 0.27512982875444158548 -6.4781186358934315095 -2.52555253985821615 0.0065767254307548053682 
2.92499999999978888 0.25261007773560850698 -6.3692624874324348383 -2.5260177969964381361 0.0090883156510288762298 
2.9499999999997861266 0.23338825032112536784 -5.9265559133688512361 -2.5264016409496008464 0.0038174862269431965832 
2.9749999999997833733 0.23509204435670547073 -6.2651566192508321151 -2.5266936723561079781 0.0063916355567638777346 
2.9999999999997806199 0.25257600081010017634 -6.2670680400124956222 -2.527081613838905394 0.0080648880444117391347 
3.0249999999997778666 0.27434722768150765493 -5.8287749403532291836 -2.5275506911478271554 0.0067259477626927756042 
3.0499999999997751132 0.26870873863512306778 -5.604208186122862756 -2.5279069683581689709 0.0058989871424953007825 
3.0749999999997723599 0.24991260598022188577 -5.3767672761341742671 -2.5281621561780212026 0.003522406535475517287 
3.0999999999997696065 0.25286023107597715986 -5.4864975522730548008 -2.5284399136513888706 0.0059083528048947337244 
3.1249999999997668532 0.26999855623994833964 -5.8166938763830149384 -2.5288069185710009279 0.0062800568782252390657 
3.1499999999997640998 0.27571780199631074071 -6.215517462440560692 -2.5291424182696444767 0.0055593896946394844721 
3.1749999999997613465 0.26534341888005730237 -6.2814729614875872699 -2.5294361489089851602 0.0051695164473710116318 
3.1999999999997585931 0.24723031509449447385 -5.8787989384788961189 -2.5297515387498057393 0.0044689097345684148516 
3.2249999999997558398 0.24152107997633670555 -5.9454861343196254708 -2.5300232698978932788 0.0060027170962562610701 
3.2499999999997530864 0.2512768574128512733 -6.0685842767455282498 -2.5303418022836696721 0.004413911406310627901 
3.274999999999750333 0.2608213122668913142 -5.8545586721776592398 -2.5305679438266315273 0.0036832255286601044489 
3.2999999999997475797 0.26251357430216026856 -5.8388319679570184206 -2.5308017609126904901 0.0047191406531299868662 
3.3249999999997448263 0.25097256461583034026 -5.6883933840231470924 -2.5311237949781273393 0.0051178696462904765818 
3.349999999999742073 0.2552336290160361898 -5.7357007239063486637 -2.5313676507735842769 0.0047585194805858689604 
3.3749999999997393196 0.27634666517709050026 -6.0790308410444637843 -2.5316231135014160003 0.00298534548012177256 
3.3999999999997365663 0.27766477699322072992 -6.1648624638322271352 -2.5318130943451353509 0.0042689704446305402549 
3.4249999999997338129 0.26613728589260726709 -6.0116417448099799259 -2.5320368287324805934 0.0035517361091904134374 
3.4499999999997310596 0.256444793837472651 -5.6335890403042707675 -2.5322752822343912449 0.0033610222398349292282 
3.4749999999997283062 0.25071176735467859409 -5.621859065608127537 -2.5324445050269797086 0.0044102613179261285214 
3.4999999999997255529 0.25585535858098057416 -6.0765932744218522643 -2.5327240999797191456 0.0041080047514095796926 
3.5249999999997227995 0.2618825171175623856 -6.2482826938832474184 -2.5329353483195231611 0.0029787766517893167831 
3.5499999999997200462 0.25567399523058248478 -6.1113384331897737667 -2.5330714312614843742 0.002342468610185057757 
3.5749999999997172928 0.24580843108689770515 -5.9249710608529095879 -2.5332836999970926861 0.004363418019630123032 
3.5999999999997145395 0.25469954559759655499 -5.882107504274990184 -2.5334863826683635679 0.0034322819081267037442 
3.6249999999997117861 0.27154150851272113032 -5.9019274248738007316 -2.5336725943369513558 0.002329128641569263615 
3.6499999999997090327 0.27570682892732878422 -5.9269155519333889259 -2.5338255064198595967 0.0032137034417972620143 
3.6749999999997062794 0.26881050154414665165 -6.0218993398405613604 -2.5340030745921531263 0.0028778954621797932407 
3.699999999999703526 0.25868553957156359413 -5.7574007257792638725 -2.5341868772190769832 0.0032363846084319989292 
3.7249999999997007727 0.25525749779391609939 -5.5396402159233275597 -2.5343328795364516992 0.0022530723380494144768 
3.7499999999996980193 0.25874490225348611983 -5.7795580716780010633 -2.5344773308075754237 0.0024350324626604782398 
3.774999999999695266 0.26565609702790632385 -5.9909672741061896772 -2.5346217581205450209 0.0028364129474514115578 
3.7999999999996925126 0.26557039176034125116 -6.1118933379963014119 -2.5348129472914320282 0.0031394646234650788394 
3.8249999999996897593 0.2525574380700365551 -6.1484302511921899992 -2.5349609908594294971 0.0023394473903049100606 
3.8499999999996870059 0.24893865389633515472 -6.1349635210036854716 -2.5350563228050777553 0.0012684913543177245288 
3.8749999999996842526 0.25892601550159072277 -6.0172316431332886211 -2.5351876886062156835 0.0028472317214976328864 
3.8999999999996814992 0.26596205998978067475 -5.805193121407824286 -2.5353417810113167974 0.0026785600043943685183 
3.9249999999996787459 0.26350507781653037531 -5.9605236588530718933 -2.5354939694277489615 0.0021262845737421683448 
3.9499999999996759925 0.25843285084099648641 -5.8980424673501259392 -2.5355985541277066275 0.0022154542562320936501 
3.9749999999996732392 0.25833919777352293279 -5.5709990632920298737 -2.5357223489471563127 0.0016221611725136437804 
3.9999999999996704858 0.26529468385880727865 -5.7981993584496818173 -2.5358324324919925274 0.0020800222808068711926 
4.0249999999996788347 0.27183363601730448078 -5.9743522172820568983 -2.535928873209595924 0.0016288295819197940763 
4.0499999999996871836 0.2706976064189602349 -5.8964447832746502698 -2.5360542626896105389 0.0023029212012038559679 
4.0749999999996955324 0.26267033643549486666 -5.977324935750297108 -2.5361753451504198686 0.0022473037459850757694 
4.0999999999997038813 0.24839679067862849293 -5.9605074422528359079 -2.5362820197776212439 0.0012141843156228699502 
4.1249999999997122302 0.2467434503281835112 -5.9315470388263538126 -2.5363749480634583122 0.0018785656901009063335 
4.1499999999997205791 0.26181558840311508485 -6.0522852932100414947 -2.536474810183128703 0.0017853761049290899163 
4.1749999999997289279 0.26832497350562156679 -6.1856514179140962284 -2.5365738595542048905 0.0015474665863504594512 
4.1999999999997372768 0.26158556478606931339 -5.9969616070127909069 -2.5366591240349096736 0.0015937636420937828681 
4.2249999999997456257 0.25446352502744740143 -5.6533327898091121355 -2.5367569749613636532 0.0014881066059354531791 
4.2499999999997539746 0.25629069994034436863 -5.7233528948907625988 -2.5368468890733084642 0.0017334589667722687979 
4.2749999999997623235 0.26638107977390845793 -5.8801467267114881921 -2.5369441785901849507 0.0015213006773331834171 
4.2999999999997706723 0.27411377803501613126 -5.9128836180853792115 -2.5370142260932997402 0.001060729139383945847 
4.3249999999997790212 0.26916499538786975432 -5.9944343112241353921 -2.5370789881232411744 0.0012485313869864058008 
4.3499999999997873701 0.25692218291349161463 -5.9666076318544050139 -2.5371690153552579616 0.0016679539342428096466 
4.374999999999795719 0.25449273888623036299 -5.9072824692852616835 -2.5372631254762980646 0.0015585599731132466095 
4.3999999999998040678 0.26137992187824837798 -5.8943977359810739713 -2.5373346055401633237 0.00083132644130817204189 
4.4249999999998124167 0.26142990087045081538 -5.9358839658413842244 -2.537381305286414257 0.0012307772475374230241 
4.4499999999998207656 0.25408969651217450103 -5.9659870178747533842 -2.5374619630047692276 0.0012544343067790396894 
4.4749999999998291145 0.25398426592246520217 -5.9216068236598289332 -2.5375451998591036507 0.0013845667356192504615 
4.4999999999998374633 0.26269986933097805304 -6.0280750349443961156 -2.5376001273572490469 0.00088766610967992037352 
4.5249999999998458122 0.26656653557950171773 -6.0353714245664225047 -2.5376657787716130343 0.0012092635910102105239 
4.5499999999998541611 0.26660961325351623108 -5.937824982592566414 -2.5377324245285106663 0.00108050571345374752 
4.57499999999986251 0.26639960458437095259 -5.8922814356352608556 -2.5377820174349245974 0.00077816769047285550519 
4.5999999999998708589 0.26148137758720702006 -5.7533040248610038958 -2.5378461240420269185 0.0011389930877953127232 
4.6249999999998792077 0.26101358218709719283 -5.8427326586787309282 -2.5378987179164052002 0.00099974240005457700071 
4.6499999999998875566 0.26404133806929019901 -5.9757654062698213338 -2.5379637439062228133 0.0010265663815444991437 
4.6749999999998959055 0.26071896065376931606 -5.9304630214596425475 -2.5380179748887967683 0.00099062997019859207019 
4.6999999999999042544 0.25653634571624212013 -6.0093321701501434262 -2.5380706069872895903 0.00068957393815148734176 
4.7249999999999126032 0.25544151018360100602 -6.0148208281948187803 -2.5381134288194235893 0.00082233735503907932386 
4.7499999999999209521 0.25678180187411453472 -5.9614885350120880858 -2.5381641784938313577 0.0010064485934362734938 
4.774999999999929301 0.26287763576166528479 -6.0175362661169042866 -2.5382142667841200989 0.00070120193144839978484 
4.7999999999999376499 0.26977929807358730363 -5.9798576384689887675 -2.5382600749347141722 0.00085593733802217901452 
4.8249999999999459988 0.26923797972224278174 -5.85920200005419467 -2.5383123723308025355 0.00089659621414396551906 
4.8499999999999543476 0.25971517701211727092 -5.7592932438369945913 -2.5383592747145673485 0.00074296041668214666057 
4.8749999999999626965 0.25463456539944739898 -5.7951225636261183283 -2.5383929493283798884 0.00043042586053292585489 
4.8999999999999710454 0.26159387840581560525 -5.8811480280013093136 -2.5384262829199686351 0.00083524618660842553548 
4.9249999999999793943 0.26816480325682967578 -5.9769588847147918642 -2.53847597732170982 0.00080468364756489129709 
4.9499999999999877431 0.26485148740036323911 -6.126996046291791842 -2.5385255982739116654 0.00073675706736481109699 
4.974999999999996092 0.25712311074499327734 -6.0390191920720770469 -2.5385543672653390068 0.00044095759511073078169 
