0.025000000000000015266 0.60143403518641336269 0.00052470625750053803693 -2.2388909503389404776 0.044335035342697122485 
0.05000000000000003747 0.57358163328730960018 0.018551244195663146863 -2.2429942303432475192 0.069513246486152202586 
0.075000000000000052736 0.41429889734188807271 -0.016125588290486714271 -2.2544777106103484066 0.11632340421276328446 
0.10000000000000007494 0.36353422012243236106 -0.054867088854110401819 -2.2739200834739232704 0.13256767027303090201 
0.12500000000000008327 0.18051411536067932251 -0.37582973450117251879 -2.2868152062417776982 0.077478661692142319906 
0.15000000000000010547 0.19544915985493671595 -2.4021770790696002074 -2.2970742091936671159 0.091409923738193024634 
0.17500000000000012768 0.30545289831036981365 -3.272738645930354906 -2.3086613051133659802 0.090685465806503232078 
0.20000000000000014988 0.21043291608603664766 -1.8443516129834800488 -2.320529764353904234 0.074414715382523283216 
0.22500000000000017208 0.2167635156432914656 -2.7789992889618395644 -2.3308201714988028286 0.094430075632300158883 
0.25000000000000016653 0.28206018252900377785 -3.1616104762866497069 -2.3427013789403954291 0.09119779605152854296 
0.27500000000000018874 0.24029684694346167828 -1.7752904595887395445 -2.3538618381918494649 0.071405188886875275989 
0.30000000000000021094 0.26572462073773456259 -1.9829303873194947805 -2.3635656039896315583 0.072934591273965829195 
0.32500000000000023315 0.30637945942423916446 -1.7889384491374844544 -2.3731630413545126146 0.081073066196320944798 
0.35000000000000025535 0.33157989360526701761 -0.19868983397737127738 -2.3831367432146839391 0.081231433925894255821 
0.37500000000000027756 0.3164030431520581943 0.34515753252421166319 -2.392583351137770542 0.054317877932823936671 
0.40000000000000029976 0.23917281983594834704 0.29458440601704438677 -2.4001863434019536925 0.062573343763677582996 
0.42500000000000032196 0.21214341650064783007 -0.28922753705417703074 -2.4076989689054895116 0.056724338876351670935 
0.45000000000000034417 0.21772397928907372133 -0.42320870430881313284 -2.4144561928944181517 0.044564560301261137154 
0.47500000000000036637 0.21863534941973897241 0.63676938269043903418 -2.4208433381652416649 0.051315970714445366396 
0.50000000000000033307 0.22160339629196995626 -1.8089820477934996923 -2.4268050563236664985 0.045808909566151814752 
0.52500000000000035527 0.24859695107919249635 -2.1456179346126305063 -2.4335992568048272489 0.056502385495364799983 
0.55000000000000037748 0.24469456920677773448 -1.9965422428684327372 -2.4414667571931896184 0.058288900649341966742 
0.57500000000000039968 0.2502926835969125352 -1.3880044060063245759 -2.4469900036951854894 0.028282528650034857026 
0.60000000000000042188 0.29222117094531202541 -1.8568567877727493176 -2.4505547846641588805 0.033433673717082994237 
0.62500000000000044409 0.29319078479686344618 -1.9522933704371805419 -2.4558997176685797292 0.049445352006014978152 
0.65000000000000046629 0.24982607177768542672 -0.73485718238751462916 -2.4611582022665867697 0.023013077941229757167 
0.6750000000000004885 0.22847219547910430082 -1.4116934541625436594 -2.4648413335714174366 0.03468246519866741151 
0.7000000000000005107 0.2337500476625369028 -1.4815645505720249631 -2.4689207026432851144 0.033439010022771463448 
0.72500000000000053291 0.26796787900256879844 -0.12236259022070222757 -2.4727477032694413772 0.019483292007966872966 
0.75000000000000055511 0.25068447847107083737 -0.27418154998533600386 -2.4761780781712272592 0.036376969843104615954 
0.77500000000000057732 0.20122442447306024271 -0.30202743841798757041 -2.4801864347927833343 0.021928284417212239726 
0.80000000000000059952 0.23085422898562424354 0.4773114048033971768 -2.4831607829408821608 0.027540626036336456756 
0.82500000000000062172 0.28965840435908379868 0.37527805732722108178 -2.486811185628960974 0.025124232558292464157 
0.85000000000000064393 0.28596462047530002426 0.17765953419770391664 -2.489908163452472234 0.025309789711653835759 
0.87500000000000066613 0.25946768486896948369 -0.20973047043400794287 -2.4930542405359878977 0.0243520002754294973 
0.90000000000000068834 0.24465344844942607527 -1.0762597023021105436 -2.4963972745265796682 0.020698257487816940775 
0.92500000000000071054 0.23560503553273048905 -0.74161147531622928497 -2.4989436735896264352 0.023159469786595044544 
0.95000000000000073275 0.24805141270495711936 -0.3210357352882440285 -2.5013944820833922122 0.014590098837860552769 
0.97500000000000075495 0.25552263941830849481 -0.38845457908806646508 -2.5031579869053137699 0.012679118344960724554 
1.0000000000000006661 0.23341087775221897038 0.22677119775894588605 -2.5056098691770776199 0.01961083337405554114 
1.0249999999999979128 0.22651056994333879091 0.1521101391577469597 -2.507686703328662059 0.017079190600524173094 
1.0499999999999951594 0.25021809765927716107 0.02371964003287851952 -2.5095681196865431417 0.010797482543093043367 
1.0749999999999924061 0.2618591172014503865 0.48545657105913364582 -2.5112711641289737763 0.013743582699926447377 
1.0999999999999896527 0.2739625456979332685 0.097846866459855297293 -2.5129932296333810093 0.015340434023489757029 
1.1249999999999868994 0.2685624917155086111 -0.61464294226492466322 -2.5149045021942484368 0.012473725541028287886 
1.149999999999984146 0.24791041111628969729 -0.59124718243454554845 -2.5162659137283407418 0.0075362639404110524921 
1.1749999999999813927 0.26174720020297953527 -0.44520595985581135068 -2.5172186092724344597 0.0084693418949322290395 
1.1999999999999786393 0.2643663990354955251 -0.43210050686799561515 -2.5184209907042052201 0.011042279381187810813 
1.224999999999975886 0.23929433654240248042 -0.080928031494441943217 -2.5198724184421465999 0.0086143345003219223138 
1.2499999999999731326 0.25319477576668769636 -0.0072539410213622312895 -2.5211484548985714227 0.012094027399841514314 
1.2749999999999703792 0.2747632826702170461 -0.098432742808210405006 -2.5223004521477188078 0.0064601913761949073672 
1.2999999999999676259 0.2501683947693108534 -0.13476755585858024578 -2.5231791590232890421 0.0057830582974439381783 
1.3249999999999648725 0.23838489889667124899 -0.38457126846358158367 -2.5240599318906209447 0.0084226650675228685594 
1.3499999999999621192 0.24951280374085479941 -0.33096432081649063139 -2.525051854647240912 0.0068467606319126276052 
1.3749999999999593658 0.25352397718457569953 -0.16373992230342160337 -2.5258761667496658632 0.0059712637777311287218 
1.3999999999999566125 0.2610979158008362444 -0.3988289759122985445 -2.5267211730862624286 0.00604401162957871399 
1.4249999999999538591 0.26462133112827673775 -0.36926744979163006466 -2.5274178009768548669 0.0056987945964835579407 
1.4499999999999511058 0.25838165923774691901 -0.097215789341733638285 -2.5280239593977875678 0.003699972919329088273 
1.4749999999999483524 0.26658157608131005656 -0.15027224757155938084 -2.5287827533953968207 0.0068297135365880190863 
1.4999999999999455991 0.2668394006635281257 -0.019049833973153740274 -2.5293336549878984165 0.0031883063861902968816 
1.5249999999999428457 0.25645915225472515342 0.089837809329143314407 -2.5298901322434290684 0.0041438807534565098162 
1.5499999999999400924 0.25603260371039132659 -0.18969689979248510747 -2.5304253504954128395 0.0043309883387010889022 
1.574999999999937339 0.24739982579120770034 -0.22441004904700895262 -2.5309528701652506122 0.0042506308466539761276 
1.5999999999999345857 0.24843803227419045121 -0.18402903857773034169 -2.5314705424548815671 0.0032553570788950202466 
1.6249999999999318323 0.26068779339091219249 -0.30077500458035244524 -2.5318912129953696777 0.0029718753065239781989 
1.649999999999929079 0.254672939368948692 -0.14012506574994787467 -2.5322352343449221479 0.0029134539534250770455 
1.6749999999999263256 0.25269527908663896865 -0.15266539060065104083 -2.5326199856952311684 0.003188335554990706644 
1.6999999999999235722 0.27086982339087029015 -0.27533763264735916509 -2.5330523967339346747 0.0024184467927103247761 
1.7249999999999208189 0.26514062948725397595 -0.10387192062457367703 -2.5333540753798668987 0.0031148669474757727411 
1.7499999999999180655 0.25152687788916716638 -0.13024685809668851144 -2.5337057715952515657 0.0019709992880168731265 
1.7749999999999153122 0.26295285184085914754 -0.14830370335239517754 -2.5339738110265153104 0.0022474857415392020255 
1.7999999999999125588 0.26502950347664788744 0.039255378652907624293 -2.5342637311670919154 0.0020196041425173723999 
1.8249999999999098055 0.25274515156068044774 -0.15682027219446342814 -2.5345143310194466757 0.0019663061004386622917 
1.8499999999999070521 0.25041937720986467975 -0.2787697736034929763 -2.5347372346271597188 0.0015616098898064559915 
1.8749999999999042988 0.25389810645784122167 -0.077306261429748057701 -2.5349742735813540762 0.0019465876931578564735 
1.8999999999999015454 0.2622435713357688658 -0.075152635937239364861 -2.5352409761650074316 0.0019588740832116443777 
1.9249999999998987921 0.2666374281919610123 -0.091204530177184717221 -2.5354219474034120907 0.0011942617524618715213 
1.9499999999998960387 0.25768648448033659726 -0.16101455577478701597 -2.535601141204722353 0.0013419740603038802802 
1.9749999999998932854 0.255849347311312314 -0.40033023202854878253 -2.5357543203751080618 0.0010093448379546363612 
1.999999999999890532 0.25844708483421396927 -0.34206856920546990786 -2.535922068555628961 0.0017268467024563576018 
2.0249999999998880007 0.25815667554745341805 -0.14381585807686703138 -2.5361219301043598229 0.001223233140478820636 
2.0499999999998852473 0.26222314744341401749 -0.11568573327428210984 -2.536258000179361094 0.00076937894189080583383 
2.074999999999882494 0.25781114237316776761 -0.052009955695262011233 -2.536376030068723253 0.0011290612974243251828 
2.0999999999998797406 0.25004662614568495815 -0.06670423809078146471 -2.5364968967760761487 0.00092461464212811026765 
2.1249999999998769873 0.26036715321462605699 -0.13675721058435097444 -2.5366313315274569007 0.00080394145601598069294 
2.1499999999998742339 0.26611889878807654108 -0.060369753303000539546 -2.5367420160774956095 0.0010603842641899944698 
2.1749999999998714806 0.26039109563464390984 -0.11870840496934853547 -2.5368471358878506017 0.0006065684399089662799 
2.1999999999998687272 0.26274943800573385966 -0.28779711337477248412 -2.5369368011525228468 0.00076177840148805098588 
2.2249999999998659739 0.2605211053019211298 -0.24617407253600792627 -2.5370518863428515033 0.00082111866531168814162 
2.2499999999998632205 0.25332121190824397061 -0.18638564047389827305 -2.537133712848072431 0.0006262247693721599345 
2.2749999999998604672 0.25366671179256367052 -0.21982060351583404545 -2.5372009553354675226 0.00039731065100054280921 
2.2999999999998577138 0.25746770418310055417 -0.12715124754877976665 -2.5372766100294885661 0.00063476040248666861475 
2.3249999999998549605 0.26187548059981768933 -0.054351276467965337069 -2.5373531376860123387 0.00068758183240672508026 
2.3499999999998522071 0.26121886997714610645 -0.14723058171485214896 -2.5374257596275175963 0.0003983277563429203378 
2.3749999999998494538 0.25756024058943199906 -0.16586071117472556136 -2.5374952680970945806 0.00050974814285108032905 
2.3999999999998467004 0.26097406684228163787 -0.14047640678591077901 -2.5375350785191690406 0.00033146924331664085004 
2.4249999999998439471 0.26168491992912878974 -0.14651344394983206731 -2.5375959026659629103 0.00049358503748416480451 
2.4499999999998411937 0.25890476903045434032 -0.098349711610982382126 -2.5376511461685087312 0.00033695563062958349462 
2.4749999999998384403 0.26062110343077299346 -0.14961153859261488996 -2.5377005101220180272 0.00041181695883024151128 
2.499999999999835687 0.25838241062075706367 -0.22880875687754553827 -2.537739319118930581 0.00029220378676093764284 
2.5249999999998329336 0.25588967996953398965 -0.16933451505825947159 -2.537786929964913174 0.00031588405698590227072 
2.5499999999998301803 0.26074595672811995417 -0.19001644067682915695 -2.537829195825996198 0.00037030256610602661858 
2.5749999999998274269 0.26050754751475202475 -0.21131264850785463905 -2.5378630390960084107 0.00020668965023938978376 
2.5999999999998246736 0.25673153927928810125 -0.095895124520950059122 -2.5378957476175219021 0.00020414583714973614744 
2.6249999999998219202 0.25820479676704616301 -0.12017714089425340918 -2.5379241404587871145 0.00031079698767808781835 
2.6499999999998191669 0.25965618113886074214 -0.17898979278255067182 -2.5379632393840578786 0.00025715422178872892776 
2.6749999999998164135 0.25990752826446039681 -0.11867728411031036595 -2.5379945600573226017 0.00021557776212393150875 
2.6999999999998136602 0.2593856629563738303 -0.16185598174003701377 -2.5380183383615873005 0.00013192524037088310465 
2.7249999999998109068 0.25939103041201017064 -0.18282867979400257985 -2.5380365636569632848 0.00021074127901741834855 
2.7499999999998081535 0.26212524830909106344 -0.12871802444491714512 -2.5380633273160158048 0.00016591289971441846619 
2.7749999999998054001 0.26097303306896590946 -0.18782226703898202702 -2.538089700776775981 0.00020602357186619242374 
2.7999999999998026468 0.25760176617155711165 -0.18043275434851308026 -2.5381095011697785147 0.00014142217958865369704 
2.8249999999997998934 0.25909554166539572329 -0.12503653266561615132 -2.5381263882721034619 0.00011496657651542801777 
2.84999999999979714 0.25931313844558401271 -0.15452230907309477681 -2.5381457068404813526 0.00016449549248878327827 
2.8749999999997943867 0.25718328518229904844 -0.12248708791459289591 -2.5381636343834879099 0.00011249886709121636585 
2.8999999999997916333 0.25814677921927764448 -0.14643176074675645637 -2.5381787045208015208 0.00012976127893476723115 
2.92499999999978888 0.25886661929395937687 -0.23087847994530247275 -2.5381924213476505514 8.4352448288898279768e-005 
2.9499999999997861266 0.25904503360437824977 -0.15998064578346116171 -2.5382075074204126786 0.0001281046445046345086 
2.9749999999997833733 0.26163129306509197436 -0.1218436643170567879 -2.5382220086989915053 0.00010647395434518608359 
2.9999999999997806199 0.26180556138789301546 -0.17217934802057910382 -2.5382342414021743515 8.6452741719579789901e-005 
3.0249999999997778666 0.25891983952117597623 -0.14767878251982047288 -2.5382447048930960598 6.2185664866177794074e-005 
3.0499999999997751132 0.25874261337478260403 -0.14995817983172293753 -2.5382540679960077235 8.8003414600617283414e-005 
3.0749999999997723599 0.26019995421587943651 -0.15724082926841020935 -2.5382657453090411437 9.4718856592525572588e-005 
3.0999999999997696065 0.25930529637291344081 -0.12046019377846289844 -2.5382755311112892294 5.790634348280977858e-005 
3.1249999999997668532 0.25782013294739392073 -0.14634948425188759602 -2.5382849845914519094 6.5395107781768434447e-005 
3.1499999999997640998 0.25782051444278608621 -0.16037217656176572245 -2.5382921634114721243 6.8706676084624281812e-005 
3.1749999999997613465 0.2589493981080984164 -0.16123999600339283811 -2.5382998492419415193 4.8630642257413505571e-005 
3.1999999999997585931 0.26033565701372229917 -0.20210856421838935271 -2.5383079530746708308 5.9965911468518139484e-005 
3.2249999999997558398 0.2603231427943153431 -0.17439759936082727121 -2.538314842329806531 5.0601877861499874824e-005 
3.2499999999997530864 0.25985173322993815326 -0.14139384209675165405 -2.5383197338504359664 4.1581522535556545556e-005 
3.274999999999750333 0.26035811744031711612 -0.16407967303255960312 -2.538327178818060581 5.3924253648093936923e-005 
3.2999999999997475797 0.25915309382659301729 -0.14354359959177898087 -2.5383334656187881428 4.3590923630642726958e-005 
3.3249999999997448263 0.25774558664567093214 -0.12928396755566207155 -2.5383380125869932087 3.5775520426686251813e-005 
3.349999999999742073 0.25910264590559500819 -0.14772518507580739699 -2.5383422350716058347 2.6170246509397640262e-005 
3.3749999999997393196 0.25960032397901244838 -0.145755829005944193 -2.5383472252031635819 4.2677219927786456781e-005 
3.3999999999997365663 0.25958070814328920717 -0.15922942212675500473 -2.5383514039765793235 3.5932903414312712914e-005 
3.4249999999997338129 0.26053107641613254541 -0.16930310654354052691 -2.5383566838170081859 3.0906663910496029067e-005 
3.4499999999997310596 0.25914197232520785885 -0.16338835547624525057 -2.5383598628271366593 2.3167067652733337035e-005 
3.4749999999997283062 0.25843180495571843602 -0.17309459009221073167 -2.5383629099812465846 2.8120378764659066797e-005 
3.4999999999997255529 0.26010479122572904842 -0.15662013667998631039 -2.5383666237499316054 2.3330730413598550093e-005 
3.5249999999997227995 0.25940132399308218902 -0.13862132751113537266 -2.5383695980549947357 2.3205067328758171604e-005 
3.5499999999997200462 0.25868938127411689187 -0.16079367740702327216 -2.5383727073184294554 2.6766273366406179417e-005 
3.5749999999997172928 0.25964745454943316538 -0.16413424748931360053 -2.5383755831592114127 1.7351892288735215939e-005 
3.5999999999997145395 0.25909757391282967065 -0.15295277617128844039 -2.5383781763182460267 1.7276528188059399739e-005 
3.6249999999997117861 0.25915160800866399171 -0.15737430921002787398 -2.5383803603118337833 2.336139992777866713e-005 
3.6499999999997090327 0.2599441002779698251 -0.14911541933999128418 -2.538382777302975235 1.0575522115634201177e-005 
3.6749999999997062794 0.25956685817509039804 -0.13939681289523020435 -2.5383847043215452821 1.7819418990671547707e-005 
3.699999999999703526 0.25997190386497120995 -0.14483739574688553331 -2.5383868076904718691 1.6061773557598335398e-005 
3.7249999999997007727 0.25963633416716663804 -0.15621730096489727657 -2.5383887335606916125 1.4477706932238198844e-005 
3.7499999999996980193 0.25837919623390315227 -0.17177388596123716047 -2.538390600167742317 1.2096907005765853376e-005 
3.774999999999695266 0.25927886747595324524 -0.17176877290847997193 -2.5383921922132763882 1.1732102598337807093e-005 
3.7999999999996925126 0.25986538249361024189 -0.15783880911207037734 -2.538393463634725844 1.1397039003200298333e-005 
3.8249999999996897593 0.2592131412903616039 -0.15864175723222234682 -2.538394986904090711 9.6565806193116870602e-006 
3.8499999999996870059 0.25937263420271094994 -0.16164006015561876994 -2.5383965065115918769 1.2669971707309414142e-005 
3.8749999999996842526 0.25894056522731018211 -0.14923658559724395367 -2.538397653847932478 7.1970762433341337383e-006 
3.8999999999996814992 0.25890856708474069281 -0.14194181057579241534 -2.5383989174423895463 1.091956422571548085e-005 
3.9249999999996787459 0.26020919109005202774 -0.14558299894819493048 -2.5383999816038924635 5.8378635861018915885e-006 
3.9499999999996759925 0.25998735053960780883 -0.14792617589707113268 -2.5384009915818923631 9.1341151103730759778e-006 
3.9749999999996732392 0.25915578725753440903 -0.15910599115509044266 -2.5384019997782347744 7.0475469289217461765e-006 
3.9999999999996704858 0.25937530753903548231 -0.17256642403606775593 -2.5384028275612076087 5.737628054443516869e-006 
4.0249999999996788347 0.25933043447857795361 -0.16334085659571878635 -2.538403736112923248 7.4028930794456671027e-006 
4.0499999999996871836 0.2593570124870897553 -0.15219748269130195517 -2.5384045866111071277 6.2582632783832424495e-006 
4.0749999999996955324 0.25955571410002098443 -0.15674638035543536629 -2.5384053546803779788 5.5308147078366065409e-006 
4.0999999999997038813 0.25928928204913398448 -0.1557423748151162135 -2.5384060130370329489 4.5383756851028325818e-006 
4.1249999999997122302 0.25927168620298840507 -0.15234264894838023263 -2.5384066569979428785 4.3828293155354750935e-006 
4.1499999999997205791 0.25921452745780071414 -0.15215164813112463937 -2.5384071261790452922 5.2458780306985118227e-006 
4.1749999999997289279 0.25905788279282737641 -0.14972646742963674482 -2.5384079285011913463 4.7996715209954305775e-006 
4.1999999999997372768 0.25949746399297068944 -0.15733391118714451506 -2.5384084842220744349 4.0529670871838787059e-006 
4.2249999999997456257 0.25968117635831539092 -0.16212158813539973012 -2.5384088985443553632 3.2474050459658941279e-006 
4.2499999999997539746 0.25947563089931097169 -0.157434312901579887 -2.538409340067788289 3.2536668445424999105e-006 
4.2749999999997623235 0.25960922224695842653 -0.1626363466100136379 -2.5384098205197456188 3.3491186614131319311e-006 
4.2999999999997706723 0.25963067283645846484 -0.1573568209287411479 -2.5384102282486855628 3.838615493013550999e-006 
4.3249999999997790212 0.25950315143379831806 -0.14282893088150266925 -2.5384106670395434335 2.6325013163546644515e-006 
4.3499999999997873701 0.25941506826094884453 -0.15058099489401605142 -2.5384109976080360127 2.0707545297817413728e-006 
4.374999999999795719 0.25902390228413246787 -0.15671493258571556062 -2.5384113495011608741 3.6519117783386749866e-006 
4.3999999999998040678 0.2588254208291622116 -0.15368287324473600686 -2.5384116844638398014 1.7338873692962860455e-006 
4.4249999999998124167 0.25922498631848733819 -0.1621565802027127301 -2.5384119616630549388 1.9639146011142294625e-006 
4.4499999999998207656 0.25966665826821649921 -0.16246268032549698868 -2.538412230061219077 2.467566374593632124e-006 
4.4749999999998291145 0.25976238600673323687 -0.1572091940358853468 -2.5384125075179286846 2.037080228374412922e-006 
4.4999999999998374633 0.25953764336542367586 -0.16008392730848286512 -2.5384127873401656217 1.804336948343660764e-006 
4.5249999999998458122 0.25935992471515029179 -0.15356649730271176857 -2.538413020717772639 1.8551359753169345145e-006 
4.5499999999998541611 0.25947494175618585066 -0.14834045729018935367 -2.5384132064931752559 1.2940091656904014343e-006 
4.57499999999986251 0.25945701938161891409 -0.15231625763940481733 -2.5384133934877897154 1.4511321572960526669e-006 
4.5999999999998708589 0.25926152775410332696 -0.15066542498173940423 -2.5384136169492057533 1.734443474831317959e-006 
4.6249999999998792077 0.25929756008719068161 -0.15532217503279277526 -2.5384137974472849031 1.4158478364723493533e-006 
4.6499999999998875566 0.25934850196065944994 -0.1629541455065975919 -2.5384139607792572946 8.4916418051251150964e-007 
4.6749999999998959055 0.25928934241699475027 -0.1588981542038260808 -2.5384141094166912112 1.4200553545336161518e-006 
4.6999999999999042544 0.25942644081343446683 -0.15792573163550005511 -2.538414263804571025 1.1677400851187674562e-006 
4.7249999999999126032 0.25956693011285031369 -0.15703391319954673744 -2.5384144087709734627 8.7166722833708658085e-007 
4.7499999999999209521 0.25950620820106645725 -0.15037611287381530412 -2.538414529472295289 9.3292796430811607245e-007 
4.774999999999929301 0.25939471455019791346 -0.15436600632306651804 -2.5384146325220897644 8.6571292809924740094e-007 
4.7999999999999376499 0.25923560524581479303 -0.15964785268064929369 -2.5384147634216338574 1.0737031556394244266e-006 
4.8249999999999459988 0.25925447832378450963 -0.15582468842175167811 -2.5384148880763195422 6.8857564585346364173e-007 
4.8499999999999543476 0.25953824457994195685 -0.15516896594676304888 -2.538414982070384518 8.128726548835325412e-007 
4.8749999999999626965 0.25958836568498072639 -0.15480708049019675787 -2.5384150486537442326 4.1635504408368661607e-007 
4.8999999999999710454 0.259384302596278149 -0.15317919312954220157 -2.5384151436749657904 8.1076783191124049986e-007 
4.9249999999999793943 0.25927590701084657354 -0.15652343781228295061 -2.5384152352800959385 6.682033962950624963e-007 
4.9499999999999877431 0.25928607168558215346 -0.15628561464940632364 -2.5384153175262409441 6.0507040062041174342e-007 
4.974999999999996092 0.25947908458835911016 -0.15348413022020856999 -2.5384153866938374833 4.5905918040388370497e-007 
