0.05000000000000003747 0.59102460260999101216 0.027606593759801997812 -2.3326254940531230275 0.060560799608309526243 
0.10000000000000007494 0.44865005390053158685 -0.13639972741851930094 -2.3614402433890027133 0.15732661010019716175 
0.15000000000000010547 0.23662883380783841791 -2.6462254418681068202 -2.3988266112288307852 0.15524835098522829502 
0.20000000000000014988 0.39000269975238277542 -2.9894135778919013191 -2.4458848293638899563 0.12415341238808773328 
0.25000000000000016653 0.27602317142259646943 3.9258739319146629398 -2.4793370669843293186 0.10487206789886187319 
0.30000000000000021094 0.26616999587590306486 5.1024269725845776691 -2.5018429264109074417 0.078258906876497752458 
0.35000000000000025535 0.33859124869492168708 5.2550243703642518511 -2.5279826687010644726 0.094218546421646343081 
0.40000000000000029976 0.24030283361011994803 4.0779844033192205188 -2.5483710513238762019 0.063461890717909641424 
0.45000000000000034417 0.33516583397206400896 2.9509352960050936332 -2.5653500566208005118 0.076721601168989211894 
0.50000000000000033307 0.30806765478812558889 3.3306254364240315269 -2.5854608828784386709 0.055141840027162061788 
0.55000000000000037748 0.23055646085031986092 2.6696418662018617241 -2.6020675014369234468 0.066634905813752642878 
0.60000000000000042188 0.28680559352421136632 -1.492098520602153755 -2.618063370137379664 0.059596634955972394021 
0.65000000000000046629 0.27183849550730493361 3.0006615138585930325 -2.6341285662206899154 0.045837715908786255681 
0.7000000000000005107 0.32422954585598451338 -0.13439956691323684534 -2.6468693281181323584 0.049927982572648139936 
0.75000000000000055511 0.3502660635686314361 0.90586328218057332595 -2.6605818151961750928 0.046646010119307447506 
0.80000000000000059952 0.27970636579408719724 5.0625358151046384592 -2.6703938390512385048 0.035479520405837954022 
0.85000000000000064393 0.31267268598157527126 -0.84347521213192822032 -2.681682518849176855 0.037440410329846331161 
0.90000000000000068834 0.2812256071270434199 -1.1961450526364423297 -2.6891068003864502245 0.017174402958800766283 
0.95000000000000073275 0.34568978429713109746 -0.30630276133398182115 -2.6963143335624226715 0.025212847427943056028 
1.0000000000000006661 0.33720497910805502517 0.8790629530325608787 -2.7024094848423287907 0.018615976369669537394 
1.0499999999999951594 0.28878785014220287319 0.83503338282877004328 -2.708493428310902118 0.021491644633548599719 
1.0999999999999896527 0.30731615360216835153 -0.057359741262910324266 -2.713471953601201303 0.014977712114069990229 
1.149999999999984146 0.27952450274589407675 0.047542412859882032805 -2.7171543220598071144 0.016907682955342048792 
1.1999999999999786393 0.30431526631450478426 -0.061119373274301724841 -2.7203774381625263068 0.012337353371789849463 
1.2499999999999731326 0.32064654675282328045 -0.24729732104583601604 -2.7235519804736147975 0.013043630449981235067 
1.2999999999999676259 0.31898783133046310079 0.031400371453405129252 -2.7266717520968986044 0.0091925837048018217701 
1.3499999999999621192 0.32912287046147692404 0.25309472509696628872 -2.7291364998079123971 0.0062615392172765318296 
1.3999999999999566125 0.33981571821524730881 0.56988227225113285979 -2.7313521600857697536 0.0082547533240882164235 
1.4499999999999511058 0.30960386818996527003 0.21969604738537729105 -2.7332829300038099518 0.0064638080727818523 
1.4999999999999455991 0.31237493497090174088 -0.073391100666088726623 -2.7349127055288602328 0.0045828410786120056183 
1.5499999999999400924 0.30782970882156457382 0.18486644214875802561 -2.7362153553761694447 0.0052344691886985327683 
1.5999999999999345857 0.32172200673108936053 0.24492122498958834864 -2.7375366086633055041 0.0058361514068595733012 
1.649999999999929079 0.33974580206357601897 0.061246238744118275399 -2.7387344166064204742 0.0033091753734634768609 
1.6999999999999235722 0.3177731934703563188 0.2710071333819539241 -2.739637227382799356 0.0024226145230518444755 
1.7499999999999180655 0.33934452156073491302 -0.098883470610245549626 -2.7404689142355347364 0.0022781180522262706005 
1.7999999999999125588 0.3079877487570421013 0.30916779494222257352 -2.7412965006081746466 0.0025013224456943723012 
1.8499999999999070521 0.32815882411868746438 0.25807401680537778166 -2.7418736948755051408 0.0021571306240806575362 
1.8999999999999015454 0.31671547818761247584 0.21176305178906618121 -2.7423857843274093149 0.0022175146788247445361 
1.9499999999998960387 0.32644263026730030441 0.21247659290047560265 -2.7429379601803529631 0.001599815216426472321 
1.999999999999890532 0.33243861167860522254 0.12590940635420877491 -2.7433785078624945974 0.0014005163587781773935 
2.0499999999998852473 0.32454804098638301291 0.11282752526625550171 -2.7437165942316199541 0.0012708538215338840635 
2.0999999999998797406 0.32569488839435395411 0.074653152759436958164 -2.7440753573578056113 0.0011337215753003638489 
2.1499999999998742339 0.32210363452003887286 0.18050074515846037393 -2.7443367880026987571 0.00080677719067513481085 
2.1999999999998687272 0.31983007691739911982 0.29734450216020402724 -2.744567610363633392 0.00075274027091767360936 
2.2499999999998632205 0.3281678414278363376 0.24017413184553348948 -2.7448030367284999009 0.00063575393112903669061 
2.2999999999998577138 0.32698084872673705004 0.17502752526633102992 -2.744979478631026204 0.00060302123364532945506 
2.3499999999998522071 0.32811418508816142525 0.06870256710163102909 -2.7451281383585897089 0.00047041377669034055257 
2.3999999999998467004 0.3243792339768413191 0.054159760820797098191 -2.7452798695166227283 0.00030458499195112334265 
2.4499999999998411937 0.32378274072169882514 0.24882588756770740446 -2.7453997590663585804 0.00035586630461009814263 
2.499999999999835687 0.3238347771725445523 0.20968813069994263198 -2.7455008889230789748 0.00038015758619359545393 
2.5499999999998301803 0.32619757282226663486 0.21036225125637852962 -2.7456023108107485697 0.00036409517519537441897 
2.5999999999998246736 0.32603671868397626765 0.19351232511911675704 -2.7456769489918300131 0.00027225541270470819157 
2.6499999999998191669 0.32833633903464126691 0.1036493128361328786 -2.745747288733895175 0.00020785438953813242845 
2.6999999999998136602 0.32314561744541320243 0.15669797454454459373 -2.7458140702917330778 0.00016435430179739834349 
2.7499999999998081535 0.3254533625298524635 0.13458279175011811368 -2.7458607630997780014 0.00017501679337102201534 
2.7999999999998026468 0.32452053130261587777 0.19117746891844589197 -2.7459043614066724892 0.00016250776273127616315 
2.84999999999979714 0.32709232007531763298 0.21719132831408272111 -2.7459499636618973639 0.00013592289576501296374 
2.8999999999997916333 0.32566500872668768807 0.18067064398069088149 -2.7459832806929092008 0.00012785446478508078329 
2.9499999999997861266 0.32595111723721575947 0.15654532770067874914 -2.7460136456761721213 0.00011736763405927633187 
2.9999999999997806199 0.32438866938604765666 0.14141938735963577312 -2.7460423113202945267 9.1887927642694412875e-005 
3.0499999999997751132 0.32638984395248232806 0.14539030313843603892 -2.7460620180261363643 6.9278324196248442911e-005 
3.0999999999997696065 0.32490764831012258762 0.20862146818841253992 -2.7460820462571517986 4.5866729857524946305e-005 
3.1499999999997640998 0.32648785764418924993 0.16706106585728475178 -2.7461012066730319248 4.9776176168665991865e-005 
3.1999999999997585931 0.32545162347229705802 0.17296085167404717797 -2.7461147039370419343 5.2560733113242257258e-005 
3.2499999999997530864 0.32603068416010710928 0.17414160159011371487 -2.7461277571160991329 5.4861328494551203758e-005 
3.2999999999997475797 0.32546187284417305019 0.15770097447414188618 -2.7461407569240976478 4.2991548021653626084e-005 
3.349999999999742073 0.32482118591625747106 0.17358828116829638777 -2.7461496780333130019 3.5103348312258734424e-005 
3.3999999999997365663 0.326163949648485052 0.172339642700719331 -2.7461586826810227002 2.8972316527963971688e-005 
3.4499999999997310596 0.32569674412956556298 0.16415717904679827388 -2.7461667025201408343 2.7763575902866829449e-005 
3.4999999999997255529 0.32590596664915566505 0.17838964009158586599 -2.746172493678967097 2.5395531988748714221e-005 
3.5499999999997200462 0.32639539174909565356 0.16482254974020504878 -2.7461783293680124274 1.7810517641035274606e-005 
3.5999999999997145395 0.32468665298766041793 0.1724894347033992803 -2.7461839116652067005 1.8867544051416318396e-005 
3.6499999999997090327 0.32535964094951669301 0.17313666474723932165 -2.7461878585481716009 1.3200463560915147128e-005 
3.699999999999703526 0.32578431618329467545 0.17502012810274447663 -2.7461916162333768199 1.4547530799937318687e-005 
3.7499999999996980193 0.32602825061327589395 0.16403080956104898469 -2.7461950392572931356 8.4276033234729873104e-006 
3.7999999999996925126 0.3263281150935302688 0.16671882920142322426 -2.7461976001528096702 1.0257996602395088394e-005 
3.8499999999996870059 0.32517260042259310548 0.17203510858246340298 -2.7462003861246730985 6.7554079957190734122e-006 
3.8999999999996814992 0.32546114857855185099 0.16757372666713910014 -2.7462024569792804485 9.2472554868212484755e-006 
3.9499999999996759925 0.32552101494695961925 0.17858924851085367091 -2.7462042227579783749 6.4301365655213073131e-006 
3.9999999999996704858 0.3258173941905877502 0.17403127758405878556 -2.7462059840115982112 5.2986641009070956145e-006 
4.0499999999996871836 0.32578643372646215459 0.16855573882651686546 -2.7462074889267471534 3.9882618034031673893e-006 
4.0999999999997038813 0.32607588839765638822 0.16506454875554188444 -2.7462085271933260877 4.0417468967954974055e-006 
4.1499999999997205791 0.32526779049713283598 0.16475956108853573312 -2.7462097412586548018 4.114043333655558905e-006 
4.1999999999997372768 0.32587597070940205191 0.17285738111297133113 -2.7462106575162583688 3.3846677394490832532e-006 
4.2499999999997539746 0.32537302580226490356 0.17839538331484550149 -2.7462114021228734018 3.4068658956756917326e-006 
4.2999999999997706723 0.32577516455462091072 0.17241729489930002206 -2.7462122275820255446 2.7999702206917580987e-006 
4.3499999999997873701 0.32583922929026432058 0.16838584845887416552 -2.7462128608302389665 2.4704655267547224386e-006 
4.3999999999998040678 0.32553082765666052634 0.16753568490597159357 -2.7462133033439566354 1.491425989478939709e-006 
4.4499999999998207656 0.3261302906529717216 0.16558396191332414027 -2.7462138168413443573 1.3536186915157011704e-006 
4.4999999999998374633 0.32527531356170336085 0.17468859795913971311 -2.7462142292342512917 1.0207388188682422492e-006 
4.5499999999998541611 0.32566849710084982972 0.17006002513377938001 -2.7462145553849901525 1.2692723168320201551e-006 
4.5999999999998708589 0.3256838338780443376 0.17454178033724399022 -2.7462148772904173555 1.2339788833301816092e-006 
4.6499999999998875566 0.32575590090870765181 0.17174176634444682232 -2.7462151492901276661 1.1995991761892691915e-006 
4.6999999999999042544 0.32589598543842884792 0.16676506988188111169 -2.7462153714961328177 6.9853331785438065108e-007 
4.7499999999999209521 0.32548557615388862274 0.16940508454039882036 -2.7462155988804473061 7.057885498323924589e-007 
4.7999999999999376499 0.32572972769182312325 0.16833791993492852601 -2.7462157636834825247 6.2531898441439902168e-007 
4.8499999999999543476 0.3255990813634314085 0.17293671710279678866 -2.7462159098802643165 5.8616512574804794745e-007 
4.8999999999999710454 0.32571260566247089985 0.17402068984171492616 -2.7462160543493743248 4.1206033705452287897e-007 
4.9499999999999877431 0.32578480206682181031 0.16998478355487267599 -2.7462161646626661593 4.3783902267419609378e-007 
5.0000000000000044409 0.32566468837442136275 0.16832295081208736853 -2.7462162689573546004 4.0527005232944775266e-007 
5.0500000000000211386 0.32567402512366727674 0.17012938496249152553 -2.7462163664402696739 3.5842940415512875992e-007 
5.1000000000000378364 0.32567599331078284086 0.16996834090006140983 -2.7462164321942692524 2.4647854890348377025e-007 
5.1500000000000545342 0.3256305964276495768 0.17180122776402462215 -2.7462164979560923506 1.9350642903630481832e-007 
5.2000000000000712319 0.32576229303114689895 0.17079654396872490096 -2.7462165664300286494 1.774901933986623516e-007 
5.2500000000000879297 0.32568460426629947113 0.17080897522421212287 -2.7462166105928029758 1.6835023099088493242e-007 
5.3000000000001046274 0.32568221350354437105 0.17045584365916055525 -2.74621665285484573 1.6592299577405373128e-007 
5.3500000000001213252 0.32571285224442964035 0.17026339187820427323 -2.7462166965476249025 1.2018629651227682132e-007 
5.4000000000001380229 0.32562403955441016068 0.16975405746425742404 -2.7462167273310349458 9.0675747112268519088e-008 
5.4500000000001547207 0.32570076680448284412 0.17079459276674469059 -2.746216754944545535 7.6393317692154401902e-008 
5.5000000000001714184 0.32572575366242340067 0.17105617032267872446 -2.7462167829631232152 9.7873622073119548818e-008 
5.5500000000001881162 0.32566946376353972381 0.17095834771898399396 -2.7462168030029974197 7.4712825992670563867e-008 
5.6000000000002048139 0.32572272741525049033 0.1698639094311420461 -2.7462168222792735506 6.624965646434451767e-008 
5.6500000000002215117 0.3256432769536488081 0.17060088124897798689 -2.7462168408649061391 6.1751141583533203381e-008 
5.7000000000002382095 0.32569741160196824525 0.17047559089988184589 -2.746216854664340179 5.5474547474788744394e-008 
5.7500000000002549072 0.32568452037049111514 0.17103520735513066953 -2.7462168673302307376 4.052729288674587189e-008 
5.800000000000271605 0.32567891203373128262 0.17032421719642976132 -2.7462168784422815726 2.9597386319293358456e-008 
5.8500000000002883027 0.32573296833577564113 0.1701723451555199329 -2.7462168871021703787 2.3320055714667546034e-008 
5.9000000000003050005 0.32567536917424150245 0.17054918343991865015 -2.7462168960408921414 2.3820499769250167603e-008 
5.9500000000003216982 0.32567792471022843914 0.17084267746459691484 -2.7462169034460819361 2.6941988577564807387e-008 
6.000000000000338396 0.32567039059407904 0.17073628938215634765 -2.7462169089634191899 2.456746309206423561e-008 
6.0500000000003550937 0.32568261348844801395 0.17047204799593285163 -2.7462169151136546219 1.7371261797554468226e-008 
6.1000000000003717915 0.32572014210440336512 0.17040417239108007763 -2.746216920161545616 1.3255140432092983511e-008 
6.1500000000003884892 0.32569200080905136296 0.17046897234396030107 -2.7462169236785731741 1.1574820873644780184e-008 
6.200000000000405187 0.32568170334635965224 0.17037617201778454401 -2.7462169274687604492 1.2630010074070823804e-008 
6.2500000000004218847 0.32568156131782360907 0.17057569405184669353 -2.7462169307398900386 1.0118106539068700731e-008 
6.3000000000004385825 0.32567577628004418244 0.17084045657544277841 -2.7462169331180112941 8.6011809968248094984e-009 
6.3500000000004552803 0.3256926876858263209 0.17073104985767417752 -2.7462169358244770123 8.8900927175502979724e-009 
6.400000000000471978 0.32570073576686175976 0.1704369475866188699 -2.7462169379626160115 8.381284123379942683e-009 
6.4500000000004886758 0.32569192582308392758 0.17031219879935155515 -2.7462169395609246081 6.3450165116526762987e-009 
6.5000000000005053735 0.32568896308481576352 0.1702625535623616404 -2.7462169412099526333 4.6912367310796817713e-009 
6.5500000000005220713 0.32567431349250602901 0.17077067429142189781 -2.7462169426547604623 4.3156164519684712117e-009 
6.600000000000538769 0.32569487209006425799 0.1706938770724668597 -2.7462169437053010057 3.1121489618901781864e-009 
6.6500000000005554668 0.32568226984269371682 0.17071203484501396019 -2.7462169448189941434 4.0193208149197565981e-009 
6.7000000000005721645 0.3256947042868497677 0.17049716740928266834 -2.7462169457002412187 2.7764563936141692232e-009 
6.7500000000005888623 0.32568832668711039657 0.17038634565718513425 -2.7462169464227526028 2.4535836192757199481e-009 
6.80000000000060556 0.32569806904926612567 0.17034533385696071228 -2.7462169471923529862 1.3667551518336716978e-009 
6.8500000000006222578 0.32567647348888417724 0.17063163675307058131 -2.7462169477434428266 2.0036310243713803229e-009 
6.9000000000006389556 0.32569115886002614202 0.1706398952759978771 -2.7462169482337981385 1.5796263561318097768e-009 
6.9500000000006556533 0.32568051213588616877 0.17068429907078885854 -2.7462169487074481466 1.7783763280078064287e-009 
7.0000000000006723511 0.32569769935267045557 0.17051246394580221732 -2.7462169491106434016 1.3038904796125316442e-009 
7.0500000000006890488 0.32569056264724438599 0.17049308348585057171 -2.7462169494267869574 1.1632688542602898318e-009 
7.1000000000007057466 0.32568598127003733911 0.17045554476036184344 -2.7462169497659427719 1.0568957021434499753e-009 
7.1500000000007224443 0.32568929437525617754 0.17047850105883266547 -2.7462169499887951751 7.4488125093278428152e-010 
7.2000000000007391421 0.32568236955447743552 0.17064180012027341249 -2.746216950204726448 5.9415640157599696053e-010 
7.2500000000007558398 0.32569123996765220186 0.17058384910624657671 -2.7462169504248108431 5.3768390811207915256e-010 
7.3000000000007725376 0.32569211449083768084 0.1706035299303169106 -2.7462169505822924265 6.2214554291940436538e-010 
7.3500000000007892353 0.32568740350092018065 0.17051587215176755574 -2.7462169507225699938 5.4285758344517685126e-010 
7.4000000000008059331 0.32568818572918084575 0.1704458604156724455 -2.7462169508663758499 5.04066875444708049e-010 
7.4500000000008226309 0.32568463209241366174 0.17056506030827234266 -2.746216950970705728 2.9880895113118608436e-010 
7.5000000000008393286 0.32569278407625501526 0.17055331347320112911 -2.7462169510650080717 2.7204759056998268057e-010 
7.5500000000008560264 0.32568712341265404486 0.17056953413773656703 -2.7462169511570007074 2.2858189394794864719e-010 
7.6000000000008727241 0.32568858753650897775 0.17056856006475651366 -2.7462169512207377231 2.3950641555415268161e-010 
7.6500000000008894219 0.32568896382618373053 0.17050886903852269239 -2.7462169512831628992 1.8688066073105028124e-010 
7.7000000000009061196 0.32568822106420536322 0.17055725736877547227 -2.746216951347836055 2.3928138551400790457e-010 
7.7500000000009228174 0.32568769102589073539 0.17055229137331584521 -2.7462169513929790554 1.7907649503950895365e-010 
7.8000000000009395151 0.32568812170485800239 0.17052388525405925979 -2.7462169514340137866 1.8404782142291816617e-010 
7.8500000000009562129 0.32568908435377774691 0.17054936826747346679 -2.7462169514734391385 1.2878075944238916685e-010 
7.9000000000009729106 0.32568987629884571522 0.17053052696951931377 -2.7462169515026055855 1.0037039734167178707e-010 
7.9500000000009896084 0.32568796633970548138 0.17056659182919531315 -2.7462169515312271351 8.0494138128691204512e-011 
8.000000000001005418 0.32568773704232245603 0.17054993136300189427 -2.7462169515568253253 9.719683960795101094e-011 
8.0500000000009777068 0.32568790982871242967 0.1705347609521548069 -2.7462169515756587046 7.8379974447940121392e-011 
8.1000000000009499956 0.32568824064404089391 0.17055882353726403711 -2.7462169515943841702 5.7911296707324560674e-011 
8.1500000000009222845 0.32568942088103397525 0.17053886528763162467 -2.7462169516115659818 5.1289365167903802544e-011 
8.2000000000008945733 0.32568929156159254212 0.17052456299864449107 -2.7462169516240360068 4.2057500554139309917e-011 
8.2500000000008668621 0.32568814390462746955 0.170545123175706137 -2.7462169516367178623 4.6475220807260659828e-011 
8.300000000000839151 0.32568828017515522033 0.17054070675302268612 -2.7462169516470793518 3.5198247073746526244e-011 
8.3500000000008114398 0.32568696754077641753 0.17057797715009503925 -2.7462169516553793791 3.2689550440285807016e-011 
8.4000000000007837286 0.32568942959615215793 0.17054825074397772511 -2.7462169516643974987 2.6249174534123576688e-011 
8.4500000000007560175 0.3256885646421511793 0.17053243492179814833 -2.7462169516717200857 2.8590091730899900041e-011 
8.5000000000007283063 0.3256889342636398732 0.17052536376635285542 -2.7462169516766010702 1.8784515344257711538e-011 
8.5500000000007005951 0.32568905133354031367 0.17054006727486803463 -2.7462169516823125015 1.8034504291966871432e-011 
8.600000000000672884 0.32568726332713310301 0.17055615966340176293 -2.7462169516871295372 1.3644821467720645474e-011 
8.6500000000006451728 0.32568851392751274609 0.17055181711536682165 -2.7462169516906063116 1.4248568279102569416e-011 
8.7000000000006174616 0.3256882168935434918 0.17055448755913915626 -2.7462169516943477632 1.5478505250125575684e-011 
8.7500000000005897505 0.32568910875696699403 0.17054235082640012422 -2.7462169516975238892 1.2132568851695850324e-011 
8.8000000000005620393 0.32568866482271668916 0.17053472147278914139 -2.7462169516998597985 7.2850863654136450872e-012 
8.8500000000005343281 0.3256883024966669149 0.1705387251301634377 -2.7462169517022951837 6.2755700282202400759e-012 
8.900000000000506617 0.32568836392520122969 0.17053814849365722672 -2.7462169517043149014 6.0573354076289877205e-012 
8.9500000000004789058 0.32568845730701539987 0.1705546110189573028 -2.7462169517058270252 4.8629485411183581635e-012 
9.0000000000004511946 0.32568819108140872887 0.17055958522519831799 -2.7462169517073955483 4.9117578825031687866e-012 
9.0500000000004234835 0.32568876029141802242 0.17053926007864927961 -2.7462169517086993942 4.9854363227380399898e-012 
9.1000000000003957723 0.32568839869577576041 0.17054159830822512856 -2.7462169517098367066 4.211084728985347474e-012 
9.1500000000003680611 0.32568887759930559289 0.17053549846240156906 -2.7462169517109100703 4.2276712728841513866e-012 
9.20000000000034035 0.32568812085510445709 0.17054515155820426653 -2.7462169517117112072 3.1548175991123620054e-012 
9.2500000000003126388 0.32568839182050041137 0.17055099606546963997 -2.7462169517124199736 2.2887927397553700892e-012 
9.3000000000002849276 0.32568852670580589193 0.17054427949868700143 -2.7462169517131651553 1.9179825831880223265e-012 
9.3500000000002572165 0.32568848848789444528 0.17054860634302937417 -2.7462169517136727492 2.0732331942234402042e-012 
9.4000000000002295053 0.32568860570298990842 0.17054377869883385888 -2.7462169517141385988 2.0749404206861718061e-012 
9.4500000000002017941 0.32568841552852934029 0.17054112318610403776 -2.7462169517146253206 1.7085602592451342496e-012 
9.500000000000174083 0.32568848060893706986 0.17054395858724735735 -2.7462169517149792597 1.1433129364034991762e-012 
9.5500000000001463718 0.32568832399891911589 0.17054386537804233637 -2.7462169517152785758 9.1366704075302184223e-013 
9.6000000000001186606 0.32568854860024576414 0.17054684538628617219 -2.7462169517156063137 1.1317422821571074303e-012 
9.6500000000000909495 0.32568859112299519687 0.17054714922123292986 -2.7462169517158239174 7.1720805196501461487e-013 
9.7000000000000632383 0.32568849866337612475 0.1705427399270446065 -2.7462169517160237575 7.2252447018980639665e-013 
9.7500000000000355271 0.32568833606964864291 0.17054539283275826911 -2.7462169517162364762 5.9634341449279473336e-013 
9.800000000000007816 0.32568842973188527612 0.17054436758159174925 -2.7462169517163923516 6.1045695247536369335e-013 
9.8499999999999801048 0.32568855286319647879 0.17054338751668962626 -2.7462169517165246901 4.2524484709508409893e-013 
9.8999999999999523936 0.32568847483950441601 0.17054651346600080419 -2.7462169517166530319 4.8152479734361396721e-013 
9.9499999999999246825 0.32568857142924972914 0.17054310500523384153 -2.7462169517167591692 2.9872686376966477251e-013 
