0.025000000000000015266 0.60169775195872443607 0.00052656846752176592052 -2.2385500443148504957 0.044535509842477116749 
0.05000000000000003747 0.57367943741472060548 0.018623645730468152415 -2.2423964733541179584 0.070125372910086886113 
0.075000000000000052736 0.41340805465974500565 -0.01661346217081050014 -2.2531925774407648433 0.11758705036070295213 
0.10000000000000007494 0.36187971968413579216 -0.05475649456203957044 -2.2714823219450930303 0.13399180444910319121 
0.12500000000000008327 0.17786006502645018701 -0.37255974833354776887 -2.2836362075124050364 0.078849980593995533384 
0.15000000000000010547 0.19403668890229416877 -2.4218570108287806875 -2.2934330785574172928 0.094344576089244264194 
0.17500000000000012768 0.30611978192453709324 -3.3144116024183958302 -2.3045656596954344764 0.093691927822181358954 
0.20000000000000014988 0.21039911590173118738 -1.8628238983535478912 -2.3161013803916028486 0.078757166360529720639 
0.22500000000000017208 0.21863204140920985963 -2.8256132462448886322 -2.3260724455977643821 0.095929237542639780867 
0.25000000000000016653 0.27993093074611291593 -3.2931101305408398972 -2.3374834560191981581 0.096353917667940019998 
0.27500000000000018874 0.23806777563328848646 -1.913715872232478965 -2.3481450194228234984 0.071672351233299624873 
0.30000000000000021094 0.25816380262276333868 -2.0045927058877204274 -2.3576180586695336672 0.076346185685497669482 
0.32500000000000023315 0.30847074426186060769 -1.5378515520971411945 -2.3668205570535638671 0.086417038889972042082 
0.35000000000000025535 0.33538148853737015376 0.084209875875275341794 -2.376541495767254375 0.080181125509318898481 
0.37500000000000027756 0.31760415750956100256 0.49756092797068846023 -2.3852275577302863852 0.05682595729106531407 
0.40000000000000029976 0.23805123152525886621 0.33906694563967465506 -2.3929575620981484718 0.070975087592984389961 
0.42500000000000032196 0.20709548156833165744 -0.080779740456989879149 -2.4008044725300936584 0.058205243814741750019 
0.45000000000000034417 0.20775353200074686555 -3.1270859343804597863 -2.4076289342089771672 0.05213848598804096679 
0.47500000000000036637 0.19234381335714650918 -2.1762698115155512113 -2.4141488227871872319 0.055799614725809590365 
0.50000000000000033307 0.19502553375097944621 -1.698782972307031347 -2.4207352921592222295 0.053946668893623150876 
0.52500000000000035527 0.23233893754540618781 -2.2091283781294586142 -2.4275459692554295366 0.059824400022261255139 
0.55000000000000037748 0.24224053271333453874 -2.525111775456916785 -2.434888943876238887 0.05630449894927907345 
0.57500000000000039968 0.24276894296484149982 -2.1902421386682866533 -2.4403614897279233276 0.035143020464178192919 
0.60000000000000042188 0.26892164392437994946 -2.5903251020434696628 -2.4441199735189504949 0.034854781531186464216 
0.62500000000000044409 0.27286158331931142929 -2.8347691273379505006 -2.4489599515044431222 0.038716996027134666092 
0.65000000000000046629 0.20598154061436371731 -1.9398972791041648733 -2.4536256312171156324 0.03509388556026252215 
0.6750000000000004885 0.17767073045902928574 -2.292063540796079657 -2.4573468173083292676 0.035984582044234929288 
0.7000000000000005107 0.22170876692991123291 -3.3703590299207952796 -2.4624921620800463984 0.042027120017765817739 
0.72500000000000053291 0.26684027970708085187 -3.0532396212565187099 -2.4672913382056442799 0.035232230858268119567 
0.75000000000000055511 0.25647132947497552902 -3.0176301821783102497 -2.4714169320660488438 0.038263632555035738403 
0.77500000000000057732 0.23178070909276671241 -4.0253242923580829782 -2.4753024170394279935 0.021284717190399683739 
0.80000000000000059952 0.27717074148224513097 -4.0286790950885240647 -2.4783060593965431373 0.033085819454214945856 
0.82500000000000062172 0.29006218468971656232 -3.7073844907746220656 -2.4821774073307931729 0.027814805137651957279 
0.85000000000000064393 0.26561603235270148105 -3.686969328190782047 -2.4859171378492681548 0.034739773554970251879 
0.87500000000000066613 0.2578424602491361517 -3.2394458415701401499 -2.489315579882652063 0.01795209541350731644 
0.90000000000000068834 0.22651768255548279662 -3.1784685142075295161 -2.4920165316621143425 0.027290454807550084543 
0.92500000000000071054 0.22207670086920361374 -3.3803277118939822898 -2.4941829619209787694 0.019351675148752085776 
0.95000000000000073275 0.26858415884039921195 -2.9868407433096191284 -2.4977926410173010296 0.023059850085753501314 
0.97500000000000075495 0.27106834624969161629 -3.3756129554439535667 -2.4995642756653748684 0.019589987834294993879 
1.0000000000000006661 0.25752436426825764393 -3.8331975394497366239 -2.5021608827726198321 0.017783848572280609723 
1.0249999999999979128 0.27245921161482888895 -3.6119587463117959203 -2.5042608598958855382 0.018979922199751978612 
1.0499999999999951594 0.25615264813167565316 -3.7230450547225193425 -2.5066397125634032328 0.019784037062897209119 
1.0749999999999924061 0.26516440456653772584 -3.6429219734783679918 -2.5086561436443157724 0.013204348447474631434 
1.0999999999999896527 0.28349481414539762225 -3.6439533443807707869 -2.5102172245089717784 0.01379024376841830532 
1.1249999999999868994 0.25472663261757799713 -4.1089598266130211712 -2.5121936356841265692 0.014808835392828909386 
1.149999999999984146 0.23926847010066493171 -3.6047813530489039024 -2.513622323065253461 0.014087140372094169444 
1.1749999999999813927 0.263563863731599346 -2.9895099148327535232 -2.515410468112675435 0.012130566981883196889 
1.1999999999999786393 0.2759277538968803456 -3.4528536087361341167 -2.5167120891081187217 0.0090277732004123041609 
1.224999999999975886 0.26441590033789463821 -3.547993772188392736 -2.5180297505791244816 0.013838553372104956188 
1.2499999999999731326 0.2618213004283228007 -3.5263017220114605266 -2.5194448109025051608 0.0095836981105190278268 
1.2749999999999703792 0.2723202151798710946 -3.7581070615217639919 -2.520658389596230009 0.0094241971445130599816 
1.2999999999999676259 0.26779593884325425535 -3.5211004452733383197 -2.5218468086760696956 0.011138513260107722747 
1.3249999999999648725 0.25703894847572067439 -3.3781721821078947166 -2.5228677434948774128 0.0060177580462382690776 
1.3499999999999621192 0.26696514486057892901 -3.5918886410593735548 -2.5239006080752255379 0.0096867056420714033049 
1.3749999999999593658 0.27025490802388912881 -3.7878490445897026184 -2.5249277859359606779 0.0082345077569301438486 
1.3999999999999566125 0.2587681098400468338 -3.7769854079401823377 -2.5258010236673831272 0.0060820545563452033458 
1.4249999999999538591 0.26793370977332348071 -3.6355095039043119343 -2.5266061278650395749 0.0067057288262902282894 
1.4499999999999511058 0.2834975106806821854 -3.5646162043338529557 -2.5273573581725785608 0.0061496693325151906978 
1.4749999999999483524 0.2614555691263354964 -3.5310239640337002243 -2.5282137969615940953 0.0081027627185800334825 
1.4999999999999455991 0.25151813181015231224 -3.5236695661850521155 -2.5289795232356535593 0.0044220811071371962653 
1.5249999999999428457 0.2721053133074231023 -3.4457759012634241458 -2.5295526106309917935 0.0042085723499811281134 
1.5499999999999400924 0.27676199181425381601 -3.5359503949819162116 -2.530167725982953808 0.0069580675776680393427 
1.574999999999937339 0.26611114009072811548 -3.7222694483161813395 -2.5308369472213247953 0.0041421373708666149246 
1.5999999999999345857 0.27727786632533041322 -3.6997856935530348821 -2.5314292813067469368 0.0048101494417119531471 
1.6249999999999318323 0.27535659592176309207 -3.6342197993115021859 -2.5319139639875629655 0.0036619507713137374599 
1.649999999999929079 0.25505683259763201054 -3.7089716833753838543 -2.5323502419276455733 0.0038174754938774930167 
1.6749999999999263256 0.26291834953137172004 -3.5815437966695360394 -2.5328961715397109167 0.0047369891589089246908 
1.6999999999999235722 0.27529595146458435417 -3.4685153665879986384 -2.533363103963372609 0.0027319697952264444807 
1.7249999999999208189 0.27057999499260548815 -3.6201656532983399472 -2.533716175997946074 0.0037743770540951851293 
1.7499999999999180655 0.26816428863543956274 -3.6676607503735141336 -2.5340984162499964327 0.0026716656740984807451 
1.7749999999999153122 0.26953928623230216655 -3.6013563481968082769 -2.53453904559723453 0.0034572260686367992447 
1.7999999999999125588 0.27097489777342975703 -3.5507049344327823448 -2.5348356102830176262 0.0025124845119414802516 
1.8249999999999098055 0.27480864020849560259 -3.5937994063923435206 -2.5351453584884215964 0.0023460671783319371822 
1.8499999999999070521 0.27384747129970432589 -3.7501348795666000768 -2.5354828066424839328 0.0029781760592224953109 
1.8749999999999042988 0.26766465954471763133 -3.6383649279664109777 -2.535801873186946942 0.0023270862254639807301 
1.8999999999999015454 0.26150087987155107294 -3.4657385038954204859 -2.5360369120698202927 0.0018231270575239180449 
1.9249999999998987921 0.26196971776424810008 -3.6558498468713400698 -2.5362592458814887664 0.0015475605031946609771 
1.9499999999998960387 0.27609036234551004307 -3.5791871249662285948 -2.5365275146239727455 0.0029873065108814928284 
1.9749999999998932854 0.2791162933103860655 -3.4768165397376780135 -2.5367950073941787359 0.0016626293975617861126 
1.999999999999890532 0.2673619573845023023 -3.8204544852345527772 -2.5370010259086446247 0.0011662906317015599329 
2.0249999999998880007 0.27140974827495278898 -3.7635797192191731142 -2.5371448594035914681 0.0017310767138706171456 
2.0499999999998852473 0.27186210849456382554 -3.4639597977549865249 -2.5373529236576972679 0.0016835899248714627108 
2.074999999999882494 0.26521990028976305531 -3.5239014361314926482 -2.5375732948566538383 0.0017784115726560750445 
2.0999999999998797406 0.27180863540903332787 -3.5597944164744674822 -2.5377372388613661514 0.00073503237960533234895 
2.1249999999998769873 0.27002013426006293839 -3.5960379817913201705 -2.5378574120167609607 0.0015588660164350886476 
2.1499999999998742339 0.26376542467881453069 -3.6343907396783849961 -2.5380061505669919697 0.001124576323950070289 
2.1749999999998714806 0.27268855259223717669 -3.6156413417860306936 -2.5381829065752068431 0.0011118475828957401479 
2.1999999999998687272 0.27646292189934423833 -3.6981918420542365666 -2.5382992327374371833 0.0012888858428003245691 
2.2249999999998659739 0.27318090538545741763 -3.6131828652494428766 -2.5384197529649914493 0.00062309398774751704412 
2.2499999999998632205 0.27157186052208992511 -3.5633213755083725793 -2.5385310264526270707 0.0011696344033284044369 
2.2749999999998604672 0.26602808988680642921 -3.688514003521490725 -2.538656138596469436 0.00083628701229328575827 
2.2999999999998577138 0.26630459382975474325 -3.5375229668158034713 -2.5387531675001353548 0.00080846777822471665303 
2.3249999999998549605 0.27176134431400555957 -3.4559881415671833693 -2.5388398036901889121 0.00080777772078987556802 
2.3499999999998522071 0.27002459621146540636 -3.6738230132649327686 -2.5389485845050168145 0.00063936205328872259147 
2.3749999999998494538 0.27065118071375765529 -3.6600599641185600497 -2.539027093531582846 0.00087515195098454708848 
2.3999999999998467004 0.27334089598645083807 -3.6042388136462095716 -2.5391083630062176724 0.00047977151292878157272 
2.4249999999998439471 0.27157750588093421129 -3.7122818842367966141 -2.5391835440660779355 0.00064607393063687186541 
2.4499999999998411937 0.27207745153178869435 -3.643141677106805254 -2.5392579808543498388 0.0006555078287821292397 
2.4749999999998384403 0.27156340669677708766 -3.5255143867686280501 -2.5393271659376681626 0.00047990119612139323958 
2.499999999999835687 0.26900439682768539917 -3.5222327569334690445 -2.5393872019998244838 0.00052003407779798924409 
2.5249999999998329336 0.26764948969290069947 -3.5484877473591791563 -2.5394509137248242325 0.00047168079256390343327 
2.5499999999998301803 0.26776612453639347944 -3.6369077567945748974 -2.5395040899354399677 0.00049001460006436884168 
2.5749999999998274269 0.27255623318578042769 -3.6793189821843670373 -2.5395592110711544542 0.00037944414070729254578 
2.5999999999998246736 0.2749403078265783007 -3.6341686752783748382 -2.5396111119774791298 0.00042534868409300265754 
2.6249999999998219202 0.27039658605760991117 -3.6157708538248445329 -2.5396542093460308109 0.00039227074200571512754 
2.6499999999998191669 0.27018891111599707688 -3.6028903619649770285 -2.5397004819109452178 0.00031585515896774004436 
2.6749999999998164135 0.27184829808890487168 -3.6056425449873810152 -2.539744623147312641 0.00036492063962825923521 
2.6999999999998136602 0.26904993462422860384 -3.6296043041813632613 -2.5397815277165518566 0.00030947286745168202599 
2.7249999999998109068 0.27021579228146508367 -3.5888043434948735388 -2.5398162323099988669 0.00028377862541410482861 
2.7499999999998081535 0.27279097101689625537 -3.5465581532810119825 -2.539853811018895513 0.00026108487351991392297 
2.7749999999998054001 0.26951996558927782122 -3.5872664881196998365 -2.5398882856605062841 0.00033217395506798406881 
2.7999999999998026468 0.26859165694204162333 -3.6358408904748706902 -2.5399183275953856054 0.00022365811704728273332 
2.8249999999997998934 0.27320206077872682959 -3.6465179667461056212 -2.5399453283080526411 0.00013692820253099298108 
2.84999999999979714 0.27366927560163417654 -3.6411766327072010441 -2.5399695763313543395 0.00031200688167257872993 
2.8749999999997943867 0.26922200303583626591 -3.5979168051011267693 -2.5400025296406369968 0.00022670363315625876037 
2.8999999999997916333 0.26883021893639480471 -3.5631442290916610638 -2.5400267858512166619 0.00015728631883489061611 
2.92499999999978888 0.27128360036408971645 -3.6107721438110633727 -2.5400441821822554722 0.00014582005242492221495 
2.9499999999997861266 0.27083537803659124554 -3.6419606286677295159 -2.5400658932524264877 0.00019234826569476543294 
2.9749999999997833733 0.27127071087877108191 -3.60609112451247249 -2.540087166917067929 0.00021956978314122900151 
2.9999999999997806199 0.27259179143818568214 -3.601586277673344938 -2.5401122679920913328 0.00010044748138679065455 
3.0249999999997778666 0.27080741124473906023 -3.6015266431822654525 -2.5401239587481865279 0.00014640614046057057727 
3.0499999999997751132 0.2696899978477154125 -3.5881746502669891186 -2.5401388973974112773 0.00012254449011090648739 
3.0749999999997723599 0.27109463390048743614 -3.6223658117798915868 -2.540158978688960012 0.00015872310920764676895 
3.0999999999997696065 0.27128389326227314582 -3.6264197807735523149 -2.5401737380890621054 0.00011605211004061959416 
3.1249999999997668532 0.26941367642743607735 -3.5893134110082542954 -2.5401876111335384145 8.7754129377991678157e-005 
3.1499999999997640998 0.26988254428832886278 -3.5939117620010256893 -2.5401979927991060748 0.00012353773696383414877 
3.1749999999997613465 0.27288610519768674578 -3.6106821905359716141 -2.5402134173908375026 9.3493115218279721781e-005 
3.1999999999997585931 0.27219531986549350133 -3.6360227505279714144 -2.5402248309964394757 0.00010342131993571217121 
3.2249999999997558398 0.2704106364860740519 -3.6530042504572648454 -2.5402340215247920518 7.1531431389937122009e-005 
3.2499999999997530864 0.2719332371716502994 -3.601931035276737969 -2.5402462468288251607 9.7192100960178070862e-005 
3.274999999999750333 0.27052444294410615822 -3.5736672426811311176 -2.5402559025851139118 8.1981374585814853744e-005 
3.2999999999997475797 0.26832007523538775606 -3.5930526432604139586 -2.5402645213985577399 5.7288689073431253815e-005 
3.3249999999997448263 0.27110569418758867499 -3.5856969343652793647 -2.5402723756143270606 7.078147288324156941e-005 
3.349999999999742073 0.271962828339109286 -3.6052812199420167794 -2.5402815723735261422 7.628086887109332729e-005 
3.3749999999997393196 0.27055432351486791154 -3.6351982931220203632 -2.5402896886210215577 6.8596950548953952677e-005 
3.3999999999997365663 0.27182807970861616598 -3.6174121174554896285 -2.5402964670645431511 3.4010182633258879601e-005 
3.4249999999997338129 0.27186284641272334683 -3.6187104241540062333 -2.5403023799888213574 6.1977079263314871558e-005 
3.4499999999997310596 0.27082216682121046381 -3.6303328411642850071 -2.5403091483261053263 6.4133648367737541396e-005 
3.4749999999997283062 0.27083976130835268892 -3.6139307364526875865 -2.5403163766359511122 4.0048120271347290976e-005 
3.4999999999997255529 0.27014426085364307006 -3.5991282848143120177 -2.5403209675406648316 3.9438396254980594168e-005 
3.5249999999997227995 0.27031883432539871581 -3.5808277833648221034 -2.5403261928392626423 4.7517428655573628053e-005 
3.5499999999997200462 0.27080540984286805006 -3.592434552324355046 -2.5403312387926173521 4.4168740385718731757e-005 
3.5749999999997172928 0.27085155839003766109 -3.6187764840555756152 -2.5403366450068713966 3.2140678156646792217e-005 
3.5999999999997145395 0.27206982370756949141 -3.5992037265897600662 -2.5403409353259047698 3.7640509522684093761e-005 
3.6249999999997117861 0.27167986678553091018 -3.6160466941309215017 -2.5403439948526385095 3.1963338863755210632e-005 
3.6499999999997090327 0.27033346627655885364 -3.6518965483318845955 -2.5403490872586891314 3.1907062660682609782e-005 
3.6749999999997062794 0.27111491693405526116 -3.6082423941982177951 -2.540352672664443201 3.4706634886056653383e-005 
3.699999999999703526 0.27121960000922851197 -3.5861190779332865475 -2.5403560643321907442 2.2135044197532285627e-005 
3.7249999999997007727 0.27044507573877990536 -3.6132040331297599067 -2.5403590035288190485 2.5781155354579541851e-005 
3.7499999999996980193 0.27047066686429405147 -3.6032431939132534282 -2.540362021724551056 2.5577748177564298094e-005 
3.774999999999695266 0.2703437679753228351 -3.5995716283209668873 -2.5403656618951955259 2.7641238064472457777e-005 
3.7999999999996925126 0.27123023293793757649 -3.6165628278315988808 -2.5403679825108507195 2.0385670134071195438e-005 
3.8249999999996897593 0.27224525728048232232 -3.6172229969017974938 -2.5403705767376454361 1.5000880572814876253e-005 
3.8499999999996870059 0.27133494831780308187 -3.6120036485509885438 -2.5403727325077882782 2.3301639444434532302e-005 
3.8749999999996842526 0.27071088412135785317 -3.6032727338388852445 -2.540375158422320645 1.9201184489743402725e-005 
3.8999999999996814992 0.2706724787205376237 -3.6101270202984414581 -2.5403777672765932572 1.8284807008945898473e-005 
3.9249999999996787459 0.27024939574082729177 -3.6141752477527502307 -2.5403794200133549275 1.3262147859589439757e-005 
3.9499999999996759925 0.27094064272270418359 -3.5913763124888600231 -2.5403811772027928839 1.4232842555140652168e-005 
3.9749999999996732392 0.27159039226333370198 -3.6063621147712767723 -2.5403829807098725624 1.7192739819125846512e-005 
3.9999999999996704858 0.27078627569066254788 -3.635619577504026978 -2.5403849993418061715 1.2857356316443920927e-005 
4.0249999999996788347 0.27063596767199621373 -3.6127330878226109334 -2.5403864555947395232 1.3365642239586284019e-005 
4.0499999999996871836 0.27147869628774323747 -3.6001852734953838642 -2.5403877627347495327 9.4883003495245748729e-006 
4.0749999999996955324 0.27149757015346043243 -3.6145295043896394915 -2.5403893323746067345 1.276888994751834171e-005 
4.0999999999997038813 0.27080994248544876246 -3.6051307159754184539 -2.540390595230380022 1.1064230262527782593e-005 
4.1249999999997122302 0.27059465501399115883 -3.5960262657852970491 -2.5403918828911269401 9.4604506499200932565e-006 
4.1499999999997205791 0.27072575972275336742 -3.607452855843319206 -2.54039298539834979 8.8133379827897454585e-006 
4.1749999999997289279 0.27068585142253770437 -3.6149027849039505611 -2.5403942405009694028 9.8550657797770107953e-006 
4.1999999999997372768 0.27104628955022475045 -3.6120450737064575542 -2.5403951597935980899 8.7193013670878983889e-006 
4.2249999999997456257 0.27163802085759403138 -3.612707393030634595 -2.5403960444154840559 4.5750057905582788506e-006 
4.2499999999997539746 0.27129509650357325201 -3.6189709733312271922 -2.54039710595686552 1.0720989550121125638e-005 
4.2749999999997623235 0.27063595259256845171 -3.6139677396160418965 -2.5403979659520063983 7.1447438518596176387e-006 
4.2999999999997706723 0.27078259073471666607 -3.6000162150979315712 -2.54039885785310382 4.6936162016962043852e-006 
4.3249999999997790212 0.27099919941410338664 -3.5983359611149472457 -2.540399373318316556 5.5915303632910929132e-006 
4.3499999999997873701 0.270854153387014851 -3.6091574880580590268 -2.5404002190619774382 7.1123088745374249056e-006 
4.374999999999795719 0.27103441414746831661 -3.614347713023250197 -2.5404010005760735424 6.8604836215992652082e-006 
4.3999999999998040678 0.27116622468867207507 -3.6094068434305581761 -2.5404015914845095025 2.3667762980300795555e-006 
4.4249999999998124167 0.27074909665662716396 -3.6118928604525555315 -2.5404021411207651227 5.7302199812472228241e-006 
4.4499999999998207656 0.27087177320982197548 -3.6160330976335486319 -2.5404026239978576562 4.8400909633689726116e-006 
4.4749999999998291145 0.27146007085706835849 -3.6047848157351776166 -2.540403352557063954 4.5600538764454094675e-006 
4.4999999999998374633 0.27108059105352116935 -3.60379799735454176 -2.5404038000524966634 3.7764276409968432808e-006 
4.5249999999998458122 0.27060229630987081562 -3.6153653363463180703 -2.5404041702291100258 2.8201409930190843421e-006 
4.5499999999998541611 0.27101563672372902536 -3.6104352305304092674 -2.5404046659188792567 4.8348710640010030294e-006 
4.57499999999986251 0.27106152331072685957 -3.6043801543637563611 -2.5404051400542813077 3.084818912588660881e-006 
4.5999999999998708589 0.27080307434375228137 -3.6090254102635683786 -2.5404055143180870324 2.8042347469049922573e-006 
4.6249999999998792077 0.27107654572049250108 -3.6120027088047086394 -2.5404058164730494163 2.915533183911518903e-006 
4.6499999999998875566 0.27110398387486978056 -3.612529207585421176 -2.540406204677651214 2.8984674189760225564e-006 
4.6749999999998959055 0.27086542985058620348 -3.60744917231001061 -2.540406570399374786 3.1374582003573517852e-006 
4.6999999999999042544 0.27097846753448806556 -3.6071742441593204198 -2.5404068590572177477 1.9772279306771966864e-006 
4.7249999999999126032 0.27110241907732252065 -3.6128335379998466337 -2.5404071232204428199 2.1200125254522067934e-006 
4.7499999999999209521 0.27100898049661992228 -3.6063505309923060693 -2.5404074053066887373 2.5163641171071495822e-006 
4.774999999999929301 0.27083500860721987369 -3.6068721887458594644 -2.5404076753757607321 2.1925980673002374544e-006 
4.7999999999999376499 0.27095594701640218771 -3.616828558700399654 -2.5404079244904855805 1.7297205140674045708e-006 
4.8249999999999459988 0.27124127094716954378 -3.6096293215249697361 -2.540408148063436844 1.7936702660095187501e-006 
4.8499999999999543476 0.27095065747928598343 -3.6049971651955914353 -2.5404083512479753715 1.861398831345782751e-006 
4.8749999999999626965 0.27073263949043135934 -3.6111255524445629028 -2.540408551189024422 1.5002167246819620523e-006 
4.8999999999999710454 0.27105298692315310527 -3.6074486792365747512 -2.5404087556686629767 1.4629948754797617397e-006 
4.9249999999999793943 0.27097808375986021101 -3.6061646668917819447 -2.5404089304248445025 1.6794744121805398914e-006 
4.9499999999999877431 0.27090438669251182269 -3.6126351178623794524 -2.5404091057825133326 1.3244654242135564063e-006 
4.974999999999996092 0.27119319347916626128 -3.6143466681554787812 -2.540409253776496179 9.496068781361432303e-007 
