0.05000000000000003747 0.59088576119395896935 0.027505913506955304015 -2.3331729580423923309 0.060073697734331944764 
0.10000000000000007494 0.44963787336797750305 -0.13525138923051682749 -2.3633972136526599783 0.15571951779432624541 
0.15000000000000010547 0.23702544514712159396 -2.6207147893120423809 -2.4024259580487639099 0.15149205210330915494 
0.20000000000000014988 0.38898561315935820115 0.15446429115663184994 -2.4513479525313544016 0.1231560146267124678 
0.25000000000000016653 0.27960656050289950381 3.929668122205890235 -2.4859755614827516723 0.10187142595896056529 
0.30000000000000021094 0.26702596690319607697 2.1649852934345621414 -2.5097925478587241876 0.079040315800824989534 
0.35000000000000025535 0.30891503119542812472 5.3755257359253869609 -2.5363369908835999844 0.079732553690088150966 
0.40000000000000029976 0.25577917837786501298 3.8541304737520665213 -2.557605636644507463 0.07047392155464823893 
0.45000000000000034417 0.3285135769887030377 1.594666376176441025 -2.5755453692473060379 0.078153466088292836145 
0.50000000000000033307 0.19829549503002211197 2.7000336707660990143 -2.597330617084202764 0.046637536778076173205 
0.55000000000000037748 0.27806113551711914011 0.69130390481775194633 -2.6138957760411138942 0.070307357234859174655 
0.60000000000000042188 0.29966360727246826867 2.3711984738845361953 -2.6303980571475693573 0.054030161512204341601 
0.65000000000000046629 0.217019786742365689 1.7764009018892861214 -2.6438410167349384317 0.043093503402365528065 
0.7000000000000005107 0.28632554225007805782 0.33089320692339641017 -2.659711612158279781 0.054404555626465511686 
0.75000000000000055511 0.26638526734662199003 2.3596434844163933775 -2.6752961909106010019 0.053243991663338346987 
0.80000000000000059952 0.23620937598716673644 2.6835314035940256439 -2.6867091790008714725 0.037551601007212033478 
0.85000000000000064393 0.28481653365074244277 0.83578074921738476633 -2.6964981755458254931 0.026965524712465993584 
0.90000000000000068834 0.24866132378518010504 0.7783651913568101488 -2.7059950910453975936 0.026786148596846127284 
0.95000000000000073275 0.31478609552010833328 0.063019422262417190694 -2.7149674596482715749 0.035359698284998401785 
1.0000000000000006661 0.28506300164383346907 -0.14021751535580939674 -2.7228891662189660394 0.020426620440261136075 
1.0499999999999951594 0.26676834691972162172 -0.77715653376934468177 -2.7280740291128338093 0.015918239015039900575 
1.0999999999999896527 0.30700937250044824101 -0.46975594212520110915 -2.7335116459420074619 0.018218815613006398429 
1.149999999999984146 0.25244589517292864711 -0.61522188192051507905 -2.7379797606131592858 0.0095040898701057880543 
1.1999999999999786393 0.3019272034073209876 -0.45421342054936242327 -2.741603546545416048 0.013078993008825317776 
1.2499999999999731326 0.27064788340407808231 -0.18954857990244516897 -2.7454042480826958972 0.011110132062352796531 
1.2999999999999676259 0.28859304453098194587 0.51459766155040798097 -2.7481313404545315571 0.010899441041894693608 
1.3499999999999621192 0.28250513926556702904 0.16300147353704741437 -2.7506425883922105413 0.0080736164629600128129 
1.3999999999999566125 0.25601848314327441125 0.28138757610918346819 -2.7527542588899236442 0.0033827853333064164532 
1.4499999999999511058 0.29761184206925950235 0.5663120506307727231 -2.7546045969644330498 0.0065637969615765165421 
1.4999999999999455991 0.27694031283603504079 1.0040321662526652258 -2.7563962552656273708 0.0052554880611835408724 
1.5499999999999400924 0.28954803809522738911 0.99178566640913734531 -2.7579415301432037566 0.0046061814913385479633 
1.5999999999999345857 0.27768147356222699917 0.80560835333440483641 -2.7591060953125157162 0.0042284171642878523589 
1.649999999999929079 0.2714656615100520809 0.83516671467103886783 -2.7601784000555458221 0.0034287214087112081323 
1.6999999999999235722 0.30405760998562947339 0.9877989947608485366 -2.7611388724508758585 0.0025082167394560430165 
1.7499999999999180655 0.27437693087481579424 0.65657681211012053346 -2.7619449800041930843 0.0025771717909979265093 
1.7999999999999125588 0.28087806907459689221 0.59367258561919977744 -2.7626386852536608529 0.0020967568554216254283 
1.8499999999999070521 0.27581217020355447422 0.6578547093130241441 -2.7631272053919087028 0.0020194694647302983796 
1.8999999999999015454 0.27893171567319169357 0.765414379011558621 -2.7636927064489205108 0.0015982506786819438219 
1.9499999999998960387 0.29116556316367420143 0.86472546216079093639 -2.7641004288138151246 0.0014399655353830951438 
1.999999999999890532 0.28149234318897392582 0.95172628267075565223 -2.764539865706140187 0.001536338162784603445 
2.0499999999998852473 0.28301468743448104926 0.77932734944757986462 -2.764857549980729523 0.00072438590085642474634 
2.0999999999998797406 0.28301683165844948586 0.88631716366040491639 -2.7651342002554328836 0.0011325293779617894279 
2.1499999999998742339 0.28259361854597764285 0.87805388396507155768 -2.76541597808744255 0.00093227868605606973619 
2.1999999999998687272 0.28459638421085287074 0.76196654085387527378 -2.7656132422676700244 0.0006784177987008689582 
2.2499999999998632205 0.2790605390955943621 0.688639532050376868 -2.7657822662311888351 0.00047862713262434588256 
2.2999999999998577138 0.28360879605536770676 0.74406949128264088245 -2.7659367450129472843 0.0004665416156961940653 
2.3499999999998522071 0.28162132807738021745 0.88272723090262728007 -2.7660906984652391394 0.00061969343363004912237 
2.3999999999998467004 0.28527937206582121288 0.88618564936686605726 -2.7662210829176796523 0.00033787620185041038461 
2.4499999999998411937 0.28279257384162281852 0.88453588611691391641 -2.7663061083485414038 0.00032006377513939216839 
2.499999999999835687 0.28228915185767816665 0.84403080006774100497 -2.7663932013159349133 0.00029715414533590817905 
2.5499999999998301803 0.28547758912123227804 0.77576473466131123935 -2.766482254204679414 0.00029468717333184536993 
2.5999999999998246736 0.28195080290818885782 0.78716751996214262554 -2.7665462176923303339 0.00016019416444241170515 
2.6499999999998191669 0.28154361660836013659 0.8417731617636241559 -2.766598321406635641 0.0001730208222951156458 
2.6999999999998136602 0.28182920373017811277 0.79954835905246646188 -2.7666474371173657154 0.00015203566774304503825 
2.7499999999998081535 0.28314177858647615604 0.8258388060538212061 -2.7666935999808286439 0.00016977931440778016767 
2.7999999999998026468 0.28667091919592907479 0.84366951109666121766 -2.7667289393756289151 5.5676962997265338378e-005 
2.84999999999979714 0.28171560863328415358 0.85295531624895470912 -2.7667568664966375458 0.00011759287810800718714 
2.8999999999997916333 0.28350641602492554494 0.8316691471242949607 -2.766788374875755796 8.6012201325927191095e-005 
2.9499999999997861266 0.28118865115252916764 0.85122887073693398463 -2.7668116050207212098 5.8601743159852345095e-005 
2.9999999999997806199 0.28349307872990009427 0.80113015678760857163 -2.7668322285489024281 5.9887170612424590031e-005 
3.0499999999997751132 0.28433022873417507226 0.78316108815736673598 -2.7668471098686655552 5.6132473133720838443e-005 
3.0999999999997696065 0.28217137114925799901 0.81396878834162000871 -2.7668633083848508392 5.5853693934935266297e-005 
3.1499999999997640998 0.28326895074213953585 0.86281732611710726388 -2.766878032492193995 3.1576803562819106067e-005 
3.1999999999997585931 0.28247560418616540767 0.84241702551192376713 -2.7668878690183142943 2.8249403089722882252e-005 
3.2499999999997530864 0.28386457134761150511 0.85425966091820171311 -2.7668979619457649832 3.3860452947364725761e-005 
3.2999999999997475797 0.2839366497337041384 0.81896683535224668038 -2.7669063314478061777 2.498557912930926878e-005 
3.349999999999742073 0.28242293818869051991 0.80579427031429018413 -2.7669138934199244417 2.4452444983069742247e-005 
3.3999999999997365663 0.28261634209836822285 0.81312699392430531908 -2.766919956871377817 2.3691133891359961335e-005 
3.4499999999997310596 0.28280109848016049545 0.84305723914336894165 -2.7669250959469287032 1.3347788120400702088e-005 
3.4999999999997255529 0.28370454883896878417 0.83724879916665817525 -2.7669300405031020951 1.5162886214218752491e-005 
3.5499999999997200462 0.28310184233955770772 0.81734395094523337733 -2.7669344792653562948 1.2476710355424395577e-005 
3.5999999999997145395 0.28312204598792628518 0.82654180434187973781 -2.7669373896871372054 1.4059682832059548766e-005 
3.6499999999997090327 0.28324462079081308419 0.84252626899057569965 -2.7669406222926902217 1.0299013848194478164e-005 
3.699999999999703526 0.28315315005543439941 0.8417262474390357907 -2.7669430357834094991 6.9212644462247213412e-006 
3.7499999999996980193 0.28294143147713357589 0.82738655559553653251 -2.7669456152712492703 8.1256394317545981091e-006 
3.7999999999996925126 0.28274289162893312399 0.80774046992217762853 -2.7669473481735495923 4.6972294262689409186e-006 
3.8499999999996870059 0.2833904467096904356 0.81661045225716699658 -2.7669489170773342579 6.0837648395137086749e-006 
3.8999999999996814992 0.28330226672278613353 0.84119773753725579635 -2.7669504942083316124 6.1022879886893273223e-006 
3.9499999999996759925 0.28304219208207770375 0.83890229910718216999 -2.7669517373176040209 3.8922095287199301726e-006 
3.9999999999996704858 0.28291846423582484027 0.83155854405326867784 -2.7669527827954270016 2.8700349143794274189e-006 
4.0499999999996871836 0.28312951067318636866 0.82730748334063952676 -2.7669536090561703823 2.4463639426521995432e-006 
4.0999999999997038813 0.28344719077659324968 0.82943423189646003912 -2.7669545205375531971 2.8996619431691491643e-006 
4.1499999999997205791 0.28303491278018799715 0.82370202316466767378 -2.7669552259981724518 2.3817986196811609994e-006 
4.1999999999997372768 0.28290113356875945527 0.82638574471516490494 -2.7669557359170586786 1.4035186308534803675e-006 
4.2499999999997539746 0.28306081032073987513 0.83003643207322985731 -2.7669562408106402884 1.7715668784426594495e-006 
4.2999999999997706723 0.28307634866138470242 0.83059760352865086297 -2.7669567412408686558 1.4891321418153516702e-006 
4.3499999999997873701 0.2834111352447915011 0.82854426044375739657 -2.7669570938423420081 8.3114375401114883494e-007 
4.3999999999998040678 0.28301206005150836287 0.83159475466062759974 -2.766957428515238071 9.314171118858610573e-007 
4.4499999999998207656 0.28312806680950980409 0.83128121532071908018 -2.7669576890643288181 1.0743266710860798356e-006 
4.4999999999998374633 0.28307678011684622721 0.83064145519734067236 -2.7669579807838924346 9.3744644345144085481e-007 
4.5499999999998541611 0.28302268832602012205 0.82372918369014280771 -2.7669581609444038328 3.4513449943534114185e-007 
4.5999999999998708589 0.28327519142243795525 0.82803467149670118008 -2.7669583276892795176 5.3200511921055702479e-007 
4.6499999999998875566 0.28298405804245096995 0.82748078764927235351 -2.7669585113596784076 5.5167856827378785669e-007 
4.6999999999999042544 0.28311865077127856827 0.83043361701517126594 -2.7669586448461092054 4.4369761892328023037e-007 
4.7499999999999209521 0.28314847615328964103 0.83249008943100499813 -2.7669587635190668884 3.3027255712668581097e-007 
4.7999999999999376499 0.28316305916034406609 0.83037099150325244246 -2.7669588496183936677 3.3047332745769114844e-007 
4.8499999999999543476 0.28312866660422220111 0.82766109234116569393 -2.7669589456679828388 3.5353930013198491522e-007 
4.8999999999999710454 0.28302433508341534596 0.82843835042954183656 -2.766959028026813705 1.8375466646677608678e-007 
4.9499999999999877431 0.28315787627879107635 0.82805721536717591391 -2.7669590867376672172 1.8955401374918647921e-007 
5.0000000000000044409 0.28311812404590624981 0.82881430247383880427 -2.7669591422154797833 2.2361443646763436977e-007 
5.0500000000000211386 0.28310756603596459735 0.82863516138673110056 -2.7669591947726841497 1.6075988606176821169e-007 
5.1000000000000378364 0.28305359466920071432 0.82963187742824273663 -2.7669592334049299964 1.197005783083099066e-007 
5.1500000000000545342 0.28313356719679405593 0.83019519843162259409 -2.7669592717999744735 1.320538854466145382e-007 
5.2000000000000712319 0.28323145759460449655 0.82994397135016795275 -2.7669592987046676136 9.7957593982102173016e-008 
5.2500000000000879297 0.28305673036144191057 0.82916133521917767535 -2.7669593307907915936 9.7018035156962428246e-008 
5.3000000000001046274 0.28308901125548330269 0.82786768928151244218 -2.7669593534178340555 6.2091701983713901021e-008 
5.3500000000001213252 0.28308369171548619647 0.82832299781814244799 -2.7669593707005706307 7.753923404181018701e-008 
5.4000000000001380229 0.28314439630542137527 0.8292236486565927045 -2.7669593895092501334 5.6769878472356815837e-008 
5.4500000000001547207 0.28312468068936696985 0.82954107353686734605 -2.7669594038478755316 4.7483350697684536216e-008 
5.5000000000001714184 0.2830901758915477795 0.82901848817351941889 -2.7669594178150731523 4.0110300629805699457e-008 
5.5500000000001881162 0.28313931232929223647 0.82931169185394426613 -2.7669594283351561792 2.6012121953212918312e-008 
5.6000000000002048139 0.28311891158404522972 0.8297053272256555978 -2.7669594370895804758 3.3171623010282294852e-008 
5.6500000000002215117 0.28310697473057061524 0.82925840754059332305 -2.7669594464656683819 2.5551695682231760136e-008 
5.7000000000002382095 0.28311469199226180216 0.82861807608336790487 -2.7669594532027805833 2.9214694167132874043e-008 
5.7500000000002549072 0.28309166391663453943 0.82864607306089232974 -2.7669594590771944276 1.4024502343728454772e-008 
5.800000000000271605 0.28314022292278445692 0.82836751276846198877 -2.7669594645140631606 1.3855878999059038647e-008 
5.8500000000002883027 0.28309007149201009801 0.82962475451221817657 -2.7669594693148571452 1.3884683747501235464e-008 
5.9000000000003050005 0.28312919846323847395 0.82982427377660750167 -2.7669594734042837203 1.3857438108383823219e-008 
5.9500000000003216982 0.2831243147514780345 0.82935662641813490126 -2.7669594763317841846 9.0387096725783017904e-009 
6.000000000000338396 0.28310037318816883012 0.82861669952809613449 -2.7669594792614549128 1.1158198200436011905e-008 
6.0500000000003550937 0.28313178826951423961 0.82901530933261202705 -2.7669594822650567245 5.8762745134302134095e-009 
6.1000000000003717915 0.28309895384223088266 0.82909072016042140163 -2.7669594842304081617 6.8794346876552131405e-009 
6.1500000000003884892 0.28311521874316353253 0.82904510428100797181 -2.7669594860848985007 4.6095779589743917144e-009 
6.200000000000405187 0.28310658352299594709 0.82895528599208945231 -2.7669594876422225482 6.8989683921350386436e-009 
6.2500000000004218847 0.2831109759488832367 0.829143301203286609 -2.7669594893117643863 5.6947510390681348073e-009 
6.3000000000004385825 0.2831407802094674242 0.82919906839922774555 -2.7669594904010490488 2.4811321315535195015e-009 
6.3500000000004552803 0.28310586780000507323 0.82930950379374768211 -2.7669594913499677702 3.2990757941770704025e-009 
6.400000000000471978 0.283108840833701636 0.82910519785162795081 -2.7669594923787985685 3.0906203490482264781e-009 
6.4500000000004886758 0.28310749287457404044 0.82910229935169277304 -2.7669594931697867324 2.8202730277070291577e-009 
6.5000000000005053735 0.28311925314637759188 0.82896994990364181177 -2.7669594938341650625 1.9302910255680736024e-009 
6.5500000000005220713 0.28312152893635705864 0.82887400701995450625 -2.7669594943553286193 2.1515878522520183962e-009 
6.600000000000538769 0.2831048070058777566 0.8290202424977939355 -2.7669594949024913788 2.0830400486353851411e-009 
6.6500000000005554668 0.28311638026601798623 0.82926284770227687293 -2.7669594953673972704 1.0119486498585144673e-009 
6.7000000000005721645 0.28311352822227647819 0.82940132570734159678 -2.7669594957091336873 1.0149975928768832235e-009 
6.7500000000005888623 0.28312103592347148684 0.82909000087250506184 -2.7669594960226104874 1.4225212177209526186e-009 
6.80000000000060556 0.28311165138479660319 0.82887668792688695696 -2.7669594963398096432 9.5997771004222856484e-010 
6.8500000000006222578 0.28311191306316002558 0.82906392569736198084 -2.7669594965579697998 6.9415116448250272472e-010 
6.9000000000006389556 0.28311500993900906575 0.82914850379527316182 -2.7669594967648865058 5.5277322002062669734e-010 
6.9500000000006556533 0.28311231876836084886 0.82910601462094368763 -2.7669594969302666598 5.7344708241050681291e-010 
7.0000000000006723511 0.28311513165696500227 0.82904777740076207593 -2.7669594971135671457 5.7743705106629351992e-010 
7.0500000000006890488 0.28311491342031519514 0.82907701238010311773 -2.7669594972425448631 2.8724496127703674183e-010 
7.1000000000007057466 0.28311500668958322624 0.82919861908338510226 -2.7669594973408027094 4.6633479654088749251e-010 
7.1500000000007224443 0.28311739855989814796 0.82911711897200779386 -2.7669594974482523142 2.9292177423373266267e-010 
7.2000000000007391421 0.28310983955661433997 0.82913601239446466096 -2.7669594975333349218 2.2142164946971015355e-010 
7.2500000000007558398 0.28311543422956747529 0.82904956682521691036 -2.7669594976141809184 2.2553456643806250412e-010 
7.3000000000007725376 0.28311228835197155274 0.82900938015602498865 -2.7669594976689251276 1.7943995061169705132e-010 
7.3500000000007892353 0.28311619286705408394 0.82906462691089377604 -2.7669594977276292802 1.7354968431234656219e-010 
7.4000000000008059331 0.28311623715375949795 0.82916045062844845326 -2.7669594977759977006 1.4541389301164203417e-010 
7.4500000000008226309 0.28311132018200385607 0.82914261992839999316 -2.7669594978159444132 1.1867717599731719065e-010 
7.5000000000008393286 0.28311469493311036683 0.82911928096429288182 -2.7669594978492582094 1.1884024857289313121e-010 
7.5500000000008560264 0.28311483953278321346 0.82908400367284706967 -2.7669594978829299414 8.5952561683422214861e-011 
7.6000000000008727241 0.28311544849131597967 0.82908559042202900624 -2.7669594979087324127 8.3670699652984611747e-011 
7.6500000000008894219 0.28311472719351998828 0.82906935868565645453 -2.7669594979330818241 7.5904399225113666174e-011 
7.7000000000009061196 0.28311132881837453024 0.82910220295263048484 -2.7669594979489593456 5.6738842854224784815e-011 
7.7500000000009228174 0.28311501255328297422 0.82908884962694351373 -2.7669594979678806546 6.2543322466228529055e-011 
7.8000000000009395151 0.28311463163547595512 0.82910013545973049176 -2.7669594979832967674 4.7951631631218240436e-011 
7.8500000000009562129 0.28311564361851548899 0.82912362435041253583 -2.7669594979955136616 3.6975320553524170209e-011 
7.9000000000009729106 0.28311360428258319777 0.82910943898700451005 -2.7669594980060785439 3.0539123859200279439e-011 
7.9500000000009896084 0.28311382079095964714 0.82909409169885095459 -2.7669594980152765196 3.3401189478637880429e-011 
8.000000000001005418 0.28311487351530240097 0.82909236693813059826 -2.7669594980245761917 3.8599058810818217655e-011 
8.0500000000009777068 0.28311379118337770544 0.82909244837386664173 -2.7669594980305882714 1.7685857958216624896e-011 
8.1000000000009499956 0.28311447063670680535 0.82908461478929584842 -2.7669594980366838399 1.8295239150373876567e-011 
8.1500000000009222845 0.28311391678283809314 0.82908679998224599217 -2.7669594980423797281 1.6860015872891611058e-011 
8.2000000000008945733 0.28311457488159724738 0.82911441024739085393 -2.7669594980469613965 1.6152247589898679368e-011 
8.2500000000008668621 0.2831145534980984424 0.82911561960604207577 -2.7669594980505620718 1.1077785584325951755e-011 
8.300000000000839151 0.28311420205202192379 0.82910091193739465787 -2.7669594980536516005 1.2226685468832188842e-011 
8.3500000000008114398 0.28311425066173545595 0.82909591096471091376 -2.7669594980568703591 1.0008165448392533165e-011 
8.4000000000007837286 0.28311432167640848689 0.82908560544661191738 -2.766959498059633038 7.2754804812615026666e-012 
8.4500000000007560175 0.28311431279029203312 0.82909302977162679937 -2.7669594980613196888 3.8503545984762503883e-012 
8.5000000000007283063 0.28311411570407563065 0.82909979354413043673 -2.7669594980633447356 8.0223316349972882593e-012 
8.5500000000007005951 0.28311418107327734894 0.82910053170614084195 -2.7669594980650202842 5.7248184605070494323e-012 
8.600000000000672884 0.28311433292858284583 0.82909470108272098621 -2.7669594980663827499 3.5381318755594623374e-012 
8.6500000000006451728 0.28311448114317067093 0.82911075818691259975 -2.7669594980675515927 2.7918015922520116454e-012 
8.7000000000006174616 0.28311463255032948139 0.8291030811698343328 -2.7669594980684566465 3.2937955508274526536e-012 
8.7500000000005897505 0.28311395072387790517 0.82908989554925938137 -2.7669594980695655373 2.7632133250201324345e-012 
8.8000000000005620393 0.28311423077627323464 0.82909202203075005322 -2.7669594980702596487 1.7525994931679428658e-012 
8.8500000000005343281 0.28311423313969175108 0.82910195622945959126 -2.7669594980708422938 2.5620209198726682154e-012 
8.900000000000506617 0.28311429875328758543 0.82909597995198502929 -2.7669594980714760091 1.8651436237019023342e-012 
8.9500000000004789058 0.28311446014249574965 0.82909797243592664451 -2.7669594980719693922 1.2946745204798573685e-012 
9.0000000000004511946 0.28311415840617554229 0.82909864277611511341 -2.766959498072406376 9.9700717534733466862e-013 
9.0500000000004234835 0.28311438960858914538 0.82910263316052401628 -2.7669594980727461042 1.3011701388129578529e-012 
9.1000000000003957723 0.28311438406612815522 0.82910170097542146284 -2.766959498073073398 1.1536200220144750492e-012 
9.1500000000003680611 0.28311417289309603884 0.82909716089061169519 -2.7669594980733762668 8.6205313611446019643e-013 
9.20000000000034035 0.28311431786099444663 0.82909272234266073731 -2.7669594980735774392 5.7120076880769733111e-013 
9.2500000000003126388 0.28311418158111106846 0.8290953878877379557 -2.7669594980737830525 7.7344684811587946455e-013 
9.3000000000002849276 0.28311436860669247917 0.82909970524407539116 -2.7669594980739753431 5.1679416379517202082e-013 
9.3500000000002572165 0.28311431017688637457 0.82910114083305996857 -2.7669594980741267776 5.4316685031259490181e-013 
9.4000000000002295053 0.28311430815650057147 0.82909893386914035318 -2.766959498074263113 4.6978053550948805416e-013 
9.4500000000002017941 0.28311429615422384343 0.82909929305368967878 -2.766959498074357704 3.6099641749831920222e-013 
9.500000000000174083 0.28311425632512959849 0.82909821261710647811 -2.766959498074467394 3.3942453835668282471e-013 
9.5500000000001463718 0.28311440595835041245 0.82909670223475484541 -2.7669594980745544355 2.4255252785314409959e-013 
9.6000000000001186606 0.2831141964136018041 0.82909720131963460243 -2.7669594980746223811 2.6186689885037843898e-013 
9.6500000000000909495 0.28311427455062904146 0.82909842328096583497 -2.7669594980746876622 1.7814212673607732054e-013 
9.7000000000000632383 0.28311422540213460053 0.82909807492891174352 -2.7669594980747382884 1.9893859224180248734e-013 
9.7500000000000355271 0.28311439674615795914 0.82909811846092762444 -2.766959498074791135 1.5262461200337462085e-013 
9.800000000000007816 0.28311437217160551061 0.82909953888510101727 -2.7669594980748262181 1.2775147683270245989e-013 
9.8499999999999801048 0.28311422222517879099 0.82909906503576014103 -2.766959498074860857 1.0085116811238757293e-013 
9.8999999999999523936 0.2831142606222751823 0.82909841486126489851 -2.7669594980748937196 9.8710873449271738152e-014 
9.9499999999999246825 0.28311428373800023861 0.82909745965464387574 -2.766959498074920365 8.2734877976762590825e-014 
