0.05000000000000003747 0.5909782201605019436 0.027572987238452181802 -2.3328084867879446129 0.060398001040161679309 
0.10000000000000007494 0.44898054481479154898 -0.13601618244197133389 -2.3620966971165273662 0.15678845132038179977 
0.15000000000000010547 0.2367581060684874894 -2.6376945192552589958 -2.4000365899154916249 0.15398530530730039634 
0.20000000000000014988 0.38967234175779119631 0.15450168750234793968 -2.4477263986663713169 0.12380406617496454713 
0.25000000000000016653 0.2772500940445375428 3.9269233510669350196 -2.4815765151919690901 0.10385993726840542228 
0.30000000000000021094 0.26660766303292876556 5.1292845098667720904 -2.5044851484148464849 0.078209017010611558973 
0.35000000000000025535 0.32872342366515971968 5.3019273087181701953 -2.5308209955924945156 0.090095458510488016235 
0.40000000000000029976 0.24514867300054296595 4.0545589197201872267 -2.5513723388910864998 0.066555026653241644574 
0.45000000000000034417 0.3361255119861602525 3.6797845543283402847 -2.5682382700874701875 0.07332578464935114726 
0.50000000000000033307 0.26870820497528830062 1.9653240015091715254 -2.5909993442329506408 0.07522567990683907968 
0.55000000000000037748 0.27127905127940682428 0.10367629426933011594 -2.6070419864690350664 0.060413964450709033149 
0.60000000000000042188 0.26763496936017883154 0.48547353423164596453 -2.6223847686890673359 0.059753941264929909261 
0.65000000000000046629 0.21853733682460455001 -1.5595868681783411347 -2.6398372370989160451 0.05987605026223651733 
0.7000000000000005107 0.25534746245511263929 1.1694476394852706402 -2.6543857557151033788 0.051699669924487282047 
0.75000000000000055511 0.31695766223118754246 -1.5942082137961965937 -2.6732838695558998054 0.053905556527552342394 
0.80000000000000059952 0.31521771740040727128 -2.1048411762604510855 -2.6842210742324366102 0.036253416992925877049 
0.85000000000000064393 0.30089013685406607035 -5.3069886575463218747 -2.6983427138337265916 0.054159268539612788473 
0.90000000000000068834 0.24061209922957579876 -5.0587548679779876792 -2.7084182993412944107 0.02197320236896819351 
0.95000000000000073275 0.22101207685025681116 -1.9681622400395031303 -2.7168526036169211579 0.034477764919784062436 
1.0000000000000006661 0.28028130268658446589 1.0293414855938527452 -2.7253112279192737155 0.023027346764180021965 
1.0499999999999951594 0.26577943083957095149 -3.3015154666429453734 -2.733894218996128167 0.02627102072398561014 
1.0999999999999896527 0.27029883928448150687 -3.755653872033665408 -2.7393330580317698519 0.017455093202260497931 
1.149999999999984146 0.29750890427212495215 -3.1723309267148898094 -2.7453956256339724362 0.016130214239990715158 
1.1999999999999786393 0.25869951627710413566 -2.567988135014859008 -2.749392012054958645 0.011871653330885540562 
1.2499999999999731326 0.28688605650454146456 -2.1084671206996801196 -2.755076786286478896 0.016228541981602919581 
1.2999999999999676259 0.22729336976003419735 -1.9553309001333225581 -2.7586120376705784984 0.0085581094569569630959 
1.3499999999999621192 0.26141047396666944325 -1.9246129414258508206 -2.7615301455172756029 0.0087758711886967242372 
1.3999999999999566125 0.26863794483305020178 -2.2161853309052594874 -2.7643421277222040011 0.011443195967601236737 
1.4499999999999511058 0.28140363620709862857 -2.6622492027946629278 -2.7674487217975176634 0.0081708242163097081351 
1.4999999999999455991 0.28237241081736513815 -2.9985168082613631313 -2.7693959305118629466 0.0057613851617440356434 
1.5499999999999400924 0.27451063164384276183 -2.7708232260444205508 -2.7712569747153446009 0.0070777216100423112968 
1.5999999999999345857 0.25926698861610136815 -2.3549533849444395095 -2.7732447485661597675 0.0066913997850478771842 
1.649999999999929079 0.26725500825189563159 -2.1188553859079179986 -2.7745670759991423182 0.0046221854528403875928 
1.6999999999999235722 0.26104603427471156918 -2.2490521773173988151 -2.7758094441946830067 0.0048897896441545589744 
1.7499999999999180655 0.28455465417936770534 -2.6708384280886225959 -2.7770847374527192208 0.0044862635603036514487 
1.7999999999999125588 0.27298009944143086791 -2.7251098243918732145 -2.7779844100442092625 0.0035054546748390495205 
1.8499999999999070521 0.27192511710573741279 -2.6388491407366903019 -2.7788471049220890841 0.0035097944594830701899 
1.8999999999999015454 0.26093054290090456071 -2.3659580152897383698 -2.7796574349060056974 0.0022461136153512223368 
1.9499999999998960387 0.26630501955198776498 -2.0905990198809454306 -2.7802220752516562108 0.0026861838043442136034 
1.999999999999890532 0.28090188296236218157 -2.4894408992765906241 -2.7808414125221991853 0.0022453669401987677405 
2.0499999999998852473 0.26976017342352209827 -2.8702701642980485985 -2.7813161913442874251 0.0012956996223101578149 
2.0999999999998797406 0.27524031258061365524 -2.5587101035167458818 -2.7817289472735597933 0.0017361840379848587392 
2.1499999999998742339 0.26513348454903168383 -2.3291291224305115115 -2.7821518558205364791 0.0015665305473446234068 
2.1999999999998687272 0.26946559874031478232 -2.2907138831284643565 -2.7824055227152171277 0.00094372157805964812169 
2.2499999999998632205 0.27170252225906815768 -2.5160356551863172214 -2.7827295534591067749 0.00099698321126740125676 
2.2999999999998577138 0.2726845826012887497 -2.7202298804990245884 -2.7829641978298913507 0.00064622027528944139211 
2.3499999999998522071 0.27481318062509269007 -2.520322224343437334 -2.7831574292759251321 0.00083337628389490393463 
2.3999999999998467004 0.26996828879496237441 -2.3680567683129116752 -2.7833656409562022027 0.00051924255764701076222 
2.4499999999998411937 0.26582530480510185855 -2.4091184205841802424 -2.7835095958856821419 0.00041178860192378491248 
2.499999999999835687 0.27329786297548042118 -2.4914933434203310192 -2.7836513884854392487 0.00060731487447486032834 
2.5499999999998301803 0.27088962700401814088 -2.5900857950255486983 -2.783776679722612446 0.00024611404447532687261 
2.5999999999998246736 0.27674659289064823531 -2.5252872395622700807 -2.7838682078983936208 0.00029390952728828071382 
2.6499999999998191669 0.26657736759681749383 -2.4601704574533425074 -2.7839740661163130397 0.00024635886405222594264 
2.6999999999998136602 0.27195287830019748698 -2.3901092455986097107 -2.7840414364227177302 0.00025251970705053681122 
2.7499999999998081535 0.26896451049275016398 -2.4797658734833558647 -2.7841119273765553288 0.00017592187418922396462 
2.7999999999998026468 0.27337241650241678181 -2.5693563811478807857 -2.7841761495510586322 0.00017232875237351913877 
2.84999999999979714 0.27255384352971806505 -2.5347197031592236804 -2.7842189645211785631 0.00013368574616707537073 
2.8999999999997916333 0.2709206344104613251 -2.4483246907582736362 -2.7842694824790998886 0.00016031349876602509841 
2.9499999999997861266 0.2707815721530091313 -2.4149192706360511629 -2.7843064761202005464 6.5025801182678422889e-005 
2.9999999999997806199 0.27008307080126764399 -2.5014484387581883418 -2.784340254146822069 0.00012073259088638803197 
3.0499999999997751132 0.27063419567673413502 -2.5525406428750088139 -2.784368166458380589 0.00010188382273779148283 
3.0999999999997696065 0.27450606097413005058 -2.4782800872140864357 -2.7843937779305742986 6.1488263672367798624e-005 
3.1499999999997640998 0.27019349534897635357 -2.4751565576569047877 -2.7844152174837915048 7.4054698420771621504e-005 
3.1999999999997585931 0.27128586715413649522 -2.4754528327206410943 -2.7844354495184560072 4.7757610005033942862e-005 
3.2499999999997530864 0.26973945780491886959 -2.4726639369623910625 -2.7844497609374645464 7.2562133421484961314e-005 
3.2999999999997475797 0.27197547044228048696 -2.5001414171033209399 -2.7844662484668831759 4.5751763898262899264e-005 
3.349999999999742073 0.27231509118705427008 -2.5104059028162111211 -2.7844767438596704778 4.3837395419030256215e-005 
3.3999999999997365663 0.27121762135854238229 -2.4880016684906540725 -2.7844879422209256603 3.4939691711953881417e-005 
3.4499999999997310596 0.27102250560451052186 -2.4751912471379706737 -2.7844979266658831385 3.2985217320060882906e-005 
3.4999999999997255529 0.27071856116319042984 -2.4607413879515065425 -2.7845050411071832208 2.8965109639867468261e-005 
3.5499999999997200462 0.2715084679895366504 -2.498034141374542827 -2.7845127276728081078 2.9162038327558157725e-005 
3.5999999999997145395 0.27170251735999556564 -2.5208933135603066589 -2.7845180157091515838 2.0645352052155924226e-005 
3.6499999999997090327 0.27142430714828180705 -2.4839504894277424363 -2.7845240451374118074 2.1432055496524934788e-005 
3.699999999999703526 0.27140845549131259462 -2.4639452061283777518 -2.78452838440058148 1.5113710689297948019e-005 
3.7499999999996980193 0.27076809034819776523 -2.4835584475436385254 -2.7845321214179032943 1.4658470220636444779e-005 
3.7999999999996925126 0.27116938136861773456 -2.4924032369759347993 -2.7845358538132671811 1.3854763713330560406e-005 
3.8499999999996870059 0.27200209376843748066 -2.5023132709194793044 -2.7845387004455202096 8.9837133413952984879e-006 
3.8999999999996814992 0.27112582299872362013 -2.4919863651326226162 -2.7845412727643084061 1.021160739949082768e-005 
3.9499999999996759925 0.27152438951250867927 -2.475193034488557764 -2.7845437600808353729 6.6061756459034334999e-006 
3.9999999999996704858 0.27061760528814515769 -2.4799923394739180615 -2.7845454148639556813 7.8443374889041882388e-006 
4.0499999999996871836 0.27178966836061241308 -2.4880925415199244277 -2.784547358875582912 5.6128954982772233506e-006 
4.0999999999997038813 0.27138994616958117545 -2.4965801807005285617 -2.7845487084242521725 3.1239506381369427312e-006 
4.1499999999997205791 0.27134979497545008709 -2.4993127669406667302 -2.7845500518535537537 4.7805143029213395593e-006 
4.1999999999997372768 0.2711134614841240742 -2.4789701047859327154 -2.7845512254473900882 3.9217511747763662578e-006 
4.2499999999997539746 0.27140610662326863922 -2.4724178754080377018 -2.7845520297767039075 2.5626048245730562891e-006 
4.2999999999997706723 0.27123184919487541844 -2.4911291352715068115 -2.7845530116930077291 2.210246927550098459e-006 
4.3499999999997873701 0.27156187997100916798 -2.5011767563525610925 -2.7845537049844195643 1.6026998157450292051e-006 
4.3999999999998040678 0.27118564567234770823 -2.4896958929056363097 -2.784554322811619187 2.5205615132173826369e-006 
4.4499999999998207656 0.2714294901717923536 -2.4812626459048008343 -2.7845549014712847047 1.3700187222828939212e-006 
4.4999999999998374633 0.2710402283839864479 -2.4792716468776889727 -2.7845553360552437461 1.1657597089389945507e-006 
4.5499999999998541611 0.27157808729198085196 -2.489479896757357924 -2.7845557783465890722 1.4412857185671422808e-006 
4.5999999999998708589 0.27123938439145683921 -2.4973718362261765336 -2.7845561443689921255 7.1431159805177840445e-007 
4.6499999999998875566 0.27153314596127919867 -2.4878270873359431548 -2.7845564343733322232 9.261473650762349657e-007 
4.6999999999999042544 0.27106092649207486067 -2.4829958307371460258 -2.7845567247129867638 9.0743599976563564515e-007 
4.7499999999999209521 0.27133024124656074383 -2.4848943001036882805 -2.7845569305815680572 7.6588883789755878119e-007 
4.7999999999999376499 0.2713938082830878451 -2.4869360025585880436 -2.7845571509884625705 5.208830813756388849e-007 
4.8499999999999543476 0.27142923856523687443 -2.4928372546432218115 -2.7845573360166748778 4.5590744046447257003e-007 
4.8999999999999710454 0.27127484753177794063 -2.4894702685356939753 -2.7845574691914398713 6.5605311015596280713e-007 
4.9499999999999877431 0.27127925840467465024 -2.4849925321842527559 -2.7845576133114811057 4.4556796220285147795e-007 
5.0000000000000044409 0.2712559578944547245 -2.4850636907111258722 -2.7845577196309703183 3.0655220534187669213e-007 
5.0500000000000211386 0.27142637813040143557 -2.4869024213703259107 -2.784557825901003536 3.567709401067088464e-007 
5.1000000000000378364 0.27131459877521457713 -2.4907646214505771987 -2.7845579109096285642 3.3893396787099775478e-007 
5.1500000000000545342 0.2713942470178185018 -2.4907553213326467656 -2.7845579811084415489 2.6265567430196457378e-007 
5.2000000000000712319 0.27123091573755403472 -2.4842942299172148246 -2.7845580528657838393 2.2497894674090634476e-007 
5.2500000000000879297 0.27131997633809851189 -2.4852976710106440272 -2.7845581023447021352 2.0414388110139314912e-007 
5.3000000000001046274 0.27132385089867838701 -2.489321833744778889 -2.7845581555234200088 1.9724238572061109007e-007 
5.3500000000001213252 0.2713738462903562132 -2.4889724335428455859 -2.7845581982384333131 1.4687042241635087908e-007 
5.4000000000001380229 0.27137273095965419589 -2.4880259271587288339 -2.7845582329161002733 1.3792387326820790118e-007 
5.4500000000001547207 0.27125143160910542006 -2.4870478650012066701 -2.7845582660553191978 1.2962977059175398841e-007 
5.5000000000001714184 0.27131901941192332339 -2.4863052668163403425 -2.784558293808264029 6.9772055881724953776e-008 
5.5500000000001881162 0.27132650460826768235 -2.4883974778704738284 -2.7845583178476620567 1.0495254823058195757e-007 
5.6000000000002048139 0.27135357427309053646 -2.4879652705345884911 -2.7845583395954260908 6.5948638098745738668e-008 
5.6500000000002215117 0.27135786501646202984 -2.4880051158544751466 -2.7845583558934459134 6.5395101260086211198e-008 
5.7000000000002382095 0.2712930589032412354 -2.4879346602859757631 -2.7845583737369348221 5.9066680933127373836e-008 
5.7500000000002549072 0.27130842989444847735 -2.4870136493739014583 -2.7845583871141221799 3.2814110267257159546e-008 
5.800000000000271605 0.27133371860112681651 -2.4869329358451954803 -2.7845583978884622667 4.2886527950136593716e-008 
5.8500000000002883027 0.27132302550842990474 -2.4882977257830733997 -2.7845584100491440616 2.9605897680766858981e-008 
5.9000000000003050005 0.2713680510944161961 -2.4885036921915935082 -2.7845584173180037979 2.8204065336920218923e-008 
5.9500000000003216982 0.27129704050178216068 -2.4875704557785311977 -2.7845584261847968754 2.3938458657770105009e-008 
6.000000000000338396 0.27133260243905055198 -2.4867909791787292662 -2.7845584327442716166 1.4445370529563749712e-008 
6.0500000000003550937 0.27130300997088124815 -2.4875931907652146791 -2.7845584384168748926 2.1754651412921629856e-008 
6.1000000000003717915 0.27134214660021727106 -2.488068813822839509 -2.7845584440804707071 1.4560468178445219773e-008 
6.1500000000003884892 0.27133606774349861013 -2.4881814357545324334 -2.7845584478024152375 9.064601308986907805e-009 
6.200000000000405187 0.27133255272977935268 -2.487393510990128398 -2.7845584520876038859 1.2648868444147710297e-008 
6.2500000000004218847 0.27131616953317971852 -2.4874479655690420188 -2.7845584554347051487 8.7996074857301136963e-009 
6.3000000000004385825 0.27131430362538172529 -2.4875954338547368039 -2.7845584580510616135 8.1010558709482857987e-009 
6.3500000000004552803 0.27132868629127432358 -2.4875860471585791167 -2.7845584608765605594 6.799702488538329804e-009 
6.400000000000471978 0.27134618708184859992 -2.4880514639224338147 -2.7845584628144370853 7.0591147631587675761e-009 
6.4500000000004886758 0.27131665038527341682 -2.4879890013455532305 -2.7845584647777221754 6.5018655284578488734e-009 
6.5000000000005053735 0.27133280217117494715 -2.487229589314166045 -2.7845584664686775511 3.5485449180813548044e-009 
6.5500000000005220713 0.27131120382139189973 -2.487420115859687364 -2.7845584678007813118 4.7155765976393751315e-009 
6.600000000000538769 0.27133288952408396444 -2.4877010747692507309 -2.7845584691357165852 5.0674072828945641402e-009 
6.6500000000005554668 0.27132985806323001166 -2.4881316566974969184 -2.7845584700701997427 2.7649608655395797987e-009 
6.7000000000005721645 0.2713284943945917238 -2.4878771369799190794 -2.7845584710615622903 3.1040002316347550017e-009 
6.7500000000005888623 0.27132836666136206372 -2.487208977067315363 -2.7845584718869211827 2.6460746709338476861e-009 
6.80000000000060556 0.27132018281049530284 -2.4874123347079502011 -2.7845584725281300464 2.9696547896847689275e-009 
6.8500000000006222578 0.27132462799120848906 -2.4879850480064575891 -2.7845584731811574564 2.2279238794245749207e-009 
6.9000000000006389556 0.27132956503396932213 -2.4878940873335810835 -2.7845584736700357276 1.5755084866949909348e-009 
6.9500000000006556533 0.2713321172645847823 -2.4876603689094767269 -2.7845584741371989246 1.9939541222547163776e-009 
7.0000000000006723511 0.27132553765160793979 -2.4874655610538853878 -2.7845584745376030789 1.2087235281151998504e-009 
7.0500000000006890488 0.27132051202671952916 -2.4875942881418087183 -2.784558474868100042 1.2192424616098901533e-009 
7.1000000000007057466 0.27132741044302355338 -2.4877558350922006625 -2.7845584751790082301 1.319936323632321957e-009 
7.1500000000007224443 0.27133008046970358285 -2.487795134603244751 -2.7845584754208245748 8.7436271220351417427e-010 
7.2000000000007391421 0.27132723929960800291 -2.4877516276708395715 -2.7845584756500181278 8.6139383943735847234e-010 
7.2500000000007558398 0.27132619913655370292 -2.4875878065481424883 -2.7845584758662256242 5.5324787131027730366e-010 
7.3000000000007725376 0.27132271115085104807 -2.4875226124020293206 -2.7845584760092849663 6.9524771538099391893e-010 
7.3500000000007892353 0.2713312927490788562 -2.4876884419342006893 -2.7845584761634607496 5.4645498460620049326e-010 
7.4000000000008059331 0.2713231655089607397 -2.4878499961249413985 -2.7845584762990238659 3.2708705414161153453e-010 
7.4500000000008226309 0.27132958356475878059 -2.4877722062211593546 -2.7845584763976347631 3.6718650487647245918e-010 
7.5000000000008393286 0.27132586239309208764 -2.487492977192199195 -2.7845584765100692692 3.4589409481342788698e-010 
7.5500000000008560264 0.27132626132122139584 -2.4875924437847944937 -2.784558476576176389 2.5871362390749567063e-010 
7.6000000000008727241 0.27132532029056249945 -2.4877863541201481468 -2.7845584766615449901 2.2038972781128784129e-010 
7.6500000000008894219 0.27132821650312455297 -2.4877310254634048547 -2.7845584767195616926 1.6124894210662069439e-010 
7.7000000000009061196 0.27132713632088978351 -2.4876857397024663143 -2.784558476772982516 1.5403737681870519341e-010 
7.7500000000009228174 0.27132722427111077845 -2.4876171400465092454 -2.7845584768266218312 1.7983999162357731427e-010 
7.8000000000009395151 0.27132346772139553925 -2.4876469764905810855 -2.784558476861432208 7.6537213439994960037e-011 
7.8500000000009562129 0.27132855078317580366 -2.4877201441541023641 -2.7845584768986069157 1.2692384747936069423e-010 
7.9000000000009729106 0.27132673601736451152 -2.4876705926126971846 -2.7845584769317750506 5.5165320791693454215e-011 
7.9500000000009896084 0.2713285920860413758 -2.4877107195541472429 -2.7845584769575011386 9.349521282215191237e-011 
8.000000000001005418 0.27132346422807190889 -2.4876911966780701491 -2.7845584769807771863 7.4273302321824968912e-011 
8.0500000000009777068 0.27132757920332817303 -2.487615484544611455 -2.7845584770008215969 5.1938781040021406391e-011 
8.1000000000009499956 0.2713268488096572395 -2.4876718286428647353 -2.7845584770178306577 5.7745119663961580514e-011 
8.1500000000009222845 0.27132724838763261355 -2.4877153587435505422 -2.7845584770351594628 3.4965352967770376767e-011 
8.2000000000008945733 0.27132655005359979095 -2.4877083975055143128 -2.7845584770457949553 4.1684069173452887148e-011 
8.2500000000008668621 0.27132646451628478212 -2.4876611372680312861 -2.784558477059174475 4.3792021868620075193e-011 
8.300000000000839151 0.27132619326719459307 -2.4876380156583279835 -2.7845584770677174191 3.1798929461263695962e-011 
8.3500000000008114398 0.2713267329279916984 -2.487689898640711661 -2.7845584770767950467 2.7363067052714656079e-011 
8.4000000000007837286 0.2713266739940491945 -2.4877014218922051114 -2.7845584770846509848 2.157822542438500456e-011 
8.4500000000007560175 0.27132793619869483015 -2.4876800225557702539 -2.7845584770906319783 2.5253743668563843656e-011 
8.5000000000007283063 0.27132578409410945675 -2.4876718684586656138 -2.7845584770965010613 2.4404426681550829139e-011 
8.5500000000007005951 0.27132610083959579628 -2.4876769850836426556 -2.784558477101049867 1.1830674416299094178e-011 
8.600000000000672884 0.2713265055460603592 -2.4876694244210790785 -2.7845584771055089668 1.8059927870035722158e-011 
8.6500000000006451728 0.27132763399109932623 -2.4876736541881059317 -2.7845584771092961596 1.2554398798196021689e-011 
8.7000000000006174616 0.27132688112650321655 -2.4877011011184069211 -2.7845584771121352219 1.3324159586514751765e-011 
8.7500000000005897505 0.27132599163749587801 -2.4876842711989475276 -2.7845584771151803416 8.4720471083827791656e-012 
8.8000000000005620393 0.27132654173630382788 -2.4876599614898777801 -2.7845584771174776151 9.2773242074837799695e-012 
8.8500000000005343281 0.27132661672692065524 -2.487670301401235573 -2.7845584771194498153 8.6165254363560282279e-012 
8.900000000000506617 0.27132710212273258854 -2.4876827554788372154 -2.7845584771215290409 5.8953489033942973625e-012 
8.9500000000004789058 0.27132662530986723093 -2.487696925181484886 -2.7845584771228226728 5.1743121562285565387e-012 
9.0000000000004511946 0.27132668484696714772 -2.4876798570783913434 -2.7845584771243792055 5.5233873524366071489e-012 
9.0500000000004234835 0.27132651351085973479 -2.4876596435137305896 -2.7845584771254632273 3.6309920259112796153e-012 
9.1000000000003957723 0.27132641630877679662 -2.4876765032499563723 -2.784558477126517495 2.8599975169583957712e-012 
9.1500000000003680611 0.27132676384315779217 -2.487689025894072703 -2.7845584771274602964 3.5910527618179464794e-012 
9.20000000000034035 0.27132712300523043059 -2.4876818968315475011 -2.7845584771281481906 2.3178653294727596698e-012 
9.2500000000003126388 0.27132646075425198573 -2.487679382304206932 -2.7845584771288800496 2.3670882727287070146e-012 
9.3000000000002849276 0.27132656779509606304 -2.4876717903853777791 -2.7845584771294857873 1.045475773233972511e-012 
9.3500000000002572165 0.27132636988198249872 -2.4876751686353362203 -2.7845584771299418669 1.8703649045713636938e-012 
9.4000000000002295053 0.27132702166977062941 -2.4876821682849725725 -2.7845584771304161542 1.4310888011926113043e-012 
9.4500000000002017941 0.27132668369467932701 -2.4876824438061739819 -2.7845584771307900773 7.3294658927657248661e-013 
9.500000000000174083 0.27132667010447075739 -2.4876820386010889408 -2.7845584771311129302 1.1613426395927359356e-012 
9.5500000000001463718 0.27132652013103891742 -2.4876734426667095335 -2.7845584771314215722 6.9290786823726990066e-013 
9.6000000000001186606 0.27132668616331412359 -2.4876715475014736789 -2.7845584771316507222 7.429242427111380476e-013 
9.6500000000000909495 0.27132664615904006356 -2.4876839574185929393 -2.7845584771318900863 5.8583410287241242762e-013 
9.7000000000000632383 0.27132674935198275445 -2.487684279694781786 -2.7845584771320641693 5.6433751487674877189e-013 
9.7500000000000355271 0.27132664859782035238 -2.4876777614508718273 -2.7845584771322178241 5.1469102074735702123e-013 
9.800000000000007816 0.27132673854825972715 -2.4876735343306948245 -2.7845584771323825812 3.1894934406062140948e-013 
9.8499999999999801048 0.27132647604265103247 -2.4876767370412600222 -2.7845584771324873863 3.6901896405939841049e-013 
9.8999999999999523936 0.27132674834742787073 -2.4876821543944203086 -2.7845584771326041817 3.6259345250535397163e-013 
9.9499999999999246825 0.27132666376911646067 -2.4876814586631383897 -2.7845584771326903351 2.9876171825372875448e-013 
