0.025000000000000015266 0.60226020104591415638 0.00053054974764406986898 -2.2378189570148392384 0.04496536404452031177 
0.05000000000000003747 0.57388945183821526985 0.01877856683878204036 -2.2411070290779919745 0.071444449028865500417 
0.075000000000000052736 0.41149270289550299307 -0.01767380904132598296 -2.2503906099973227661 0.1203231428681476034 
0.10000000000000007494 0.3583085968405634314 -0.054460695815236492834 -2.2661421001693318189 0.13710972546501931646 
0.12500000000000008327 0.17215742003911385649 -0.36498855382402273229 -2.2766556503624943986 0.081902564332863553309 
0.15000000000000010547 0.19104333642736812116 -2.4633679223042754813 -2.2853726295399776625 0.10096907476911608226 
0.17500000000000012768 0.30771251144539885081 -3.4053524664517809128 -2.2954099701193779737 0.10055761005667943064 
0.20000000000000014988 0.2109731292154563842 -1.9033244301335046078 -2.3060607383248212798 0.088350504602119420139 
0.22500000000000017208 0.22206037525371494223 -2.92422021800401577 -2.3150868289157893187 0.099083572978834077993 
0.25000000000000016653 0.27549848440219559809 -3.5663530385535802125 -2.3254244626240541116 0.10542173934068518881 
0.27500000000000018874 0.22805109849886812112 -2.1778844926770735135 -2.3348229796956623261 0.076128464615358243384 
0.30000000000000021094 0.24118483562477921467 -2.0203876998876073579 -2.3434378537885520721 0.080958326850543618769 
0.32500000000000023315 0.3144022044254510817 -1.0368569093686124116 -2.3517382852709358687 0.096181247996479174445 
0.35000000000000025535 0.33967814337266233338 0.56436994316533639626 -2.3602777719600731565 0.073080648312488505347 
0.37500000000000027756 0.32486933854366345509 0.54267513086210428241 -2.367780699261313071 0.067299542273099657863 
0.40000000000000029976 0.24492539963306644846 -0.0079591645203104244288 -2.374889088503635115 0.081186262412065696159 
0.42500000000000032196 0.21069866521012237115 -0.38162576032089512434 -2.3834465572614322859 0.06724359484867120651 
0.45000000000000034417 0.20102101799896407441 -0.21482775328534098325 -2.3898590177336780371 0.062470840260173958469 
0.47500000000000036637 0.17258778343344136075 -2.3613083354695407756 -2.3956629712793153786 0.06022473619784032145 
0.50000000000000033307 0.19341940430413145924 -1.7522785815177672752 -2.4020334981634099414 0.0622247697423477103 
0.52500000000000035527 0.25612964463883103328 -2.0987854932914022932 -2.4088270310826831455 0.076307724324593359522 
0.55000000000000037748 0.25087852634455848344 -2.2871519197019845038 -2.4168963424868437073 0.065612633322395919055 
0.57500000000000039968 0.21779936198584251561 -2.0160085950032660129 -2.4217496830634992477 0.042268939792500202779 
0.60000000000000042188 0.22723417256780342743 -2.3043910691516629186 -2.4256365342022694342 0.038779541448219594091 
0.62500000000000044409 0.24439370976926014234 -2.7630146252907508142 -2.4307546452302712936 0.049860260472561757084 
0.65000000000000046629 0.22169693725939423889 -2.0096141992371547857 -2.4349032133632042552 0.039056006225629200102 
0.6750000000000004885 0.20049229089392425762 -2.4747350102484735324 -2.4399103035139759754 0.054725069223799369111 
0.7000000000000005107 0.22858594080671748583 -4.3192905021665719545 -2.4446828211514892715 0.040224452912961748685 
0.72500000000000053291 0.28926131731290483096 -4.7332937658315028528 -2.4498926469557371632 0.058804210119162723946 
0.75000000000000055511 0.28329979909102637192 -1.8024660551678794995 -2.4549640057810617755 0.050816209424434752306 
0.77500000000000057732 0.1986026554977990688 -2.1430727692877886703 -2.460053643778277177 0.032711978613389008919 
0.80000000000000059952 0.22904673846098955181 -1.441208222075296419 -2.4624261349960518963 0.028736122676025831896 
0.82500000000000062172 0.32535317371518374108 -1.3022991171401006039 -2.4661728653570742509 0.040364445365545377487 
0.85000000000000064393 0.33317002285139907247 -1.8633683306790318479 -2.4703142905539676732 0.036245739493970439982 
0.87500000000000066613 0.27234134182760871834 -1.4078114571747026851 -2.4736983556268823392 0.029301666223466752564 
0.90000000000000068834 0.24647207390311826058 -1.0245112601357786453 -2.4760589848743763675 0.026138849599139854507 
0.92500000000000071054 0.25465085799469444616 -3.7816848781802980817 -2.478855141202343404 0.020002276869994849856 
0.95000000000000073275 0.26690298216831881417 -3.4523275455777522325 -2.4813216981436911901 0.032425673493826412397 
0.97500000000000075495 0.26100336235733373469 -3.3487499636955777582 -2.4845440915891754408 0.029034159916164849202 
1.0000000000000006661 0.23878077960294571969 -3.9959455279037237041 -2.4871029870578214016 0.027441018636948137643 
1.0249999999999979128 0.2401509910422137406 -4.5103562540956696481 -2.4904656534776332677 0.033233570178525198568 
1.0499999999999951594 0.23209732021079795827 -4.6896559062218337033 -2.4934726887687350683 0.024270238572432170643 
1.0749999999999924061 0.23519825340601505093 -4.9802075966610264146 -2.4952814829059684065 0.016247747838173898227 
1.0999999999999896527 0.26103048526192756951 -4.9103319354546250963 -2.4969024669454142895 0.014505056829283989248 
1.1249999999999868994 0.24834666744736794142 -4.7341263491333531732 -2.4992052015266823517 0.030337802577689681333 
1.149999999999984146 0.22890249432034262544 -4.3869752567867656978 -2.5020191698409899317 0.023412463167673074754 
1.1749999999999813927 0.25460111938159379896 -3.9004558472390757906 -2.5040413046119014417 0.017084287045969225038 
1.1999999999999786393 0.26493904630678549728 -4.2194735722792398036 -2.5057929153621683049 0.015623064340551755941 
1.224999999999975886 0.26664995470274627243 -3.9477855513337942739 -2.5072975488430184754 0.01744505354810366865 
1.2499999999999731326 0.27023037214323963884 -3.4520955011220162412 -2.5090048998014773396 0.01467278221891335499 
1.2749999999999703792 0.2687694821967262504 -4.0998161294883619377 -2.5105480206986707792 0.014301727933273536766 
1.2999999999999676259 0.27154803101559576994 -4.6322599914473849836 -2.5121905712295395929 0.018508509023037304081 
1.3249999999999648725 0.27047443501079054817 -4.9150618986973544366 -2.5137710661045122862 0.01498293670421601935 
1.3499999999999621192 0.23044076856656958707 -4.7487621767934600214 -2.5154191184031278183 0.013238792289202697475 
1.3749999999999593658 0.21640175194623842425 -4.1722598726447053252 -2.5164009295973288616 0.0078070199653980081739 
1.3999999999999566125 0.2567407596562586436 -4.323419118885683865 -2.5174934203054952775 0.016291811904104093467 
1.4249999999999538591 0.27846627507441717997 -4.593854127437206003 -2.5190551047994937939 0.011077448021892449814 
1.4499999999999511058 0.27506692995584153261 -4.0067351640298554116 -2.5202601038893348573 0.011574982934434532508 
1.4749999999999483524 0.26829249328144216813 -3.8735106408797239652 -2.5212577394323294477 0.010073195225366772185 
1.4999999999999455991 0.26151474226552978708 -3.9764989075251140349 -2.5221593693386750168 0.0083701636298549042525 
1.5249999999999428457 0.26403635929114815939 -4.091751003440331047 -2.5231965271557652564 0.0094718897253577346435 
1.5499999999999400924 0.26417676656960520365 -4.5009564574600009479 -2.5240476320440992097 0.0087471014487261206788 
1.574999999999937339 0.26014374012593743934 -4.7649789566060434254 -2.5249990230267593816 0.010904411227024608452 
1.5999999999999345857 0.25805725967110437757 -4.6613191227826895613 -2.5259978592912286643 0.0067179347751342996867 
1.6249999999999318323 0.25630288780636278911 -4.7838221575832777788 -2.5267209610809415743 0.0078588879867939817614 
1.649999999999929079 0.26045633514285365662 -4.790143263014674524 -2.5273445281314055322 0.0059314359604450070385 
1.6749999999999263256 0.26489071292677229819 -4.2168775132174252107 -2.5280801395652514607 0.0073701694902072881557 
1.6999999999999235722 0.25544037696255345038 -4.0778538868355518332 -2.5288276708191075315 0.0068572857256067962922 
1.7249999999999208189 0.25046148492123537777 -4.0718417429242199646 -2.5295702985896668658 0.0076691255261376678823 
1.7499999999999180655 0.26360333322390777644 -3.9638257374710792469 -2.5300914444774313949 0.0039070546923742240086 
1.7749999999999153122 0.26911067488488338295 -4.4035987219970760265 -2.5307407649423252494 0.0069826215908211685182 
1.7999999999999125588 0.27515114304870619266 -4.5990523219412287048 -2.5313596515041214552 0.0062517391972471475156 
1.8249999999999098055 0.27600841163462008776 -4.6135818639195163016 -2.5318174713252861174 0.0032009407820309575612 
1.8499999999999070521 0.26162454700942999741 -4.830640000504762277 -2.5322710150123568518 0.0048762895207995499841 
1.8749999999999042988 0.2579903287167037429 -4.5574596030929619417 -2.5327781833346985074 0.0050066026296212385802 
1.8999999999999015454 0.26550786292158534696 -4.5534967963904779964 -2.533249967467596786 0.00461455510757495177 
1.9249999999998987921 0.26515710566017330896 -4.533508021988246206 -2.5337092167840298274 0.0044955095396029551638 
1.9499999999998960387 0.26046310382784665372 -4.1566619834621061358 -2.534150916379218188 0.003307006405661232825 
1.9749999999998932854 0.26049656030812756713 -4.1723092578536835617 -2.5344992721934840318 0.0046299403061944317123 
1.999999999999890532 0.26356693721380675122 -4.0843401592129131572 -2.5349385616553385958 0.0032515653877059234531 
2.0249999999998880007 0.26533901968872614097 -4.0338510381795025239 -2.535229196813635788 0.0026191741616801668055 
2.0499999999998852473 0.26550124858664836403 -4.5484057795689762926 -2.535594736836925378 0.0046089495500217210824 
2.074999999999882494 0.26436039988661241829 -4.8086353618048036651 -2.5359478659014009772 0.0027646193370605234331 
2.0999999999998797406 0.26628001780043214497 -4.4653827453932155578 -2.5362678079822962296 0.0027356248334057587691 
2.1249999999998769873 0.26360405999204744587 -4.2500446467669688033 -2.5365164641065827134 0.0024134723142126531317 
2.1499999999998742339 0.26187129212352694418 -4.4087138598093673636 -2.5367923490054229418 0.003097783329195697398 
2.1749999999998714806 0.27066793042048037377 -4.4564455268528782028 -2.5370690306138219405 0.002500736565445662446 
2.1999999999998687272 0.27059830666151707401 -4.3561886709589092703 -2.5373335447737743742 0.0022966741125947272295 
2.2249999999998659739 0.26038987441531918909 -4.1770834679574724291 -2.5375793607280656694 0.0025798276627886250131 
2.2499999999998632205 0.25640201697558517857 -4.1021027724308796181 -2.5377853596667248048 0.001934297191136203839 
2.2749999999998604672 0.25757792185892280923 -4.3232383284208584229 -2.5380221113430470048 0.0018876933909938342811 
2.2999999999998577138 0.26328550836866537743 -4.4144808461332329941 -2.5381773671535960979 0.0019791737291406249176 
2.3249999999998549605 0.26948269637226635043 -4.5000405947668919993 -2.5383994750799985241 0.0020929587354661409113 
2.3499999999998522071 0.27195732137477218737 -4.6035268749765290153 -2.5386156424056247616 0.002014959861369554437 
2.3749999999998494538 0.26991525992321224736 -4.3582526261468537143 -2.5387930340755633374 0.0012828778102001987902 
2.3999999999998467004 0.26184658151761425193 -4.3177895164790882632 -2.5389252603841931943 0.0016978030082153846517 
2.4249999999998439471 0.25682121774868021946 -4.3341156575249986105 -2.5390795813148656634 0.0013933020045801703529 
2.4499999999998411937 0.26612011996409390413 -4.1764934664746542481 -2.5392420607544106126 0.0014198050430744872316 
2.4749999999998384403 0.2694886411153950001 -4.4063913069687075108 -2.5393992463770311829 0.0017419162889477531313 
2.499999999999835687 0.26156757757011084298 -4.4908727118304430093 -2.5395240949272985809 0.00093578427955848979877 
2.5249999999998329336 0.26404077089275568291 -4.2923153546410803827 -2.539660435577494102 0.0015641548283934728503 
2.5499999999998301803 0.27006451998940844694 -4.3567685602822603386 -2.5397888208063230664 0.00088335368495253416884 
2.5749999999998274269 0.26613697113837042618 -4.4048739440680542145 -2.5398813176470529385 0.0011409578285636412607 
2.5999999999998246736 0.26047509922119971293 -4.4066134904800264849 -2.5399998597563473446 0.0011350316955016151715 
2.6249999999998219202 0.26096070169324536714 -4.4058120470336197272 -2.5401242154000427398 0.0010564482148623371028 
2.6499999999998191669 0.26409813739809490096 -4.3390159534835834876 -2.5402147582922154356 0.0010114186334945229374 
2.6749999999998164135 0.26648271360665148899 -4.3617194590638010965 -2.5403084767580308423 0.00079587961052129290503 
2.6999999999998136602 0.26629892668261812005 -4.3625336517169284178 -2.5403964352121075621 0.00078120751894576007882 
2.7249999999998109068 0.26818831007848403791 -4.3130774640890585658 -2.5404849856854831991 0.0010021578245909205495 
2.7499999999998081535 0.2694917784541364103 -4.3638646261346885069 -2.5405734294790334182 0.00075706991147366084136 
2.7749999999998054001 0.26571931401085768787 -4.4471683338981229383 -2.5406393353828136128 0.00065981504589724901139 
2.7999999999998026468 0.26540332899681651213 -4.4125018756557192745 -2.5407269736643054436 0.00082247329394818035567 
2.8249999999997998934 0.26479437210584666484 -4.3908315222383800247 -2.5407910086480520739 0.00056985904723290045897 
2.84999999999979714 0.25867965592632258254 -4.3607187452557019114 -2.5408552441658858179 0.00067624239063547358832 
2.8749999999997943867 0.26074565356992868148 -4.2413793420849028593 -2.540919537558588015 0.00058018663304157630338 
2.8999999999997916333 0.26834661529793996104 -4.3803113264617596911 -2.5409875414343012778 0.00071721263217838337588 
2.92499999999978888 0.26916370533163924694 -4.5425572410022896364 -2.5410383184089582187 0.00038246909525988545629 
2.9499999999997861266 0.26793582433670154463 -4.3696691213707126167 -2.5410910684679688387 0.00053510767845762639491 
2.9749999999997833733 0.2658974550887862609 -4.2646624695652324277 -2.5411467217601346746 0.00058828206003753416489 
2.9999999999997806199 0.26263923593188587269 -4.2806430926943885851 -2.5411997661939031978 0.0004647373842339251734 
3.0249999999997778666 0.26478500923450598581 -4.3836941534521240982 -2.5412421736423937979 0.00040637310914798689329 
3.0499999999997751132 0.26830748322471326128 -4.51533423685635249 -2.541283546017174988 0.00034310307516695445935 
3.0749999999997723599 0.26694800540591906435 -4.3987120688746381703 -2.5413260784097166933 0.00049324395996024734089 
3.0999999999997696065 0.26430247847682514228 -4.3268991087527091111 -2.5413710154938722319 0.00044960958289477184931 
3.1249999999997668532 0.26221391042392511173 -4.3518048279527121736 -2.5414136443101047469 0.00028420716656204819597 
3.1499999999997640998 0.26336295460173725358 -4.2938329284759495508 -2.5414396317407730308 0.00034778779411366567663 
3.1749999999997613465 0.26659978622064389731 -4.3724322141259692742 -2.5414792504432117681 0.00033009495783338738085 
3.1999999999997585931 0.26666149758063167896 -4.4426819260855809901 -2.5415072354777969998 0.00027273286736951689877 
3.2249999999997558398 0.26641970799034703221 -4.3768061410640708431 -2.5415421483473523701 0.0003851777542657287075 
3.2499999999997530864 0.26610407174859801449 -4.3425830373828357978 -2.5415754099820611067 0.0002755075972942783581 
3.274999999999750333 0.26330160962077697739 -4.3312225898353382547 -2.5416016262348164467 0.00025499340808766599812 
3.2999999999997475797 0.26482812729029103771 -4.3662442330209314534 -2.5416256759245179353 0.00018240679117957733953 
3.3249999999997448263 0.26848158141430628065 -4.4398734113904412268 -2.5416493195206779632 0.00029430094678430947881 
3.349999999999742073 0.26655565543310194565 -4.4361350638405792068 -2.5416752660328598701 0.00024803787498577469558 
3.3749999999997393196 0.26498802162193352272 -4.3356130031423187887 -2.5417023957180808758 0.00024038229763591027906 
3.3999999999997365663 0.26512567075975518316 -4.2914437155500158028 -2.5417222930856877561 0.00016386942774290332524 
3.4249999999997338129 0.26451695374203171296 -4.3409736645673966393 -2.5417401926413276669 0.00019711574875912895753 
3.4499999999997310596 0.26608896892692379677 -4.3936727587747421708 -2.5417616498456117036 0.0002072245417932734059 
3.4749999999997283062 0.2660870980486951809 -4.4294422895463929635 -2.541780851171008937 0.00018001086170207694095 
3.4999999999997255529 0.26379341455052746079 -4.3698462000161981678 -2.5417974556974214373 0.00015017498524630014238 
3.5249999999997227995 0.26407901109838971543 -4.3319320780121879366 -2.5418152743068436195 0.00019779741542148108623 
3.5499999999997200462 0.26487709944796633543 -4.3963194436127164266 -2.5418326607307553111 0.00012304658415140083553 
3.5749999999997172928 0.26648216126957774419 -4.3792980350932211309 -2.5418458911657659804 0.00015033722476450730662 
3.5999999999997145395 0.2690963882267209395 -4.3668795186604230096 -2.5418605749635543312 0.00015190493459266000455 
3.6249999999997117861 0.26785220402165949016 -4.3798256671120050498 -2.5418744405687929699 0.00010864379969330595626 
3.6499999999997090327 0.26510106410681882894 -4.3349540941854005638 -2.5418889197123424317 0.00016719729577973623945 
3.6749999999997062794 0.2641680788938535196 -4.3644540067747881196 -2.5419007402633706505 6.5173805215533458937e-005 
3.699999999999703526 0.26320238781142174522 -4.368061249375548627 -2.5419110067200394454 0.00014918209842589946583 
3.7249999999997007727 0.26420338347067595652 -4.3403129312029165021 -2.5419240674758660781 0.00010425463139349591267 
3.7499999999996980193 0.26600813675035200889 -4.4066028953095921494 -2.5419350058771885692 9.5647269109348440064e-005 
3.774999999999695266 0.26580599751693323451 -4.4282308302615520645 -2.5419434425355849072 9.1117768916620630118e-005 
3.7999999999996925126 0.26694175988553647816 -4.3836099558892458461 -2.5419541365879378958 9.6832699039559660069e-005 
3.8249999999996897593 0.26733879275233357609 -4.3462498435557375132 -2.5419628987725380043 9.1603448767772681989e-005 
3.8499999999996870059 0.26494475233007896975 -4.3252023738653502249 -2.5419725527542085253 9.2252312467174107393e-005 
3.8749999999996842526 0.26488430868652929062 -4.3521640356440860486 -2.5419803729022159011 5.9013434312154612084e-005 
3.8999999999996814992 0.26595209250812301693 -4.3774614452102955653 -2.5419876918291506307 8.938839313602931077e-005 
3.9249999999996787459 0.26536040336017113761 -4.3755197417643003632 -2.5419960125391631856 6.1479720108909634529e-005 
3.9499999999996759925 0.26542140258038399159 -4.3793753477710106736 -2.5420018358676887971 6.9983508812213957376e-005 
3.9749999999996732392 0.26557315059066582963 -4.3848349244262374569 -2.54200959143877947 7.6110727415215276423e-005 
3.9999999999996704858 0.26586385842925802647 -4.3789979470943940498 -2.5420165844064190885 5.3752504105906252297e-005 
4.0249999999996788347 0.2665325094630804359 -4.386301866007072725 -2.5420220960104269459 5.858246754064072012e-005 
4.0499999999996871836 0.2654021887691654924 -4.3913856430186539725 -2.5420272721713241815 4.4844727743049280172e-005 
4.0749999999996955324 0.26483979274183905295 -4.3489419709677665793 -2.5420329655461277873 6.794738210754775647e-005 
4.0999999999997038813 0.26547427538008810943 -4.3368137826043255956 -2.542038788254337156 4.4496506034186262993e-005 
4.1249999999997122302 0.26482062862452276919 -4.3495825533168464005 -2.5420437494838106218 4.8709958757500200618e-005 
4.1499999999997205791 0.2656975984033269067 -4.3440565258757963818 -2.5420479801619948468 4.0817759193643077167e-005 
4.1749999999997289279 0.26723134148009752842 -4.3962674934622949507 -2.5420528354019604755 4.9314573061115178729e-005 
4.1999999999997372768 0.26585189640125383992 -4.4218120425029558973 -2.5420571763281651911 3.7657401627420071316e-005 
4.2249999999997456257 0.26521519597353065967 -4.377844104727424579 -2.5420607155152601386 3.5603478149092237614e-005 
4.2499999999997539746 0.26619753253394767833 -4.3660685699375436641 -2.5420646158845099372 3.5672587380200224182e-005 
4.2749999999997623235 0.26568619215439931436 -4.3688257282903295575 -2.5420688296300988362 4.843807045448432773e-005 
4.2999999999997706723 0.26521457104725004728 -4.3805685236120126547 -2.5420726079948385845 2.1419609625478596858e-005 
4.3249999999997790212 0.26528890607600413842 -4.3692664728698140664 -2.5420748660811773867 3.4153003866576217931e-005 
4.3499999999997873701 0.26521723696284615901 -4.3252338553830425028 -2.5420784385468597755 2.6886551681899459792e-005 
4.374999999999795719 0.26565091782138078313 -4.3448195916183909304 -2.5420814801589135534 3.2868738188053189548e-005 
4.3999999999998040678 0.26561627001475918153 -4.383705263497677862 -2.5420843917881867924 2.8535957141743768936e-005 
4.4249999999998124167 0.26574331514063648241 -4.3905306900853915408 -2.5420872452732106161 2.2404620808821631127e-005 
4.4499999999998207656 0.26635436976088960881 -4.3968632363185058409 -2.542089448492300896 2.7018697129220850539e-005 
4.4749999999998291145 0.26572218861553753566 -4.3845155240061375324 -2.5420921408417056497 1.9961638880222445279e-005 
4.4999999999998374633 0.26567884914225775583 -4.3681497499378210136 -2.5420941835654673469 2.3484665029464095172e-005 
4.5249999999998458122 0.26632086263912568835 -4.3708170743588867779 -2.5420964667599741382 2.0282170716797455728e-005 
4.5499999999998541611 0.26514308170971317979 -4.3679957977806846969 -2.5420989079423819135 2.5679806763036055057e-005 
4.57499999999986251 0.26478504838397626253 -4.3501665831712648114 -2.5421006159808809954 1.2515348703051032477e-005 
4.5999999999998708589 0.2659269318478179045 -4.3474833765234297545 -2.5421023908244522183 1.8566150122690166174e-005 
4.6249999999998792077 0.26566210082517294211 -4.3651176931224755506 -2.5421043047413638405 1.8954809105745203996e-005 
4.6499999999998875566 0.26558215721717243207 -4.3784168271137406947 -2.5421061455571996035 1.8299548371705963109e-005 
4.6749999999998959055 0.26627355795215007506 -4.3917723132016455168 -2.5421076249818228554 1.0704851773966335909e-005 
4.6999999999999042544 0.26578392992423810481 -4.3890932204932031624 -2.5421090456788153489 1.821918165144630888e-005 
4.7249999999999126032 0.26527130184884867292 -4.3766189112356883584 -2.5421107922454808659 1.2544247732402514329e-005 
4.7499999999999209521 0.26527333701622546336 -4.3723326769593739982 -2.5421119944577941219 1.4739578366624077742e-005 
4.774999999999929301 0.2654571732592964084 -4.352829712747722013 -2.5421134322880942769 1.0931709817149093275e-005 
4.7999999999999376499 0.26606610002673108939 -4.3574921853643990843 -2.5421145517244982948 1.2247712221158719398e-005 
4.8249999999999459988 0.26602397719540765708 -4.3793220325612942645 -2.5421158064076658789 1.3367923605688688949e-005 
4.8499999999999543476 0.26586271395483945801 -4.3653133406361073199 -2.5421170117263511834 7.6009828533542674002e-006 
4.8749999999999626965 0.26614543549914265741 -4.3609456594492090886 -2.5421179070795538735 1.1696029649787908984e-005 
4.8999999999999710454 0.2654216299900489795 -4.3726687255290279666 -2.5421191309053803309 1.2301670105430772764e-005 
4.9249999999999793943 0.26495405997359244843 -4.3811540613274431166 -2.5421201685403564952 7.2631344921145647443e-006 
4.9499999999999877431 0.26551059842950563983 -4.3887680722043986847 -2.5421208029058339761 6.6364687387662410411e-006 
4.974999999999996092 0.26534179894751869222 -4.3730544462981999487 -2.5421217905347530674 1.0577082824002519368e-005 
