0.05000000000000003747 0.59116436595999510839 0.027707692681561590931 -2.3320734708067014651 0.061051795989019011501 
0.10000000000000007494 0.44765122899025688863 -0.13755497027610280592 -2.3594458143470631306 0.1589560485664494871 
0.15000000000000010547 0.23625908389074506966 -2.671983184514488574 -2.3951343121481678544 0.15910424723799598823 
0.20000000000000014988 0.39093674511576470554 -3.0419255544906507183 -2.4402351971406388564 0.12531826891606495655 
0.25000000000000016653 0.27215767106477528614 3.9240871164372927993 -2.4724499757719566873 0.10794347817968645564 
0.30000000000000021094 0.26457461298882434253 5.0187068224624367119 -2.4938850077468308619 0.079666375386791471458 
0.35000000000000025535 0.3658370817760866478 5.0932996971442658918 -2.5191591921904010754 0.10181283946781850835 
0.40000000000000029976 0.228747712986395485 3.9391035976490176296 -2.5399966881904565419 0.061980824846204617129 
0.45000000000000034417 0.30747747356620097614 2.1142349140644820515 -2.5579667028371888549 0.084343599347969602786 
0.50000000000000033307 0.31145252413076218723 1.8505923080922355162 -2.5787743869831616372 0.089282159595903756721 
0.55000000000000037748 0.20764116187960285353 -0.51657246185634009272 -2.5998595262670400885 0.059927543299596743032 
0.60000000000000042188 0.33851999942257487985 -0.82814179111036112513 -2.6167551310708092593 0.055298387516143049369 
0.65000000000000046629 0.31211444721096914812 2.2133947443299777369 -2.6333878692750358752 0.070102180680598785711 
0.7000000000000005107 0.26932084136694350862 6.5782924763161192416 -2.6473422345791792765 0.043014321251521762945 
0.75000000000000055511 0.27428537875775543808 1.943829621513526007 -2.6600567122866034531 0.039150715990207800299 
0.80000000000000059952 0.2361018354481062842 2.5529852082460537943 -2.6700628865451063731 0.038865037211922491556 
0.85000000000000064393 0.28450787086770074064 3.399035827001358534 -2.6812265577221179313 0.043669528766637606687 
0.90000000000000068834 0.3161029415974060397 2.100308571203750585 -2.6907881336936512184 0.038431017393907605795 
0.95000000000000073275 0.27940317865580832635 1.9225623075836841824 -2.6998823343588873591 0.015976763604710592093 
1.0000000000000006661 0.31337186255751908748 4.7902743279505104468 -2.7078938862588026737 0.042129391380072475637 
1.0499999999999951594 0.2366768068652165824 7.6777943297674449141 -2.7172445234464510655 0.020364387252394759026 
1.0999999999999896527 0.26460890385283675208 4.4671287910181565195 -2.7253789271305319808 0.026319456806894205719 
1.149999999999984146 0.30911555348895797257 4.4849721206209229862 -2.7313340339264913226 0.021963798914126933526 
1.1999999999999786393 0.25579109329926680294 4.1218045397430689292 -2.7382312941585027488 0.01847881374903897686 
1.2499999999999731326 0.29582513703726986964 4.9071311107248805072 -2.7434338101087916151 0.02305943143991550856 
1.2999999999999676259 0.27902544671235374185 4.7446887431654971579 -2.7482248950363703521 0.020327591050798513722 
1.3499999999999621192 0.25003801523311158794 7.5333393694777699423 -2.7525434694895443144 0.014129622557945779524 
1.3999999999999566125 0.30444804928814661604 4.1779289215138124547 -2.7562692023813344377 0.014195801734653564624 
1.4499999999999511058 0.28794950031921967559 4.50788277877335819 -2.7593995399892383702 0.011611389064055979009 
1.4999999999999455991 0.2719675009905019869 4.8263116315710199444 -2.762309818456796684 0.0067942755373406145056 
1.5499999999999400924 0.28079574788335021074 4.2008749718920679328 -2.7648096006784128598 0.0098567330402294199565 
1.5999999999999345857 0.27957757566536339811 4.8156368730287413271 -2.7669487894265403227 0.0070972602913668960886 
1.649999999999929079 0.28251741515432687857 4.1144092853406091237 -2.7688529207982863767 0.0073787286189703066297 
1.6999999999999235722 0.28712414931205654245 4.5004741454541665746 -2.770619195501127674 0.0053240735587995330347 
1.7499999999999180655 0.28422199111994722598 4.9392663858916714403 -2.772121693795355668 0.0054136889597831703083 
1.7999999999999125588 0.27971592542421847005 4.1360329390964878371 -2.7734084238170253478 0.0054924925839591630036 
1.8499999999999070521 0.27977100608157129402 4.5707637866835559848 -2.7745546014337745255 0.0046096011059130531304 
1.8999999999999015454 0.28451512194247663423 4.5066698258794701815 -2.775619228828660745 0.0035898373645627634602 
1.9499999999998960387 0.28366886675710439869 4.4527702031371640956 -2.7764731362200389952 0.0034518100578228793317 
1.999999999999890532 0.29077339821480108206 4.6988149409956108116 -2.7772810957545064348 0.0030600564193541059284 
2.0499999999998852473 0.27240378711738844064 4.307021624640219315 -2.7779286160415366247 0.0017427753985826399934 
2.0999999999998797406 0.28359966306534872826 4.5635451552055599223 -2.7785707087609816668 0.0022204694744421531877 
2.1499999999998742339 0.28885013847860513403 4.5700011072671875567 -2.7790553097212917777 0.0017973755265245918659 
2.1999999999998687272 0.27997225473777742621 4.2828305697294553056 -2.7795132751724156428 0.0019629108297482922123 
2.2499999999998632205 0.28844966016041673207 4.7576858612392358694 -2.7799269938171815575 0.00094552967880482318916 
2.2999999999998577138 0.27746262892943346356 4.407401050936027076 -2.7803099118626781738 0.0013263880283114429931 
2.3499999999998522071 0.28244381686526121022 4.4682481097609656473 -2.7806194832433792641 0.0015880899138388075709 
2.3999999999998467004 0.29013624236846979887 4.5629668866743928746 -2.7808671180395654332 0.001269909617251901773 
2.4499999999998411937 0.27802537250982733985 4.3855412779313134308 -2.7811146503322459189 0.00061983451097906492981 
2.499999999999835687 0.28934328915941259774 4.6589341733482196872 -2.7813506848725877418 0.00062270533587963669379 
2.5499999999998301803 0.27984891263781813686 4.4053721129631284725 -2.7815325951206646415 0.00069705808265335938295 
2.5999999999998246736 0.28029675559418909536 4.514553705864622124 -2.7816758199173516886 0.00076948590849930127017 
2.6499999999998191669 0.29053449655813223806 4.5628924945142514957 -2.7818247530343027663 0.00036712073895650733498 
2.6999999999998136602 0.28039474789802742993 4.3755426238454937504 -2.7819479247282949963 0.00037917420917411273542 
2.7499999999998081535 0.28566094206363268349 4.6064291561886516746 -2.7820689054582379285 0.00036078505925568295698 
2.7999999999998026468 0.28093014790554293736 4.5018349005166369281 -2.7821579265148863591 0.00042118933782885092151 
2.84999999999979714 0.28396672498611852387 4.44137044155539229 -2.7822400495794350483 0.00035520068344447317584 
2.8999999999997916333 0.28686558420136043512 4.5825389742443229935 -2.7823201904734493617 0.00023062113588902851801 
2.9499999999997861266 0.28200888547132069162 4.4197470262814313458 -2.7823844546180884763 0.00028224257906768744934 
2.9999999999997806199 0.28381862695347487291 4.5475276708679208681 -2.7824421009203459398 0.00021125940543343551311 
3.0499999999997751132 0.28336615339196036256 4.5333212438693655244 -2.7824926627340156315 0.00015403795814286790522 
3.0999999999997696065 0.28392410322572020354 4.426986256577307266 -2.7825360144182522681 0.00014268533353381206694 
3.1499999999997640998 0.28471366948904647254 4.5697521343983433795 -2.7825752583033982468 0.00012864017788990621694 
3.1999999999997585931 0.28401540346447184948 4.4722968345958005187 -2.7826063112938594912 0.00010978726197357480251 
3.2499999999997530864 0.28276258104697032936 4.4957078818827209687 -2.7826386408439640618 0.000108765185177072711 
3.2999999999997475797 0.28376172970307611543 4.5168880689456178956 -2.7826643455083108769 8.5147045398416881172e-005 
3.349999999999742073 0.28471352767742452716 4.493337470806636702 -2.7826878161280612645 0.000114805382891297047 
3.3999999999997365663 0.28333344367316060097 4.5236557706231073084 -2.782707227945880657 6.9648897664167534532e-005 
3.4499999999997310596 0.28477774279872558605 4.4784193463725499029 -2.7827254440831095117 5.7490478433789866247e-005 
3.4999999999997255529 0.2828898392996953004 4.5026635933506637954 -2.782741556782867498 6.0873896840766850711e-005 
3.5499999999997200462 0.28313904202565198798 4.5069794723638469947 -2.7827539155295566431 5.1124924795889031522e-005 
3.5999999999997145395 0.28551209614913464208 4.5103798392127183448 -2.7827666243975359706 3.0522875821808519929e-005 
3.6499999999997090327 0.28328385877073503085 4.5035326882715231989 -2.7827768608493146374 3.9165807106346737642e-005 
3.699999999999703526 0.28370447150321126406 4.4902682068726988973 -2.7827862011873230053 3.1195996852355925783e-005 
3.7499999999996980193 0.28399838175454489297 4.5010535068267483183 -2.7827936918262752286 3.1044117277243075265e-005 
3.7999999999996925126 0.28325323763133436472 4.5071941429891984043 -2.782801116929686458 2.3794229300490720867e-005 
3.8499999999996870059 0.28476694136585634087 4.5087153212920982881 -2.7828074562048024099 2.0858234547227538991e-005 
3.8999999999996814992 0.28370567426246551257 4.5065006159820217846 -2.7828130181626571371 2.5849047189272891301e-005 
3.9499999999996759925 0.28352119509575363088 4.4832114787806780498 -2.7828176076004011996 1.7861071522384949165e-005 
3.9999999999996704858 0.28427714332517955986 4.5070315163407013159 -2.7828217562311521327 1.5069962114471189315e-005 
4.0499999999996871836 0.28300690470677664079 4.5160392878574988629 -2.7828257498465265307 1.0440536755345416494e-005 
4.0999999999997038813 0.28493507416102864527 4.4933486402913072055 -2.7828288213044083399 1.1904970296623053908e-005 
4.1499999999997205791 0.2835822004391354012 4.5026116569123191269 -2.7828315179776659249 1.0012988706128875217e-005 
4.1999999999997372768 0.28360486527116557376 4.5033389978657032415 -2.7828341069016757636 6.928479210242977753e-006 
4.2499999999997539746 0.28398093444487032544 4.5010476303230690931 -2.7828362507411696924 6.6474051419561993949e-006 
4.2999999999997706723 0.2836544623341014093 4.5007136600546182592 -2.7828382969830256499 9.1243520727839171741e-006 
4.3499999999997873701 0.28438818620217171107 4.5080685406120801773 -2.7828397746481763342 6.0489220954153400777e-006 
4.3999999999998040678 0.28376928412363583432 4.500653988358210178 -2.7828413792502515456 5.4181456647257694888e-006 
4.4499999999998207656 0.28343912466268161854 4.4989138622243984855 -2.7828427607143400024 3.7091005227673942489e-006 
4.4999999999998374633 0.28421971773974635811 4.504289842165999147 -2.7828438015081071732 5.1343093346566930977e-006 
4.5499999999998541611 0.28370590782550986209 4.5013045285948329877 -2.7828448061191415341 3.7898735069571143556e-006 
4.5999999999998708589 0.28415851951380305396 4.5056615129078281257 -2.7828456457989410033 1.9951886553298270118e-006 
4.6499999999998875566 0.28367383437810289593 4.500113264623359477 -2.7828465040375931494 2.6031696935229716751e-006 
4.6999999999999042544 0.28383212985311584431 4.5024487482186144049 -2.7828471182383025528 2.5817517792638940559e-006 
4.7499999999999209521 0.28393805605511374113 4.5022155152732228345 -2.7828476992286659275 2.0749543118994066912e-006 
4.7999999999999376499 0.2838122457048459224 4.5020123526057957974 -2.7828482305714974387 1.5705623523940336504e-006 
4.8499999999999543476 0.28407894940757771884 4.5032111336195423945 -2.7828486911805740966 1.7545824954827545997e-006 
4.8999999999999710454 0.28373589843210617056 4.5032040407444293706 -2.782849097550055717 1.6643779978880822999e-006 
4.9499999999999877431 0.28379983443181450165 4.5013330006897307456 -2.782849437251732283 1.5350587941787637114e-006 
5.0000000000000044409 0.28397470724897239114 4.5016405178776786045 -2.78284975154609171 9.0190766356691444033e-007 
5.0500000000000211386 0.28380289724387908201 4.5027545340014940578 -2.7828500352674740981 9.5813476371190110625e-007 
5.1000000000000378364 0.28408022416582751069 4.5034860441043811363 -2.7828502628353244397 9.038759494042705487e-007 
5.1500000000000545342 0.28365532780777164001 4.5020953280442634892 -2.7828504543309247055 6.6019118523796940155e-007 
5.2000000000000712319 0.28389982308596339866 4.5010140316298334895 -2.7828506470396137118 5.3753395686663686328e-007 
5.2500000000000879297 0.2839743528356066804 4.5039940493005090616 -2.7828508125042166199 5.0819706723824549898e-007 
5.3000000000001046274 0.28378746911274888021 4.5013229616475394224 -2.7828509460404844411 5.8333381207170010198e-007 
5.3500000000001213252 0.28398531457180503645 4.5031500245348174971 -2.7828510740863934281 5.4894838442859360548e-007 
5.4000000000001380229 0.28378087046965155826 4.5014048433230406943 -2.7828511746531128246 3.5664303187600526518e-007 
5.4500000000001547207 0.28386643778900216839 4.5028045641247320674 -2.7828512796392730344 3.7183585511908592238e-007 
5.5000000000001714184 0.28394419636431794673 4.5042721259285158908 -2.7828513609454312849 2.7784315744591045866e-007 
5.5500000000001881162 0.28382320439346353513 4.4990622890643932053 -2.782851431169628853 2.6817486590200937341e-007 
5.6000000000002048139 0.2839340082708590729 4.5039660521064597276 -2.7828515011699206383 2.2190390048221896135e-007 
5.6500000000002215117 0.28385304759713231304 4.502969499703880274 -2.7828515493194991848 2.1010548787094506531e-007 
5.7000000000002382095 0.28379984468192115399 4.5013397935831394037 -2.7828516011775699113 1.470707894060561164e-007 
5.7500000000002549072 0.28397364688037612934 4.5036590467444179708 -2.782851646562292558 1.0265469250063181839e-007 
5.800000000000271605 0.28386126035724390526 4.5013447617058632844 -2.7828516846516082595 1.6503997154631632075e-007 
5.8500000000002883027 0.28385185945594576529 4.5016599650924300491 -2.7828517168843296403 1.4371318025512876123e-007 
5.9000000000003050005 0.28389233335697505733 4.5038736098018636866 -2.7828517446057667861 1.2286012362097930809e-007 
5.9500000000003216982 0.28383736703646256228 4.5021506393162198378 -2.7828517722013268454 7.0395206164500239309e-008 
6.000000000000338396 0.2839185756609823863 4.5022264600775931953 -2.7828517964832575338 7.9342487290698190074e-008 
6.0500000000003550937 0.28389883130871063077 4.5018522044310715913 -2.7828518151659560331 8.8468765669704645103e-008 
6.1000000000003717915 0.28381309921776309846 4.502228703694472145 -2.7828518314548955637 6.7539126652446649686e-008 
6.1500000000003884892 0.28391734655553063638 4.503576135811432124 -2.7828518468559524379 3.1590241141476989299e-008 
6.200000000000405187 0.28385867255906221951 4.5017178345975272791 -2.7828518608004881862 4.0841354523632725868e-008 
6.2500000000004218847 0.2838794783572377578 4.5022520784464310495 -2.7828518726153586016 4.889264508579587041e-008 
6.3000000000004385825 0.2839085779629603179 4.5024994791539691974 -2.7828518821418288809 4.1466288909484548836e-008 
6.3500000000004552803 0.28382695279523079135 4.5022055365671427296 -2.7828518914364797077 3.2243825594654995192e-008 
6.400000000000471978 0.28390413673112852022 4.5026175375475654405 -2.7828519000517109028 2.8063866360858070961e-008 
6.4500000000004886758 0.28387037989046770559 4.5024597644402541974 -2.7828519065041326108 3.0829949644103605247e-008 
6.5000000000005053735 0.2838700856660795746 4.5023360253250483964 -2.782851912566237651 2.3977422305056205204e-008 
6.5500000000005220713 0.28390705805107779858 4.5021434882879711736 -2.7828519180392845556 1.4328089395452390648e-008 
6.600000000000538769 0.28383794234966536196 4.5023800836229739275 -2.7828519229464281359 1.7522668964957986753e-008 
6.6500000000005554668 0.28388739628560044626 4.5026145369945913544 -2.7828519270096121474 1.6949367392653785573e-008 
6.7000000000005721645 0.28389112948677380777 4.5024484449557276022 -2.782851930192761003 1.2091542666191516843e-008 
6.7500000000005888623 0.28386047787688295507 4.5021470719002616434 -2.782851933697885638 9.2976418964023730843e-009 
6.80000000000060556 0.28389261780172098115 4.5024730181648031646 -2.7828519364917885248 8.0747930275720156702e-009 
6.8500000000006222578 0.28386060736249640879 4.5022697112084957283 -2.7828519388633590204 1.2025800183703467051e-008 
6.9000000000006389556 0.28387870671984777315 4.5024795590263924083 -2.7828519410570611292 7.6409760424020468382e-009 
6.9500000000006556533 0.28388823247836580954 4.5025058489184885957 -2.7828519428702120919 8.2637733074028554866e-009 
7.0000000000006723511 0.2838643144103923377 4.5022311527087808258 -2.7828519446385353575 5.2333408043488192392e-009 
7.0500000000006890488 0.28388562279646084585 4.5024002566911001111 -2.7828519460680074538 5.2101463884373140559e-009 
7.1000000000007057466 0.28387324452766143912 4.5023211834934837583 -2.7828519473212618429 4.8099801778040674413e-009 
7.1500000000007224443 0.28386811650234022864 4.5024260645000691028 -2.7828519484426061936 3.1263047737973800169e-009 
7.2000000000007391421 0.28389010206174242201 4.5025138800573643039 -2.7828519494119809963 3.6198518732314992692e-009 
7.2500000000007558398 0.28386922518725571374 4.5023090228617332897 -2.7828519502339910119 2.8978746729013740101e-009 
7.3000000000007725376 0.28388112395823095202 4.5021732379570771343 -2.7828519510204547949 2.4420999162465270699e-009 
7.3500000000007892353 0.2838706121913054381 4.502633299015676549 -2.7828519516996568228 2.273588491773683164e-009 
7.4000000000008059331 0.2838772224561640356 4.5023453192157134595 -2.7828519522700960742 2.8554805152037445794e-009 
7.4500000000008226309 0.28388163556146850386 4.5022603138172403447 -2.7828519527794113309 1.8771106158303957535e-009 
7.5000000000008393286 0.28387454250342680773 4.5025085775726623183 -2.7828519532141871018 1.5548558529466744562e-009 
7.5500000000008560264 0.28387604715833186786 4.5022927741196676621 -2.782851953640844922 1.2310940121871085651e-009 
7.6000000000008727241 0.2838733208900289795 4.5024467884072443269 -2.7828519539735596666 1.3252337970220180193e-009 
7.6500000000008894219 0.28388139815079893591 4.5023465441209946647 -2.782851954258175553 1.2514705312292717691e-009 
7.7000000000009061196 0.28387478728075199452 4.5023440311515008361 -2.7828519545321417361 5.9030583760242876011e-010 
7.7500000000009228174 0.28387629615773035674 4.5024738330214102433 -2.782851954768791547 8.3878768398405654619e-010 
7.8000000000009395151 0.28387870629866002181 4.5023125773235435076 -2.7828519549688777168 8.3335002265014110708e-010 
7.8500000000009562129 0.28387198993347567688 4.5023988937090315687 -2.782851955139211686 5.5158036574671966289e-010 
7.9000000000009729106 0.28387980266131562779 4.5024036641206333087 -2.7828519553067061487 6.9409810388462857393e-010 
7.9500000000009896084 0.28387725614975395372 4.5023085521646741824 -2.7828519554493564847 4.7179823704145927331e-010 
8.000000000001005418 0.28387500903322199219 4.5024544962295998118 -2.7828519555636375138 5.9516218405532825997e-010 
8.0500000000009777068 0.2838777158647212695 4.5023825259402032728 -2.7828519556737285612 3.4266028963753719282e-010 
8.1000000000009499956 0.28387400103285920228 4.5023531177237412493 -2.7828519557633728532 2.537362318640796886e-010 
8.1500000000009222845 0.28387934643456103068 4.5023697781341720514 -2.7828519558509063891 2.9114617506696450306e-010 
8.2000000000008945733 0.28387626715319042026 4.5023678917925717968 -2.7828519559176116971 2.4824334968982789369e-010 
8.2500000000008668621 0.28387557269697100137 4.5024623979296514165 -2.7828519559778301939 2.3878287239118837341e-010 
8.300000000000839151 0.28387703470998487676 4.5023125744186636155 -2.7828519560378608411 1.465633530421182524e-010 
8.3500000000008114398 0.28387614422424001237 4.5023909946505771273 -2.7828519560861417759 2.007475361666370377e-010 
8.4000000000007837286 0.28387716651266797774 4.5023988625767303873 -2.7828519561276165994 1.7838013042297587835e-010 
8.4500000000007560175 0.28387667274301142672 4.5023444202387175039 -2.7828519561639586399 1.4817580735349771764e-010 
8.5000000000007283063 0.28387602283690216431 4.502430028057608169 -2.7828519561987961062 8.3483506020106899622e-011 
8.5500000000007005951 0.2838772100750898697 4.5023560158749500459 -2.7828519562288209777 1.1556289208824643411e-010 
8.600000000000672884 0.28387564084882216386 4.5023815881611470857 -2.7828519562521534247 1.1015949082558932422e-010 
8.6500000000006451728 0.28387736647478417629 4.502390501475452389 -2.7828519562733591286 6.7415713779825658478e-011 
8.7000000000006174616 0.28387629222319715749 4.5023509965060783955 -2.7828519562940465804 4.4889232383806558924e-011 
8.7500000000005897505 0.2838773595768704916 4.5024167847432270406 -2.78285195631172666 5.54577681210686222e-011 
8.8000000000005620393 0.28387505866315798642 4.5023787380097388677 -2.7828519563257558822 6.6540276538298150634e-011 
8.8500000000005343281 0.28387744434808936944 4.5023618418689359544 -2.7828519563383475877 4.837949608787735971e-011 
8.900000000000506617 0.28387684854177369642 4.5023960672914808967 -2.7828519563504632295 3.2702542704066554045e-011 
8.9500000000004789058 0.28387608258788615823 4.502360932868127108 -2.7828519563608065113 4.510365112217601651e-011 
9.0000000000004511946 0.28387711437117102431 4.5024046758343789776 -2.7828519563699432027 2.9237893804467886533e-011 
9.0500000000004234835 0.28387576931195607211 4.5023778238589393652 -2.782851956377227598 3.5562642757072348989e-011 
9.1000000000003957723 0.28387701848319274456 4.502370636981729568 -2.7828519563844538176 2.2231657669043777833e-011 
9.1500000000003680611 0.28387698751605827674 4.5023942430558507866 -2.7828519563900222522 1.6597810293714873807e-011 
9.20000000000034035 0.28387582468254596302 4.5023550895067101507 -2.7828519563955684823 1.9244334941719230073e-011 
9.2500000000003126388 0.28387731497772378253 4.5024095181058028103 -2.782851956400022253 1.1647876477799513041e-011 
9.3000000000002849276 0.28387590133309625884 4.5023787930667920065 -2.7828519564040745671 1.8038630680513677624e-011 
9.3500000000002572165 0.28387679600089033016 4.5023667045546069687 -2.7828519564077791593 1.252064086975393165e-011 
9.4000000000002295053 0.28387700950272287681 4.5023891723024576095 -2.7828519564105835826 1.3232274902110267516e-011 
9.4500000000002017941 0.28387600579061184058 4.502374213618080212 -2.7828519564136255937 7.6781594626768548536e-012 
9.500000000000174083 0.28387699069133176533 4.5023946193507775604 -2.7828519564160187905 1.0079563016260059374e-011 
9.5500000000001463718 0.28387625838928925992 4.5023747025780913589 -2.7828519564180389523 8.1790183353601211852e-012 
9.6000000000001186606 0.28387656978541747632 4.5023739422962565371 -2.7828519564199374337 6.9719502253010922511e-012 
9.6500000000000909495 0.28387710117614683991 4.5023941148100048437 -2.7828519564215126181 4.9118899764153750651e-012 
9.7000000000000632383 0.28387602009192913766 4.5023713282175901185 -2.7828519564230198569 4.2151090380568763751e-012 
9.7500000000000355271 0.28387674593147699253 4.5023817883585257604 -2.7828519564242029105 4.8570470701450004332e-012 
9.800000000000007816 0.28387665464105149571 4.5023904000804622072 -2.7828519564252260921 3.1704522792633088564e-012 
9.8499999999999801048 0.28387644416173579698 4.502371694970241478 -2.782851956426315887 2.9420386249927430519e-012 
9.8999999999999523936 0.28387679323898490358 4.5023842815995838151 -2.7828519564271210207 3.7811947357056496392e-012 
9.9499999999999246825 0.2838763941096332788 4.5023825216653499126 -2.7828519564278382248 3.4653807861343869811e-012 
