0.025000000000000015266 0.60206137036533191598 0.00052914083792404698059 -2.2380780272317313262 0.0448130504725532397 
0.05000000000000003747 0.57381498733572822157 0.018723722292922517774 -2.2415651330845882683 0.070976029747223667865 
0.075000000000000052736 0.41217219207334115927 -0.017295863043305548246 -2.2513907099580654503 0.11934948086537634782 
0.10000000000000007494 0.35957762742643856191 -0.054574716127409494959 -2.2680521008290961404 0.13599475095429214289 
0.12500000000000008327 0.17417969149650325278 -0.36775977783268420929 -2.2791550264017113037 0.080803029220886057882 
0.15000000000000010547 0.19209829299296551919 -2.4487720554983058996 -2.2882690133777687791 0.098568760147352343925 
0.17500000000000012768 0.30712335336510676598 -3.3728768888341846832 -2.2987142097411767949 0.098058605071544249765 
0.20000000000000014988 0.21067003062550784809 -1.8888214511559411335 -2.3097075469697649908 0.084929420428743143678 
0.22500000000000017208 0.2209402711342895731 -2.8896134605927472627 -2.319105663857829569 0.097904160200213405374 
0.25000000000000016653 0.27708343321610995336 -3.4717461857545393045 -2.3298445695395897381 0.10263521985211665477 
0.27500000000000018874 0.23241244155757989631 -2.0898019222750319202 -2.3396986237955585963 0.07400601601958338438 
0.30000000000000021094 0.24708368157861057557 -2.0174799693105405218 -2.3486786323112105457 0.079528376503911896167 
0.32500000000000023315 0.31241129446529580793 -1.2019323884843977623 -2.357312248418326206 0.09307506346323661528 
0.35000000000000025535 0.33905104648780759469 0.41876499509319486947 -2.3663351386898705542 0.076090418597494435815 
0.37500000000000027756 0.32163524071643506685 0.57040212507798693231 -2.3742317339250398334 0.062945388488923711967 
0.40000000000000029976 0.24036359158676137704 0.18765236312526500928 -2.3816441872250897482 0.079120767883049156199 
0.42500000000000032196 0.20642601472692223563 -0.098258488177099811978 -2.3900239865457897359 0.062221214075676975486 
0.45000000000000034417 0.19926538495518547611 -3.1580917257274601084 -2.3966468828349647424 0.060523463331307245094 
0.47500000000000036637 0.17226564392559681749 -2.2303736903333524211 -2.4028621400977159261 0.059446142818186692436 
0.50000000000000033307 0.18707692941766129735 -1.6841396401341843791 -2.40953164915198359 0.060325937268774637579 
0.52500000000000035527 0.2438628107451545346 -2.1937747345013782763 -2.4161937255508334488 0.067368726043915583279 
0.55000000000000037748 0.25374988070733039969 -2.5036464546642256401 -2.4236198980132188652 0.060192135025024358363 
0.57500000000000039968 0.2310070873760380894 -2.1764516858093156948 -2.4288762412688824632 0.041956103465883611003 
0.60000000000000042188 0.23683856396000740885 -2.5059197941146411637 -2.4326942212485187511 0.036816559440026257188 
0.62500000000000044409 0.26345578633459015849 -2.9650942669569180232 -2.4379524482542729302 0.045194789360214898677 
0.65000000000000046629 0.22901663926886389744 -2.2900533061849026595 -2.4422728689668029567 0.043737458150525883316 
0.6750000000000004885 0.19899183196893863168 -2.6321628770234299921 -2.4473619626190075138 0.046442771461528156718 
0.7000000000000005107 0.24702581949826787899 -4.3135784447348566317 -2.4521231928213911289 0.040956440078588292331 
0.72500000000000053291 0.31994728268547789618 -4.5683103149962178691 -2.4567435227774581108 0.036570249237643986939 
0.75000000000000055511 0.30158337030648391108 -1.0246587551062216193 -2.4603563612492673762 0.044567887198702228757 
0.77500000000000057732 0.24915612424557714855 -1.0748942724428789397 -2.4652410729017928404 0.033882698641403835582 
0.80000000000000059952 0.28615074295112730152 -3.2432714793924355412 -2.4680275318358249059 0.023246089593280675617 
0.82500000000000062172 0.2753091265663677456 -2.631928495166024895 -2.4715859995306490582 0.038996869231609707085 
0.85000000000000064393 0.21813851168462625174 -3.0325706352460088944 -2.4754088722739302497 0.034297804642106438644 
0.87500000000000066613 0.20888844465664055394 -2.8820313913737396483 -2.4794833489481598043 0.033178620037438585899 
0.90000000000000068834 0.23546798128506854497 -3.536558212040128879 -2.4826453801869536875 0.031496953675067843048 
0.92500000000000071054 0.26833088118480968864 -4.3051609205869674213 -2.4851775630037877818 0.012954688106372626646 
0.95000000000000073275 0.26722046149645178881 -3.9226230253298401962 -2.4876589053953566122 0.031009526504832286148 
0.97500000000000075495 0.2653827253633612715 -3.8025279589075120512 -2.4905142812520240092 0.025725302191349313369 
1.0000000000000006661 0.27941437937118507318 -3.424978777076854719 -2.4932712026658876425 0.022327331678172138846 
1.0249999999999979128 0.27131490314468126313 -3.1422468759273889383 -2.4959811171977341893 0.025336903537870464342 
1.0499999999999951594 0.24665972149484799436 -3.3301386274699136258 -2.4982476015468915165 0.019848041899311601177 
1.0749999999999924061 0.24353511096925289925 -2.9691519721743020455 -2.5002850627420576402 0.01621889433636622066 
1.0999999999999896527 0.24309257788989654947 -2.9898879920378780284 -2.5023695124537774781 0.019290998900302645108 
1.1249999999999868994 0.24538303282662229932 -3.7269667909234076575 -2.5041989065562835215 0.019592589364985608241 
1.149999999999984146 0.25443072761416318794 -3.829415892117825404 -2.5061959057663507622 0.014451712547398876466 
1.1749999999999813927 0.28266951363701381394 -3.6147746069535289237 -2.5080989969977158793 0.018533571619813404147 
1.1999999999999786393 0.30199181016102560893 -3.5856005872493010855 -2.5098233163200944773 0.012613110403701711243 
1.224999999999975886 0.27216320335333726854 -3.8325787754529723195 -2.5110807518435094288 0.015731421921646907003 
1.2499999999999731326 0.24711466252274041921 -3.5691769008274718544 -2.5130020492015594513 0.012837137052682887767 
1.2749999999999703792 0.25598444512121826255 -3.4463472843964528813 -2.5141703738016012437 0.013099519935456910291 
1.2999999999999676259 0.25497897474762631909 -3.5892499568257205667 -2.515675383787336461 0.014098967739940616167 
1.3249999999999648725 0.25174900130288369038 -3.3118423357639552584 -2.5170121036037524931 0.0088284523945748108464 
1.3499999999999621192 0.26638524698648635702 -3.4417672354487676145 -2.5181087231999157439 0.013656389022086002846 
1.3749999999999593658 0.27273119007109569711 -4.0411517939033263502 -2.5195041505559552242 0.0096555812618224472893 
1.3999999999999566125 0.2755732067504658156 -3.9643594054749584643 -2.5203320803540685269 0.0082037956655027794578 
1.4249999999999538591 0.2887914587367836905 -3.4176036613292746225 -2.5215562951837413586 0.011213079940786576175 
1.4499999999999511058 0.27886314780823895365 -3.1901644463937870455 -2.5224883335705561294 0.0090728898121978044516 
1.4749999999999483524 0.24990105781764385129 -3.4207267958730751545 -2.5235822087938744041 0.0085762932402652976988 
1.4999999999999455991 0.24080700170637922564 -3.8647434176789299265 -2.5243645103432759136 0.0070198842989010711013 
1.5249999999999428457 0.26030621022124506014 -3.6657004154638475057 -2.5250840681313153624 0.0060775481280998929975 
1.5499999999999400924 0.27783547625837073936 -3.3092596532753373317 -2.525951697467821333 0.0096165146165006539641 
1.574999999999937339 0.26760838786210255913 -3.6488813447852028737 -2.5267997804517716709 0.0067579991204424144993 
1.5999999999999345857 0.27116082762216076052 -3.7808886558359282581 -2.527573240033445412 0.0060368275660422007767 
1.6249999999999318323 0.28030405160415994281 -3.6795447220117405429 -2.5280759358133382264 0.0050785976820571379978 
1.649999999999929079 0.26960274567871223006 -3.8993854144957120766 -2.5287684632700564435 0.0058494399176601116416 
1.6749999999999263256 0.27372299358307644601 -3.6273829928708969383 -2.5293881887467963843 0.0069922471102843563456 
1.6999999999999235722 0.26368541361427844105 -3.1638427040136112289 -2.5301285294207209731 0.0050891985962753395062 
1.7249999999999208189 0.24473033611021169365 -3.2785305191528038016 -2.5305110585775176801 0.003361254652215424181 
1.7499999999999180655 0.25987506258289905237 -3.4916493806159083491 -2.5310078395782862337 0.0049053094037253370738 
1.7749999999999153122 0.27545101989101095086 -3.6390785102507812176 -2.5315376562242639658 0.0052285380882698103203 
1.7999999999999125588 0.27542907002099237257 -3.7729458793907908465 -2.5319964858961232501 0.0039823267984553691046 
1.8249999999999098055 0.28057729312430013113 -3.8284239319073805063 -2.5325355146560495356 0.003987122996895560087 
1.8499999999999070521 0.27364287671826920123 -3.9470736000113140207 -2.5328463769171611908 0.0031785291583047220118 
1.8749999999999042988 0.26665059373554783617 -3.7121215781270286982 -2.5332430849520717331 0.0038832032846645237259 
1.8999999999999015454 0.26834333666512455441 -3.4673059240336581155 -2.5336238494178267011 0.0031995252302677557564 
1.9249999999998987921 0.25935321603762706566 -3.7522550835760450916 -2.5340245152917701965 0.0032104636098536608324 
1.9499999999998960387 0.25853556805291810772 -3.6141337659331291832 -2.5343055081075656076 0.0034682467525740290522 
1.9749999999998932854 0.26949467473564475695 -3.121172528876055452 -2.534674623747109834 0.0023525866926410354991 
1.999999999999890532 0.272208850429538185 -3.3656170278046335653 -2.5349775930935605217 0.0031528751963372293222 
2.0249999999998880007 0.27711713085224060071 -3.7851031927633780327 -2.5352426124055646994 0.0022866488553626804908 
2.0499999999998852473 0.27824550726031055392 -3.848594465395469566 -2.5354999041194705711 0.0020518107109335549133 
2.074999999999882494 0.27071696581411741622 -3.7866872729016689547 -2.5357573286743519958 0.003131982023105122151 
2.0999999999998797406 0.27141286835234185171 -3.5972644743770780806 -2.5360905975411700553 0.0022170152664261625133 
2.1249999999998769873 0.26423460210197408093 -3.5056132776177966193 -2.5362557549573381266 0.0016054835718448234438 
2.1499999999998742339 0.25534280095430150759 -3.4876465115664641026 -2.5364714092111548815 0.0017540220218025459262 
2.1749999999998714806 0.26474287032559701283 -3.574861139957992151 -2.5366480524437036159 0.0020120853385142177874 
2.1999999999998687272 0.27472836021499141834 -3.7646480310959877791 -2.5368876026385329681 0.0021308141014724458692 
2.2249999999998659739 0.27893309437550067864 -3.6502081728748292377 -2.5371046263176957325 0.0016549801343875756264 
2.2499999999998632205 0.27931136664465111563 -3.4889455477430004748 -2.5372443523262564469 0.0012798495218609299076 
2.2749999999998604672 0.27029537253510832473 -3.6577413032861230135 -2.5374036466619016572 0.0015536452468001302283 
2.2999999999998577138 0.26496789553296218322 -3.6735747211031419823 -2.537562501775507684 0.0013143879448986211297 
2.3249999999998549605 0.26803391795691855481 -3.462248946288527307 -2.5377180960405580912 0.0014733852897863739494 
2.3499999999998522071 0.26727992072589379369 -3.4761274235430508206 -2.5378717398908561265 0.001499401660749586588 
2.3749999999998494538 0.26446114692461075713 -3.5995789134022326827 -2.5380113908399555278 0.00091426162016259465183 
2.3999999999998467004 0.27023361653095395729 -3.6631040610155616299 -2.5381152965950768419 0.0011812543355160681248 
2.4249999999998439471 0.27566566221372679202 -3.7184619166561150294 -2.5382479290532198313 0.0010438938540455180645 
2.4499999999998411937 0.27424668760189790939 -3.7391572712816558699 -2.5383502602399037329 0.0011531232225296503442 
2.4749999999998384403 0.27321577900872029421 -3.7254171557679809368 -2.538480945163938074 0.00098409138485638166134 
2.499999999999835687 0.27227419747665043692 -3.6317442079651929276 -2.5385820796718059356 0.0008174865545616155681 
2.5249999999998329336 0.26805464889471708467 -3.4592978039744859409 -2.5386615320801793061 0.00091688544748006600964 
2.5499999999998301803 0.26571399283711982786 -3.4370963523335880119 -2.5387602843689101029 0.000767890545747384589 
2.5749999999998274269 0.26688417965387023489 -3.5348103233237750942 -2.538849659532851355 0.0007796595767337341585 
2.5999999999998246736 0.26755513095919419841 -3.549563759340472302 -2.5389321800087998326 0.00080933722381541252627 
2.6249999999998219202 0.27001904208966887033 -3.5812139043748625333 -2.5390067967613925148 0.00069128917430765781348 
2.6499999999998191669 0.27641805227895999142 -3.7396591703210084745 -2.5390906104057697767 0.00061055544286962284885 
2.6749999999998164135 0.27808375471434476633 -3.7982344941395638216 -2.5391557746148825103 0.00071115490125721184719 
2.6999999999998136602 0.27216305528919659817 -3.6845410731961587558 -2.5392163607785023238 0.0004536276255566928841 
2.7249999999998109068 0.26691375647396614612 -3.6247095983897086313 -2.5392780902423957023 0.00067035910365792527113 
2.7499999999998081535 0.26775164994921357708 -3.5476381602148259198 -2.5393549653860190141 0.00058969621664935916502 
2.7749999999998054001 0.26827619679548864173 -3.430075378981738865 -2.539400283812367487 0.00041648557658049170606 
2.7999999999998026468 0.26667565770759099619 -3.5074827823589553866 -2.5394474282130872211 0.00042451589535675291528 
2.8249999999997998934 0.27146316293006000908 -3.6501431462289013474 -2.5395034298894567648 0.00050406090552150486107 
2.84999999999979714 0.27495803423415682287 -3.6729776754431102681 -2.5395520997092919657 0.00053801473025337444214 
2.8749999999997943867 0.27221841346301972608 -3.6534420482124612128 -2.5396055282749876447 0.00029793464235543384248 
2.8999999999997916333 0.27299661425184296171 -3.6149756943650359631 -2.539636918380072661 0.00037477225883155964236 
2.92499999999978888 0.27285305318962999044 -3.6473120611418590187 -2.5396783395671254091 0.00037423136297764808978 
2.9499999999997861266 0.26873766631381390546 -3.6468754265820098048 -2.5397202818622042209 0.00038357934833900661411 
2.9749999999997833733 0.26868232997685725927 -3.5215818264629952239 -2.5397589775456057559 0.00031021732987175008834 
2.9999999999997806199 0.26902586843188408539 -3.5566678921460259666 -2.5397942429957520716 0.00034564132314044543857 
3.0249999999997778666 0.26846941997939027802 -3.6431786454620129767 -2.5398229436719121921 0.00022713524354783695388 
3.0499999999997751132 0.2710638941734866969 -3.5796154119123859694 -2.5398541107134970929 0.00028409953390367122467 
3.0749999999997723599 0.27366872286699001071 -3.6216282464848972289 -2.5398841459259577924 0.00029914889892948217818 
3.0999999999997696065 0.27406894450587054868 -3.690924956568523374 -2.5399133145036851822 0.00024531798485064558457 
3.1249999999997668532 0.27116723774487022647 -3.6215896868587824642 -2.5399418054349025553 0.00026734427233949246321 
3.1499999999997640998 0.26798526203906725129 -3.5769679326726513402 -2.5399652984070364425 0.00014342245824277489899 
3.1749999999997613465 0.27091229160464763703 -3.5535746369868705941 -2.5399851095037226933 0.00025739163213327523848 
3.1999999999997585931 0.27231501383647399583 -3.5669810465738209793 -2.5400091237989479431 0.00018814476577157576839 
3.2249999999997558398 0.26900581249724592192 -3.6341960570934648267 -2.5400331377390843457 0.00021609793404816300785 
3.2499999999997530864 0.26952333681015910871 -3.6269934786699473683 -2.5400532961512301 0.00016472599206164922577 
3.274999999999750333 0.27071017536382069313 -3.6288986911548888337 -2.540070240207679575 0.00016509285604850113959 
3.2999999999997475797 0.27121524013692871469 -3.642375007681306176 -2.5400875113370919856 0.00016169554249241194352 
3.3249999999997448263 0.27400331377156028623 -3.5831150050913955774 -2.5401068445186738565 0.00014352903225534448728 
3.349999999999742073 0.27226109376536405948 -3.6084673393468946756 -2.5401213781325431285 0.00016576756323903360621 
3.3749999999997393196 0.2686611180500776408 -3.6557028995025016016 -2.5401364796004743951 0.00012508551797096997479 
3.3999999999997365663 0.26974145659056547597 -3.5819496408834248236 -2.5401546729620947396 0.00015446494642326838594 
3.4249999999997338129 0.27034612997837487169 -3.5409027907291541482 -2.5401656578034468303 8.6634390744733482705e-005 
3.4499999999997310596 0.27060672500087679104 -3.5953074942475948816 -2.5401769126403821453 0.00012541078985509729587 
3.4749999999997283062 0.27196849896979941041 -3.6552583053629517096 -2.5401904326925270894 0.00010550213893709513963 
3.4999999999997255529 0.2711896803007405321 -3.6572306159971246231 -2.5402035883352467316 0.00013676319917010340207 
3.5249999999997227995 0.27141467557278547984 -3.6000902904408191851 -2.5402153128087419098 8.6456896416032535664e-005 
3.5499999999997200462 0.27233858453703263525 -3.5942936232700790633 -2.5402236284986137171 6.3292737445467799214e-005 
3.5749999999997172928 0.27034844364411764195 -3.6144634481430388817 -2.5402332137467138473 0.00011406655314357830647 
3.5999999999997145395 0.26947648142923097403 -3.5789852486341229287 -2.5402437524554866144 8.1399748845676749833e-005 
3.6249999999997117861 0.27037873869212358802 -3.5961436502071095767 -2.5402527748778731542 8.2347368597785827889e-005 
3.6499999999997090327 0.27057516450750246362 -3.6463503297597203989 -2.5402615089220290656 7.0433198031815848054e-005 
3.6749999999997062794 0.27103575639298033151 -3.6179177119514869254 -2.5402686911458247643 7.6327369430544318458e-005 
3.699999999999703526 0.27168132239336378886 -3.5972425230663676032 -2.540276082967849014 5.6275305687701631828e-005 
3.7249999999997007727 0.27202722281993729769 -3.6259560882523946823 -2.540283956520892783 7.1830005188681591991e-005 
3.7499999999996980193 0.27170290443519135026 -3.6160361576466408806 -2.5402897381510851638 6.0910442360187113775e-005 
3.774999999999695266 0.27038975255852243373 -3.5808820474217180063 -2.5402975518676540467 6.3813450927129614044e-005 
3.7999999999996925126 0.27006709135124756793 -3.5901769294920411468 -2.5403033035100897052 4.6157238182827626367e-005 
3.8249999999996897593 0.27077357525205258959 -3.6184356430292288209 -2.5403082516801029911 4.6252410520039101991e-005 
3.8499999999996870059 0.2706736846196073909 -3.6075587801260606824 -2.5403137212716115911 5.7811871766926847848e-005 
3.8749999999996842526 0.27061577855390483993 -3.5939801706444352014 -2.5403193046606515892 4.3563055312182076735e-005 
3.8999999999996814992 0.27108708078712767664 -3.6276060307980042552 -2.5403250850312764086 5.1501543426050883372e-005 
3.9249999999996787459 0.27114211573676882949 -3.6500886285731537484 -2.5403285573623652915 2.7366963106901168184e-005 
3.9499999999996759925 0.27144812385296984703 -3.6136002463548795305 -2.5403327247142737377 4.4494988787582097269e-005 
3.9749999999996732392 0.2720582236581868818 -3.5864947136451839071 -2.5403374255023978279 4.0891779248275341265e-005 
3.9999999999996704858 0.27113973337589603041 -3.6082696268946272689 -2.540341901368362354 3.4867677199668347852e-005 
4.0249999999996788347 0.26970969816663453722 -3.6087614190092578426 -2.5403447872933369034 3.2593664882644761101e-005 
4.0499999999996871836 0.27033325011753306377 -3.5804766487387129636 -2.5403486454815200624 2.715371307467119859e-005 
4.0749999999996955324 0.27121312641281331013 -3.5971160171286951091 -2.5403518088182188706 3.2701386369093515827e-005 
4.0999999999997038813 0.27072471597094766027 -3.6236083763789812551 -2.5403549853793623292 3.0880994369919035659e-005 
4.1249999999997122302 0.27096910983294758557 -3.6086188367753413431 -2.5403584134885526247 2.60517491967906537e-005 
4.1499999999997205791 0.27157008278624028552 -3.6135487644495651871 -2.54036072006948066 2.12940241621345867e-005 
4.1749999999997289279 0.27135385000921280474 -3.6385814369276361369 -2.5403639189721713976 3.0820816329038003831e-005 
4.1999999999997372768 0.27137261479653129737 -3.6273160618505753128 -2.5403659121821906552 1.6280662834384737082e-005 
4.2249999999997456257 0.27094317566940151476 -3.6039656538699906818 -2.5403686275865027255 2.3006191131665561402e-005 
4.2499999999997539746 0.27008527120930592158 -3.5935539177757367391 -2.5403708609952562192 2.4126523853188254102e-005 
4.2749999999997623235 0.27036933367461585265 -3.5934238358813206382 -2.5403730445258103643 1.6314995333802591223e-005 
4.2999999999997706723 0.27114114750287748867 -3.5993924426864607469 -2.5403753701434177437 2.1416036329681599351e-005 
4.3249999999997790212 0.27148109012385968075 -3.5990623809387609633 -2.5403769222322898358 1.189130187332719643e-005 
4.3499999999997873701 0.27121837949265487078 -3.6154716148966414835 -2.5403786151095086865 1.8899859118339487651e-005 
4.374999999999795719 0.27091847690110992808 -3.6321415120224740392 -2.5403806433966096279 1.7104981305690078561e-005 
4.3999999999998040678 0.27129352402263740007 -3.6056534098050532222 -2.5403825290877923848 1.5261658718098132466e-005 
4.4249999999998124167 0.27096919858097145983 -3.6010514800227051424 -2.5403838150279285379 1.3970757669166610323e-005 
4.4499999999998207656 0.27034663685898091545 -3.6326405791263933764 -2.5403853142949075483 8.4229786446250024304e-006 
4.4749999999998291145 0.27096012949162562311 -3.6165839832021715594 -2.5403864710531052218 1.5917995840718806606e-005 
4.4999999999998374633 0.27104217292987864418 -3.5887486754052764226 -2.5403881231177307676 1.3360898357404392295e-005 
4.5249999999998458122 0.27076982579366559722 -3.6028500466382338274 -2.5403893919220683628 1.0421194685551617872e-005 
4.5499999999998541611 0.27137072257744837556 -3.6121799349080996322 -2.5403905381838183253 9.6150278232846294105e-006 
4.57499999999986251 0.27118930159902843169 -3.6081638165450975464 -2.5403916130143309182 1.0311497236543667257e-005 
4.5999999999998708589 0.27084360836544507656 -3.6093758601803260788 -2.5403925206806303727 9.1726796916399659914e-006 
4.6249999999998792077 0.27125153133490970125 -3.6126644242673946472 -2.5403937737174535627 9.7155084230581108468e-006 
4.6499999999998875566 0.27091231028598455888 -3.6138980036286234565 -2.5403946507106205388 9.0302177993038335122e-006 
4.6749999999998959055 0.27053759526734832974 -3.601342862136422962 -2.540395611101597062 7.6156340486322603669e-006 
4.6999999999999042544 0.2708079538713678569 -3.6005420755992041393 -2.5403964299143053651 8.3931652166449516236e-006 
4.7249999999999126032 0.27096809154431805711 -3.6196707336824878176 -2.5403972212559762234 4.7655990687842349419e-006 
4.7499999999999209521 0.27123713525136194935 -3.6149294447988160606 -2.5403979152065425673 9.1185296933464136628e-006 
4.774999999999929301 0.27120340670969472763 -3.6096820706839203297 -2.5403987681885213945 6.7029718561475544133e-006 
4.7999999999999376499 0.2709937214266687211 -3.6244826527922677784 -2.5403994881917024706 5.4185822307985515424e-006 
4.8249999999999459988 0.2712566750107089919 -3.6112470488167764948 -2.5404000920934204366 6.2868929706329203992e-006 
4.8499999999999543476 0.27097246401000718574 -3.5896316762234832254 -2.5404006739472553278 4.6239401315369687981e-006 
4.8749999999999626965 0.27044680799103826274 -3.5985925279968205004 -2.5404012225445828932 5.8709111948747577485e-006 
4.8999999999999710454 0.27070653889276014015 -3.6092243525925029601 -2.5404019014028249579 4.9709430392543107116e-006 
4.9249999999999793943 0.27096823993405488862 -3.6084544395681534823 -2.5404023520089999977 5.2292990575116361974e-006 
4.9499999999999877431 0.27119899062946861701 -3.6090217488525606626 -2.5404029160051306846 3.9775076753570172167e-006 
4.974999999999996092 0.27142562186396151924 -3.6172662216953646031 -2.5404033372970502569 3.8264704633227405404e-006 
