0.025000000000000015266 0.60156581655797003449 0.00052563645902256247999 -2.2387207468396499443 0.044435128628695662323 
0.05000000000000003747 0.57363045408839241635 0.018587404942629809357 -2.2426960690129851272 0.069818625803781633743 
0.075000000000000052736 0.41385431115048915141 -0.016368646502807560061 -2.2538377832558271763 0.11695333612449659855 
0.10000000000000007494 0.36270903990627412217 -0.054814031938290375123 -2.2727071265889402518 0.13327636714106655402 
0.12500000000000008327 0.17918949906017195284 -0.37421754906621162995 -2.2852340049406314471 0.078159273747452656655 
0.15000000000000010547 0.19474268526337451535 -2.4120268324599756227 -2.2952654505279252994 0.092863142796844530547 
0.17500000000000012768 0.30577968408842987058 -3.2934874762897345946 -2.3066298477130424693 0.092171245542711138787 
0.20000000000000014988 0.21039193430014851982 -1.8535447027748004345 -2.318337947075101102 0.076566873224243020557 
0.22500000000000017208 0.21771532636194648735 -2.8022923038827598496 -2.3284793688282152679 0.095201097823404329246 
0.25000000000000016653 0.2809873762726769475 -3.2273690300981763279 -2.340125344447974598 0.093803349236817087919 
0.27500000000000018874 0.2393612124728787538 -1.8455029407362975036 -2.3510506611356776219 0.071414769839681258023 
0.30000000000000021094 0.26205625767898549361 -1.9955538430026780183 -2.3606497909385297795 0.074796374477368504641 
0.32500000000000023315 0.30729132012914278649 -1.6641464685997120476 -2.3700522164164148364 0.083767168867656185971 
0.35000000000000025535 0.33353844596741022421 -0.053891130179029134162 -2.3799320634210556769 0.080974074248795838149 
0.37500000000000027756 0.31685426064759802944 0.43136433217658004535 -2.3889710186603410058 0.055304141512968627015 
0.40000000000000029976 0.23853552933764493593 0.33020030666342969905 -2.3966760548845633672 0.066853092925835980176 
0.42500000000000032196 0.20930003307310060534 -0.17832643911524814762 -2.4043336412762816856 0.057378076836500702118 
0.45000000000000034417 0.21299514748458012181 -0.13721637377442874595 -2.4111350191515987795 0.048356933817090927419 
0.47500000000000036637 0.20514861133241354962 -2.2339910903697988154 -2.4176289648093627349 0.053876585522189240907 
0.50000000000000033307 0.20542820763150801411 -1.7487413617524794063 -2.4240318387666843769 0.051905728437225823191 
0.52500000000000035527 0.23257380261334531513 -2.1970798102640363147 -2.4311277568311266961 0.05973994495756500267 
0.55000000000000037748 0.23414005213885560885 -2.4257127327225878055 -2.4386017183873374137 0.05435721240423501549 
0.57500000000000039968 0.24406239016715838841 -2.0779202727494059388 -2.443952406940428812 0.032519085432739125441 
0.60000000000000042188 0.28558419661850403815 -2.561014866155481684 -2.4477845552544863494 0.033954038054070663499 
0.62500000000000044409 0.27776117467596694866 -2.6573954726993047615 -2.4523907305305820969 0.038353658207671045832 
0.65000000000000046629 0.19749159874733951403 -1.5802314189188324534 -2.4570027381910786168 0.02966242590490195119 
0.6750000000000004885 0.17067782500351527664 -1.8792029319810863441 -2.4602389889545697166 0.03038328477779269482 
0.7000000000000005107 0.20970454509312974611 -2.4053289058814009138 -2.4645555960581124744 0.031474833426073135778 
0.72500000000000053291 0.23601259004796160124 -1.5209065552445220071 -2.4679921074950383897 0.022418939896024919767 
0.75000000000000055511 0.20543578454956076818 -1.307236145084778034 -2.4709226170400158118 0.029865042415439337076 
0.77500000000000057732 0.16121141831604973715 -1.9224409101590160809 -2.4737542631251869807 0.010618216543303153968 
0.80000000000000059952 0.19363870826868445629 -1.7203184094822336903 -2.4757670201052568437 0.024936606876563766066 
0.82500000000000062172 0.23069499249216740555 -1.4445691653710870384 -2.4787371364165076137 0.020742857594162462248 
0.85000000000000064393 0.22988744474530872774 -1.4224855980768158492 -2.4814690926015612327 0.024740181868201718829 
0.87500000000000066613 0.2187222883825714892 -1.1902573309576776062 -2.4845929820236225538 0.020781643262772046127 
0.90000000000000068834 0.22531860773340203763 -1.1993227228850111832 -2.4874622197206592844 0.025761079493578170618 
0.92500000000000071054 0.26055828583118462172 -0.84783065990059025552 -2.4897885766854224165 0.019594174435510852 
0.95000000000000073275 0.27409740224113476881 -0.077961521992062077224 -2.4929074494984369004 0.017545537737849933868 
0.97500000000000075495 0.25846422484190834101 0.19486828936791111833 -2.4949953655224081928 0.024744613690639603171 
1.0000000000000006661 0.26077659127083779866 0.25346484698369470268 -2.4981626959054139547 0.019922062815201223296 
1.0249999999999979128 0.24807691481794127975 0.22477310156818319786 -2.5002571828198330017 0.016378695237959518816 
1.0499999999999951594 0.22972405414739655027 -0.02940234360203164421 -2.5024041770503204773 0.015980080130894941393 
1.0749999999999924061 0.26093801503072072689 0.22245290063187206364 -2.5045210784861482445 0.020475652291743851735 
1.0999999999999896527 0.26961996663377452155 -0.039372190645528770681 -2.5069748758442496062 0.017989726841095871057 
1.1249999999999868994 0.24692610904152395568 -0.96855481252027852968 -2.5092154229403651478 0.013327390933521650329 
1.149999999999984146 0.24774951597020625216 -0.61740489908876150515 -2.5106884677308696219 0.013064992007453549161 
1.1749999999999813927 0.25243754535938078831 -0.31279195487094724193 -2.5118197385946396949 0.0084332177390824616947 
1.1999999999999786393 0.242756390396131283 -0.66455928906391037447 -2.5135465002254737676 0.015332522197348728843 
1.224999999999975886 0.25095570280724449619 -0.12089145582030735859 -2.5152719940409267174 0.011742185629413601569 
1.2499999999999731326 0.257142551854170065 0.21189976310330482789 -2.516808653975037835 0.013505667922761491195 
1.2749999999999703792 0.25669470851794717881 0.096608123551207181201 -2.51800776643927815 0.0068875565958650079162 
1.2999999999999676259 0.25559673647674724384 0.2188998272899060904 -2.5191489539715656854 0.0091342351427129361841 
1.3249999999999648725 0.24213895726510020756 0.089204963144190685398 -2.5203185076030023559 0.010150131107512167308 
1.3499999999999621192 0.25691084340245656792 -0.13573484662129975398 -2.521415166405047259 0.0087295011696000741896 
1.3749999999999593658 0.27492333613566782846 -0.26627468102018037044 -2.5224991244849244154 0.0061579271348750673834 
1.3999999999999566125 0.2602343605116552161 -0.44418012386909955236 -2.5233525485376810948 0.0083493900546006902252 
1.4249999999999538591 0.25416343131389085297 -0.27197709530126173982 -2.5243368169817617108 0.007279349997784238975 
1.4499999999999511058 0.25171068603360347016 -0.28691853753668944416 -2.5251435578367416035 0.0069791528238106149626 
1.4749999999999483524 0.24789577662997580587 -0.40690996918822019968 -2.526130808455069765 0.0065120726488881479008 
1.4999999999999455991 0.26327835383573150452 -0.098110050098042411726 -2.5267410069997935373 0.0046755704223694306496 
1.5249999999999428457 0.25687386342142320972 -0.013976581703338042395 -2.5273993053272238996 0.0050499600428816826189 
1.5499999999999400924 0.2395655457063981808 -0.22516511834740815523 -2.5280128506501760022 0.0053413876022949590902 
1.574999999999937339 0.25079577399560226691 -0.16493688597891015268 -2.528774921505902995 0.0063794944219763873028 
1.5999999999999345857 0.2648988810399269811 -0.035208354238281169835 -2.5294409680700615795 0.0038367248897554248437 
1.6249999999999318323 0.26211565946258769122 -0.22465313051088248164 -2.5298670133599743259 0.0038952420702881699645 
1.649999999999929079 0.25871804317924212979 -0.33014079812623636778 -2.530370285527410168 0.0033307370875454564083 
1.6749999999999263256 0.2635125665510865689 -0.16702381421791179239 -2.5308321336535182233 0.0046660208762974277399 
1.6999999999999235722 0.27244404025328655683 -0.09596995801660623826 -2.5313929951311564537 0.0034863376996221925874 
1.7249999999999208189 0.26462693424725275415 -0.2547979984528108699 -2.5317661162343436665 0.0032409608521227527625 
1.7499999999999180655 0.24799655040943277551 -0.20812848206942446971 -2.5321933797994322646 0.002941247858210284654 
1.7749999999999153122 0.24409108027472734004 -0.044317021890694752173 -2.5325709471928705696 0.0034331306079046696941 
1.7999999999999125588 0.24892585907384909283 -0.092645135508936105051 -2.5329230943278062682 0.0021807689966668796985 
1.8249999999999098055 0.25559173720787925488 -0.20732896424205349284 -2.5332181174628578546 0.0023176363046539718432 
1.8499999999999070521 0.25805488151895383808 -0.27209708145624988962 -2.5335620477922629057 0.00311033203831630016 
1.8749999999999042988 0.26105750272973221593 -0.26312690133191957154 -2.5338405303686193371 0.0017254768746105438038 
1.8999999999999015454 0.27015051582971544297 -0.086787323216984901819 -2.5341750863072660671 0.003022874387689792209 
1.9249999999998987921 0.26850277763956659216 -0.10117617633051018133 -2.5344029955426106149 0.0010791683911779675464 
1.9499999999998960387 0.25542555392360544175 -0.17333706908265128499 -2.5346315380930399819 0.0021912407668824842796 
1.9749999999998932854 0.25182520239886724278 -0.065225623743137339794 -2.5348321093629295753 0.001566057817579463371 
1.999999999999890532 0.25728333252010854304 -0.12611396973412541955 -2.5351082896893477603 0.0021376829484528341897 
2.0249999999998880007 0.26062979828914095703 -0.19562629945595438885 -2.5352985249726462946 0.0013041448009088831873 
2.0499999999998852473 0.25824228189620807017 -0.14562463183319013238 -2.5354865832750763666 0.0015593937591720171982 
2.074999999999882494 0.25189196362470334112 -0.20997223899650102608 -2.535643622942836295 0.00097016162398163359893 
2.0999999999998797406 0.25455016795946716623 -0.22171985376097042009 -2.5358030635861856794 0.0017569865818357678112 
2.1249999999998769873 0.26526508751574362499 -0.13202307754192527112 -2.5360135755136501423 0.0010816361476966550054 
2.1499999999998742339 0.26391212930549029503 -0.13969205400043060994 -2.5361233951457693436 0.0011926841100390322015 
2.1749999999998714806 0.25434101113764190361 -0.14721531689321659675 -2.5362617103637439264 0.00079662806459941649072 
2.1999999999998687272 0.25442381780755313203 -0.19853451612163686146 -2.5363974825908228716 0.0013411179005957136329 
2.2249999999998659739 0.26175012725875113073 -0.2306562790954263531 -2.5365318812441755014 0.00084648285537533443732 
2.2499999999998632205 0.26454505575216008539 -0.10960931549924418649 -2.536647361186932681 0.00099691543454926714006 
2.2749999999998604672 0.25988015820083781859 -0.10957832115739801759 -2.5367458059752605593 0.00051214213490701572442 
2.2999999999998577138 0.25708151550328878221 -0.19015198533083305099 -2.5368307487111207976 0.0009125459919982546568 
2.3249999999998549605 0.25882046730126723189 -0.11787838934462541163 -2.5369481911363682691 0.0009203812243261385662 
2.3499999999998522071 0.25801220906018568213 -0.095212275408046109781 -2.5370365596385164864 0.00055109198062522942851 
2.3749999999998494538 0.25614674907854195762 -0.17273442721109666387 -2.5371259925128888391 0.00068943730401286045135 
2.3999999999998467004 0.25858028370156399545 -0.18955340548645288612 -2.5371920854664513634 0.00055821168858234183376 
2.4249999999998439471 0.26066784150672034359 -0.18163881707806395216 -2.5372721812512097905 0.00061905403274518553628 
2.4499999999998411937 0.2596408938872921679 -0.18788202804916098732 -2.537338055558399752 0.00048179976695643584629 
2.4749999999998384403 0.25938802722639020537 -0.19475888433904181563 -2.5374067209479398421 0.00053133527938881283323 
2.499999999999835687 0.26061316340289297777 -0.18880018075185767135 -2.5374641859692661505 0.00046256076625835666847 
2.5249999999998329336 0.25912738134418322744 -0.14939073256430274173 -2.5375279911064199112 0.00054643251474953435411 
2.5499999999998301803 0.25852103805243353829 -0.11887990520568336716 -2.5375868285161797822 0.00032215553727491484659 
2.5749999999998274269 0.25985368301503419808 -0.11325134494877009406 -2.5376277475798594274 0.00037277287854756640346 
2.5999999999998246736 0.25721844576357516532 -0.11606830000238560485 -2.5376735678355757386 0.0003636348816761014258 
2.6249999999998219202 0.25706577221864229665 -0.11364837910227765239 -2.5377190906147246707 0.00040240671109907758017 
2.6499999999998191669 0.2627208681235552179 -0.11982940351411330848 -2.5377724703226696157 0.00032498023448344719438 
2.6749999999998164135 0.2612196298264372607 -0.17919896575225963131 -2.5378078993786883366 0.00032776785607378897298 
2.6999999999998136602 0.25607466149001356648 -0.24111726598686072931 -2.5378426222655194877 0.00021138749566453632562 
2.7249999999998109068 0.25912795122598297759 -0.23653097848271209536 -2.5378702709762710477 0.00026167374125321936828 
2.7499999999998081535 0.26257813835471149888 -0.18819186664907822104 -2.537912573912375791 0.00031472012496743884472 
2.7749999999998054001 0.25958862028750595563 -0.15284979784207769482 -2.5379413983278333866 0.00023996128264358015979 
2.7999999999998026468 0.25640715310762252077 -0.1346861727401114095 -2.5379721262371268686 0.00020973379114629179523 
2.8249999999997998934 0.25737060918715831681 -0.097829326811405104003 -2.5379951582455881898 0.00015427575008969727317 
2.84999999999979714 0.25952735264491932909 -0.078599055735576406345 -2.5380222966068237689 0.00027177973806572229597 
2.8749999999997943867 0.25981851692384744235 -0.12307759778687576979 -2.538045985264321569 0.00014875782844211274717 
2.8999999999997916333 0.25998813579833679466 -0.17011449304617565215 -2.5380717597366437843 0.000200308649510207371 
2.92499999999978888 0.26076597455573302664 -0.19691010141713044534 -2.5380877163987696221 0.00010119740000352776463 
2.9499999999997861266 0.25960639659053641459 -0.21249591715975052475 -2.5381099072555057816 0.00021666587831945370731 
2.9749999999997833733 0.25949877062296539121 -0.17986397156677785825 -2.5381285866966534215 0.00012333566714741036555 
2.9999999999997806199 0.26106641795709240039 -0.14746268012719460083 -2.538148092272366263 0.00014270127480390693985 
3.0249999999997778666 0.25902970991815432722 -0.15293831760066317615 -2.5381628866191854321 0.00011033014129322456611 
3.0499999999997751132 0.25627321089477955729 -0.14697376400251022099 -2.5381768158631543564 0.00012076992474790872298 
3.0749999999997723599 0.25824361239879572993 -0.13226011773631946022 -2.5381923757596984714 0.00011768249623092698472 
3.0999999999997696065 0.25978072353952524898 -0.13520809958392465688 -2.5382062300927277221 0.00011017172969525532275 
3.1249999999997668532 0.2579764266888988633 -0.16672903018233869998 -2.5382204188406127798 8.6872283061226846738e-005 
3.1499999999997640998 0.25950109949597938153 -0.18519004313101078418 -2.5382299248923381185 0.0001131425060369089993 
3.1749999999997613465 0.26270714752673268721 -0.14434418292976264331 -2.5382435514469641191 6.5334980128884691513e-005 
3.1999999999997585931 0.2604341988336150715 -0.13939646037320663208 -2.5382528459368796092 9.1657124561147915653e-005 
3.2249999999997558398 0.25810406927951029532 -0.17374570894342111771 -2.5382623459612259076 6.7324425625942877741e-005 
3.2499999999997530864 0.26011234315974746112 -0.14870218158390935415 -2.5382718310393204142 7.9302715426656807509e-005 
3.274999999999750333 0.26027120465796610427 -0.13987045498137040678 -2.5382809651842683785 6.9542770475829085073e-005 
3.2999999999997475797 0.25813764294814156575 -0.16900340842791367058 -2.5382905536283382197 6.9222132729871753225e-005 
3.3249999999997448263 0.25776276139288534228 -0.16026849697556266872 -2.5382976339158029866 5.7477026688361792172e-005 
3.349999999999742073 0.25830630763656009519 -0.15507924455546362452 -2.5383032446268707361 3.2373325860421487744e-005 
3.3749999999997393196 0.25910884133641648441 -0.15966789581254481334 -2.5383105831510848205 7.3909810472140693776e-005 
3.3999999999997365663 0.26020877146329024487 -0.15394331103984959519 -2.5383174396744800916 4.7140274574635278348e-005 
3.4249999999997338129 0.26043640072076240655 -0.16542706611446206244 -2.5383245880059215338 5.4842330931825523108e-005 
3.4499999999997310596 0.25967908323573518636 -0.15718427833949322192 -2.5383296636894838727 3.3609940943573738445e-005 
3.4749999999997283062 0.25885909991736150149 -0.14232776251378714827 -2.5383339337302244232 3.2487569125885479933e-005 
3.4999999999997255529 0.25999609989944294508 -0.15344809833070593985 -2.5383390933326319683 4.9513931329329145998e-005 
3.5249999999997227995 0.26094767773391741583 -0.14970175859247564221 -2.5383443879101266205 3.7872174803081107514e-005 
3.5499999999997200462 0.25851847626844559613 -0.15424518245252100135 -2.5383491691712176674 2.8863466179012013576e-005 
3.5749999999997172928 0.25781195938627093911 -0.16732213058184858268 -2.5383523832540766385 3.4336083415354252339e-005 
3.5999999999997145395 0.25999898690092809739 -0.15299638960322980985 -2.5383567726508258211 2.4933923505524284035e-005 
3.6249999999997117861 0.25927053055257431868 -0.15698447707618484737 -2.5383599606709639218 3.5990806873297328953e-005 
3.6499999999997090327 0.25822371688342304896 -0.16322743952354212826 -2.5383642423690631063 2.120732028138916039e-005 
3.6749999999997062794 0.25982822774503311347 -0.14457887820485110231 -2.5383666666410884538 2.5367492015035897416e-005 
3.699999999999703526 0.26012649481824789977 -0.15243735594492763274 -2.5383697335055850353 2.1847882789130054922e-005 
3.7249999999997007727 0.25913075121846523841 -0.16617147392811820739 -2.5383727715357191634 2.4488417546795346937e-005 
3.7499999999996980193 0.25925093990745490258 -0.15971338464823858772 -2.5383757202877341719 2.2366060983362032535e-005 
3.774999999999695266 0.26007549338811780659 -0.16107845879248944287 -2.5383778144081601269 1.485597006048028289e-005 
3.7999999999996925126 0.26028292337398417633 -0.16126132406178717016 -2.5383803868726153574 1.9814427565680804759e-005 
3.8249999999996897593 0.25920404134274360741 -0.15357971601236147796 -2.5383821804328863259 1.557576961906714772e-005 
3.8499999999996870059 0.25851757767619198969 -0.14319794051707857019 -2.5383847665030674357 1.9694629729247685169e-005 
3.8749999999996842526 0.25876460288044900171 -0.138372555480438586 -2.5383863782060478442 1.0561943546136138349e-005 
3.8999999999996814992 0.25895030869225882375 -0.148209746882123794 -2.5383883396539901334 1.6338337311262863389e-005 
3.9249999999996787459 0.25997206347938939253 -0.1513360687873610555 -2.5383899806179650582 1.3996245155985756971e-005 
3.9499999999996759925 0.26023492555602062426 -0.16130990174689135985 -2.5383918157928095916 1.2492216288242759872e-005 
3.9749999999996732392 0.25879678202459971414 -0.18613439091447747664 -2.538393155165874493 8.7091840356892088809e-006 
3.9999999999996704858 0.25912779972819433016 -0.17897262519891393717 -2.5383943512545812382 1.2120226123610085237e-005 
4.0249999999996788347 0.26034925194761959766 -0.15457738096371592684 -2.5383958130480648308 1.0339392235639874472e-005 
4.0499999999996871836 0.2596124033450670221 -0.1459080963259646313 -2.5383972482749355137 1.2558956057111082125e-005 
4.0749999999996955324 0.25872322313462658983 -0.14102154355845436529 -2.5383985894732070676 7.0759528734381084512e-006 
4.0999999999997038813 0.25885518681739710933 -0.14235462511707308586 -2.538399335750819219 7.1032261619892467648e-006 
4.1249999999997122302 0.25938954215956694371 -0.1433856747514170582 -2.5384002727408798705 7.4941199535067974107e-006 
4.1499999999997205791 0.25969142168621839328 -0.14869933046902988893 -2.5384013791613759814 9.7496340648443399231e-006 
4.1749999999997289279 0.25944867521496600693 -0.16778348613190119387 -2.5384025152143103732 7.1624896822885977636e-006 
4.1999999999997372768 0.25967103608350228239 -0.16936522567444606269 -2.5384032705780144035 6.3249251615523496565e-006 
4.2249999999997456257 0.2597436719111849146 -0.16469790249681626193 -2.5384039824002924135 4.8787887460321324376e-006 
4.2499999999997539746 0.25907891925229875607 -0.16862457806654895798 -2.5384046855409843069 5.8809232665566245286e-006 
4.2749999999997623235 0.25926896670280569213 -0.1529040789447704829 -2.5384055171540556017 7.1816477507904551503e-006 
4.2999999999997706723 0.25952301153533724465 -0.14362129325883871145 -2.5384061939107303019 4.0726765752512590168e-006 
4.3249999999997790212 0.25909905307248826123 -0.15171190776597742733 -2.5384067457048913319 4.848062926751173159e-006 
4.3499999999997873701 0.2593487485452613539 -0.14869193172054001595 -2.5384073727180029856 4.1732031743630849008e-006 
4.374999999999795719 0.25941283149379090744 -0.15369827024931470572 -2.5384079384512761024 5.6749996261766461812e-006 
4.3999999999998040678 0.25910037824899745384 -0.1610647681376962681 -2.5384084524464722854 2.6600416889936581328e-006 
4.4249999999998124167 0.25961742490614136969 -0.15502767893229213447 -2.5384089360898403065 4.153455300226393458e-006 
4.4499999999998207656 0.25988785839552575041 -0.15839023340715308041 -2.538409351999182384 3.0811693452555518596e-006 
4.4749999999998291145 0.25946695021371579681 -0.15934122347449214407 -2.5384098057628903256 4.2684732607787755044e-006 
4.4999999999998374633 0.25927184821308241203 -0.15504507025775049467 -2.5384102712707274918 2.7410386435411238088e-006 
4.5249999999998458122 0.25935848706666836394 -0.15905015554550155921 -2.5384105917770796168 2.5209494395219363633e-006 
4.5499999999998541611 0.25956649077437021766 -0.15288372615704609592 -2.5384109576894027249 3.0259457586395410881e-006 
4.57499999999986251 0.25937141588030698802 -0.14996339321674012623 -2.5384112702811418849 2.8287102184514293056e-006 
4.5999999999998708589 0.25893242825422180253 -0.15956104665801257303 -2.5384116442782178602 1.9978271824428210807e-006 
4.6249999999998792077 0.25912567959140092588 -0.15736637839833544916 -2.5384118828919008948 2.5225180474737344313e-006 
4.6499999999998875566 0.25946549932792700721 -0.15497487831226602895 -2.5384121760100413212 1.7090962039305545932e-006 
4.6749999999998959055 0.25957093922156432297 -0.15736503799864853814 -2.5384124114813815254 2.7631050438239047546e-006 
4.6999999999999042544 0.25967206648395330104 -0.15431273727723865408 -2.5384127406568715024 1.5896009469683302196e-006 
4.7249999999999126032 0.25952398172492813222 -0.15589030973450257456 -2.5384129254672074261 1.5707560109198766656e-006 
4.7499999999999209521 0.25941445726749684519 -0.15455382263450417879 -2.5384130920568557244 1.5757186091247087276e-006 
4.774999999999929301 0.25947742427218067895 -0.15203815188015579185 -2.5384133037004183997 1.532487792866419749e-006 
4.7999999999999376499 0.25935270934162962808 -0.15889977189776832711 -2.5384135462354113777 1.9836794751897903715e-006 
4.8249999999999459988 0.25926772326189373441 -0.15795272166370943889 -2.538413720988937694 1.173223796595163861e-006 
4.8499999999999543476 0.25929423903980208799 -0.15381491834069888069 -2.5384138831225300237 1.2298398630863987759e-006 
4.8749999999999626965 0.25932996714901584978 -0.15742077148274530307 -2.5384139897035957745 7.769820615784008669e-007 
4.8999999999999710454 0.25936351657351602862 -0.1566525574824641498 -2.538414175195318645 1.6382598395211625957e-006 
4.9249999999999793943 0.25930433625668963815 -0.15563525693045671128 -2.5384143120363700241 1.0485950067692667422e-006 
4.9499999999999877431 0.25945062230941945414 -0.15567274951538634387 -2.5384144532127890237 9.4427387087338221705e-007 
4.974999999999996092 0.25961512465408687067 -0.15278702989614229013 -2.538414571870839076 9.0757900019946731581e-007 
