0.025000000000000015266 0.6016317649906192111 0.00052610223717202558857 -2.2386354580473715181 0.044485283186106061581 
0.05000000000000003747 0.57365492537679840801 0.018605515318576210104 -2.2425464509051145079 0.069971828004655525768 
0.075000000000000052736 0.41363139203522453213 -0.016490833924341419259 -2.2535158426997812242 0.11726971882690495619 
0.10000000000000007494 0.36229489818388399547 -0.054785826718680596947 -2.2720962122035497366 0.13363323765498621998 
0.12500000000000008327 0.17852538125711550632 -0.37339439459594991888 -2.2844371933175735556 0.078503353639170075917 
0.15000000000000010547 0.19438962254781966266 -2.4169444957355867842 -2.2943522409251966288 0.093600296688925943567 
0.17500000000000012768 0.30594807031154308552 -3.3039274768404629512 -2.305601891167822437 0.092927185107741325232 
0.20000000000000014988 0.21038947304353483592 -1.8581732739877212524 -2.3172253513555860494 0.077657584981732530327 
0.22500000000000017208 0.2181783973960990386 -2.8139512012393881335 -2.3272842313945156789 0.095569026535544832068 
0.25000000000000016653 0.28045701178913190477 -3.2602568416967745435 -2.3388128882674865672 0.095089371434133415639 
0.27500000000000018874 0.23876247972546826848 -1.8798688390595654774 -2.3496093865707905479 0.071507215824191075471 
0.30000000000000021094 0.26013102502663099092 -2.0004649532567713166 -2.3591485226541695219 0.075606849303974835164 
0.32500000000000023315 0.30785173420887079754 -1.6010276549143096503 -2.3684514374302056972 0.085101343120280670274 
0.35000000000000025535 0.33448058146658571355 0.016064388081444225254 -2.3782595409632882877 0.080637425716686653154 
0.37500000000000027756 0.3171868340818508325 0.46703044975859525634 -2.3871157285570601125 0.056007951845644554645 
0.40000000000000029976 0.23825180570947551706 0.33839469928957022216 -2.3948434904455488947 0.06895214418243894583 
0.42500000000000032196 0.20810782046613310325 -0.12595777943286234901 -2.4025917377914081108 0.057777528503834406359 
0.45000000000000034417 0.21035915058486234774 -0.013675185871401374094 -2.4094098420921730153 0.050263876104698228253 
0.47500000000000036637 0.19846277701024872542 -2.1997077323175266983 -2.4159300067858930916 0.054960164263260807838 
0.50000000000000033307 0.19944503925372139563 -1.7212298178727856168 -2.4224531555117811976 0.053163152934574686714 
0.52500000000000035527 0.23146752345132684536 -2.2071303420180230503 -2.4294109367387859422 0.059614361709625501851 
0.55000000000000037748 0.23820949192138476946 -2.5028341919674947924 -2.4367974834861145794 0.05533136315584256254 
0.57500000000000039968 0.24404970753575219722 -2.1747999373942032975 -2.4422418995208148296 0.034091232762838173664 
0.60000000000000042188 0.27728272722579777598 -2.6116221020262844199 -2.4460375330701382701 0.034285524461259139772 
0.62500000000000044409 0.2742707424229930413 -2.7968599817475539027 -2.4507661887236298348 0.038585333344721660376 
0.65000000000000046629 0.2007042397779989773 -1.8616457842067208883 -2.4554696520763461542 0.032941142531675723926 
0.6750000000000004885 0.17393422123879351271 -2.2312374648878590122 -2.4589799119278890061 0.034030707376894994698 
0.7000000000000005107 0.21821602725800520739 -3.1638576464870578064 -2.4639519208048090704 0.039076685786902168318 
0.72500000000000053291 0.26031048030439951635 -2.7526988031463668349 -2.4685188326304006168 0.034283228732633876101 
0.75000000000000055511 0.24769193301116806949 -2.7966933033801764097 -2.4727861977187308717 0.03879301657369266243 
0.77500000000000057732 0.22356164823105612038 -3.90032321489409739 -2.4766343489376252407 0.019633252397819451335 
0.80000000000000059952 0.27604771634649855061 -4.0097263259855493445 -2.479480890275895355 0.030915321350094442099 
0.82500000000000062172 0.29340110102787675395 -3.7681348677584298734 -2.4833475422911743813 0.029726519953819436487 
0.85000000000000064393 0.27286810807064693085 -3.8022434359394932102 -2.4872516349621385245 0.033795420191080040306 
0.87500000000000066613 0.26561080889085858514 -3.2872550832825626621 -2.4906387350938739011 0.017397342706086987157 
0.90000000000000068834 0.22780427335693079205 -3.0929597547028810922 -2.4931804490783160411 0.024922937349596309409 
0.92500000000000071054 0.21662486455603691127 -3.2742312729217717404 -2.4953167453666216247 0.018940881755102216555 
0.95000000000000073275 0.2614512545944289168 -2.9626403856869560904 -2.498870964363673508 0.02435258120230855694 
0.97500000000000075495 0.27559297709944746702 -3.3733638428269085985 -2.5008144706757211573 0.018773143248784863318 
1.0000000000000006661 0.26451132947812988627 -3.8607738675437572873 -2.5032794312490547206 0.01644112683785605919 
1.0249999999999979128 0.27426849066538044886 -3.6168665799166430652 -2.5053576715554677357 0.018087523642628236531 
1.0499999999999951594 0.25248714687983686566 -3.634836002157070034 -2.5076308235194244567 0.019227279394851429228 
1.0749999999999924061 0.26055054897297047489 -3.577531231457014016 -2.5097413270613766478 0.013746372191845065633 
1.0999999999999896527 0.28300425720923527706 -3.6861192486374654287 -2.5112624032858348322 0.012837118850792366906 
1.1249999999999868994 0.25875437778283638668 -4.2180475694626045069 -2.5131777114548139451 0.014010093774134292632 
1.149999999999984146 0.24249360730834235156 -3.6985318788995016348 -2.5145772996852766568 0.01404556638904282985 
1.1749999999999813927 0.26368678940184803183 -2.9927539142862418231 -2.5163497740185643003 0.011262551171210454654 
1.1999999999999786393 0.27376202306331059999 -3.4008737948698577469 -2.5176399612992530486 0.0094151502632170598617 
1.224999999999975886 0.2660587453475296571 -3.524070271256652287 -2.5188622034792120807 0.012034826821189554061 
1.2499999999999731326 0.2641061031223840283 -3.5478317212422614269 -2.5203424983793540903 0.010870450969332111357 
1.2749999999999703792 0.26979313237811325399 -3.7554417415517642453 -2.5214981886972362979 0.0081360859526594941915 
1.2999999999999676259 0.26501642101215922009 -3.488972816060802451 -2.522625551516560094 0.010182851484916436574 
1.3249999999999648725 0.2568734178957062797 -3.3682299933816080006 -2.523631557323349206 0.0064816131546670003455 
1.3499999999999621192 0.27125116925652725808 -3.5979703450515461149 -2.5246305532868476007 0.0089848562108114163327 
1.3749999999999593658 0.27507697337455050413 -3.7959835851897141268 -2.5256856033311074761 0.0083345760853648434563 
1.3999999999999566125 0.25731365031353292672 -3.833752306380076913 -2.5265109650417518772 0.005197990119398969433 
1.4249999999999538591 0.26281159210287652339 -3.6986204200006072007 -2.5272524569849044163 0.006624022247349457132 
1.4499999999999511058 0.28142794149543332027 -3.5494791485603185421 -2.5279768105804114597 0.0054468201119538123267 
1.4749999999999483524 0.26351730032013392924 -3.4687507540110100734 -2.5287938473417086449 0.0079527246890656617256 
1.4999999999999455991 0.2540861997498057856 -3.4642026567652468572 -2.5295992038834445026 0.0047002146895827002712 
1.5249999999999428457 0.27094822199639972959 -3.4430994832810912776 -2.5301264702191574862 0.0033214098820060515213 
1.5499999999999400924 0.27332558318680716392 -3.5459099661311901386 -2.5306888976613084452 0.0066138171127002520419 
1.574999999999937339 0.26721073691337909883 -3.6929708158464462642 -2.5313459151809176717 0.0042082288442376160689 
1.5999999999999345857 0.2806012407128954389 -3.716776949257097673 -2.5319264824306508821 0.0043628975876284408278 
1.6249999999999318323 0.27679419108335456823 -3.6903489104618509842 -2.5324104435933780799 0.0036370239090564690683 
1.649999999999929079 0.25427184709294975429 -3.7253499282175384089 -2.532806080001564375 0.0034253343090687275729 
1.6749999999999263256 0.25892320089616643886 -3.6144633022789083299 -2.5333129362679795982 0.0043600070522527905811 
1.6999999999999235722 0.27293612696349511815 -3.466423143621036651 -2.5337890463673939934 0.0027981164881541349676 
1.7249999999999208189 0.27309830361004566734 -3.5385463321020069749 -2.5341098456759554303 0.0033654918384246430493 
1.7499999999999180655 0.27115192667958182282 -3.641951123151195624 -2.5344892117093698047 0.0027148849866546614917 
1.7749999999999153122 0.26913586060239164111 -3.6646578935989744252 -2.5349068246068995336 0.0031158298553593927714 
1.7999999999999125588 0.26914278654818768466 -3.5935319436118211556 -2.5351986690640124777 0.0024084699961841159882 
1.8249999999999098055 0.27390419223828660344 -3.5766103285422525815 -2.5354734581954998518 0.0020435255120327031585 
1.8499999999999070521 0.27592766905666049615 -3.7172730705976739785 -2.5357900490744440525 0.0027547082945518987403 
1.8749999999999042988 0.26993188219278646534 -3.6120898754952994736 -2.5361129423124171289 0.0025003057653231832748 
1.8999999999999015454 0.2599995527597789291 -3.4483365356274995328 -2.5363445671548974225 0.0014996048927695697275 
1.9249999999998987921 0.25944369419751450723 -3.6265090600366263196 -2.5365437869576425989 0.0014810650749273875874 
1.9499999999998960387 0.27478152344750700342 -3.5894538667823958633 -2.5367807129522099707 0.0025758205447748440918 
1.9749999999998932854 0.28045909108964245382 -3.5374027992512093732 -2.5370516981323527617 0.0017560872194912354426 
1.999999999999890532 0.27064177262112532052 -3.8555392411613871317 -2.5372501636380584422 0.0011738623721087768602 
2.0249999999998880007 0.27160614499387264464 -3.7898820699441597704 -2.5373842485526330037 0.0013769588455047993784 
2.0499999999998852473 0.27038438900061273484 -3.475151069056520825 -2.5375706896600278561 0.0016065225410145081344 
2.074999999999882494 0.26413847586763322672 -3.4718370073703033185 -2.5377811473620814908 0.001722287055734386587 
2.0999999999998797406 0.2714784984180960703 -3.5093023141935484333 -2.5379478854718930947 0.00071560877638822482493 
2.1249999999998769873 0.27179528785636991595 -3.5828515463823582543 -2.5380479165022316046 0.0012764158009073379909 
2.1499999999998742339 0.26457631963257322028 -3.6383094400211621888 -2.5381921709675365761 0.0011752099916598481803 
2.1749999999998714806 0.27035173387516309162 -3.628596160805144244 -2.5383600499390790439 0.0010091240503608477855 
2.1999999999998687272 0.27496631317965131158 -3.7156349387869349599 -2.5384688212904276128 0.0011501717216671968839 
2.2249999999998659739 0.27482347130385986755 -3.6387191335020019345 -2.5385816212295839733 0.0005898626670679451775 
2.2499999999998632205 0.27411511502604107848 -3.5771555966283932193 -2.538679612718713674 0.0010341108139819694782 
2.2749999999998604672 0.26693157630954433834 -3.6821065719689505258 -2.5388025243952121457 0.00083447777809103065253 
2.2999999999998577138 0.26476646110155743763 -3.5305230031508085808 -2.5388968466714443295 0.0007261970449328555453 
2.3249999999998549605 0.26964400463426996257 -3.4428281733760934813 -2.5389706087231926901 0.0007094626095359520988 
2.3499999999998522071 0.26991460816197360151 -3.6545498457405134474 -2.5390744693827502765 0.00057305789372079493291 
2.3749999999998494538 0.27188692834307509605 -3.655343382234468752 -2.5391453574202449417 0.0008445536703917348037 
2.3999999999998467004 0.27396920798972013156 -3.6027419017202348961 -2.5392253776316380254 0.00043625855926415795698 
2.4249999999998439471 0.2711541081784887286 -3.7172985064129000499 -2.5392937604158687392 0.00055362534067522823408 
2.4499999999998411937 0.27176987046152695227 -3.6558065467112177416 -2.5393594868976894219 0.00060497988811367261943 
2.4749999999998384403 0.27249022619831880787 -3.5261804041322517556 -2.5394275966692658741 0.00045855814458436381905 
2.499999999999835687 0.27018813201241637101 -3.5246835633923674358 -2.5394791731422445835 0.0004428078474642519087 
2.5249999999998329336 0.26724454461271701655 -3.5533880131211237341 -2.5395426049007645553 0.00045425314399991968423 
2.5499999999998301803 0.26569236378885885408 -3.6287952094149722448 -2.5395890488367531823 0.00042917611774259342445 
2.5749999999998274269 0.271417359157623439 -3.6729291304680677932 -2.5396394915014739446 0.0003447599863235619789 
2.5999999999998246736 0.27631166272781515492 -3.6386968643975539095 -2.5396892302354299176 0.00039102402302429163606 
2.6249999999998219202 0.27224247671556711659 -3.6245196983760310516 -2.5397257629419294211 0.00032541551642775322275 
2.6499999999998191669 0.27043956451947775976 -3.6028727381493714788 -2.5397712372942411463 0.00032991915747474485649 
2.6749999999998164135 0.27106566295557343871 -3.5940074417105951632 -2.539811104502611272 0.00031530139177552427617 
2.6999999999998136602 0.26830437891885178248 -3.6243992209016830941 -2.5398459044189309886 0.0002640342938737905501 
2.7249999999998109068 0.2700303280413761664 -3.5852190857636077048 -2.5398756484577020842 0.00025438199092576345775 
2.7499999999998081535 0.27294110299882123893 -3.5410166616530847072 -2.5399095128013802203 0.00024065042896060718277 
2.7749999999998054001 0.2696804638136319765 -3.5958554247462553022 -2.539942773757076111 0.00030392724931868300058 
2.7999999999998026468 0.26871544820562121014 -3.6438421843201949102 -2.5399706994970059348 0.00019726481805696150017 
2.8249999999997998934 0.27308095015125272154 -3.6472252811292702468 -2.5399952909432395032 0.00012853536127773964627 
2.84999999999979714 0.27390959057484570716 -3.6475285284490510662 -2.5400146192385406607 0.00025140673502604276874 
2.8749999999997943867 0.27004873636517834345 -3.6027157737960111561 -2.5400461635270557004 0.00022325887214242259447 
2.8999999999997916333 0.26853260322108435387 -3.5570113535476819422 -2.5400694210894236846 0.00015205190638968387362 
2.92499999999978888 0.27009313760626435519 -3.591158370556682744 -2.5400846043908287264 0.00011154895866301436577 
2.9499999999997861266 0.27074341159714543359 -3.6316681691702785706 -2.5401038752170195245 0.00017550593232640719263 
2.9749999999997833733 0.2717477739971172479 -3.6229159383990263699 -2.5401227088789726238 0.00019039684251829014426 
2.9999999999997806199 0.2728751743280465325 -3.609285611130674809 -2.5401460387110015304 0.00010065638501568280794 
3.0249999999997778666 0.27102261217754691769 -3.5943216417346803837 -2.5401567954044983466 0.00012032995757666697337 
3.0499999999997751132 0.26946571006598585285 -3.5929460798247889741 -2.5401699113453855006 0.00011337101513643554429 
3.0749999999997723599 0.27093419564948173495 -3.6261931983131221457 -2.5401880264782965568 0.00013998063904916330279 
3.0999999999997696065 0.27168893808780208987 -3.6286529638103184325 -2.540201654625700467 9.8663776226551514652e-005 
3.1249999999997668532 0.26982763099426892994 -3.5963545729045112154 -2.540213782135888998 8.3211657691543113101e-005 
3.1499999999997640998 0.26973109264094097259 -3.586932448137445828 -2.5402229933388085215 0.00010177558677306498553 
3.1749999999997613465 0.27198481061737289632 -3.5969446714561041922 -2.5402370034538908072 8.9217827531558424972e-005 
3.1999999999997585931 0.27151040228109979413 -3.6298346571711910258 -2.5402479355320739529 9.0760509294462524414e-005 
3.2249999999997558398 0.27088833063526923661 -3.6545013395253502786 -2.5402552505316995379 5.8813343875250866436e-005 
3.2499999999997530864 0.27282582609284944386 -3.6156692964871615104 -2.5402662213824780402 8.3718090961930615129e-005 
3.274999999999750333 0.27101856321378031689 -3.582316404466843629 -2.5402751208683431727 7.6497039579274912291e-005 
3.2999999999997475797 0.26818286959469861408 -3.5892113523465840608 -2.5402829386012206747 5.1279616340757322673e-005 
3.3249999999997448263 0.27050621677287944866 -3.5867941656864079647 -2.5402900170287820991 5.8718766177884275869e-005 
3.349999999999742073 0.27182459769568118046 -3.6027695798990095888 -2.5402976388621421044 6.592369869005017789e-005 
3.3749999999997393196 0.27072747969328875284 -3.6255570101888148216 -2.5403052964988468432 6.0208247709502239677e-005 
3.3999999999997365663 0.27156881611035399438 -3.6170448990106129905 -2.5403112341541773667 3.3987595068612873198e-005 
3.4249999999997338129 0.2716544474978317969 -3.6214315871652766887 -2.540316536322733576 4.8856793153054445993e-005 
3.4499999999997310596 0.2709559637046675129 -3.6288819404141263725 -2.540322409181503982 5.7276340022430748957e-005 
3.4749999999997283062 0.27120709483222044112 -3.6154374152607955395 -2.5403289223043494793 3.6300898911324873538e-005 
3.4999999999997255529 0.27067304297833838511 -3.6043989294089930908 -2.5403330124635337128 3.3276331635010554749e-005 
3.5249999999997227995 0.27027062551608038721 -3.58659163075127152 -2.5403374206477007391 4.0171543041437797895e-005 
3.5499999999997200462 0.27021251935705659086 -3.591345876034833573 -2.5403420760999297912 3.8576237667247520403e-005 
3.5749999999997172928 0.27054983587657327471 -3.6122297916805519158 -2.5403467939039749979 3.0556983360487057107e-005 
3.5999999999997145395 0.27214544398500345457 -3.5970806588698858164 -2.5403506292242772346 2.9786450474136175675e-005 
3.6249999999997117861 0.27195673914996387754 -3.6136595000321789506 -2.5403532397829602374 2.6994802276109792913e-005 
3.6499999999997090327 0.27051836536649243037 -3.6483121331636758633 -2.5403576271646528539 2.9416240877416992245e-005 
3.6749999999997062794 0.27097695144171646264 -3.6132991196921011579 -2.5403608672509689903 2.8473209793715711322e-005 
3.699999999999703526 0.27116857283396700318 -3.5930415841515204178 -2.5403639587308766146 2.1404549686332971015e-005 
3.7249999999997007727 0.27057913260675853229 -3.6122836828688025257 -2.5403665029745949866 2.0363972832136273937e-005 
3.7499999999996980193 0.27051493283618566199 -3.6008835889163934851 -2.5403689324634233238 2.0401997998041117744e-005 
3.774999999999695266 0.27027765228767375305 -3.600320537457100567 -2.540372177977746837 2.6007649620646033543e-005 
3.7999999999996925126 0.27102495776570584285 -3.6158789799423276534 -2.5403743704194767794 1.745887655392453202e-005 
3.8249999999996897593 0.27212543219786250459 -3.6134880318464293047 -2.540376551971112562 1.2714926644136994555e-005 
3.8499999999996870059 0.27151973186303773877 -3.6113170150809157377 -2.5403784718210302707 1.8699311613182098042e-005 
3.8749999999996842526 0.27091036311459165686 -3.6069099895034728576 -2.5403804034076089557 1.6721271339155684447e-005 
3.8999999999996814992 0.27069911817307029667 -3.6104740144550864223 -2.5403827587089016227 1.6487038263169820221e-005 
3.9249999999996787459 0.27018851082364858662 -3.6130116220661330217 -2.5403843229219575939 1.0749301350626184952e-005 
3.9499999999996759925 0.2708266371391528371 -3.5944751215939207967 -2.5403857366171158638 1.2553080209926596264e-005 
3.9749999999996732392 0.27155396379029733689 -3.6067906244039269481 -2.5403873127880056693 1.3886410540834936736e-005 
3.9999999999996704858 0.27089201068362095404 -3.6302066820719804952 -2.5403890069582257816 1.1121289876207502586e-005 
4.0249999999996788347 0.27064206152217884505 -3.609834345621512508 -2.5403903474440836519 1.1475045991160159428e-005 
4.0499999999996871836 0.27126505419098079219 -3.6028667069563118375 -2.5403914210330844625 8.0461963937445513611e-006 
4.0749999999996955324 0.27143010801422878808 -3.6181930924409475558 -2.5403927966661976612 1.1011204053048802555e-005 
4.0999999999997038813 0.27108751561272037556 -3.6073214304366687522 -2.5403939298999684837 9.1098987176571045684e-006 
4.1249999999997122302 0.27081376235283410869 -3.5978668632319998899 -2.5403949558196448066 7.7770825323808643361e-006 
4.1499999999997205791 0.27067999022855049329 -3.6065827346850549695 -2.5403959323467768527 7.5689517132026512994e-006 
4.1749999999997289279 0.27052875303450979461 -3.6090902573827259303 -2.5403969903889462856 8.4549698521611470171e-006 
4.1999999999997372768 0.27083777607997244763 -3.6077131640901516363 -2.5403978363144488206 7.3815527693241203986e-006 
4.2249999999997456257 0.27158225445842026913 -3.6139705392167869036 -2.5403985921504315115 3.8527690796951717417e-006 
4.2499999999997539746 0.27147734643226650864 -3.6213100927837258425 -2.5403994199240895746 8.5183271389463681135e-006 
4.2749999999997623235 0.27074524668070459876 -3.6158735990673185334 -2.5404001977310768368 6.3132867253179026813e-006 
4.2999999999997706723 0.27072848484123290813 -3.6030517317048929016 -2.5404009879956590545 4.2160794582554134515e-006 
4.3249999999997790212 0.27094285449047345038 -3.6004800278211552822 -2.5404014032682624702 4.2793642486340303826e-006 
4.3499999999997873701 0.27088923246597312877 -3.6072281412162920944 -2.5404021085465213758 6.0314643505476256885e-006 
4.374999999999795719 0.27114430738641903673 -3.610965901858568472 -2.5404027984899113513 5.8049889902731998743e-006 
4.3999999999998040678 0.27116097404597672149 -3.6098057955363005433 -2.5404032957916382607 2.0265007403860777552e-006 
4.4249999999998124167 0.27061754561522910478 -3.6118377066993634372 -2.5404037475170868632 4.5028057557870250288e-006 
4.4499999999998207656 0.27079259759999751989 -3.6123134560921341674 -2.5404041606908549511 4.1950833862316003564e-006 
4.4749999999998291145 0.27145495133252084408 -3.6051823210285611765 -2.5404047823467146294 3.9043648836752072658e-006 
4.4999999999998374633 0.27116264673468426505 -3.6077316512070214394 -2.540405182090978542 3.1541036463401141132e-006 
4.5249999999998458122 0.27069743831584264226 -3.61591707457808198 -2.5404054710811498907 1.9608264270751044778e-006 
4.5499999999998541611 0.27098977202760365923 -3.6102508500391983226 -2.5404058683383965445 4.2570103067337837678e-006 
4.57499999999986251 0.27104632521294713676 -3.6052421331034816276 -2.5404062943189886781 2.6217661694133139918e-006 
4.5999999999998708589 0.27083395100090312813 -3.6087577643703290242 -2.540406632961763389 2.3011033295544071887e-006 
4.6249999999998792077 0.27103153848122951697 -3.6109632150875121681 -2.5404068549588050274 2.3794418569197569063e-006 
4.6499999999998875566 0.27106773045379939369 -3.6115479670244230448 -2.5404071733405499955 2.1244247044685093595e-006 
4.6749999999998959055 0.27085562113172184651 -3.6077966830335164161 -2.5404074945816756959 2.9398851597196892314e-006 
4.6999999999999042544 0.27094597665470615544 -3.6069970932604737968 -2.5404077444756811843 1.5393199503495806349e-006 
4.7249999999999126032 0.27113836695494542006 -3.6111270456092579018 -2.5404079624776079172 1.727530821864639452e-006 
4.7499999999999209521 0.27109293972086462299 -3.6078356039021772794 -2.540408184353656118 1.9464565586312725676e-006 
4.774999999999929301 0.27086717818347733067 -3.609077729398535439 -2.5404084216456519485 1.8913465628097718897e-006 
4.7999999999999376499 0.27091001208112680532 -3.6151066483651330685 -2.5404086243632821862 1.4825045720022442753e-006 
4.8249999999999459988 0.27115961789095904821 -3.6090153124739066115 -2.5404088160257982665 1.3456961926990677694e-006 
4.8499999999999543476 0.27094741169568853367 -3.6065825620782279159 -2.5404089825915074918 1.615038038387353161e-006 
4.8749999999999626965 0.27078141619726475708 -3.6111334122259495238 -2.5404091485386444127 1.1548257947787861406e-006 
4.8999999999999710454 0.27105918190479932894 -3.6070999339360074742 -2.5404093209115243823 1.2579014068527094171e-006 
4.9249999999999793943 0.27098736807749806976 -3.6061577591603235504 -2.5404094568414654631 1.2586040826440049647e-006 
4.9499999999999877431 0.27089999616757626244 -3.612215929805967729 -2.5404096108981653046 1.1884554917486218449e-006 
4.974999999999996092 0.27116454720240679155 -3.6137664124125672416 -2.5404097350787604448 7.6076586121205525066e-007 
