0.025000000000000015266 0.60094122302878061337 0.00052123403311750762801 -2.2395247940206810533 0.043962233971033999602 
0.05000000000000003747 0.5733999867402829187 0.018416350762127164931 -2.2440996776873474161 0.06838015304458357202 
0.075000000000000052736 0.4159513130666782077 -0.015229574428991254909 -2.2568311146162076675 0.11399440685520942362 
0.10000000000000007494 0.36659202045457900399 -0.05502707061343359296 -2.2783650280097167418 0.12996859309154029649 
0.12500000000000008327 0.18543776030641440089 -0.38148095354212441244 -2.2926002654025272598 0.075013171763475897103 
0.15000000000000010547 0.19810142599239000116 -2.3650996297141393399 -2.3036533143036037607 0.086202026761097949592 
0.17500000000000012768 0.30434588259147105083 -3.1964519589912208097 -2.315999913113819364 0.085413529297414914065 
0.20000000000000014988 0.21100325370531972102 -1.8105781211390419294 -2.3283751845286255744 0.066759112462182204628 
0.22500000000000017208 0.21300322677313715536 -2.6923294424819710358 -2.3390298402277309719 0.090787037332658443445 
0.25000000000000016653 0.28608162714560764206 -2.9185776467751987084 -2.3518365534333294242 0.081989165628381904805 
0.27500000000000018874 0.24210610805969326464 -1.4975779462721017232 -2.3635170413715225202 0.071264473496561411836 
0.30000000000000021094 0.27516456919025950034 -1.8863606559394623385 -2.373519557256116741 0.0631971175899300186 
0.32500000000000023315 0.30574278370616403411 -2.1930723721499529866 -2.3837187392561491883 0.071805740496459657951 
0.35000000000000025535 0.32467878790754295393 -0.78905976946993305887 -2.3934681599452911627 0.076069049253421033852 
0.37500000000000027756 0.3163342166328488303 -0.13986145683041922849 -2.4048005710977555793 0.058989931249436335092 
0.40000000000000029976 0.23948522362240159955 0.033539635880269091928 -2.4117719530633743297 0.046148852325197525781 
0.42500000000000032196 0.22752330839460735423 -0.4083437693738610208 -2.4190269245620124039 0.056306143568893629592 
0.45000000000000034417 0.22861760935551475593 -1.1306490025453586057 -2.4262255351486166077 0.034528421750695779957 
0.47500000000000036637 0.2271680584448160789 -0.73643848842684733746 -2.4321562407792671756 0.047643508548116296486 
0.50000000000000033307 0.23327883582124364636 -0.14660063782336407723 -2.4386838853640768754 0.04133623046495529807 
0.52500000000000035527 0.25015719229179861349 -0.13402039812204524782 -2.4448799352917229832 0.042987611268386780039 
0.55000000000000037748 0.28734723467232720084 0.08237353034266658991 -2.4506587563175634692 0.037846771683424346167 
0.57500000000000039968 0.31607577384057161662 0.46777792520427718959 -2.4564944477918735366 0.033030054982116856255 
0.60000000000000042188 0.30495343219139930957 -0.24032792527695473472 -2.4603680604412807575 0.025768916377533059719 
0.62500000000000044409 0.28066215382675679946 -0.17385879557989791788 -2.4645845727315069951 0.037290164107342885225 
0.65000000000000046629 0.26972893787798307708 0.78041215285368847887 -2.4694231257157905901 0.018814154453403623274 
0.6750000000000004885 0.23715903076318040066 0.63130870010539141823 -2.4723114231453213741 0.024722682248447740844 
0.7000000000000005107 0.24327062357268269821 0.61062020074995959629 -2.4755936615387770239 0.021161522756324421812 
0.72500000000000053291 0.27994381696468401133 0.74231133955574002403 -2.4782424577521533493 0.014280238766103950029 
0.75000000000000055511 0.26970040012303553301 0.037051459067818592885 -2.4814178718679502644 0.026161175460122584185 
0.77500000000000057732 0.2480659321821353791 -0.19820804791614665685 -2.4848025836927223331 0.020441525716882919667 
0.80000000000000059952 0.2834972367690277717 0.12694186887172353995 -2.4872574597977012978 0.016189090627235624281 
0.82500000000000062172 0.3278967829848455362 0.2011165439058968385 -2.490540965009042651 0.022290785954210405595 
0.85000000000000064393 0.32489982151663338028 0.08213871846869036375 -2.4924640450907071809 0.010533528954798705712 
0.87500000000000066613 0.28095288775014154448 0.098860933420075625122 -2.4948461599225906227 0.01754861763669463004 
0.90000000000000068834 0.25690257459045473531 -0.045189433244536392209 -2.4971132287241739611 0.012739549361461313323 
0.92500000000000071054 0.25383101269410252021 0.3117219507727727601 -2.4986654407049306847 0.011127112221326404887 
0.95000000000000073275 0.27408542792066292737 0.70649967971178284643 -2.5004496061585976818 0.012572715476146748698 
0.97500000000000075495 0.29464810474438596355 0.43640904881612496702 -2.5021861849314230852 0.0088228527526051769153 
1.0000000000000006661 0.29760424074032643116 0.38245277939175492676 -2.503801774371104738 0.015456165696564425072 
1.0249999999999979128 0.28689931358139486584 0.45815572353218370072 -2.5055380776776723373 0.006223187624160288374 
1.0499999999999951594 0.28124286263098513539 -0.015458245671420289824 -2.5066066881888020568 0.0094251244252057959222 
1.0749999999999924061 0.29648669350288908708 -0.037254435131770957668 -2.5079188683774069624 0.0086413709026753691284 
1.0999999999999896527 0.30879820857489526098 0.14985258609810236941 -2.5091035421678613559 0.0070516763171786260231 
1.1249999999999868994 0.28665032213342661604 -0.27497036034603550281 -2.5102874478808669956 0.0089718171255754059629 
1.149999999999984146 0.25255615298593220297 -0.1527788765243373037 -2.5113178246429135321 0.0049273501336731797759 
1.1749999999999813927 0.25329375652232472005 0.48068431960898172495 -2.5121458892888877124 0.0074071615374279985849 
1.1999999999999786393 0.29325040135286889464 0.50529001704119647087 -2.5132783129758564655 0.0060654381901454959558 
1.224999999999975886 0.31966650456803319402 0.36187677105166171643 -2.5139717997748127765 0.0046201451813147860828 
1.2499999999999731326 0.30627019621749801415 0.28689568729922287904 -2.5146266900101252872 0.0042440047507027647139 
1.2749999999999703792 0.28829818084587799376 0.30440515418406777215 -2.515381889138237792 0.0057720844328385777222 
1.2999999999999676259 0.27643418928247415201 0.38691073695178257452 -2.516101462820741208 0.0043810911279597514537 
1.3249999999999648725 0.26896487064441237935 0.23541313071095293363 -2.5167858263940439123 0.0039882945951325863079 
1.3499999999999621192 0.28228826040427373867 0.043442603715603711478 -2.5172177249142402289 0.0029673800227943639835 
1.3749999999999593658 0.29494450082337020369 0.0087682380650144775558 -2.5177326369449750665 0.0038504028033950915035 
1.3999999999999566125 0.28720720302305557947 0.031111043202468269264 -2.5183343309687753475 0.0037638761093289163466 
1.4249999999999538591 0.28829528079330152268 0.096863203485544668858 -2.5187975539497311495 0.0027028664385706133687 
1.4499999999999511058 0.29659927389209228554 0.12287393012692071625 -2.519145428794008712 0.0024731356583738207423 
1.4749999999999483524 0.29722146913147440284 0.18519317189304085325 -2.5195317921790589821 0.0023932135297700363706 
1.4999999999999455991 0.29595687185274699438 0.22831527046918098645 -2.5199475625742673301 0.0032104335578897907379 
1.5249999999999428457 0.28102983510186968497 0.2430097827105847097 -2.5202990144244319382 0.0018537353987192969635 
1.5499999999999400924 0.2665738501789836068 0.34702824731337855724 -2.5205787340769396643 0.0017635436675586873764 
1.574999999999937339 0.27967883626798967223 0.28275550318950670725 -2.5208921139645275034 0.0025362238893074139437 
1.5999999999999345857 0.29476637579797121402 0.077955697635847531757 -2.5211817087765489021 0.0013749410196120968528 
1.6249999999999318323 0.29325945194913344283 0.12387439259419208426 -2.5213959335008961915 0.0016901901702219015132 
1.649999999999929079 0.2911307658542921506 0.27486844661097298292 -2.521643593947577866 0.0015581537113764786125 
1.6749999999999263256 0.29018259544529562133 0.21846404524176599171 -2.5218670361325390417 0.0015056850758470357796 
1.6999999999999235722 0.28615923015501487647 0.18191424936741451557 -2.522094339795845741 0.001592495331306930436 
1.7249999999999208189 0.28681900819599398522 0.16205437840368741576 -2.5222963437045540225 0.0010112540230192642882 
1.7499999999999180655 0.28812225280007697226 0.075104525895562601612 -2.5224287167183887526 0.0010202193748233049329 
1.7749999999999153122 0.28498167582890160388 0.19460344929857076313 -2.5226042027108017685 0.0011918140340566665825 
1.7999999999999125588 0.28487324626977267306 0.23902245986746362139 -2.5227592664457803018 0.001068317369015286478 
1.8249999999999098055 0.29293378542503079043 0.058656310826505575484 -2.5229170605758759471 0.00092563980714852197532 
1.8499999999999070521 0.29972227136727697117 0.078556322731101135837 -2.5230463731519860993 0.00081020510749564252691 
1.8749999999999042988 0.29211434726681367868 0.12042926171015300163 -2.5231457494685751719 0.00075254958851423152302 
1.8999999999999015454 0.28003852670282008974 0.19693916430742186563 -2.5232737626002514908 0.00082180824552495685461 
1.9249999999998987921 0.28145562876924523632 0.38868860790027781604 -2.5233751141609697122 0.00061226764691925113053 
1.9499999999998960387 0.28882289066630412178 0.26532327422171730902 -2.5234888302538620586 0.00089594536760011049548 
1.9749999999998932854 0.2920028076354948543 0.078692717544900037119 -2.5235712972241444163 0.00028006267854328495805 
1.999999999999890532 0.28897210134822087779 0.18208633249287242695 -2.5236439646830248762 0.00067844688861102837689 
2.0249999999998880007 0.28421333038405821592 0.24796675882142382719 -2.5237354915689031998 0.00055083403058689113865 
2.0499999999998852473 0.28678376719424014674 0.20119236954114005922 -2.5238048269934623136 0.0004209203346499089957 
2.074999999999882494 0.29336629419753113002 0.13783545630837146234 -2.5238746549956352361 0.00053163285214826631973 
2.0999999999998797406 0.2940429549252133179 0.060936250875141872996 -2.5239382711771032319 0.00027291950220812035257 
2.1249999999998769873 0.28830719971449769723 0.089809547226566421863 -2.5239943803059845528 0.00057309559745265476003 
2.1499999999998742339 0.28122014352007601579 0.22112194856544586941 -2.5240578957018318107 0.00021476650104847928749 
2.1749999999998714806 0.28271964273505290066 0.25942554167370646123 -2.5240928722109234883 0.00034175807168740395458 
2.1999999999998687272 0.29327802410012826506 0.18942574179622695407 -2.5241483795555521574 0.00034016219183019167846 
2.2249999999998659739 0.29598596584616770899 0.13490911899619184577 -2.5241942734789026836 0.00031419367606338728487 
2.2499999999998632205 0.28986884876018431667 0.15170693366214382802 -2.5242346125982502159 0.00025432774857439213604 
2.2749999999998604672 0.28724739699829737738 0.22935715552512525583 -2.5242712888207941013 0.00018028848882238669477 
2.2999999999998577138 0.28665217675723009272 0.22250284513094176209 -2.5242989376691680192 0.0002940580909544116819 
2.3249999999998549605 0.28786080891887583233 0.14900577988113050676 -2.5243436195120243504 0.00022080422873638097352 
2.3499999999998522071 0.2909767171171377953 0.15786143495565052586 -2.5243684419147398579 0.00016215042389268618139 
2.3749999999998494538 0.28784470177449428263 0.16426401362460529842 -2.524396541218043577 0.00020579163520758090656 
2.3999999999998467004 0.28342966822002485516 0.17017169393935360766 -2.5244229687151196195 0.00016262402111360358889 
2.4249999999998439471 0.28745749227384043145 0.19210552649082690557 -2.5244463542266677436 0.0001670571766310497894 
2.4499999999998411937 0.29287495346040121058 0.18031827456053428627 -2.524472609664442313 0.00014000958372119881221 
2.4749999999998384403 0.29200547003150850722 0.20052601959943405774 -2.5244872266219635648 0.00011993700787420901637 
2.499999999999835687 0.28826766562689054574 0.19312156543507374984 -2.5245104916003842099 0.00016895279888268419891 
2.5249999999998329336 0.28665371855808641222 0.16210902092551693343 -2.5245309919426093259 0.00010011333154921812872 
2.5499999999998301803 0.28804521261717991321 0.17514130393210380898 -2.5245452328781339268 0.00010861313395746317596 
2.5749999999998274269 0.28939544811290573989 0.13736837899375731187 -2.524561192690089495 9.8743400175950983436e-005 
2.5999999999998246736 0.28941494410468204812 0.12741311703770963337 -2.5245732649658236824 8.7017649741942158185e-005 
2.6249999999998219202 0.28902002838826440501 0.20288982661743748537 -2.5245909249102234106 0.00011709151778681610293 
2.6499999999998191669 0.28804621819438924746 0.20718480813937134588 -2.5246016691368757812 5.7467711094409494859e-005 
2.6749999999998164135 0.28842205487862870861 0.17724848610238319591 -2.5246124276189960689 8.4092494843950193095e-005 
2.6999999999998136602 0.29080692801154750526 0.19776261378830306548 -2.5246248912725808289 7.1972683442729867387e-005 
2.7249999999998109068 0.29098187994948532253 0.20366770718999194223 -2.5246336339059292087 5.8991225458066419321e-005 
2.7499999999998081535 0.28771684746674414113 0.1945049713627485799 -2.5246433862889836597 7.3914131077581823664e-005 
2.7749999999998054001 0.28543460577143336954 0.18572531904684919102 -2.5246526613438757813 4.6819640774556922982e-005 
2.7999999999998026468 0.28722492900732415899 0.13853905344183381487 -2.52466050437708045 5.9755097476258591123e-005 
2.8249999999997998934 0.29016591921755646721 0.12090198207101265915 -2.5246674769768930879 3.885219544489891926e-005 
2.84999999999979714 0.29019145176484711923 0.1639772835726032163 -2.5246742446919876457 5.232451280552693324e-005 
2.8749999999997943867 0.28899662800867476076 0.18526649844647713472 -2.5246810749612969005 4.0310864856365693923e-005 
2.8999999999997916333 0.2890161616223305141 0.19983233242375586514 -2.5246874873228937197 4.3666308511843464292e-005 
2.92499999999978888 0.28865769646593614217 0.20476033111859404112 -2.5246930191008813971 3.7375720996874901825e-005 
2.9499999999997861266 0.28860482955421101758 0.17502463455027594819 -2.5246982911962003726 2.8230632221318848038e-005 
2.9749999999997833733 0.28951873656063215057 0.18524101703607165348 -2.5247023794346321601 3.124957641443551552e-005 
2.9999999999997806199 0.28855633656421325606 0.20274491962458840444 -2.5247070851794615187 3.1784177618865558021e-005 
3.0249999999997778666 0.28747216705481992705 0.17716327803286835429 -2.5247113078567680056 2.7425979668909274638e-005 
3.0499999999997751132 0.28906734362755975853 0.15544259013364891686 -2.52471542417330852 2.5343062286555282048e-005 
3.0749999999997723599 0.29039965982476811934 0.14530132414064322877 -2.5247193992089083103 2.7443994516142657461e-005 
3.0999999999997696065 0.28989187093418533614 0.16406241104531338326 -2.5247218960331583304 1.3000276343370479628e-005 
3.1249999999997668532 0.28852244292265688541 0.19231835544825537365 -2.5247251198623072987 2.5860577220537280782e-005 
3.1499999999997640998 0.2872269073869239131 0.18398393027085957474 -2.5247284150827744575 1.9193118747232787967e-005 
3.1749999999997613465 0.28787260659980973276 0.17668263744304280038 -2.5247309360685625812 1.6982028168935890835e-005 
3.1999999999997585931 0.28939489044582700217 0.1817907403978927805 -2.5247334591271739512 1.5370011957805697187e-005 
3.2249999999997558398 0.28926997940259013831 0.18136053991347056424 -2.5247354723975274915 1.3628625152772367015e-005 
3.2499999999997530864 0.28871424947473017797 0.1839195868065025552 -2.5247378931434978355 1.8284538536645951608e-005 
3.274999999999750333 0.28884435203833952466 0.18407293187205009399 -2.5247399063981377232 9.4582430677796912642e-006 
3.2999999999997475797 0.28900298837626858806 0.17939187462188388444 -2.5247416188762179523 1.4001713794831777864e-005 
3.3249999999997448263 0.28924268587676732478 0.17431436356233820373 -2.5247434916644064806 1.0702248872797351964e-005 
3.349999999999742073 0.28908796769781980318 0.16800716602180543191 -2.5247450348645816831 1.0751014243431508398e-005 
3.3749999999997393196 0.28832893970686257479 0.16975574497331635815 -2.5247464948744959834 9.7947765235864647315e-006 
3.3999999999997365663 0.28820456338811700769 0.17854447013237972897 -2.5247478035440447108 6.8672221502046890747e-006 
3.4249999999997338129 0.28889885911670437624 0.17578162288136744973 -2.5247491221503342018 1.1771245019724579925e-005 
3.4499999999997310596 0.28952122022098708554 0.17481340871609485355 -2.5247505027366226038 6.4077165019987857887e-006 
3.4749999999997283062 0.2895175307682357202 0.18592585338951361784 -2.5247513867456170544 6.6092187575989381972e-006 
3.4999999999997255529 0.28888803412150121375 0.18010007971828534412 -2.524752544518392483 7.691304759737524672e-006 
3.5249999999997227995 0.28840912040166627461 0.17348681600728488306 -2.5247534275872069998 5.6131997895974596386e-006 
3.5499999999997200462 0.28846611530766869125 0.18089517801216736803 -2.5247542942984346759 6.1536085215831785167e-006 
3.5749999999997172928 0.28861892195494787128 0.17554100388778504094 -2.5247552681265328367 5.2827249099361288341e-006 
3.5999999999997145395 0.28865177180297607595 0.17371806818037505149 -2.5247558253705233433 4.9763238330458292027e-006 
3.6249999999997117861 0.28868412851309044331 0.17889282102884096481 -2.5247567441943492561 5.3440553676236464165e-006 
3.6499999999997090327 0.28897995491485012343 0.17482247580494580941 -2.5247572622517870933 2.9097216806158032669e-006 
3.6749999999997062794 0.28929020448882913907 0.17878526781680181834 -2.5247578983628842231 5.1976304824694606428e-006 
3.699999999999703526 0.28912650449086790827 0.18437234330891327794 -2.5247585200544118145 3.356906281131469059e-006 
3.7249999999997007727 0.28891033470889321277 0.18235439831372479702 -2.5247590041956624596 3.5684869177535824361e-006 
3.7499999999996980193 0.28873022109940005286 0.17958949932053558385 -2.5247595832798070958 3.62900887176886112e-006 
3.774999999999695266 0.28840341121507212518 0.17273461010144630645 -2.5247599442792365565 1.9035770379512005312e-006 
3.7999999999996925126 0.28869217279542441768 0.17005916087164607564 -2.5247603986684841182 3.9754745781870242321e-006 
3.8249999999996897593 0.28925517798686350979 0.17252229199050661546 -2.5247607954504962535 1.5141203559041020823e-006 
3.8499999999996870059 0.28908516388686616994 0.17259768532171049227 -2.5247611350659844298 3.0224629272955159819e-006 
3.8749999999996842526 0.28879752688624982238 0.17657818411519454749 -2.5247615398445759638 2.5674195139850884424e-006 
3.8999999999996814992 0.28878255639681871259 0.18252436736292054764 -2.5247618462271024242 1.6218434152537745876e-006 
3.9249999999996787459 0.28870589764287707402 0.1823060223093182497 -2.5247621262698083378 1.8992765554201062606e-006 
3.9499999999996759925 0.28884364577429094689 0.18023151494203959455 -2.5247623558651217657 1.6137850441098284842e-006 
3.9749999999996732392 0.28894823008079684179 0.18062857938189702534 -2.5247626457621366036 2.2697929166413669827e-006 
3.9999999999996704858 0.28866191070683727693 0.17821597923347876069 -2.5247629188875206907 1.1400393668067329852e-006 
4.0249999999996788347 0.28858348850141013475 0.17482027810969391624 -2.5247630938061154104 1.4558588323036582011e-006 
4.0499999999996871836 0.28885951313801222495 0.17544349434700945434 -2.5247632997447122527 1.4380669922870767833e-006 
4.0749999999996955324 0.28910585537595318018 0.17635673744976376742 -2.5247634987753677649 1.0722017396237187864e-006 
4.0999999999997038813 0.28913183834812206108 0.17582525502503565384 -2.5247636781958737728 1.4607239693552120192e-006 
4.1249999999997122302 0.28878313823757828516 0.17548958880851062148 -2.5247638485777930129 8.3214732799521954999e-007 
4.1499999999997205791 0.28854121136686999849 0.17988443109135665576 -2.524763985368695618 1.0619671971019472669e-006 
4.1749999999997289279 0.28884658791650519305 0.18228186830302528509 -2.5247641315763638126 9.2266407148999932411e-007 
4.1999999999997372768 0.28909965757126049324 0.17317815865496977157 -2.5247642690066176563 8.0388829511686962541e-007 
4.2249999999997456257 0.28897817131472763874 0.17075511350544259059 -2.5247643661861287612 8.0548040897340712101e-007 
4.2499999999997539746 0.28879482875369294481 0.17895122738047974931 -2.5247645047583944233 8.3653539154988140979e-007 
4.2749999999997623235 0.28867453943420834372 0.17978681027901199929 -2.5247646127626053314 7.2251502947357914582e-007 
4.2999999999997706723 0.28874011648177949629 0.17815751757801556732 -2.5247647124688996634 5.3810180552494143345e-007 
4.3249999999997790212 0.28895312207929968462 0.17883449398812345521 -2.5247647790891845077 5.5621605411756369288e-007 
4.3499999999997873701 0.28896531460342295139 0.17818476864505383706 -2.5247648711934616017 5.7107785996093311515e-007 
4.374999999999795719 0.28873837022738563229 0.17879413674726862826 -2.5247649623964587562 6.2432272650262369643e-007 
4.3999999999998040678 0.28863982739904014974 0.17872539938742637577 -2.5247650277398672181 3.9722610437331962657e-007 
4.4249999999998124167 0.28885971807259203104 0.17755850160673825044 -2.5247650990865913023 4.5683573626749623125e-007 
4.4499999999998207656 0.28904909757353336452 0.17601988131588597319 -2.5247651562506510103 3.7345120159886601956e-007 
4.4749999999998291145 0.28892179099973697154 0.17364106027677073119 -2.5247652173580954482 4.5480787927378933456e-007 
4.4999999999998374633 0.28876875869255069773 0.1749566828194950574 -2.5247652729397098703 3.1016153590128961847e-007 
4.5249999999998458122 0.28879389547885503386 0.17894241362968044129 -2.5247653223384358689 3.1954262577294430638e-007 
4.5499999999998541611 0.28887417570660667288 0.17882931768689147578 -2.5247653686813693596 3.5282193727757083487e-007 
4.57499999999986251 0.28894590138829900905 0.17634461286440572536 -2.5247654146499121097 2.4331045649860328355e-007 
4.5999999999998708589 0.28888823243705097354 0.17706881165133137035 -2.5247654494281643878 2.7657657592097407541e-007 
4.6249999999998792077 0.28873556435553859867 0.17833251795662763417 -2.5247654940538306612 2.5720199895672455619e-007 
4.6499999999998875566 0.28877112894465706283 0.1779030015194197345 -2.5247655236190786887 2.0648110726593573352e-007 
4.6749999999998959055 0.28891426229274691506 0.17822413730817765476 -2.5247655581692827198 2.4558132514202995015e-007 
4.6999999999999042544 0.28893297763987152438 0.1783546349570037659 -2.5247655909991064682 1.7827321131344099059e-007 
4.7249999999999126032 0.28886238992946716708 0.17786684094191951289 -2.5247656150064443636 1.8161044110494802532e-007 
4.7499999999999209521 0.28874662611807411228 0.17713585289541633472 -2.5247656432944975968 1.7492886077102419356e-007 
4.774999999999929301 0.28873479889153258471 0.17633272880610562083 -2.5247656630925168209 1.3175979593870891872e-007 
4.7999999999999376499 0.28890427568720233875 0.1762995218723190094 -2.5247656914975564746 2.013849516192374988e-007 
4.8249999999999459988 0.28895753111256733403 0.17581015282890632978 -2.5247657107148921973 9.9163158590047191038e-008 
4.8499999999999543476 0.2888353909483659665 0.17670680077761757865 -2.5247657278039326023 1.3405751573534422441e-007 
4.8749999999999626965 0.28877305071571840456 0.1787391333180528008 -2.5247657484219798718 1.161558360024741422e-007 
4.8999999999999710454 0.28879902329445189535 0.17847419837935940556 -2.5247657624559369793 1.0885280157608348706e-007 
4.9249999999999793943 0.2888990808632012075 0.17821440916818365174 -2.5247657816654145435 1.2338695086836051784e-007 
4.9499999999999877431 0.28898811602107238317 0.17778922893711279762 -2.5247657929847786562 5.4896300743806577581e-008 
4.974999999999996092 0.28889318638437333497 0.17666838480291291447 -2.5247658069637290978 1.1979331619813733909e-007 
