0.025000000000000015266 0.60202826581843227327 0.00052890641824844888963 -2.2381210950903689394 0.044787728720592147325 
0.05000000000000003747 0.57380261300839507932 0.018714599233141532286 -2.2416411636561477394 0.070898264638467406451 
0.075000000000000052736 0.41228506989666630078 -0.017233267270321095399 -2.2515562009472067651 0.11918805534366916365 
0.10000000000000007494 0.35978821429184720815 -0.054592688938493783013 -2.2683677387227159095 0.13581048022311834056 
0.12500000000000008327 0.17451573192302516357 -0.36821100994825306518 -2.2795677693553844101 0.080622159471301732547 
0.15000000000000010547 0.19227429482163352348 -2.4463331659789471217 -2.2887462025051092951 0.098175421200224030627 
0.17500000000000012768 0.30702800597260077042 -3.3675049446929703478 -2.2992570457877130607 0.097650234363704166429 
0.20000000000000014988 0.21063013931912261123 -1.8864272868808047434 -2.3103041236086170329 0.084361660672591765042 
0.22500000000000017208 0.22074406656353737222 -2.8838171639244869482 -2.3197603409684042219 0.097718095542718375057 
0.25000000000000016653 0.2773423755344180397 -3.4557339191654667943 -2.330563175329934289 0.10212377483690163182 
0.27500000000000018874 0.23305531310017760238 -2.0745446624070233987 -2.3404930425354582013 0.073699942713717922493 
0.30000000000000021094 0.24808672951936872053 -2.01679791360726135 -2.3495274572464124319 0.079279463934685712179 
0.32500000000000023315 0.31204820596416649181 -1.2310206774288843246 -2.3582144808073213227 0.092519882653479074142 
0.35000000000000025535 0.33883675400385798726 0.39165931602061143657 -2.3673126746255603869 0.076548110963876342394 
0.37500000000000027756 0.32115040888112911244 0.57047633834322186708 -2.3752754444455992378 0.062287260581133263582 
0.40000000000000029976 0.23983399671786581608 0.21269296564871809085 -2.3827344036448558917 0.078637222463782130433 
0.42500000000000032196 0.2060509662542768794 -0.072109300499321515865 -2.3910742223512020388 0.061634032618173822948 
0.45000000000000034417 0.19944315752512112305 -3.1496726309901657004 -2.397729841864763678 0.059983034789775679929 
0.47500000000000036637 0.17311554192986894352 -2.2150598290435232762 -2.4039902114074482853 0.059087219240857899449 
0.50000000000000033307 0.18696631337085070634 -1.6787539231971897458 -2.4106622837592848185 0.059564438777998211794 
0.52500000000000035527 0.24269664080844044474 -2.19723536685555354 -2.4172934088274766751 0.066228683800316975883 
0.55000000000000037748 0.25345453107145754501 -2.502985500332953972 -2.4246805513521807462 0.059808009950427169776 
0.57500000000000039968 0.2321581855679776818 -2.162449220369953462 -2.429972628660527878 0.041209506434539668052 
0.60000000000000042188 0.2388538085941320499 -2.4947603570298815256 -2.4337526592733960129 0.036477423976492361068 
0.62500000000000044409 0.26526590431924662594 -2.9356303741665472629 -2.4389694483323820506 0.043799936584311256749 
0.65000000000000046629 0.22646564432167348713 -2.2099228577769007842 -2.4432289100421504813 0.042240877006584159892 
0.6750000000000004885 0.19325958813364291222 -2.5171404712561056272 -2.44804685951725709 0.043770988899335783184 
0.7000000000000005107 0.23978769110175274237 -4.1150804712673778596 -2.4527245343054802085 0.041319902292454600834 
0.72500000000000053291 0.31095245026011686384 -4.2961187479911577825 -2.4576266775132342701 0.039115147054770031676 
0.75000000000000055511 0.29190915799690092536 -0.94911341366433332745 -2.4615056097834888682 0.044832585530456818546 
0.77500000000000057732 0.24860348047943825467 -1.0881134364412798909 -2.4663120726775007441 0.033998267167464985006 
0.80000000000000059952 0.28929831647104153891 -3.2190931803301934266 -2.4692644662300673453 0.024590125194896127886 
0.82500000000000062172 0.26666759586347965616 -2.4943160856746242615 -2.4728847625811178901 0.035871754256139344597 
0.85000000000000064393 0.20951447962988792306 -2.6776241585805067302 -2.4762980434854964251 0.033004899310955460034 
0.87500000000000066613 0.20832813680009815149 -2.5885759088769488834 -2.4801525234409518283 0.028145238951115023052 
0.90000000000000068834 0.22465204614603292987 -3.279888988572848163 -2.4831641945231521795 0.033213436657102413108 
0.92500000000000071054 0.25728607105073780792 -4.1084488683569047041 -2.4858582384956893208 0.016001588713511726014 
0.95000000000000073275 0.27466683098296801324 -3.978675668116117059 -2.4887569361356685071 0.030746454170790839255 
0.97500000000000075495 0.28155081999969666651 -4.0807430984945440855 -2.4913398059968434595 0.021170925671870132606 
1.0000000000000006661 0.28796560700444839842 -3.6995680741861836083 -2.4938491832008660154 0.022125409222707011214 
1.0249999999999979128 0.27060867851602121714 -3.2299555362714809092 -2.4964347851743449169 0.025572148240453156792 
1.0499999999999951594 0.24215900753167379778 -3.2207784397289036527 -2.4991355082402968435 0.023111811556902905201 
1.0749999999999924061 0.23851089560279428725 -2.8190325849194168839 -2.5010748428640057206 0.013507565192791826797 
1.0999999999999896527 0.23886203805006486767 -2.7987691272884394067 -2.502889644513396572 0.016481462996620808992 
1.1249999999999868994 0.24123657469304313206 -3.5458911008280846744 -2.5047317777645519143 0.020440833222767386401 
1.149999999999984146 0.24481644686175801917 -3.6774783002059381332 -2.5067456271629993125 0.016443692140447625089 
1.1749999999999813927 0.27779938311536472861 -3.5296603796488383864 -2.5088594030275661595 0.018526607224425173381 
1.1999999999999786393 0.30498873504408796631 -3.7182173739847783622 -2.5104891465294740804 0.0096519876137729533616 
1.224999999999975886 0.27796938906866819341 -3.9789561790301828381 -2.5115168126861888709 0.01541461197487021921 
1.2499999999999731326 0.25864258569514392283 -3.6644176938384545039 -2.5134394210090968969 0.013826030210395664002 
1.2749999999999703792 0.26367785772564816815 -3.525541621496357525 -2.5148558750260794348 0.014224486972964696385 
1.2999999999999676259 0.25197811190510682744 -3.56894971174168818 -2.5163126590883142519 0.01236827999760031771 
1.3249999999999648725 0.23986948233627683469 -3.2437113851944725518 -2.5174164157971983258 0.0074344489894264858057 
1.3499999999999621192 0.25285074630029402698 -3.2640579069112911625 -2.5185140486742678689 0.013665215178489616837 
1.3749999999999593658 0.26624295934065339564 -3.744922211537732526 -2.5199792626435026932 0.010977193197369046126 
1.3999999999999566125 0.2792117600690575685 -3.8561819971247834893 -2.5209440091043520127 0.0084488797430371884861 
1.4249999999999538591 0.29759669995356119454 -3.5316700582527316143 -2.521974240286004143 0.0082073452794705244184 
1.4499999999999511058 0.29019779948215229659 -3.4218950346219352276 -2.5228069353022828381 0.0098428378501245333831 
1.4749999999999483524 0.25734312008136089878 -3.61023191636100238 -2.5239345628464153748 0.0086179055262996413778 
1.4999999999999455991 0.23952243970974360088 -3.8961297980711497857 -2.5248432078471654272 0.0078870650961440358362 
1.5249999999999428457 0.25298282228695750939 -3.4963116188319203204 -2.525521218629966036 0.0052281142897266028036 
1.5499999999999400924 0.26787187150148550341 -3.1038300416186928032 -2.5262929155339803877 0.0084780528444453433223 
1.574999999999937339 0.26236258426991898585 -3.5319478643494424119 -2.5271020968772153203 0.0069920463579463869655 
1.5999999999999345857 0.27412325613630617038 -3.7582259715229073826 -2.5279053693567066219 0.0061923972567601917594 
1.6249999999999318323 0.28318925905127551035 -3.7530013762353013895 -2.5284349067071714146 0.0052698088779362141365 
1.649999999999929079 0.27546411967870948478 -4.0120475206502650423 -2.529103641837688432 0.0051913750946326010435 
1.6749999999999263256 0.27827569813923730413 -3.7033792214264877884 -2.5296734314981499381 0.0065296339624721314726 
1.6999999999999235722 0.2623629030545768237 -3.2475188855566279322 -2.5304100716864907916 0.0053662741589665533329 
1.7249999999999208189 0.24542533220452392162 -3.2776171036342391929 -2.5308236061934801242 0.0036021778875044013768 
1.7499999999999180655 0.25842130370566668285 -3.4067130941903891461 -2.5313068548743364872 0.0044188326185664863685 
1.7749999999999153122 0.27097366638077308165 -3.550884987540396498 -2.5318131425709866633 0.0048018821419594237554 
1.7999999999999125588 0.2752604797159682315 -3.6162954844205157379 -2.5322468612936925858 0.0041885568761096661147 
1.8249999999999098055 0.28176759554972896638 -3.75402851672955995 -2.5328039749136936898 0.0041959701261447450785 
1.8499999999999070521 0.27257630677639621553 -4.0486202631891483605 -2.5331173370342252582 0.0025538805374500572407 
1.8749999999999042988 0.2658405795763771895 -3.8316660402445124056 -2.5334813048845647998 0.0039287165591937161374 
1.8999999999999015454 0.27037535586077166005 -3.5158434214870846191 -2.5338415016791775436 0.0030976208536266001091 
1.9249999999998987921 0.26391616463332417952 -3.7383074497237442912 -2.5342696719513764236 0.0033734099693798528206 
1.9499999999998960387 0.26196998102000651487 -3.5038697139360128752 -2.534567671461776861 0.0032370061512860316168 
1.9749999999998932854 0.26677247524123043343 -3.0261299723190178135 -2.5348677305746312172 0.001901128001705519599 
1.999999999999890532 0.26729536724519226132 -3.3381826783465582409 -2.5351505173166501983 0.0030248700916688758648 
2.0249999999998880007 0.27359244384665992733 -3.793307498150686019 -2.5354462946763018927 0.0026121672726004655125 
2.0499999999998852473 0.27628334722267483547 -3.9055668255285134194 -2.5357157914742822769 0.0021516013458486114157 
2.074999999999882494 0.27437987535907421011 -3.8184515260866196407 -2.5359429282909085046 0.0023338375622342340601 
2.0999999999998797406 0.27627417981372714983 -3.624072624519105279 -2.5362332555643214427 0.0022744794666884654739 
2.1249999999998769873 0.26599664186871635474 -3.5518200808569542204 -2.5364156798018138161 0.0018232584372992011006 
2.1499999999998742339 0.25702162005248496701 -3.4726370022929824444 -2.5366506399294208585 0.0017572376105302479204 
2.1749999999998714806 0.26572368058316753192 -3.5255569791747198849 -2.5368199216979605559 0.0017833640726078094779 
2.1999999999998687272 0.27160854656146271591 -3.7376013544928246013 -2.5370233444201986117 0.0018482664700291051487 
2.2249999999998659739 0.27279364769046782202 -3.5970037035142916615 -2.5372346233980258567 0.0017666841115255755863 
2.2499999999998632205 0.27567651332380088691 -3.452516511047574177 -2.5373904315900599471 0.0012182774028249121305 
2.2749999999998604672 0.2724583917761798646 -3.6936340398789386796 -2.5375392337081419392 0.0015860854873909358692 
2.2999999999998577138 0.27126852097700115962 -3.7656970735820385343 -2.5376887656432529639 0.0010789648667739897871 
2.3249999999998549605 0.27353636667812847305 -3.5319082451219321328 -2.5378376085586080713 0.0014896660771583668855 
2.3499999999998522071 0.26713361197004903413 -3.4321601984565961452 -2.5379921302746564216 0.0014715406917649419011 
2.3749999999998494538 0.26090038605265020166 -3.5412514116637523465 -2.5381221468204739899 0.00078995661755581537446 
2.3999999999998467004 0.26674834056376645064 -3.6649606141085402378 -2.5382171037992447005 0.0011089389244287564847 
2.4249999999998439471 0.27367465933579848691 -3.7087480836199482326 -2.5383505134728512331 0.0010458379617652026165 
2.4499999999998411937 0.27513859930224177086 -3.7310044309685190811 -2.5384510229063188547 0.0011455369254733307333 
2.4749999999998384403 0.27517752117243826637 -3.7294322962495911611 -2.5385778383759878274 0.00086929652469109719003 
2.499999999999835687 0.27287452481664475901 -3.6101484513856378911 -2.5386613184591513281 0.00071185933710369458417 
2.5249999999998329336 0.26828043600930079338 -3.4508179321490901614 -2.538750574499064161 0.0010180997590563025789 
2.5499999999998301803 0.26730463029567502753 -3.4846428756664895587 -2.5388494517912789661 0.00071948215740401562368 
2.5749999999998274269 0.26839845925889765921 -3.6120325106054176345 -2.5389265772160083401 0.00067272999424556744353 
2.5999999999998246736 0.26707857352596525713 -3.565561291009726741 -2.5390106435450308098 0.00077783298337737074701 
2.6249999999998219202 0.26804120943578785274 -3.5273620849687858936 -2.5390774837564946687 0.00065301908197986789813 
2.6499999999998191669 0.27458049984457461035 -3.6935235820028311515 -2.5391567354142492441 0.00056565657258937109258 
2.6749999999998164135 0.27758206301365340174 -3.7613785803073254144 -2.5392202050695402704 0.00069821354953467182781 
2.6999999999998136602 0.27265660031889676906 -3.6650249150064304615 -2.539286994118773233 0.00049378207202139829529 
2.7249999999998109068 0.26798956256085187944 -3.6446891473349261048 -2.539341423659710717 0.00056930195853717349263 
2.7499999999998081535 0.26883470555678118386 -3.5864936109294354161 -2.539405957636909239 0.00045658025539856280858 
2.7749999999998054001 0.26886237055401485119 -3.4771478829463564608 -2.5394534561914445803 0.00053458987879747416321 
2.7999999999998026468 0.26715967419806008198 -3.522041895742626938 -2.5395064758467018606 0.0004301077887532757946 
2.8249999999997998934 0.27121594131697512875 -3.6206741768475709797 -2.5395596151421968578 0.00040403229658781395677 
2.84999999999979714 0.27344508438638776004 -3.649086869756711593 -2.5395951975906885245 0.00042929950948846531652 
2.8749999999997943867 0.27079976666536764718 -3.6314491934720969368 -2.5396482515110792022 0.00039921864221949965182 
2.8999999999997916333 0.27292692815066571521 -3.6188762382649537486 -2.5396860291936040888 0.00033745723311414126296 
2.92499999999978888 0.27367448540648581234 -3.6867038632355737526 -2.5397233079150280943 0.00033742852994939287687 
2.9499999999997861266 0.26962366880665328273 -3.6500703567592256427 -2.5397596826796253744 0.000345274524801771445 
2.9749999999997833733 0.26900372376607106784 -3.5097257760309310548 -2.5397958662994786216 0.00028158831109077855958 
2.9999999999997806199 0.26895199443802525474 -3.5700493440431326775 -2.5398329772292469464 0.00037509945708544343689 
3.0249999999997778666 0.26889808885219063095 -3.6464949087801818983 -2.5398590521523147778 0.00016835942032520821113 
3.0499999999997751132 0.27124668986768907253 -3.5720579081251999654 -2.5398865232459226782 0.00027814811408305011595 
3.0749999999997723599 0.27243791400517614054 -3.6047174480719190726 -2.5399170221236144762 0.00028937487453549725356 
3.0999999999997696065 0.2726254246030120898 -3.6735749720465755708 -2.5399459190771755956 0.00023410108990120089109 
3.1249999999997668532 0.27098304483767571282 -3.6340666426561276658 -2.5399707659962476036 0.00023720723127438985128 
3.1499999999997640998 0.26935390956824228903 -3.591547866754725149 -2.5399919775177774994 0.00010910832050102678653 
3.1749999999997613465 0.27254369712135290138 -3.5614387387733859036 -2.5400116363982188084 0.00029441534136833531158 
3.1999999999997585931 0.27281105971037605817 -3.5813294905054653405 -2.5400373581317432503 0.00015752849740524406852 
3.2249999999997558398 0.26849727996719752188 -3.623578246240061862 -2.5400580184608454459 0.0002016027210296881297 
3.2499999999997530864 0.26806501789412973125 -3.6024740718875127854 -2.5400757498057622286 0.00013147485871083781049 
3.274999999999750333 0.26955726607824564978 -3.6298213170166104824 -2.5400919581171712558 0.00016508782141561403499 
3.2999999999997475797 0.27206427483550638113 -3.6539214817741632046 -2.5401089491878918736 0.00016972500820621250271 
3.3249999999997448263 0.27471661998082841372 -3.5787409022807752379 -2.5401281002923985497 0.00012352384930957040188 
3.349999999999742073 0.27162135170046131094 -3.5974079355583086226 -2.5401414303989677812 0.00015594231929294953445 
3.3749999999997393196 0.26894020007165314601 -3.6625878690723938647 -2.5401553320341636599 0.00010546521201351823993 
3.3999999999997365663 0.27081169210894795452 -3.6012999577117406069 -2.5401706571739630647 0.00014644372237393156683 
3.4249999999997338129 0.27086084754735217928 -3.5477509218708354055 -2.5401831929516096586 8.8999530054725663002e-005 
3.4499999999997310596 0.27045146410246956314 -3.5913282492395213197 -2.5401939342063863947 0.00012079197690290113224 
3.4749999999997283062 0.27074295473894327557 -3.6445081231011688949 -2.5402060722496107026 9.3993733683316499404e-005 
3.4999999999997255529 0.26983178364078941325 -3.6351257272872596893 -2.5402183712441930297 0.00011319640914069455497 
3.5249999999997227995 0.27141251635469054726 -3.5841443631069820341 -2.5402282317451709837 9.0362239315619052177e-005 
3.5499999999997200462 0.27332298788390929634 -3.6016721806850084953 -2.540237570237109832 6.3102356347474646892e-005 
3.5749999999997172928 0.27156377464655889753 -3.6379117645573000317 -2.5402461592432721282 0.00010430710864123006161 
3.5999999999997145395 0.26999734724741852876 -3.6038431882575832077 -2.5402566545223526084 7.4522906142735392929e-005 
3.6249999999997117861 0.26977084814851054473 -3.6096661488708141619 -2.5402638791834681875 7.1777040090076943044e-005 
3.6499999999997090327 0.26984847033970954522 -3.6346426516563639098 -2.5402722379935078756 6.5109353791682259807e-005 
3.6749999999997062794 0.27091190273915377595 -3.5851667754642457808 -2.5402797922650872664 7.9040343971267947682e-005 
3.699999999999703526 0.27184605827072033657 -3.5744037401497270601 -2.5402860536513358625 4.6591824964745795945e-005 
3.7249999999997007727 0.27195766146342231773 -3.6287153203502753307 -2.5402937899815642986 6.6777867181770132559e-005 
3.7499999999996980193 0.27137527825118440417 -3.6315860310107890285 -2.5402989166473144422 5.5259767978438378063e-005 
3.774999999999695266 0.27055472391456425463 -3.5964816916695663274 -2.5403063382901245326 6.2358408312176199432e-005 
3.7999999999996925126 0.27065694640084447808 -3.5976837124499798648 -2.5403114337326733185 3.5648436965664411858e-005 
3.8249999999996897593 0.27084920056087657958 -3.6212810435946227727 -2.540316142064718008 4.8730262723548600746e-005 
3.8499999999996870059 0.27041642987854608293 -3.609657829109310434 -2.5403217992931805824 5.7157797007081827625e-005 
3.8749999999996842526 0.2706791108673690105 -3.5899156143817179121 -2.5403265510449304365 3.0343289934956554086e-005 
3.8999999999996814992 0.27128729276012580884 -3.6183755402493442688 -2.5403316210661430752 5.0994141772157693517e-005 
3.9249999999996787459 0.27103447171543293415 -3.6363719744939784206 -2.5403350856689237425 2.5987301493505793445e-005 
3.9499999999996759925 0.27111613334550432874 -3.6030881204958475905 -2.5403393535087892552 4.4815813614018507722e-005 
3.9749999999996732392 0.27173403540331175776 -3.5953482847604441019 -2.540343425674540967 3.2304381535873893071e-005 
3.9999999999996704858 0.27097484903628460406 -3.6266858690951493394 -2.5403474616497381255 3.232238094598149236e-005 
4.0249999999996788347 0.27014728809198312875 -3.6168394337273244155 -2.5403502650302502985 3.2337125661248238007e-005 
4.0499999999996871836 0.27112382619915814663 -3.576851189922909402 -2.5403537453126165957 2.1667646381910348955e-005 
4.0749999999996955324 0.27136732493586773751 -3.5881656475317953436 -2.540356768820088984 3.5205148343199587203e-005 
4.0999999999997038813 0.27032398843301552738 -3.6201869147857266285 -2.5403598978480679271 2.3672850563410763005e-005 
4.1249999999997122302 0.27052373496860199209 -3.6116694490551610741 -2.5403628425687121428 2.6903690237115134292e-005 
4.1499999999997205791 0.2711835081599234254 -3.6135088791201948055 -2.5403649602499114302 1.6431904125642818169e-005 
4.1749999999997289279 0.27135107114592987854 -3.6381548961356622307 -2.5403678671554223989 2.8602137051732960443e-005 
4.1999999999997372768 0.27167189150950693532 -3.6291317284094759543 -2.5403698881476990401 1.851391337153974147e-005 
4.2249999999997456257 0.27120004279662202062 -3.6019112630832932354 -2.5403724260682891689 1.8453867356481506252e-005 
4.2499999999997539746 0.27037492844598565167 -3.5901034959859039475 -2.5403744134259969023 2.2154342879144041357e-005 
4.2749999999997623235 0.27057289492584163382 -3.595401828863303173 -2.5403763733518793799 1.4146612760192529658e-005 
4.2999999999997706723 0.27097653726789788786 -3.6023177077821117997 -2.5403784108210345494 2.0017670127242815075e-005 
4.3249999999997790212 0.27098513792400741318 -3.5970305708857175375 -2.5403800391359889765 1.1356704731770586052e-005 
4.3499999999997873701 0.27076522497948624091 -3.6146994730473078761 -2.5403816459205006417 1.8624035935572788586e-005 
4.374999999999795719 0.27091903176792386798 -3.6347535693537258439 -2.5403834510522425028 1.3775495935130542012e-005 
4.3999999999998040678 0.27168934391536875284 -3.6072196991227261087 -2.5403850719258915802 1.2414071223480967096e-005 
4.4249999999998124167 0.27149266723951182012 -3.6040567421630065326 -2.5403862323369090781 1.4966239469255611551e-005 
4.4499999999998207656 0.27065825001622551005 -3.6341330148897430519 -2.5403877864402559794 7.6447580146988204002e-006 
4.4749999999998291145 0.27066072204434499238 -3.6117331746166003725 -2.5403887822311563838 1.423878890535430693e-005 
4.4999999999998374633 0.27052529555087995172 -3.582995407107821606 -2.5403903664072076118 1.1679822567997424264e-005 
4.5249999999998458122 0.27064175778694871122 -3.599177954853457706 -2.5403913665221460327 9.4633800059039418009e-006 
4.5499999999998541611 0.27142611343481387598 -3.6137494923376909384 -2.5403924903886978548 8.7028367393801343019e-006 
4.57499999999986251 0.27126249709287492129 -3.6146878606747692153 -2.5403935178933458872 9.4957955373318971606e-006 
4.5999999999998708589 0.27103862955979807214 -3.6116422830633099217 -2.5403942765481146715 8.571187951062385891e-006 
4.6249999999998792077 0.27136770978812563282 -3.6115156760520297219 -2.5403955481064857125 9.1700714364213724457e-006 
4.6499999999998875566 0.27088888448902675998 -3.613227382745205496 -2.5403962731366078742 7.3185172454800983627e-006 
4.6749999999998959055 0.27052894108063890721 -3.6014856875759155841 -2.5403971205977784464 6.7512574536699452351e-006 
4.6999999999999042544 0.27080066158122179099 -3.6053601743517642575 -2.5403978327926277636 7.6210449140021493925e-006 
4.7249999999999126032 0.27089066727028632275 -3.6214706560426748183 -2.5403986517373207121 5.678018497113267117e-006 
4.7499999999999209521 0.27110774940329507299 -3.6067100395514666289 -2.5403993521410819234 7.5036248468998972889e-006 
4.774999999999929301 0.27115760406012140438 -3.6016427375288513346 -2.5403999777263233106 4.9474907700658837456e-006 
4.7999999999999376499 0.27106050148289978496 -3.6233897960387526638 -2.5404006491091251085 5.9203141443544540093e-006 
4.8249999999999459988 0.27128407084966610352 -3.6166707712310692813 -2.5404012409305161135 5.501404055327041493e-006 
4.8499999999999543476 0.27099514287661141676 -3.597002089032356853 -2.5404018192092743256 4.5357973973411709267e-006 
4.8749999999999626965 0.27058710719788747756 -3.6010043837880152395 -2.5404022560021748411 4.7495213086040850666e-006 
4.8999999999999710454 0.27082691256523444556 -3.6091089376034029002 -2.5404028832350435962 4.6732536465458801158e-006 
4.9249999999999793943 0.2709337186297786082 -3.6078347449484540199 -2.5404033080442478543 4.6663749129317442482e-006 
4.9499999999999877431 0.27104237476076920021 -3.6058728074702033339 -2.540403784025531575 3.3147542276783366877e-006 
4.974999999999996092 0.27122589408613961837 -3.6141915367525840885 -2.5404041964587542601 4.1271760614352219799e-006 
