0.025000000000000015266 0.60136820219125131093 0.0005242418332182322005 -2.2389758654129607862 0.044285096380595502519 
0.05000000000000003747 0.57355728353898427496 0.018533193773311779085 -2.2431427752824641964 0.069361067858551103682 
0.075000000000000052736 0.41452056578891094407 -0.016004714588971014066 -2.2547957075347673239 0.11600984853694096266 
0.10000000000000007494 0.36394526219606959661 -0.054891954130059761319 -2.2745221536470778823 0.13221582178609372904 
0.12500000000000008327 0.18117460228666495969 -0.37661893979514837749 -2.2875996457185312494 0.077142083430287569645 
0.15000000000000010547 0.19580255288223291643 -2.3972454887444367699 -2.2979698558212340309 0.09069371618245497535 
0.17500000000000012768 0.30529450041556494 -3.2624292232792067026 -2.3096649873170083112 0.089955466348124527021 
0.20000000000000014988 0.21047128247228058529 -1.8397860785515931514 -2.3216093549174381394 0.073354490617213774506 
0.22500000000000017208 0.21627632558321974177 -2.7673721949661937991 -2.3319661010478065499 0.094021130626802715269 
0.25000000000000016653 0.28260133840680157213 -3.1287974259357960172 -2.343965936776454928 0.089894116767164966575 
0.27500000000000018874 0.24065120842625514763 -1.7394858633049226082 -2.3552307630059097221 0.071458641125511881964 
0.30000000000000021094 0.26743630144704283458 -1.9749753782352132969 -2.3649808049676175337 0.071874536233092062298 
0.32500000000000023315 0.30604017959360063639 -1.8499298864062940773 -2.3746727367605435788 0.079729673165017125869 
0.35000000000000025535 0.33058732861157302807 -0.27331410391312299657 -2.3846676368690564729 0.081125594250560414955 
0.37500000000000027756 0.31626363094700027379 0.29490885113395298722 -2.3943396477782150633 0.054087317920576631625 
0.40000000000000029976 0.23944993662266486623 0.26902207226624752501 -2.4018676613455109958 0.060439020246384249357 
0.42500000000000032196 0.21378129350386418372 -0.34007863016768974385 -2.4093296474624601444 0.0565241010685123349 
0.45000000000000034417 0.21958590564877830675 -0.5712948596270299717 -2.4160740814370900154 0.042733520802659810678 
0.47500000000000036637 0.22420999113246214973 0.3891279453928754295 -2.4224132019728936704 0.050425408008942990135 
0.50000000000000033307 0.22943113180176777366 1.1475723708776210952 -2.4282029778286884358 0.04228831505204799085 
0.52500000000000035527 0.26245126191320555797 -2.1119248911789503254 -2.4344178238381899426 0.048560242867692046675 
0.55000000000000037748 0.28289010508410022959 -1.783533435638955833 -2.4415533297065454832 0.056105174026771516271 
0.57500000000000039968 0.28682964069303223953 -1.2373644460565138559 -2.4479777501973787324 0.041497481302602272357 
0.60000000000000042188 0.28185063381314162667 -1.625951618146929567 -2.4519249684500254993 0.024959296768828787699 
0.62500000000000044409 0.25342303671623739314 -1.7282713841719363757 -2.456700820654007078 0.044869006963808522048 
0.65000000000000046629 0.21615242775911081008 -1.0777555854428335635 -2.4619871855888959544 0.034680023474071126899 
0.6750000000000004885 0.21674438642978169356 -1.406096326200617419 -2.4664567454869965601 0.02953853513925250307 
0.7000000000000005107 0.23468458924995608261 -1.3317118927355628966 -2.4702370589467492756 0.03153492029670162955 
0.72500000000000053291 0.24649530753550832896 -0.98426465278642838452 -2.4742050551936403124 0.025420045414687925112 
0.75000000000000055511 0.23498578769584685388 -1.772642294335321278 -2.4772841820379034594 0.026069303709832084004 
0.77500000000000057732 0.19840799294771194194 -1.9236397213188982658 -2.4806113049338534005 0.019546729079491023673 
0.80000000000000059952 0.21781776089417728692 -1.2273484108601468989 -2.4831919577524885767 0.021810626911492662222 
0.82500000000000062172 0.24927165688701616308 -1.4213901436704694525 -2.4865683404973655257 0.027408815099245437824 
0.85000000000000064393 0.26714209611071582096 -1.6140085987746135565 -2.4896667488736912155 0.022688093745306718574 
0.87500000000000066613 0.2650407744632269913 -1.4007613270355880886 -2.4918590058018139644 0.0099605212357535468509 
0.90000000000000068834 0.24819339565855852436 -1.5583050072601842828 -2.4940732201597741735 0.02026535910344013855 
0.92500000000000071054 0.24305831591860252439 -0.98553322281110533609 -2.4967136108446328358 0.023773770844131476149 
0.95000000000000073275 0.26692112129722339597 -0.16984272735574601487 -2.4996110151188570825 0.017883888772257064415 
0.97500000000000075495 0.26103559961399447342 -0.25303710657886319124 -2.5021935823551957334 0.018335088500951758628 
1.0000000000000006661 0.25733987393402096844 -0.3264312894361363071 -2.5044096109339770706 0.017263774118144864511 
1.0249999999999979128 0.26204544161557780102 -0.71255691730018666519 -2.5063421522889668402 0.015379872110753662479 
1.0499999999999951594 0.27289371135249790301 -1.2339742831657256605 -2.508570454919904158 0.017047809247570048369 
1.0749999999999924061 0.26865779864550204392 -0.91845635122246394033 -2.5108672023872213863 0.012001778288183752308 
1.0999999999999896527 0.26187716832514651433 -1.1292090558173293324 -2.5122650310734231383 0.014546053878840283294 
1.1249999999999868994 0.2504078591940007148 -1.5688747809585414927 -2.513873401358311277 0.0090662021247075851721 
1.149999999999984146 0.24043887884479439587 -1.352395120252462668 -2.5152506305583086643 0.010941775412634174164 
1.1749999999999813927 0.25473231887164765608 -1.3187640698373273018 -2.516703934995051295 0.0098606800157684439817 
1.1999999999999786393 0.27478742961403501699 -1.1561170213809430773 -2.5179664862467006081 0.011081723339506358711 
1.224999999999975886 0.26650134630259508794 -0.84233544808364424483 -2.5193477130794152963 0.0095281963558642816803 
1.2499999999999731326 0.25199602235414214624 -0.80437822606951403515 -2.5205876673448588399 0.008246897602895653101 
1.2749999999999703792 0.25560710214258336448 -0.53684563977577726135 -2.5218255072611430734 0.010726067193519733811 
1.2999999999999676259 0.25890933301246477072 -0.5617411324436112352 -2.52290881796973121 0.0059892132981497880201 
1.3249999999999648725 0.27089572554537544313 -0.7946340042044814922 -2.5237109712086422952 0.0066190675326451876848 
1.3499999999999621192 0.28149014257429516572 -0.38883295355632940815 -2.5246015408634887578 0.0053299684069432248096 
1.3749999999999593658 0.26684727373632777248 -0.54632484162728423005 -2.5253287948695102294 0.0071788845507787099262 
1.3999999999999566125 0.26309491886856933851 -1.2126751614547714997 -2.5263195815412644585 0.0069927718536147926223 
1.4249999999999538591 0.26255804182561037763 -0.96949882483889671114 -2.527120389536663847 0.0049729141265751715048 
1.4499999999999511058 0.25066747471816819282 -0.70245314025760829946 -2.5276970536439127279 0.0040923498716121369662 
1.4749999999999483524 0.26205219534116436231 -1.1234934502881728235 -2.5283856679373606369 0.0061402407747322522436 
1.4999999999999455991 0.27314698807394816038 -1.2953571478581094034 -2.5290990886937225746 0.0053263572299296207957 
1.5249999999999428457 0.26564833725661357589 -1.011152059901568645 -2.529719953415453304 0.0027685305107899029452 
1.5499999999999400924 0.26396993546609082149 -0.9023604581148321202 -2.5301208043125846814 0.0038711847935097689136 
1.574999999999937339 0.258118166060927412 -0.94256307413379447624 -2.530580757134085701 0.0035601295584346309871 
1.5999999999999345857 0.25575269178242404644 -0.76863213531087859476 -2.5311047136476969577 0.0043581777951842920818 
1.6249999999999318323 0.26861736910092420816 -0.68072305033103053251 -2.5316693129335758883 0.0032981380065646185781 
1.649999999999929079 0.26781171503126444122 -0.87402818700334794499 -2.5320995563390407135 0.0033922188334967280296 
1.6749999999999263256 0.26419958959857925418 -0.93505334832645958798 -2.5323716303369674385 0.0016582965821881033575 
1.6999999999999235722 0.27193257144727173147 -0.77239716077711528808 -2.5327324610791719373 0.0027120715014266570664 
1.7249999999999208189 0.26906844265774693126 -0.75769711520129601201 -2.5330783435722872277 0.0030811188455887213167 
1.7499999999999180655 0.27162158040465894659 -0.74926324843737668324 -2.5334654924422408406 0.002515079571349708356 
1.7749999999999153122 0.27429911731741357661 -0.72096963681375203503 -2.5337382214179151596 0.0019062364964487375427 
1.7999999999999125588 0.25841381843894217774 -0.82617564630623296917 -2.5340010860966670769 0.0016649535025939975023 
1.8249999999999098055 0.25640989807795011579 -1.0007686178568466762 -2.5342841944952305688 0.0027583636896091586269 
1.8499999999999070521 0.26536515528493986871 -1.1489473116255912721 -2.5345389776465272469 0.0013037471460304499507 
1.8749999999999042988 0.26359385858352341048 -1.0407985263568848566 -2.5347415691510049029 0.0014761508041233855747 
1.8999999999999015454 0.26439011160016573365 -0.85138903490995709866 -2.5349511559386690429 0.0018341105659690989677 
1.9249999999998987921 0.26691031232736922574 -0.93875803008453417853 -2.5351777964575452629 0.001507762019414585989 
1.9499999999998960387 0.26726473096349756542 -0.93791052442048883364 -2.5353712426026473459 0.0014724446053510946084 
1.9749999999998932854 0.27349286497729485834 -0.77678635656554628763 -2.5355357906727080675 0.0010016071920348772108 
1.999999999999890532 0.27586917864320964489 -0.78114438274418529495 -2.5356968848716610054 0.0013308826905996799014 
2.0249999999998880007 0.27036270200674550335 -0.74995034744739819121 -2.5358663343386189659 0.0013351273618776042431 
2.0499999999998852473 0.26566069291132327068 -0.72375653246368787386 -2.5360111300274867929 0.00087827147780598978193 
2.074999999999882494 0.2610779249550903014 -0.79715646643775761593 -2.5361306020274434481 0.00078380053404596345453 
2.0999999999998797406 0.26050627292017486392 -0.79170401290537784078 -2.5362365515646225766 0.0010381667645648394796 
2.1249999999998769873 0.26627734490219728825 -0.8796766126440334066 -2.5364028619285909905 0.0012696205792304996688 
2.1499999999998742339 0.27014839062986722995 -0.9868795915565518051 -2.5365208163072110459 0.00061966614563840167421 
2.1749999999998714806 0.27124338112749335483 -0.97493745489650107672 -2.5366105788083905814 0.00060837436096385858874 
2.1999999999998687272 0.27034817060457350113 -1.0589580869943473473 -2.5366913479656783004 0.00070600593278249241472 
2.2249999999998659739 0.26425302845505671545 -1.0006672155796270118 -2.5367733625140997944 0.00064822290580511543207 
2.2499999999998632205 0.26126959775295088839 -0.83115165611688079927 -2.53687209139951797 0.00069667727993649676468 
2.2749999999998604672 0.26632130107352808279 -0.90817584725154221204 -2.5369659608749484114 0.00065749699508740335439 
2.2999999999998577138 0.2700736787311803222 -0.87909350969222421757 -2.5370359359612399963 0.00055095185165661647673 
2.3249999999998549605 0.26758936343056100027 -0.72482505158522958499 -2.5371020830477917229 0.00041650443314183456913 
2.3499999999998522071 0.26504919189519587919 -0.77642627908548766946 -2.5371705673341993226 0.00052092941288000335198 
2.3749999999998494538 0.26735219803421228502 -0.7998423532665286384 -2.5372306128816717319 0.00049717260058387087365 
2.3999999999998467004 0.26996855930197677376 -0.7833207495435083878 -2.537291399206046183 0.00033718784564658836741 
2.4249999999998439471 0.27036747656664789075 -0.88261822321425920101 -2.5373284975758378934 0.00034531275036374381318 
2.4499999999998411937 0.26881238496829057416 -0.90023362906598058952 -2.5373924190756875774 0.00046063846185435020509 
2.4749999999998384403 0.26640288998320565961 -0.8980243168533669218 -2.537443651374789777 0.00041636819990077613036 
2.499999999999835687 0.26657335734629661328 -0.96743924035309647458 -2.5374879740936426842 0.00024425463803930179494 
2.5249999999998329336 0.26608737061254406076 -0.94252486028074500268 -2.5375267589432453086 0.00028547853141190697142 
2.5499999999998301803 0.26413948784958818372 -0.88889254672044115679 -2.5375599457293702699 0.0002873871273794854366 
2.5749999999998274269 0.26500451939914387856 -0.8675987100523554485 -2.5376001230944265075 0.00025855576773656783508 
2.5999999999998246736 0.26583441027173737581 -0.84507800189670934099 -2.5376309579003488714 0.00027125482386577937869 
2.6249999999998219202 0.26774456675367558356 -0.87818171521590793205 -2.5376682822539802231 0.00022643491384757247838 
2.6499999999998191669 0.2713449267859754932 -0.88334257135288640761 -2.5376969048819963959 0.0002404594370302987462 
2.6749999999998164135 0.26890511231477504106 -0.84627034323829275486 -2.5377269013964212085 0.00020675703812280955525 
2.6999999999998136602 0.26594345340549252477 -0.82817600149996306591 -2.5377502891449803535 0.00014771138540743043938 
2.7249999999998109068 0.26874445159870147259 -0.79470515740397851268 -2.5377701043386529101 0.00015148797358344382575 
2.7499999999998081535 0.26878362375029846154 -0.83919592225935368823 -2.5377958029352041258 0.00022430151813443899213 
2.7749999999998054001 0.26697289796115175609 -0.92076679581203557667 -2.5378175383445036317 0.00013781199849114639873 
2.7999999999998026468 0.26696818885802736654 -0.87377183435607719275 -2.5378396696322109705 0.00016034982062886293753 
2.8249999999997998934 0.26567294181151734911 -0.83898377995350847947 -2.5378589318397639651 0.0001330638212233162612 
2.84999999999979714 0.26604166132001572098 -0.90550356462342596053 -2.5378744264170034484 0.00011558379063305255217 
2.8749999999997943867 0.26694549527479244366 -0.9351909217114457995 -2.5378901314914070753 0.0001311120078177102524 
2.8999999999997916333 0.26624140124610179425 -0.90306083972873429921 -2.5379061181230113675 8.4997731222941313826e-005 
2.92499999999978888 0.26790269145439482568 -0.88727211636254166294 -2.5379204038005989119 0.00013287508615940883542 
2.9499999999997861266 0.26860323722188605977 -0.88882637589969704095 -2.5379329346167973647 8.3483930983156451897e-005 
2.9749999999997833733 0.26749517088769753093 -0.85671430779970791924 -2.5379462886396457755 9.854355410924188366e-005 
2.9999999999997806199 0.26832938104507525479 -0.84212621075860205622 -2.5379608177232189092 0.0001089288927240413896 
3.0249999999997778666 0.2673479727102179293 -0.86211499375334454953 -2.5379707912759221777 5.7671060212357822363e-005 
3.0499999999997751132 0.26607940625691139935 -0.84620157350061719903 -2.5379782581427221544 6.0355135391017665915e-005 
3.0749999999997723599 0.26780373726037814963 -0.83571295801379763546 -2.5379879494250423555 7.7180909737008357679e-005 
3.0999999999997696065 0.26789658134153176983 -0.85383453529276309713 -2.537998607690370001 8.0483171599257598457e-005 
3.1249999999997668532 0.2672830855967465169 -0.85736426330213877378 -2.5380078101719196759 6.2123100120918867584e-005 
3.1499999999997640998 0.26825180693471556426 -0.87541696065188034925 -2.538014614585990536 4.8822019662077699009e-005 
3.1749999999997613465 0.26728557433273952837 -0.89190563845683312749 -2.5380228431925968557 5.9678847814668621824e-005 
3.1999999999997585931 0.26606625191912575135 -0.88610879705817457985 -2.5380293796596813394 4.9123523924582839807e-005 
3.2249999999997558398 0.26676274094743385179 -0.91629103969106373562 -2.5380356807646036188 4.5875300156338291746e-005 
3.2499999999997530864 0.26739012327019434645 -0.93026151414836477649 -2.5380414099220911517 3.8105004682918334558e-005 
3.274999999999750333 0.26772666313146115113 -0.88195690359410672254 -2.5380465447696503034 4.2324078144776128372e-005 
3.2999999999997475797 0.26735343855245935485 -0.86434161413110266459 -2.5380529873054178402 5.0227684891522630928e-005 
3.3249999999997448263 0.26655820373288219294 -0.85800607423632790915 -2.5380586158941280672 3.7809062215433824098e-005 
3.349999999999742073 0.26715689282120330672 -0.81957855393042677861 -2.5380627691058470496 2.6607757311417374067e-005 
3.3749999999997393196 0.26805474114065741542 -0.82001938794762585516 -2.5380667378193133565 2.6495948214501200047e-005 
3.3999999999997365663 0.26837787873321156118 -0.85521921770206832392 -2.5380702727607458158 3.4360274717575527538e-005 
3.4249999999997338129 0.26847608439753173348 -0.88195927367542747977 -2.5380743234858451629 2.8515588409238732824e-005 
3.4499999999997310596 0.26748282737130907316 -0.88462463639549504535 -2.538078745901688027 2.737979323889505064e-005 
3.4749999999997283062 0.2663847798032160652 -0.87526068771248199951 -2.5380815444207875942 2.3991563017419630257e-005 
3.4999999999997255529 0.26681074204056920429 -0.90162273039008766773 -2.5380849115849555275 2.2898685896561176594e-005 
3.5249999999997227995 0.26744907030333170406 -0.89959378022437475053 -2.5380876050624476825 2.2880101581429094425e-005 
3.5499999999997200462 0.26701898211103158864 -0.85441196015708809064 -2.5380907944354791361 1.6917414246664864346e-005 
3.5749999999997172928 0.26681811605440913793 -0.87547216649433745594 -2.5380928263385782451 1.8125108827070144756e-005 
3.5999999999997145395 0.26755158938619327813 -0.8959234404631803983 -2.53809485453352357 1.8084458269913206076e-005 
3.6249999999997117861 0.2677592488531811421 -0.85718992024398410479 -2.538097894749260508 1.8115486132181342674e-005 
3.6499999999997090327 0.26735125236757512068 -0.85688352706907799927 -2.5380999116695641682 1.731823113681539873e-005 
3.6749999999997062794 0.26742532569263904874 -0.87205965979128119425 -2.5381018995551527517 1.1909711755497236348e-005 
3.699999999999703526 0.26745358983602862679 -0.85907927497791702898 -2.5381034561715467568 1.3333767096505866074e-005 
3.7249999999997007727 0.26744310107821889222 -0.86718313565017379752 -2.5381054181622242361 1.3116148663251557462e-005 
3.7499999999996980193 0.26778596903254986428 -0.87822534460819168256 -2.5381068700459392673 1.0138188820910574262e-005 
3.774999999999695266 0.26771239200146007553 -0.86631258190002602415 -2.5381081546583721398 1.100952047402935112e-005 
3.7999999999996925126 0.26740958417329191432 -0.86038864548742099991 -2.5381098422169516837 1.2866190239633935137e-005 
3.8249999999996897593 0.26710882067338553858 -0.86757062239557658501 -2.5381113499410954404 9.255939575763297663e-006 
3.8499999999996870059 0.26686478042209560435 -0.87971398903945363656 -2.5381125950389242796 9.9725638198088175415e-006 
3.8749999999996842526 0.26733157472528612519 -0.88412616346856376381 -2.5381135682750359805 5.8637769511782060036e-006 
3.8999999999996814992 0.26751636982537235765 -0.87817308307454966521 -2.5381144900202525783 7.110087233039531528e-006 
3.9249999999996787459 0.26716033108275599739 -0.88060718483857125527 -2.5381155512328228419 9.4096789948365260525e-006 
3.9499999999996759925 0.26745221074405994832 -0.8812462157266811591 -2.5381167176873318247 7.1165817186444884585e-006 
3.9749999999996732392 0.26737054244156355232 -0.8705874193007769879 -2.5381175823094941357 7.3540431643410295493e-006 
3.9999999999996704858 0.26694210898163872603 -0.8672967317566000478 -2.538118360767732451 3.7013555572292925349e-006 
4.0249999999996788347 0.26758230652985687259 -0.86577880731435752359 -2.538119116424904842 7.1093439290508205584e-006 
4.0499999999996871836 0.26799308749928590911 -0.86214928551234426557 -2.5381198764489942832 5.6771297912889267474e-006 
4.0749999999996955324 0.26767756470133718949 -0.86437552037338716282 -2.5381205661236712068 4.0949994723228757892e-006 
4.0999999999997038813 0.2675274203452777666 -0.86387128252632650049 -2.5381211585094698435 4.3384162982443616775e-006 
4.1249999999997122302 0.26714168007370137081 -0.86647559903159976358 -2.5381216899120673247 4.3921471004418056295e-006 
4.1499999999997205791 0.26705183871034138265 -0.8738043492167810733 -2.5381223293740413638 5.5784703243555085826e-006 
4.1749999999997289279 0.26742980607166266793 -0.87462294434011023103 -2.5381229909518245869 3.4087773248077740179e-006 
4.1999999999997372768 0.26732525746980756454 -0.87614107154726361681 -2.5381233932054283464 2.8710013304146853875e-006 
4.2249999999997456257 0.26728744501875573159 -0.88212229956601873049 -2.5381237769457154485 3.4247870745360864419e-006 
4.2499999999997539746 0.26734757206922465933 -0.88464735845104480738 -2.5381241819771354074 2.9191183163353230678e-006 
4.2749999999997623235 0.26716564456693031593 -0.87852611573078731588 -2.5381246509975889936 3.2818593035435983693e-006 
4.2999999999997706723 0.26747276322555030292 -0.87050539969715368116 -2.5381250346344956803 2.8260912191259579793e-006 
4.3249999999997790212 0.2676540100235935693 -0.86726545719275138779 -2.538125369568358991 2.7602581899040233525e-006 
4.3499999999997873701 0.26734601267870222729 -0.86189713643121335096 -2.53812575955028219 2.5008952278906299494e-006 
4.374999999999795719 0.26748916774101622051 -0.86270086508866594688 -2.5381260365865805362 1.7036415219320714941e-006 
4.3999999999998040678 0.26756963257638960441 -0.86983915301684566757 -2.5381262610086752218 2.1223637919993305777e-006 
4.4249999999998124167 0.26722101764020261827 -0.86514201188795780695 -2.53812655768991835 2.0995024129459916354e-006 
4.4499999999998207656 0.26720709130098740935 -0.86497205766205231825 -2.5381268217323880165 1.9364034275545135524e-006 
4.4749999999998291145 0.26740278227429814528 -0.87830107558517778177 -2.5381270741861694518 1.777275868333587022e-006 
4.4999999999998374633 0.26751331411539658323 -0.8817157270651108103 -2.5381273142377538399 1.7851049153206652915e-006 
4.5249999999998458122 0.26752952312024380621 -0.87800858595418340702 -2.5381274871928636294 1.2372327930026192794e-006 
4.5499999999998541611 0.26735943678211876451 -0.87575594976851722784 -2.5381276905939360589 1.3492726131210261987e-006 
4.57499999999986251 0.26729547591316182853 -0.87010685104965246328 -2.5381278613288791313 1.5137230849549422929e-006 
4.5999999999998708589 0.26731081519133786939 -0.86930986717800118324 -2.538128049126222141 1.1513490545841439431e-006 
4.6249999999998792077 0.26720069855321626484 -0.87204572719217199328 -2.5381281809996276699 1.0767959420607480423e-006 
4.6499999999998875566 0.26726579696845143008 -0.87078793967162670953 -2.5381283375141907577 1.1357453454914286545e-006 
4.6749999999998959055 0.26742996959286940983 -0.87146982446925225219 -2.5381285064476126756 1.2454172311895381325e-006 
4.6999999999999042544 0.26746269275723238978 -0.87083392910791257435 -2.5381286320150282521 1.0195011289062903193e-006 
4.7249999999999126032 0.26755661174049716333 -0.86855974751579501092 -2.5381287548619577699 5.1980384164964149368e-007 
4.7499999999999209521 0.26759590526478921335 -0.87080486606136642269 -2.5381288269754294085 7.205758843378598525e-007 
4.774999999999929301 0.26738533157571303667 -0.86968339572885966504 -2.5381289475989414761 1.0954559384898482316e-006 
4.7999999999999376499 0.26726635964579198435 -0.86873891743428444112 -2.5381290673545611192 7.6143087329705900735e-007 
4.8249999999999459988 0.26743319160873052498 -0.87308925963057137931 -2.5381291708417150765 6.2246884015732399747e-007 
4.8499999999999543476 0.26747706803946769138 -0.87341973854769072716 -2.5381292475138361731 6.3164168570160377723e-007 
4.8749999999999626965 0.26724199466596160191 -0.87421198606332262138 -2.5381293199064982602 5.4525109444505857296e-007 
4.8999999999999710454 0.26715534611979646629 -0.87490132458804836801 -2.5381294030831647035 6.3586253707541925334e-007 
4.9249999999999793943 0.26728645932413069852 -0.87049296484414617758 -2.5381294727971952518 3.8338062780062494565e-007 
4.9499999999999877431 0.2673955884006757322 -0.87255745550774765906 -2.5381295364273803727 5.9961106122250744675e-007 
4.974999999999996092 0.26750928781892419073 -0.87571519160204691623 -2.5381296025796795668 5.0120764518259452831e-007 
