0.025000000000000015266 0.60146696610137773131 0.00052493863867635742748 -2.2388484461673976433 0.04436003172210462725 
0.05000000000000003747 0.57359382330246910797 0.018560276889814625312 -2.2429198241028727168 0.069589463416298444343 
0.075000000000000052736 0.41418790708473368634 -0.016186188720053229506 -2.2543182214069124036 0.11648053401604149815 
0.10000000000000007494 0.36332831241391688737 -0.054854241690737381987 -2.273617948905398034 0.1327442174379936668 
0.12500000000000008327 0.1801834155272067084 -0.37543092626676410895 -2.2864214508552040961 0.077647878472216352863 
0.15000000000000010547 0.19527250051553962651 -2.4046412422587146729 -2.2966242117891981778 0.091770614731407254561 
0.17500000000000012768 0.30553334599864628851 -3.2779095502425041886 -2.3081564692402345429 0.091053673021077197181 
0.20000000000000014988 0.21041818607369527916 -1.8466420393993767668 -2.3199859238224043168 0.074948900746256347238 
0.22500000000000017208 0.21700444584946387838 -2.7848183172057034973 -2.3302411149510842137 0.094628151673101137953 
0.25000000000000016653 0.28179063109725077663 -3.1780388379258672771 -2.3420633244596751332 0.09185090179714218428 
0.27500000000000018874 0.2400931466792382285 -1.7930223407920862222 -2.3531681242032047585 0.071389917758757540089 
0.30000000000000021094 0.26483505187494577049 -1.9864735922395795331 -2.362847398382085462 0.073431794140379633151 
0.32500000000000023315 0.30657917876692208914 -1.7580254776716874865 -2.3723967251832389636 0.081747305494381139468 
0.35000000000000025535 0.33207503356829132235 -0.16191585971281918788 -2.382353349531317388 0.081223398136478927589 
0.37500000000000027756 0.31649240232550707175 0.36852326942962876366 -2.3916926133372107266 0.054504201754772635402 
0.40000000000000029976 0.2390175355852263428 0.3056047547765885497 -2.3993275967044778163 0.063644699455226452778 
0.42500000000000032196 0.21137833432011954304 -0.26195431320804790642 -2.4068711734471492925 0.056861234643351132867 
0.45000000000000034417 0.21665318245351902759 -0.3489739219719016905 -2.4136386502721340896 0.045501046130332685469 
0.47500000000000036637 0.21542841631131634528 0.75521103922765664418 -2.4200546616522076171 0.051927435755946119156 
0.50000000000000033307 0.21729006149536553294 -1.7941349893738101073 -2.4261386173308991943 0.047787746022296663517 
0.52500000000000035527 0.24234688982729962747 -2.1618151379124772582 -2.4331429532180761655 0.05861420727172225037 
0.55000000000000037748 0.2361973830506918226 -2.1346631852455537626 -2.4409276036641043284 0.055842543380938074182 
0.57500000000000039968 0.2449244564298712068 -1.6147544955825068325 -2.4461964830488427403 0.028399671683699619085 
0.60000000000000042188 0.29275523638564088236 -2.1100183877781568675 -2.4499692214935846479 0.036426393368249987414 
0.62500000000000044409 0.29309354722955943684 -2.1352741041198273209 -2.4551912284519552543 0.045289515830284510223 
0.65000000000000046629 0.23449716793012942428 -0.72267798190114751478 -2.4602550018389455211 0.025718987694644600966 
0.6750000000000004885 0.21251362917084293258 -1.2334584144514868509 -2.4642507515324370004 0.037657210223517569025 
0.7000000000000005107 0.2334531643620930963 -1.3251610655217542778 -2.468526818450242466 0.033430926031382500463 
0.72500000000000053291 0.27208099442918670663 0.15475228202552260282 -2.4724455251305537118 0.021940858448670875341 
0.75000000000000055511 0.23411747588454054347 -0.016738729084414982751 -2.4762793428755967007 0.037817971602736241699 
0.77500000000000057732 0.18011717217595105134 -0.10587338418991559807 -2.4801356957751647947 0.022317448078535240957 
0.80000000000000059952 0.2115794300309119802 0.68701415536258791938 -2.4831979120775575787 0.030016990641734849626 
0.82500000000000062172 0.25462284168496923664 0.45752754973374737402 -2.4873342967564462391 0.025308102356595061494 
0.85000000000000064393 0.25640617204937815599 0.20757888773220539713 -2.4901700175991825503 0.025820615518453590709 
0.87500000000000066613 0.24830811205806541109 -0.24888810654420334689 -2.4933132472142904845 0.021652500123807996713 
0.90000000000000068834 0.24426220039220633562 -1.2126540616159002806 -2.4962378887514744541 0.017871342914508352856 
0.92500000000000071054 0.24834013313863184669 -0.75753687637066891014 -2.498410910825300757 0.023258642414570221413 
0.95000000000000073275 0.27637000655323989973 -0.3232858878569646599 -2.5011494794145803233 0.015597305344083364775 
0.97500000000000075495 0.27321675253906529957 -0.5765080957896429048 -2.5030327484554963924 0.016778521235238229303 
1.0000000000000006661 0.23677907141251733347 0.12837899293007348778 -2.5058903500192402092 0.020348088487629915899 
1.0249999999999979128 0.22680425353769592678 0.14406455869665218961 -2.5077579820674040789 0.013980956190612745318 
1.0499999999999951594 0.2352509870679561077 -0.052506329241335913949 -2.5094497231604404597 0.011892835803809008108 
1.0749999999999924061 0.24827290398992199472 0.68050157493558394162 -2.5110978392688076966 0.011405251374996906721 
1.0999999999999896527 0.27281501371424304869 0.32741179760053895631 -2.5127057772026009097 0.016373202580149910645 
1.1249999999999868994 0.27163723233518155542 -0.71494182066252698338 -2.5148641237703772688 0.014444488130758981886 
1.149999999999984146 0.24216057187644773885 -0.73563848595652336915 -2.5162910731084733307 0.0084436092968815535525 
1.1749999999999813927 0.24575975488641607636 -0.67015898356264758107 -2.5172628671908743314 0.0069694071938863110319 
1.1999999999999786393 0.2546396246123903695 -0.56502381554574687694 -2.5184088195822580403 0.011783263523151369864 
1.224999999999975886 0.24687599391804074256 -0.070855195212375599034 -2.5199048705129691861 0.010028939076640800213 
1.2499999999999731326 0.25925282771754765143 -0.095687302582052546907 -2.521286997559561982 0.010610542859473444388 
1.2749999999999703792 0.26987431851133808491 -0.070104811605765593452 -2.5222846318482967654 0.00588840665379176606 
1.2999999999999676259 0.2516952471334976682 0.034686086145289674043 -2.5229504079141196193 0.005448090633096030512 
1.3249999999999648725 0.23819737852555603053 -0.17466409974889257617 -2.524047118631731923 0.0097108781299960825195 
1.3499999999999621192 0.24770219423179479223 -0.050121248275941887584 -2.5250599974923351176 0.0070524209654033451558 
1.3749999999999593658 0.26746557921984465134 -0.053578348471907788486 -2.5258675519325408665 0.0055985307389167238146 
1.3999999999999566125 0.27308150429598104791 -0.46752082679908052443 -2.5266451170088854994 0.0054289000481057714947 
1.4249999999999538591 0.25294796480696013496 -0.43719610269082859189 -2.5273141176746198866 0.0057304620111414093786 
1.4499999999999511058 0.24313663063201576553 -0.267145107926673675 -2.5279897972952762863 0.005147010365086093775 
1.4749999999999483524 0.26312006762666162452 -0.17396204446355995055 -2.5287521197407372142 0.0054982485167025607967 
1.4999999999999455991 0.26300719653152088151 0.12431177032048068565 -2.529295143142732627 0.0034002460763848814905 
1.5249999999999428457 0.25148417047669807678 0.039317766082169303132 -2.5298013164482764381 0.0050799465004280775632 
1.5499999999999400924 0.25323374035630014101 -0.23106960489910899348 -2.5304268417995152696 0.0036360851029509887178 
1.574999999999937339 0.24274835057146409989 -0.21582054234538289306 -2.530907426106892455 0.004084423596589913108 
1.5999999999999345857 0.25379233957702218571 -0.29344304144915761556 -2.5313744058714910956 0.0034077176729286661264 
1.6249999999999318323 0.27705496073052365835 -0.31419442390879631644 -2.5317692833978564515 0.0028043061720932861355 
1.649999999999929079 0.26317041816371139484 -0.090605707778671829011 -2.5322114824753043649 0.003483246455069023001 
1.6749999999999263256 0.25165722051379768587 -0.10634024230759264729 -2.5326328563968716345 0.0034913009784149446821 
1.6999999999999235722 0.26165002773266032854 -0.14905813343000923199 -2.5329909424731851253 0.0017477622533299879901 
1.7249999999999208189 0.25658661120877684914 -0.0030613475219803953919 -2.5332391412086052718 0.0025028728466161245976 
1.7499999999999180655 0.25453025753915664575 -0.044720908124861513677 -2.5336157656854849662 0.0029375333180835555731 
1.7749999999999153122 0.26055946682115072033 -0.22632145957819582716 -2.5339356934922925291 0.0025182195089600112152 
1.7999999999999125588 0.26001777142911997043 -0.26878465529071626783 -2.5342541408115826229 0.0017826421456890505311 
1.8249999999999098055 0.25603131656022415363 -0.34830481630141885141 -2.5344404455140132626 0.001465467995300092155 
1.8499999999999070521 0.24761723831978199595 -0.35319423362467378125 -2.5346534983625441662 0.0020336731321703212932 
1.8749999999999042988 0.25247018864417997142 -0.11981737169391903919 -2.5349375794841955134 0.002033761397886778028 
1.8999999999999015454 0.27031111002186825054 0.046605711665611448957 -2.535194348197944425 0.001831801200272453441 
1.9249999999998987921 0.26572014039652758211 0.087916669950765413688 -2.5353629462962539165 0.0011620168601207223492 
1.9499999999998960387 0.25241868984538734511 -0.052446400751344157687 -2.5355393389387854697 0.0013513363333584793493 
1.9749999999998932854 0.25714254484027088132 -0.32095397970649086616 -2.5357020465640487394 0.0012340276757557891701 
1.999999999999890532 0.26033344822157000742 -0.29224352787084229011 -2.5359017681835576141 0.0018289832896564435331 
2.0249999999998880007 0.26386407203947220834 -0.14274527679485582432 -2.5360771887873698738 0.00089507523300829565979 
2.0499999999998852473 0.26682730110236546617 -0.2229883415330158325 -2.5361907419522538021 0.00093837701543797913308 
2.074999999999882494 0.25181091799752158833 -0.19358930117887968025 -2.536343926602020904 0.0012328620824203601839 
2.0999999999998797406 0.24338345463369140398 -0.11991085476605495286 -2.5364559958029375686 0.00085892595912002934946 
2.1249999999998769873 0.25691804408334395493 -0.17362061771945858091 -2.5365962960394363712 0.00096583446466833500123 
2.1499999999998742339 0.26643827746525261535 -0.050491625896530556439 -2.5367060794938760537 0.00085307482620655705231 
2.1749999999998714806 0.26423440771270756411 -0.025654039579872889298 -2.5368058618010418392 0.00076757241979864951256 
2.1999999999998687272 0.25975871968690478209 -0.24283571780593365963 -2.5369132279043076217 0.00090175832011164379787 
2.2249999999998659739 0.25789166205184038683 -0.24869685442405281561 -2.5370200726500926613 0.00056668280452452078101 
2.2499999999998632205 0.25875452065117282574 -0.19781328078525778347 -2.5370863530445380007 0.00064052037632913246153 
2.2749999999998604672 0.25886836295880627512 -0.20420092506420978173 -2.5371686567394275968 0.00063942273172420407371 
2.2999999999998577138 0.26054981455416953429 -0.091956066104496247959 -2.537254764432051779 0.00057454979496136696169 
2.3249999999998549605 0.26202537380092949526 -0.094197344843116870283 -2.5373333367303048114 0.000699526004863237536 
2.3499999999998522071 0.25597805989038735497 -0.15967160817652908955 -2.5373972726621980556 0.00030480512152755587446 
2.3749999999998494538 0.25266483806312550753 -0.14196324936604648448 -2.537450871969825883 0.00054366761889148066365 
2.3999999999998467004 0.26026670368357041063 -0.18861890502851724749 -2.5375165523624403363 0.00043344508567738296171 
2.4249999999998439471 0.26279254078557817698 -0.15748848439117252296 -2.5375777847584042313 0.00052814198658069830532 
2.4499999999998411937 0.25894984257992598176 -0.11073015162373123221 -2.5376285339114739159 0.00028284015304968031972 
2.4749999999998384403 0.25969693250848863153 -0.24460679308923172215 -2.5376756556051773828 0.00038188761705157511697 
2.499999999999835687 0.2592537410631890471 -0.24976859531199691045 -2.5377168307321076313 0.00035836842033722625649 
2.5249999999998329336 0.25769470112622389069 -0.12539590045939436047 -2.5377673549587966839 0.00035202546828302683527 
2.5499999999998301803 0.26220661272394180097 -0.12849971613667110493 -2.5378112340484215714 0.00031600051946841130335 
2.5749999999998274269 0.26230291731119537157 -0.096195861802957083331 -2.5378435234274614452 0.00024494679850114650654 
2.5999999999998246736 0.25551709253047921733 -0.069285459589443654238 -2.5378787869193648596 0.00024856853376682328492 
2.6249999999998219202 0.25531130780059646534 -0.16453523564070493546 -2.5379089438905917397 0.00026660206306779345295 
2.6499999999998191669 0.26071609461718392442 -0.19219859974558095583 -2.5379483905999333793 0.00028562248115022905847 
2.6749999999998164135 0.26195116586511185686 -0.18091357471164215553 -2.5379766337586930902 0.00022136482501611647587 
2.6999999999998136602 0.25878948504781784656 -0.20959286327339154976 -2.538003914595424515 0.00012666649593062471514 
2.7249999999998109068 0.25751687099861808594 -0.17641243966903308316 -2.5380239377095392683 0.00023504832512719772372 
2.7499999999998081535 0.26050995753670830313 -0.15033593090704056028 -2.5380513186213708998 0.00019606408659860805727 
2.7749999999998054001 0.26077556970048348939 -0.15439800167271605646 -2.5380770297799224444 0.00015897359507927207034 
2.7999999999998026468 0.25797781822403087482 -0.12074082450097001207 -2.5380968028061876574 0.00017140864395840985329 
2.8249999999997998934 0.25933352799628811569 -0.13565207110527799372 -2.5381164085145768716 0.00013247125315259393897 
2.84999999999979714 0.25977352408993759081 -0.1624658757476256099 -2.5381343141194392388 0.00015897498998103138258 
2.8749999999997943867 0.25777160036842194923 -0.13598988415379958949 -2.5381531658871434587 0.00010187911166626003809 
2.8999999999997916333 0.26006940102417230865 -0.17052644561325003281 -2.538169492194936705 0.00016023650185564798296 
2.92499999999978888 0.26083322185899732171 -0.19788457014838167769 -2.538182980134722655 8.4243326759965208922e-005 
2.9499999999997861266 0.25783363285280630484 -0.1284444850027805507 -2.5381999301022579729 0.00013086250259207424956 
2.9749999999997833733 0.25914398404907151852 -0.11198619559813255409 -2.5382139030326573703 0.00010000142483308959915 
2.9999999999997806199 0.26065986242625971414 -0.15567246761927466814 -2.5382246327076676273 8.4515109712798484019e-005 
3.0249999999997778666 0.25858752156637598851 -0.17766918766178707578 -2.5382374023382965333 9.2923461066051038612e-005 
3.0499999999997751132 0.25905565637118793676 -0.20348097466486642082 -2.5382474026998842476 7.3083298399205957126e-005 
3.0749999999997723599 0.26092135320064940851 -0.18451872287589227151 -2.5382596774844135012 0.00010457176165718748721 
3.0999999999997696065 0.2596930159424154505 -0.13665327364338802907 -2.5382691723556281005 6.5896124585473157408e-005 
3.1249999999997668532 0.25743067900734678544 -0.14028514693658961088 -2.538278739448196486 5.1282516020582425732e-005 
3.1499999999997640998 0.25771878820595656157 -0.12872291752142589472 -2.5382854766911067124 7.8171723377293348941e-005 
3.1749999999997613465 0.26021418521714045902 -0.12352809821690124981 -2.5382946202124188062 5.6903846403279861822e-005 
3.1999999999997585931 0.26056369312924299031 -0.16872969361527928589 -2.538303002935215158 6.7377184874146470715e-005 
3.2249999999997558398 0.2590209874286121261 -0.16101233825986355219 -2.5383103410117557885 4.6019814155458681931e-005 
3.2499999999997530864 0.25996476811827373687 -0.14757275931150276582 -2.5383152006638720621 3.7481777221908965734e-005 
3.274999999999750333 0.26088418315561645588 -0.18674503057445174248 -2.5383219528127480835 6.6532391252157292521e-005 
3.2999999999997475797 0.25911597479125658694 -0.17907665988594356765 -2.5383292436087621091 3.5910616956776892489e-005 
3.3249999999997448263 0.25849129114141344843 -0.15554585432283729585 -2.5383343165785445805 5.0222439398347671052e-005 
3.349999999999742073 0.25870556777424918993 -0.15402230822934320775 -2.538338692460089252 2.0671720415527897879e-005 
3.3749999999997393196 0.25801812026249804077 -0.13496775948193778794 -2.5383433784704583225 4.3451582085014033778e-005 
3.3999999999997365663 0.25937480413213243047 -0.14339658062972016062 -2.5383481807594416857 4.0986017769719171452e-005 
3.4249999999997338129 0.26085317449059319816 -0.15926198713591183109 -2.5383534120390214284 3.0019637554345050064e-005 
3.4499999999997310596 0.25911455160793939179 -0.15103153432198312967 -2.5383566166037789813 2.5085149990238126414e-005 
3.4749999999997283062 0.25852437726495047787 -0.16529842353948404066 -2.5383601007179921183 2.9052767015242005993e-005 
3.4999999999997255529 0.26054434878926913122 -0.15759178145975882845 -2.5383639324139850579 2.8335702923201767629e-005 
3.5249999999997227995 0.26063967968932089114 -0.13671893822439845634 -2.5383669780974420505 2.2369495766427417878e-005 
3.5499999999997200462 0.25930548856244189926 -0.16858740370798064312 -2.5383705523323230047 2.5589460654973657765e-005 
3.5749999999997172928 0.25903096024540273046 -0.17795840416005770379 -2.5383729270955806001 2.0924951935394288973e-005 
3.5999999999997145395 0.25880799514724694976 -0.15310807520331354281 -2.5383759020421479136 1.8364071149590924405e-005 
3.6249999999997117861 0.25852447638279679731 -0.15351333931098765095 -2.5383784851520556636 2.30388029158517171e-005 
3.6499999999997090327 0.25889888630440283102 -0.14624905983960606592 -2.5383808194290744531 1.4198329401445155097e-005 
3.6749999999997062794 0.2597853232058961459 -0.14109393393156299812 -2.5383827183874418942 1.573269236429452266e-005 
3.699999999999703526 0.26019999978470814694 -0.15590707310809304165 -2.5383850216651691056 1.8465208679842838943e-005 
3.7249999999997007727 0.25910458111910855683 -0.15892357307612786643 -2.5383872365135431437 1.6008312672184523502e-005 
3.7499999999996980193 0.25880795671461181984 -0.16788714557589046183 -2.5383890614262152319 1.3091204395293893405e-005 
3.774999999999695266 0.26027058491872218093 -0.16960339551654540768 -2.5383904924877005449 8.2225180728270259888e-006 
3.7999999999996925126 0.26026604777252732026 -0.14757596667233519039 -2.5383919867371873558 1.5517691472980566078e-005 
3.8249999999996897593 0.25940558480508935091 -0.14974373091431286698 -2.5383937148553195051 1.2443627656395898239e-005 
3.8499999999996870059 0.25921073063413246906 -0.16039920659983647466 -2.5383954356257674156 1.1177059439734028621e-005 
3.8749999999996842526 0.25816103064366868747 -0.15000204835424352234 -2.5383964863927719335 6.7082001476057092363e-006 
3.8999999999996814992 0.25841780957085153103 -0.14763867834365596021 -2.538397512717443405 1.0733291442342417606e-005 
3.9249999999996787459 0.26054181933026654416 -0.15067998596744597295 -2.5383989084515987678 8.9547801138790342478e-006 
3.9499999999996759925 0.26034799182293255626 -0.15468672293473412216 -2.5384000822698626898 9.3927369202829597954e-006 
3.9749999999996732392 0.25882433516296443621 -0.16860276542687280266 -2.5384011268964172814 6.7552612792292742182e-006 
3.9999999999996704858 0.25884291062687980745 -0.16952689921307056986 -2.5384018405914856586 6.0315537892070876587e-006 
4.0249999999996788347 0.25941908368108645977 -0.15646921552635129071 -2.5384028760312800088 7.7015068978847282501e-006 
4.0499999999996871836 0.25989592507624553752 -0.14946980273248705595 -2.5384037754986632507 7.3497349610446905101e-006 
4.0749999999996955324 0.2598021240152429967 -0.14921155149439524479 -2.538404584967925981 5.3746278834825137965e-006 
4.0999999999997038813 0.25922972228386553795 -0.15505217268554388754 -2.5384052749274395033 4.9455913971784246864e-006 
4.1249999999997122302 0.259229059286281871 -0.1592489102298471626 -2.5384059568490484615 5.055957376878165566e-006 
4.1499999999997205791 0.25913725918786251201 -0.15199022539505946394 -2.5384065520419336615 5.9285403946526302703e-006 
4.1749999999997289279 0.25924057084026264075 -0.14671142554402566427 -2.5384073412198326913 4.4126160154333446758e-006 
4.1999999999997372768 0.25987497143395521526 -0.15375907488101880904 -2.5384077955901407364 3.5251003228317885085e-006 
4.2249999999997456257 0.25935006033936869319 -0.16096889439280803735 -2.5384083697417532122 5.1357590627869731929e-006 
4.2499999999997539746 0.2587929383557489027 -0.16287294868409113446 -2.5384088618931395231 2.9578081778970542581e-006 
4.2749999999997623235 0.259515584628987106 -0.16461401704619882391 -2.5384093331640285029 3.7648905006394395707e-006 
4.2999999999997706723 0.25974258347687911863 -0.15924553737235191964 -2.5384097981058908466 3.3845931444669466828e-006 
4.3249999999997790212 0.25964292613650913344 -0.14943041938407064517 -2.5384101660330120609 3.0663896705941902159e-006 
4.3499999999997873701 0.25973839668895981614 -0.15094940088090236241 -2.5384105943948687134 3.0232272780738597635e-006 
4.374999999999795719 0.25907384585102033459 -0.15460293481847575681 -2.5384110149793164268 3.2038870654938455385e-006 
4.3999999999998040678 0.25873353687743960716 -0.15247754924058876114 -2.5384112952232826821 1.7051068635670841138e-006 
4.4249999999998124167 0.25937578538680311491 -0.15360225113882391978 -2.5384115790940406931 2.6514232565012408657e-006 
4.4499999999998207656 0.25980152454494281899 -0.15343549389474525624 -2.538411921159991369 2.3019990305684957132e-006 
4.4749999999998291145 0.25964691761819419513 -0.15631026157336963545 -2.5384122155340258509 2.5642556567881512719e-006 
4.4999999999998374633 0.25918038517608438243 -0.16468164977565902252 -2.5384125171493421291 1.8506841824626298368e-006 
4.5249999999998458122 0.25914169364083772251 -0.16065993042330722895 -2.5384127083993281992 1.3235225542812170386e-006 
4.5499999999998541611 0.2597097773475912641 -0.15336983115408303613 -2.5384129311548648822 2.0501924453341179616e-006 
4.57499999999986251 0.25972737651473731813 -0.15401266296256416188 -2.5384131646949117389 1.713542467819806958e-006 
4.5999999999998708589 0.25930273516459101391 -0.15226078384817332001 -2.5384134010160481765 1.6093365672172404169e-006 
4.6249999999998792077 0.25917584398063026052 -0.15549782318625465782 -2.5384135800827021257 1.4541119786458204998e-006 
4.6499999999998875566 0.25908120484998542477 -0.15963723441956184645 -2.5384137446436856322 1.0211955556474863132e-006 
4.6749999999998959055 0.25925110714945875934 -0.15443946731050856025 -2.538413902080224549 1.4397981044937694587e-006 
4.6999999999999042544 0.25966921710714835347 -0.15473087448137368138 -2.5384140903632643749 1.363963039879600575e-006 
4.7249999999999126032 0.25962118980191151163 -0.15489915756774130795 -2.5384142303625787385 9.6491583291638324911e-007 
4.7499999999999209521 0.25939773417455402882 -0.15080380370100104903 -2.5384143666059926225 1.0693477190370382767e-006 
4.774999999999929301 0.25940251576669187683 -0.15778110612727941353 -2.5384144934111256831 7.7987723983643472148e-007 
4.7999999999999376499 0.25939011257563693302 -0.1609285271461803335 -2.5384146060706687109 1.2520670014489129446e-006 
4.8249999999999459988 0.25942415437678145729 -0.15530791603808918877 -2.5384147452443865944 6.8686337993418953993e-007 
4.8499999999999543476 0.25951628412552063541 -0.15695562339476920588 -2.5384148481136445952 8.5537143855145025623e-007 
4.8749999999999626965 0.25939574489800876211 -0.15632607192782166372 -2.5384149332272238908 6.4797935416181436383e-007 
4.8999999999999710454 0.25914040007097999263 -0.15397682245256721911 -2.538415032149400119 8.3111903977474959239e-007 
4.9249999999999793943 0.25910044507245905132 -0.15705174276753663953 -2.5384151265705381384 5.653648505441934618e-007 
4.9499999999999877431 0.25939722625521993704 -0.1544009487954331461 -2.5384152088394946745 7.1067658799597523629e-007 
4.974999999999996092 0.25970220397811955015 -0.15208110506180394506 -2.5384152874168997016 5.8939829099986803974e-007 
