0.025000000000000015266 0.60189594435775928272 0.00052796987633378297811 -2.2382930516320795888 0.044686623579128975647 
0.05000000000000003747 0.5737532192129969344 0.018678157439870335388 -2.2419443753966694644 0.07058807145520679116 
0.075000000000000052736 0.41273552611943570279 -0.016984006549359553784 -2.2522147822170941467 0.11854477069345649431 
0.10000000000000007494 0.36062794596540892478 -0.054661667802271218797 -2.2696226552311440372 0.13507779568624309063 
0.12500000000000008327 0.17585698897734658441 -0.36998596774415548616 -2.2812079499293109741 0.079905381996656157928 
0.15000000000000010547 0.192978758675616896 -2.4365610580337682123 -2.2906393711035999416 0.096620897354640286614 
0.17500000000000012768 0.30665481598600385915 -3.3461318067395664499 -2.3014063701817684127 0.096039714417292504356 
0.20000000000000014988 0.21050109109310846667 -1.876913595429587911 -2.3126592924383699845 0.082101761485783616989 
0.22500000000000017208 0.21993166592292595629 -2.8605755752840700268 -2.3223361777221631641 0.09699352835673114015 
0.25000000000000016653 0.27837382359206785942 -3.3911451727036636683 -2.3333880127185184783 0.099948950325314117604 
0.27500000000000018874 0.23537202485035943478 -2.0119665021476631495 -2.3436182793314768169 0.07265127930060161221 
0.30000000000000021094 0.25212726284041891978 -2.013265950138449778 -2.3528509740780951809 0.078223517730780067758 
0.32500000000000023315 0.31057124479817577178 -1.3508824049054155569 -2.3617474730171421626 0.090192042527416527165 
0.35000000000000025535 0.33771258135898374331 0.27610371786122933635 -2.3711266134465374122 0.078227979586385151811 
0.37500000000000027756 0.31943458878177194427 0.55741376167333289704 -2.3793608915506321289 0.059851416262311871175 
0.40000000000000029976 0.23841174513854468398 0.29025219484958797445 -2.386977681695040765 0.076174758898950534203 
0.42500000000000032196 0.20550387492726301941 -0.021687983123517717843 -2.3951335739927719359 0.059840933007092547702 
0.45000000000000034417 0.20147413053630952584 -3.1278312911905219451 -2.4018956379868834361 0.057282040020608847308 
0.47500000000000036637 0.17850954503097918313 -2.1724625989961792172 -2.4082978012824680647 0.057682640176642416274 
0.50000000000000033307 0.18812296114466628416 -1.669604286141823879 -2.4149516456528297148 0.056742869756898607625 
0.52500000000000035527 0.23829858069537188103 -2.2020729410297574802 -2.4215400992500470956 0.062694575254108070306 
0.55000000000000037748 0.25064626076497414919 -2.5026914379688953716 -2.428855685259176056 0.058473861923224942916 
0.57500000000000039968 0.23667566848719215344 -2.1384072646126996986 -2.4342587463899421074 0.038440576738640368226 
0.60000000000000042188 0.2489869530680516585 -2.485136642894231862 -2.4379674963356001705 0.035775771411505438713 
0.62500000000000044409 0.27020865009182643002 -2.8445972210479655296 -2.4430375216437094643 0.040106194930766378426 
0.65000000000000046629 0.21852859981795327848 -1.9752255329484749158 -2.4473209440376053614 0.038397065088012528877 
0.6750000000000004885 0.18278699640544943117 -2.2173831882914383229 -2.4513970287542505844 0.036498203640157926564 
0.7000000000000005107 0.22148310528964060273 -3.4887729090993242487 -2.4557182822604648464 0.037399832069507712995 
0.72500000000000053291 0.26565758890295670946 -3.2572953054245017412 -2.4604838639401607203 0.041083048098004767978 
0.75000000000000055511 0.24767775736372910078 -3.0941572647850628108 -2.4651460781474314743 0.045995708731763576549 
0.77500000000000057732 0.23285068825493385192 -3.9757944645779552673 -2.4698106018343368717 0.027720617416678430822 
0.80000000000000059952 0.29053493126557278226 -3.7696327218365355272 -2.4725277889876213777 0.029078199050335772763 
0.82500000000000062172 0.28617965188183741576 -3.4075899407436454069 -2.4763834663761201682 0.030522485538637299934 
0.85000000000000064393 0.25193670449523986044 -3.5174323548997827871 -2.4798233742882875852 0.038764684166372818941 
0.87500000000000066613 0.24064216890759801415 -3.112025756625726558 -2.4839467034386522037 0.023264195167564047373 
0.90000000000000068834 0.23001667248325513571 -3.2451885662504205143 -2.4866518455612323102 0.031083387744720455959 
0.92500000000000071054 0.24350151910290857016 -3.7294161284676268231 -2.4890239991918394757 0.012974395038627916515 
0.95000000000000073275 0.26715818084602827032 -3.512625016636197639 -2.4922799540014959341 0.033228634136272049149 
0.97500000000000075495 0.27634472344875998795 -3.2691824938108662302 -2.494821553823472815 0.020879441381807105349 
1.0000000000000006661 0.2575471271070554069 -3.2914622996123572563 -2.4973488754275532386 0.019020678774102441067 
1.0249999999999979128 0.26597759345534227604 -3.4207693861071932773 -2.4995209570353482675 0.019399679257523935738 
1.0499999999999951594 0.26215545481489355151 -3.4713440340332013534 -2.5019237378036680575 0.024319589370352015512 
1.0749999999999924061 0.24921832583107544901 -3.4883367655405850272 -2.5043488211124147469 0.015182469296784654664 
1.0999999999999896527 0.2675806290202577542 -3.6423386042646299643 -2.5059430512680758163 0.014649184514368423712 
1.1249999999999868994 0.26076205958755804826 -4.1392266751002875225 -2.507878897229229409 0.017332252170754441217 
1.149999999999984146 0.2421867548152852323 -3.9358794893329269726 -2.5095937283176064092 0.01628929902881592201 
1.1749999999999813927 0.27206937735484731933 -3.0194211296098507624 -2.5115395795636197285 0.015427541096181994137 
1.1999999999999786393 0.29102109892556909942 -3.2396743994958181467 -2.5130834554786165569 0.0097927700627626970697 
1.224999999999975886 0.26843775205167030862 -3.7302458339379729324 -2.5143118614666057908 0.015824323018576069017 
1.2499999999999731326 0.25621547928108023839 -3.4420554761247079689 -2.516012117120812519 0.010807341281433241117 
1.2749999999999703792 0.26031959059503129161 -3.6313085011819232761 -2.5173653628272716354 0.012594065911492318896 
1.2999999999999676259 0.25951034783924609162 -3.6230945864753993924 -2.5186066237514848076 0.010820703238674928004 
1.3249999999999648725 0.25629244745580559428 -3.3042939932936126191 -2.5197289780985450136 0.0082386208551320557619 
1.3499999999999621192 0.26677963587792202782 -3.5159931091212235366 -2.5208494759714472622 0.011257201038822155226 
1.3749999999999593658 0.27755502888924171723 -3.8694196486616743158 -2.522073562945093439 0.0097292452043082483515 
1.3999999999999566125 0.267214087693792679 -3.8649853204718809252 -2.5230167271662744533 0.0074604823968697914216 
1.4249999999999538591 0.26937772776495350069 -3.6687407053725960004 -2.5239704189867824269 0.0088537161904206664043 
1.4499999999999511058 0.28165304678216224188 -3.4816487737884349585 -2.5248437879341287804 0.0068848193441783129415 
1.4749999999999483524 0.25781468791981315691 -3.5203737284535079333 -2.5257777918426072006 0.0091301494399126468388 
1.4999999999999455991 0.23953888025240954729 -3.5961893900735786289 -2.5266274963719776991 0.0058640706434399279476 
1.5249999999999428457 0.26785395348219659395 -3.3798696359107402998 -2.5273101795335688458 0.0050678508888179676223 
1.5499999999999400924 0.28220517993837207493 -3.4175488130319577884 -2.5279349522619281032 0.0078753318395363841598 
1.574999999999937339 0.2684852881773356903 -3.7273047236906320379 -2.5287699515479897805 0.0057527313930603287198 
1.5999999999999345857 0.27679070790973059335 -3.7642884688505078294 -2.5295019505883424848 0.0057383399171627019753 
1.6249999999999318323 0.27662221378183632359 -3.7659650812164655598 -2.5299650259105379568 0.0045585409318063194184 
1.649999999999929079 0.25668735900958961071 -3.8457367175456349528 -2.5305274119781739905 0.0038405139183262048362 
1.6749999999999263256 0.26433269815746429643 -3.7011944647976919853 -2.5310686805809563538 0.0062380871695805664018 
1.6999999999999235722 0.26893648893261112853 -3.4598227468808335772 -2.5317044928591720954 0.0040188450171217832141 
1.7249999999999208189 0.25919662848471836103 -3.3900658587392906718 -2.5321018432100572682 0.0041780235479118091324 
1.7499999999999180655 0.26483598645160960627 -3.527085379127108844 -2.5325562730976636239 0.0030361914566691570669 
1.7749999999999153122 0.27677134244392287421 -3.6249155462032303099 -2.533016981225647779 0.0046499439220634240094 
1.7999999999999125588 0.27707884939764149124 -3.5765521778212905346 -2.5334074703752582636 0.0032795140002710577824 
1.8249999999999098055 0.27399040118486778228 -3.6655459323331776034 -2.5338149404723311342 0.0029346213937703575711 
1.8499999999999070521 0.27321866176088455136 -3.8189779805642292132 -2.5341631484523925444 0.003408819792972809376 
1.8749999999999042988 0.26732748567916020388 -3.6073769286183008376 -2.5345300624053921368 0.0031629097936020041971 
1.8999999999999015454 0.25860773187183366817 -3.3979494194022095144 -2.5348659227273113714 0.0023996076680789331023 
1.9249999999998987921 0.25978309424724749244 -3.6759805637948836932 -2.5351174345832951929 0.0021251425107430082194 
1.9499999999998960387 0.27372306697284820576 -3.7219884937677472081 -2.5354011560339353437 0.0031522094067518956206 
1.9749999999998932854 0.27752043554346977894 -3.4543400612372128222 -2.535745614848041285 0.0025382364840477534065 
1.999999999999890532 0.26967858923807397353 -3.6451723537174460787 -2.5360173483413666062 0.0020060376061383201028 
2.0249999999998880007 0.27465838903645656277 -3.8094215075365509549 -2.5361957458880897143 0.0016395203878837659017 
2.0499999999998852473 0.27432826689176398327 -3.6315817296808790005 -2.5364264435406851383 0.0020961011578091125196 
2.074999999999882494 0.26428550471778733399 -3.5587007556376679673 -2.5366773891841938315 0.0025097801947614093408 
2.0999999999998797406 0.26935495923216373759 -3.5179314917366744098 -2.5369310206086548298 0.0013654171655944383982 
2.1249999999998769873 0.27044183112625863608 -3.5224502166543332216 -2.5370634091283665867 0.0015693158480873663392 
2.1499999999998742339 0.26194534379049849715 -3.5723400232104052243 -2.5372382882153394767 0.0014182615932385555894 
2.1749999999998714806 0.26798346618344992542 -3.6215527905773541306 -2.5374465715079042027 0.0018131499877474819074 
2.1999999999998687272 0.27686426905092853534 -3.7615673985477764418 -2.5376181705696128077 0.0015374028254639604193 
2.2249999999998659739 0.27653179306950687044 -3.6978250229399658444 -2.5377683891742264244 0.00097169755676003747788 
2.2499999999998632205 0.27493138095368169216 -3.5838401574492229074 -2.5378987899787048832 0.0013338585591700382292 
2.2749999999998604672 0.26928251107915113227 -3.6947940910847427709 -2.5380435397525427099 0.0012412385450935299689 
2.2999999999998577138 0.26383709618899353622 -3.5781094637907999712 -2.5381906168205610186 0.0011744088038273001271 
2.3249999999998549605 0.26605959356325353804 -3.3796394279061598986 -2.5382933357597847746 0.00091221360331756153397 
2.3499999999998522071 0.26786839585063532132 -3.5296466052684811743 -2.5384260831821432447 0.0010048645305224647786 
2.3749999999998494538 0.26961821715057526783 -3.6402992570230727765 -2.5385268510909080319 0.0010972491414085096956 
2.3999999999998467004 0.27405162583463238413 -3.6388668883760493244 -2.5386336140150365104 0.00071095412719597139012 
2.4249999999998439471 0.27512125753212829382 -3.7411073748446619369 -2.538739740907840936 0.0008887451083367287237 
2.4499999999998411937 0.27468715432791962483 -3.7038715255638781088 -2.5388171894109787807 0.00083111337842512280401 
2.4749999999998384403 0.27190303848637320527 -3.5777487125002185309 -2.5389173971451275413 0.00071912889288991747004 
2.499999999999835687 0.26760427515397217091 -3.5435322672585729542 -2.5390037048491427285 0.00075292022336212341502 
2.5249999999998329336 0.26580401802194464356 -3.4923619480137069182 -2.5390755976229866242 0.00060783904590733413287 
2.5499999999998301803 0.26562460617867811319 -3.5323180854389200078 -2.5391506057235910809 0.00065347019927323578715 
2.5749999999998274269 0.26994453421441011454 -3.6600259568320856474 -2.5392139457816060855 0.00051008414254869664621 
2.5999999999998246736 0.27490593327661622114 -3.6580366468652099066 -2.5392894808877821688 0.00069480450890318330368 
2.6249999999998219202 0.27328630797843356248 -3.6214267043315779837 -2.5393531092864076726 0.00054740934090738132059 
2.6499999999998191669 0.27274767281358608395 -3.6612480806206599837 -2.539411088187947918 0.00036431591167542578267 
2.6749999999998164135 0.27386010512933933736 -3.6607779563747957496 -2.5394605632340141455 0.00053760068542151116366 
2.6999999999998136602 0.2684828931855224865 -3.5974677306815494582 -2.5395146842734597215 0.00044621602956919836566 
2.7249999999998109068 0.26677132203058567805 -3.5445212337731462071 -2.5395672506086830467 0.00044385970015893805004 
2.7499999999998081535 0.27156030165577660362 -3.5365318425189240514 -2.5396162045521859518 0.0003672758576436642268 
2.7749999999998054001 0.27016698584635467917 -3.5697224177688284819 -2.5396565552790661968 0.00041299877792585397516 
2.7999999999998026468 0.26812037284710787954 -3.6062744094223169178 -2.539701393239748306 0.00034342903410399628706 
2.8249999999997998934 0.27298222351554074505 -3.662618029695578592 -2.5397401439455387084 0.00028101364165254781417 
2.84999999999979714 0.27441013127312724462 -3.7099817200343991885 -2.5397709625944444589 0.00035072005316712164154 
2.8749999999997943867 0.27071220150232788715 -3.6351523984603955064 -2.539813364745983737 0.00033693530467625949429 
2.8999999999997916333 0.26989716342739278332 -3.5458659631923401534 -2.5398507973588002606 0.00030915913128419882962 
2.92499999999978888 0.27056015955030210396 -3.5950364496117241941 -2.5398771358732203929 0.00016675499295508926885 
2.9499999999997861266 0.26956976840620056057 -3.614420455872347393 -2.5399019693302151701 0.00026651646669512065336 
2.9749999999997833733 0.27002915476406386119 -3.5514754601241502741 -2.5399304947682748157 0.00028648312810468758507 
2.9999999999997806199 0.27197106192437031646 -3.5889056339617573244 -2.5399692027161693275 0.00026516506938332123173 
3.0249999999997778666 0.27126507644820169185 -3.6427274415005781449 -2.5399881587331964994 0.00015288361037543298318 
3.0499999999997751132 0.2702007260897385521 -3.6153047157582909321 -2.5400046108466121098 0.00015097991307872011472 
3.0749999999997723599 0.27211559764297127417 -3.6231216152881149384 -2.5400305886056449012 0.00025715174195926432344 
3.0999999999997696065 0.2724111829479672342 -3.6446296397137727396 -2.5400564261576357161 0.00020463186446356086061 
3.1249999999997668532 0.26885480210939377566 -3.6075838599707994447 -2.540075778340214363 0.00013437542038745669778 
3.1499999999997640998 0.26856425798628846824 -3.5638690939428832039 -2.5400897648450375677 0.00012628017065443669859 
3.1749999999997613465 0.27228980874591623973 -3.5731394638822697729 -2.5401076528525545761 0.00017644221747461838056 
3.1999999999997585931 0.27173403230041220935 -3.6318388077745544784 -2.5401289812080998232 0.00018379758919790406438 
3.2249999999997558398 0.27010288056198622497 -3.6583780028334249579 -2.5401431945394477019 8.9614398626197114186e-005 
3.2499999999997530864 0.27261424434651609916 -3.6215634308955202414 -2.5401564228725912464 0.00011524292505085684322 
3.274999999999750333 0.27191966801590816694 -3.6038100129753583012 -2.5401712356884438293 0.00016368779318015247892 
3.2999999999997475797 0.26889301360340051028 -3.5927230467715345341 -2.540185884812713013 9.080124655664166696e-005 
3.3249999999997448263 0.27069149043204954186 -3.5576796450989993659 -2.5401980172322877749 9.8471411161820098781e-005 
3.349999999999742073 0.27140347762402305953 -3.58614364643193273 -2.5402080095571890617 0.00010834751053077103092 
3.3749999999997393196 0.26941922555753200497 -3.642680934238537116 -2.5402209870683751802 0.00010567274270315831983 
3.3999999999997365663 0.27096473352153555014 -3.6269119262672857573 -2.540233023044509153 8.9972452685831974181e-005 
3.4249999999997338129 0.27249017934841712751 -3.6064867392763240161 -2.5402407177017325424 6.2879658830206284202e-005 
3.4499999999997310596 0.27144022256136346449 -3.6379710990642766255 -2.5402498722068855841 9.6396434964676123948e-005 
3.4749999999997283062 0.27119988961074642519 -3.6523534687265515331 -2.5402600441626232985 7.6055018337500452665e-005 
3.4999999999997255529 0.27093647416299282416 -3.6066738497111119344 -2.5402691476145577987 7.5293950746850820993e-005 
3.5249999999997227995 0.27033338719461852406 -3.5549099487456676805 -2.5402760197439095968 5.9830718144275222376e-005 
3.5499999999997200462 0.27017089364298796372 -3.571462549354252225 -2.5402833495749344017 6.2737198734111096336e-005 
3.5749999999997172928 0.27022536415081993555 -3.6078692421576188387 -2.5402908702285298403 6.606408635433657381e-005 
3.5999999999997145395 0.27128546701579953071 -3.5942553687120590844 -2.5402981606353631783 5.8364904527562482418e-005 
3.6249999999997117861 0.27173811898161381873 -3.617063795353253397 -2.5403032888024994485 4.6118855836565924059e-005 
3.6499999999997090327 0.27118469925406579746 -3.6697737714322031799 -2.5403101298849826151 5.5754264836620117795e-005 
3.6749999999997062794 0.27142686678362643038 -3.6281912417173027841 -2.5403158989518868083 5.4740626845907748815e-005 
3.699999999999703526 0.27117014499838365538 -3.5832902639514938592 -2.5403210193042133902 3.3880483402775539133e-005 
3.7249999999997007727 0.27051462643797336005 -3.6162539948132081946 -2.5403257930866360859 4.6178455017420691497e-005 
3.7499999999996980193 0.27066502669105502177 -3.6119934412060530349 -2.5403302252716386533 3.8778991177788879607e-005 
3.774999999999695266 0.27024951180159129116 -3.5800756255418288987 -2.540335864528751042 4.7817629769423411544e-005 
3.7999999999996925126 0.27037521285563598239 -3.596992063994019162 -2.5403397907132214684 3.3911805685125848413e-005 
3.8249999999996897593 0.2717095987342845187 -3.617017909038398038 -2.5403435239410550039 2.0110108995154551829e-005 
3.8499999999996870059 0.27170386525595091598 -3.6121908701817915244 -2.540346813838592066 4.4231887484335767136e-005 
3.8749999999996842526 0.27117579973567268459 -3.6073532749456109769 -2.5403507125706417114 2.7205867289293501242e-005 
3.8999999999996814992 0.27124673853109498856 -3.621058464150352485 -2.5403549706687895693 3.4833006023870425022e-005 
3.9249999999996787459 0.27056896257280083073 -3.6276155294505825211 -2.5403575742439263863 2.1549838153659737583e-005 
3.9499999999996759925 0.27038386561844862666 -3.5945858297092856404 -2.5403603463155293163 2.2027426610310091109e-005 
3.9749999999996732392 0.27110018965232629551 -3.5908802408297475495 -2.5403629313084459262 2.8399198024384894693e-005 
3.9999999999996704858 0.27073478166655501331 -3.6300677199681992136 -2.5403663797155697779 2.3421390642060543858e-005 
4.0249999999996788347 0.2704804597220600848 -3.6180234036015406218 -2.5403687367769585137 2.472248157295524787e-005 
4.0499999999996871836 0.27150098767311336978 -3.5942747416535376637 -2.5403710347350769716 1.3381877431087191581e-005 
4.0749999999996955324 0.27183074531776019178 -3.6164342253836192498 -2.5403731111007665788 2.1290873532176908615e-005 
4.0999999999997038813 0.27108135833117769087 -3.6138820918605545351 -2.5403753504418609133 2.0953214105784399315e-005 
4.1249999999997122302 0.27064470696217968193 -3.5901181736513514409 -2.5403775880719092761 1.5623747441411938011e-005 
4.1499999999997205791 0.27063803701665156698 -3.6008596666123695584 -2.5403792623910779191 1.5101013720077296554e-005 
4.1749999999997289279 0.27061240411234016578 -3.6171728679395247497 -2.5403812494102924191 1.7546753172989092482e-005 
4.1999999999997372768 0.27082902848620110658 -3.6155940922289921957 -2.5403828289214609448 1.3990072785179657338e-005 
4.2249999999997456257 0.27134759504882483006 -3.6136602088512157493 -2.540384450705515551 1.00519844675857624e-005 
4.2499999999997539746 0.27135453636510981079 -3.617144085047354185 -2.5403858927791560518 1.7463276226165098682e-005 
4.2749999999997623235 0.27087153253281948118 -3.6171931881400016806 -2.5403874304173004184 1.0510109172603578941e-005 
4.2999999999997706723 0.2709685939381019093 -3.604910249509670539 -2.5403889746565337937 1.2748219690300723205e-005 
4.3249999999997790212 0.27111018820757626369 -3.5957758873086387297 -2.5403899439390675852 7.8402629713689164781e-006 
4.3499999999997873701 0.27069228939808948065 -3.6070817643955588316 -2.5403911444594786673 1.1328988884007692108e-005 
4.374999999999795719 0.27093415866390252456 -3.6140918576991780675 -2.5403924209962212011 1.2408234550400151306e-005 
4.3999999999998040678 0.2712961352236676893 -3.6033392415876823733 -2.5403936532705899687 6.7989103857672137621e-006 
4.4249999999998124167 0.27057509841326876643 -3.606480214290025188 -2.5403944621400067483 8.768048700370248904e-006 
4.4499999999998207656 0.27059933208765302171 -3.6207864845539217136 -2.5403953210880403368 7.5001041603241826319e-006 
4.4749999999998291145 0.27160023322655918454 -3.6129363563641345714 -2.5403963957902866433 9.1562908239460190861e-006 
4.4999999999998374633 0.27131315541952272241 -3.6023083226704266657 -2.5403973458532687069 7.8434167807897299356e-006 
4.5249999999998458122 0.27068582869922025447 -3.6117754463432278911 -2.5403979989085545554 4.6385718136124497895e-006 
4.5499999999998541611 0.27106136501274530337 -3.6163930062693854239 -2.5403987296394254791 7.437519313194266596e-006 
4.57499999999986251 0.27100946125430952494 -3.6080046542264061493 -2.5403995430783634646 6.9405353601863983083e-006 
4.5999999999998708589 0.27062600254981200587 -3.6036153863827347088 -2.5404002841872208585 5.3663212979888104263e-006 
4.6249999999998792077 0.27098247958362331467 -3.608257842911556601 -2.5404008174549788102 5.0633305382393951254e-006 
4.6499999999998875566 0.27117056356836971576 -3.6119931669772622485 -2.5404013950372363873 4.552148580389844842e-006 
4.6749999999998959055 0.27082905264528300826 -3.6055378361959968814 -2.5404020627409376054 6.5847937251716834572e-006 
4.6999999999999042544 0.27088016641222162351 -3.6056516178431232689 -2.5404026350334509843 4.4633153462419173531e-006 
4.7249999999999126032 0.27128248672242499806 -3.6153163954559022208 -2.5404030900559906314 2.3621839029920287485e-006 
4.7499999999999209521 0.2712573558134835916 -3.610750697934049569 -2.5404034976438731874 5.5987925632048107623e-006 
4.774999999999929301 0.2708190985958817687 -3.6082688124447179767 -2.5404040271345302848 3.7333818501012341259e-006 
4.7999999999999376499 0.27079255410242641933 -3.6180398999965559526 -2.5404045208586949478 4.0863798729828786088e-006 
4.8249999999999459988 0.27109941870737708225 -3.6105095887897626916 -2.5404048930417579832 2.9228356327226286589e-006 
4.8499999999999543476 0.27090061151706396059 -3.5992600433974959451 -2.5404052303606570185 2.939327812932649397e-006 
4.8749999999999626965 0.27075582237270173769 -3.6061857487041866221 -2.5404055591940069014 3.2949973755624592169e-006 
4.8999999999999710454 0.27110527878585616302 -3.6109486425736201376 -2.5404059975832775642 3.3121256795690893512e-006 
4.9249999999999793943 0.27104566757162096291 -3.6092373991798565314 -2.5404063141776958012 2.9880341761021181965e-006 
4.9499999999999877431 0.27091510514295830125 -3.6111224600367664017 -2.5404066010391592734 1.9164773627473096728e-006 
4.974999999999996092 0.27120889816011584106 -3.6141609983151568031 -2.5404068587482719899 2.3743164494969395439e-006 
