0.025000000000000015266 0.60186288815664090723 0.00052773602476426789698 -2.2383359621602627598 0.044661392686476925062 
0.05000000000000003747 0.57374089656764715173 0.018669059586766817427 -2.242019951240899811 0.070510739493279822598 
0.075000000000000052736 0.41284787683553009208 -0.016921971032345495267 -2.2523785851153474979 0.11838455180879550732 
0.10000000000000007494 0.36083722600336354258 -0.054678188778787717439 -2.2699344845844215968 0.13489571686073850709 
0.12500000000000008327 0.1761915726590912723 -0.37042227187380882825 -2.2816153137294623576 0.079727847460018486103 
0.15000000000000010547 0.19315498260809704778 -2.4341140662023228458 -2.2911087991444749612 0.096236927270598973672 
0.17500000000000012768 0.30656357600896516624 -3.3408169797478555196 -2.301938258786631053 0.095642785623783421745 
0.20000000000000014988 0.21047646596056826529 -1.8745505445083492368 -2.3132404258949876841 0.081540122421665570118 
0.22500000000000017208 0.21972170871996071773 -2.8547543090955129763 -2.3229694687210966642 0.096815709738472754964 
0.25000000000000016653 0.27863177752984569224 -3.3748844842123295606 -2.3340821344992108699 0.099375001041111452049 
0.27500000000000018874 0.23588636866757925481 -1.9959470475081355634 -2.3443863372147863977 0.072436972421431156111 
0.30000000000000021094 0.25313988502381373769 -2.0121415722242561586 -2.3536637547041601159 0.077939572943939106064 
0.32500000000000023315 0.31020462973477880286 -1.3815777823320616324 -2.3626118087742469243 0.089584573042267037768 
0.35000000000000025535 0.33737170002710648031 0.24556314368212883714 -2.3720552844845865792 0.078605665425240542343 
0.37500000000000027756 0.3190665337234115384 0.55078749503622326245 -2.3803601638472264845 0.059292880617509903518 
0.40000000000000029976 0.23822028386826621382 0.30395193810588438943 -2.3880073787682762898 0.075424533672180896215 
0.42500000000000032196 0.20558819249835413867 -0.021489379624600846164 -2.3961129106351979345 0.059504722529424222688 
0.45000000000000034417 0.20228554212274502122 -3.1252553512578513661 -2.4028940894153052454 0.056496762549838416834 
0.47500000000000036637 0.18033283777936784387 -2.1668530620758996719 -2.4093243889315116846 0.05736870539886419762 
0.50000000000000033307 0.18879048672457562907 -1.6705792401299834893 -2.4159709865007039653 0.056147250292587040643 
0.52500000000000035527 0.23721444336682798171 -2.2030151217388853624 -2.4225712819131706155 0.062018049855652401803 
0.55000000000000037748 0.24960151660910748217 -2.5061753847281922347 -2.4298825939663166729 0.058151008172502675897 
0.57500000000000039968 0.2377704265123012084 -2.1429380714652563888 -2.4353060461075637377 0.037820663067292190074 
0.60000000000000042188 0.25186751618187641633 -2.4947519651005762853 -2.439012719672495777 0.035661219009464353857 
0.62500000000000044409 0.27088469472928417003 -2.8350600825542517924 -2.4440464500215610677 0.039585605136622931122 
0.65000000000000046629 0.21669867610694865112 -1.9506402543432042052 -2.4483801431867306952 0.037777512157246534441 
0.6750000000000004885 0.18171374525292385838 -2.1990284636105790206 -2.4523585426844056734 0.035939316284005318192 
0.7000000000000005107 0.21987452713871219467 -3.4197062990351092537 -2.4567598760478168707 0.037754369488216414641 
0.72500000000000053291 0.26056677828615237846 -3.1368486383446541055 -2.4614469027132472867 0.03947479836895381039 
0.75000000000000055511 0.24350564443863059738 -2.9779384823323353793 -2.4660775778678796222 0.045423177978407676403 
0.77500000000000057732 0.23084397981981308323 -3.9742668898548259016 -2.470654578112333688 0.026764799802596453415 
0.80000000000000059952 0.29068756630983011435 -3.9024672513388223294 -2.473417238459934886 0.030029872147300757518 
0.82500000000000062172 0.29232913829174872467 -3.5710406376437604514 -2.4772758597513706569 0.02961141296198759737 
0.85000000000000064393 0.25822309241406454783 -3.6560129461511059468 -2.4808104134982098543 0.03882372202348844531 
0.87500000000000066613 0.24554905038444474474 -3.1561127290783046462 -2.4848225106656789407 0.022000668590177289985 
0.90000000000000068834 0.22981376141841405869 -3.1790328109411722934 -2.4874806022054611887 0.030405937837926836492 
0.92500000000000071054 0.23856086498598530476 -3.6118764369240969891 -2.4897916705966407491 0.013352941828712857134 
0.95000000000000073275 0.26504912910155048467 -3.3535162357825174517 -2.4931144659961077537 0.032593419424876257651 
0.97500000000000075495 0.27452990038194541311 -3.2354558076051800342 -2.4955409821455596386 0.019854516005621263008 
1.0000000000000006661 0.25583025695098920993 -3.3573420037979611052 -2.4981091284755136961 0.019454641557127599211 
1.0249999999999979128 0.26851114544784554505 -3.4379891881695634481 -2.5002639937610147136 0.019083490381468476427 
1.0499999999999951594 0.26348233992133923698 -3.5260087357220446513 -2.5026357260594864762 0.023442298139471986346 
1.0749999999999924061 0.25175086600083590449 -3.5509785680949299547 -2.50504916642867137 0.015402965280674651288 
1.0999999999999896527 0.26985342279717927649 -3.702053344123325207 -2.5066453438145708255 0.014025036040408514482 
1.1249999999999868994 0.2599012595694208394 -4.2251444111316658336 -2.5085547293230296972 0.0169609051215830961 
1.149999999999984146 0.2430566792392186426 -3.928366117030599014 -2.5102194911867319327 0.016072107806746185887 
1.1749999999999813927 0.27132482197183449557 -2.9836348852633127748 -2.5121491985710542316 0.014664585849892202568 
1.1999999999999786393 0.28702756085365288552 -3.2359358556009776287 -2.5137063412313396249 0.01002143971374323296 
1.224999999999975886 0.26685342679130547028 -3.658908781167782287 -2.5149084995987558422 0.015470235135859496112 
1.2499999999999731326 0.25587029920395043536 -3.4218627887424521994 -2.5165706338745459369 0.010656683766219051876 
1.2749999999999703792 0.26187260190616501454 -3.6332251177382772767 -2.5179180628977180234 0.011871068385413640484 
1.2999999999999676259 0.26298159772901091857 -3.6033274102739603073 -2.5191317182823769194 0.01094053187214539917 
1.3249999999999648725 0.25732673879145634421 -3.3556369855043248762 -2.5202465224611718675 0.0079070559944945887493 
1.3499999999999621192 0.26760244101782609816 -3.5588576808688276998 -2.5213590775909904274 0.011097123809866483307 
1.3749999999999593658 0.27854116272343748539 -3.8610014824655212173 -2.5225635953959848479 0.0095354961628350901059 
1.3999999999999566125 0.26407496185698076108 -3.8773130048550936699 -2.5234938257979142584 0.0069945410235466428869 
1.4249999999999538591 0.26565011347068634429 -3.6901371480530746894 -2.5243965239216596963 0.0086745590082759563982 
1.4499999999999511058 0.28217736134133092341 -3.4943935017136396048 -2.5252649038631052036 0.0063587151547818982628 
1.4749999999999483524 0.25872978039516608684 -3.5111750586389209872 -2.5261676812185038798 0.0093405340931683022293 
1.4999999999999455991 0.24142729816067204363 -3.5633636405673532188 -2.527036584054117796 0.0057302283511195687207 
1.5249999999999428457 0.26974595948818458346 -3.3833712408332607957 -2.5277146516735857773 0.0046932628528002081833 
1.5499999999999400924 0.28173804966310717068 -3.4444044865990592896 -2.5282910383558983014 0.0076957613246357997605 
1.574999999999937339 0.26785219901334184067 -3.7214566023245700954 -2.5291164643221097919 0.0054200268479152611048 
1.5999999999999345857 0.27707406368297049504 -3.7522610273501779687 -2.5298276535302552936 0.005837157144794232963 
1.6249999999999318323 0.27709298799983161921 -3.7398769070833330908 -2.5303195091566883512 0.0044228474711605885589 
1.649999999999929079 0.25597866748068098808 -3.8267330013752900442 -2.5308433705194084418 0.0035951463560836014258 
1.6749999999999263256 0.26209218671441897319 -3.7238050071887389691 -2.5313673645148639935 0.005977526020621143181 
1.6999999999999235722 0.26956926885650900338 -3.4962877690032998501 -2.531986015552467606 0.0038253878480481963084 
1.7249999999999208189 0.26216826278375854331 -3.4093854054576935297 -2.5323712657804189341 0.0042369705083685951091 
1.7499999999999180655 0.26585516131506375936 -3.5312898124132843236 -2.5328311769912406071 0.0029094535920993012251 
1.7749999999999153122 0.27602620032398900163 -3.6363973210744866549 -2.5332837015557707616 0.0044626092819162717709 
1.7999999999999125588 0.27654387950727749024 -3.5750009729477456588 -2.5336500151218301902 0.0030757028368333019092 
1.8249999999999098055 0.2735515196467114829 -3.6360176825766030717 -2.5340415136200236113 0.0028532421041015418144 
1.8499999999999070521 0.27314872460645694963 -3.8017461107221452998 -2.5343905507015840328 0.0033324495845287638481 
1.8749999999999042988 0.26787451812442736321 -3.6068093493332180621 -2.5347523398422446839 0.0030917312299924000311 
1.8999999999999015454 0.25866384928707086832 -3.3899603871745047634 -2.5350731626414173547 0.0022529556878406759718 
1.9249999999998987921 0.25937214234285571601 -3.6692248399501470324 -2.5353181329219869333 0.0020298323129872754972 
1.9499999999998960387 0.27400233326138662138 -3.7203997924519720542 -2.5355951631652668965 0.0030869551221462689615 
1.9749999999998932854 0.27861754670989158367 -3.481200590820388463 -2.5359288745538504095 0.0023934105964406415627 
1.999999999999890532 0.27013327245443008451 -3.699131489450810939 -2.5361903014054480998 0.0019250783580928522345 
2.0249999999998880007 0.27459651156815750861 -3.8284294653521637741 -2.5363632671376179495 0.0015735817687520586503 
2.0499999999998852473 0.27387085526029686378 -3.5952739895160412686 -2.5365899146637973516 0.0020653345060150404659 
2.074999999999882494 0.26316374389321089966 -3.5148020770720611594 -2.536833726559081903 0.0023743586044003544416 
2.0999999999998797406 0.26887933925035351068 -3.5002069890203468816 -2.5370753582013843008 0.0012325137084163372784 
2.1249999999998769873 0.27115708486595729854 -3.531356889525311793 -2.5372030118097237406 0.001615560270156841385 
2.1499999999998742339 0.26304898426519629506 -3.5837345386609529285 -2.5373737013404751295 0.0013004633607778170925 
2.1749999999998714806 0.26886022071924936538 -3.6188252838970242919 -2.5375808101645125348 0.0017648868121097698557 
2.1999999999998687272 0.27647518113770658266 -3.7587260590982372044 -2.5377387926067025425 0.0014538678159199867022 
2.2249999999998659739 0.27560223529412564147 -3.7031829155124356134 -2.5378860896421371329 0.00088672219704248155924 
2.2499999999998632205 0.27490820095965595726 -3.5941942437064611227 -2.5380090400745980439 0.0013289636544820946674 
2.2749999999998604672 0.26943245686084316137 -3.7075782094742080197 -2.5381544877881236921 0.0011636544360884501503 
2.2999999999998577138 0.26399969164381914544 -3.5743745212338549067 -2.5382937174822286508 0.001139971261118288056 
2.3249999999998549605 0.26632391508042008166 -3.3703886069629138689 -2.5383893118195821614 0.00083638242976393677511 
2.3499999999998522071 0.26785205098472503193 -3.5395967900247056193 -2.5385218117750629752 0.00096064615844493187521 
2.3749999999998494538 0.27008742622505105269 -3.6451928514190976571 -2.5386152802516397387 0.0010882885608526442472 
2.3999999999998467004 0.27441862080079976183 -3.6285529308016770678 -2.5387213708633331599 0.00063817214953212756702 
2.4249999999998439471 0.27458397885490720691 -3.7392755942111248757 -2.538821528083807344 0.00086285290512941889649 
2.4499999999998411937 0.27424914230737168497 -3.6994068398237169859 -2.5388954201771034569 0.00076113139011160931783 
2.4749999999998384403 0.27194403335009192935 -3.5644212563759314349 -2.5389909358286826269 0.00070694373291796137188 
2.499999999999835687 0.26820522002307917164 -3.5436479447409583443 -2.5390739973182823164 0.00071454521320990223125 
2.5249999999998329336 0.26637276106407281606 -3.5090840908659957087 -2.5391463346666496292 0.00058004111307231127816 
2.5499999999998301803 0.26513788019626305381 -3.5490686620153475417 -2.5392147069382318136 0.00061453610469436249948 
2.5749999999998274269 0.26968187037268437356 -3.6609043839915500484 -2.5392760937491729578 0.00047752342509989890084 
2.5999999999998246736 0.2755082739488400323 -3.6527922617616637169 -2.5393487186316536786 0.00066390213829195044229 
2.6249999999998219202 0.27337383303135959212 -3.6269168795866475463 -2.5394084114971593458 0.00050238558771828641363 
2.6499999999998191669 0.27242009678184775368 -3.6554492922596084625 -2.5394645561625299734 0.00037886167434711339082 
2.6749999999998164135 0.27368267937470125428 -3.6436132851371754171 -2.5395137415704169825 0.00049091100276676751749 
2.6999999999998136602 0.26820866490022265971 -3.5968351423009803369 -2.5395640879903003118 0.00042036273158125707925 
2.7249999999998109068 0.26691237429513242629 -3.5448070007646510504 -2.5396129399931410831 0.0004107691257913911485 
2.7499999999998081535 0.27202864290641637357 -3.5341021882385299513 -2.5396594581924047951 0.0003430172268142605012 
2.7749999999998054001 0.27030011856392133218 -3.5830811735742740254 -2.5396996440012618024 0.00042119118034641994013 
2.7999999999998026468 0.26799646413844135928 -3.6166464279679866323 -2.5397432338038221644 0.00030849309367780381125 
2.8249999999997998934 0.27292295353136425407 -3.6590133768399284442 -2.5397784446969158267 0.00025355375432627419007 
2.84999999999979714 0.27457170268457292694 -3.7038703888799466846 -2.5398069918983146032 0.00032928906702205210403 
2.8749999999997943867 0.2706332575242061389 -3.6304292791764103399 -2.5398483765924573241 0.00033081654735262871472 
2.8999999999997916333 0.26942121903086457824 -3.5445658961521298025 -2.5398840629309020755 0.00028865029011692288578 
2.92499999999978888 0.27045582639287590876 -3.5899156084160357416 -2.53990934826131598 0.00015075511382856812866 
2.9499999999997861266 0.2697867133371886772 -3.613388458927333069 -2.539932693496309124 0.00025849197270495522655 
2.9749999999997833733 0.27012648491314716903 -3.5655604502861413252 -2.5399593163337175206 0.000263823585673156238 
2.9999999999997806199 0.27231310691726606787 -3.5932906980482157699 -2.5399963966367953283 0.00024099695360470618061 
3.0249999999997778666 0.2716642578650321771 -3.633611042683076775 -2.5400137227208601232 0.00015524559531947628691 
3.0499999999997751132 0.26995147078492925941 -3.6133210661510863915 -2.5400301700009846328 0.00014049812586732293457 
3.0749999999997723599 0.27156998706979595948 -3.6241814165952219717 -2.5400550642697283799 0.0002438533499690161534 
3.0999999999997696065 0.27234959456405860578 -3.6432140819421183764 -2.5400787626149559095 0.00017928925583344872911 
3.1249999999997668532 0.26914684174383673998 -3.6071079993428991628 -2.5400967346805782832 0.00012987241831517132664 
3.1499999999997640998 0.26873052237990291413 -3.5655069208723029206 -2.540110101868595649 0.00012636483228925429181 
3.1749999999997613465 0.27222855138828799815 -3.575634574024504353 -2.5401282253790875565 0.0001605311556884772453 
3.1999999999997585931 0.2715767524735770988 -3.6326236123655624155 -2.5401474104392658404 0.00017166744779537721649 
3.2249999999997558398 0.27007280399469191234 -3.6605269290678195127 -2.5401603676702726453 7.8405749566336956557e-005 
3.2499999999997530864 0.27288783042036279802 -3.6218633900143331061 -2.5401735948670962628 0.00011627400279192163341 
3.274999999999750333 0.27214276770274126172 -3.597074328820673017 -2.5401873976115343368 0.00014765843798655791199 
3.2999999999997475797 0.26865658292380423244 -3.590663907049886916 -2.540201010698415196 8.4750520247431194542e-005 
3.3249999999997448263 0.27036858300322186288 -3.5637325162619033492 -2.540212479590194139 9.3704191581660877604e-005 
3.349999999999742073 0.27150074652507455442 -3.5877185877541775127 -2.5402220428818815812 9.961220342425895866e-005 
3.3749999999997393196 0.26970566803679368872 -3.637553424477999009 -2.5402342825943580173 0.00010074903951910381698 
3.3999999999997365663 0.27104339955553413688 -3.6249441551040217924 -2.5402452369566925761 7.7847507072069095733e-005 
3.4249999999997338129 0.27234399918435342469 -3.6119312458852581571 -2.5402525713818420172 6.335310334304157737e-005 
3.4499999999997310596 0.27127745343380266219 -3.639342743613434461 -2.5402614636577300899 9.0510191948007848151e-005 
3.4749999999997283062 0.27118878531036866297 -3.6466316529445017558 -2.5402709938794720834 6.9228602432736178573e-005 
3.4999999999997255529 0.27108620619913625927 -3.6069978712861940906 -2.5402791693887305513 6.634600795596405805e-005 
3.5249999999997227995 0.27044851098887678909 -3.5581971102505263183 -2.5402857135689838053 5.8942722009738853623e-005 
3.5499999999997200462 0.27004643629338637156 -3.5712199860838125254 -2.5402927024345718365 5.9816242448183753447e-005 
3.5749999999997172928 0.27009684772020342569 -3.610022812478782317 -2.5402999328182485073 5.8771113158546088194e-005 
3.5999999999997145395 0.27143904175113198196 -3.594834047633554075 -2.540306483501150403 5.4259503227808087496e-005 
3.6249999999997117861 0.27187160877741145537 -3.6132736869216506292 -2.5403111520569776616 4.1536114724501589971e-005 
3.6499999999997090327 0.27109180323695131198 -3.6674106108642234858 -2.5403177621476955572 5.3939428998087765468e-005 
3.6749999999997062794 0.27138624480810130679 -3.6280289730807329107 -2.5403231738425260389 5.0019143101125834987e-005 
3.699999999999703526 0.27117310444824566096 -3.5850606707323917632 -2.5403280072829499403 3.1425571636783472757e-005 
3.7249999999997007727 0.27045038932035719847 -3.6164764768997286204 -2.5403322550557829729 4.1917089279455863277e-005 
3.7499999999996980193 0.2706523395212322991 -3.6107583374744720572 -2.5403364595000552661 3.4553988667705943865e-005 
3.774999999999695266 0.27027525440289557057 -3.5834607419643780268 -2.5403417132073404794 4.6598534583453469343e-005 
3.7999999999996925126 0.27045080991429676365 -3.5996774403550362287 -2.5403453954874870568 3.0634375286569207476e-005 
3.8249999999996897593 0.27180525069312572173 -3.6159685786358313209 -2.540348995186329617 1.8544579242359932416e-005 
3.8499999999996870059 0.27166549491627994817 -3.6122260241289501081 -2.5403519213652718811 4.0077088102963708981e-005 
3.8749999999996842526 0.2711241371578393955 -3.6050608359849256601 -2.5403554762984321691 2.4599283250140362796e-005 
3.8999999999996814992 0.27123410039506290481 -3.6169605336447991917 -2.5403594824644453176 3.3234112371191366008e-005 
3.9249999999996787459 0.27050244063576439624 -3.626774778164979729 -2.5403620169002483209 1.9627556332213180734e-005 
3.9499999999996759925 0.2704049796049501353 -3.5961820399488937383 -2.5403645159131165165 2.0190070684914703252e-005 
3.9749999999996732392 0.2711821778833097274 -3.594254885777341979 -2.5403669275407319006 2.6073867522054287253e-005 
3.9999999999996704858 0.27073511667116245683 -3.6317685848436003226 -2.5403700679255760697 2.0519034413311153925e-005 
4.0249999999996788347 0.27046824684340237122 -3.6164525880455737905 -2.5403722655052702883 2.3666223461888645101e-005 
4.0499999999996871836 0.27147058268913121237 -3.5944099664728308419 -2.5403744191989936496 1.2296313462353049509e-005 
4.0749999999996955324 0.27181121292359927688 -3.6172485628828860982 -2.5403763868936657389 1.9549303212220551677e-005 
4.0999999999997038813 0.27113421748326088645 -3.6132376487912511998 -2.5403784354223932773 1.8995219913238803544e-005 
4.1249999999997122302 0.27067406046186259783 -3.5905830994731235961 -2.5403804500247906262 1.3949131208791488455e-005 
4.1499999999997205791 0.27065294590172561673 -3.6008988860386641484 -2.5403820119339943773 1.3991574666154620157e-005 
4.1749999999997289279 0.27057271730293575018 -3.6151727395218506977 -2.5403838640537994564 1.6231393182383509601e-005 
4.1999999999997372768 0.27071029974017440933 -3.6136535324817171677 -2.5403853480652438535 1.3136670702308855918e-005 
4.2249999999997456257 0.27139284916425815419 -3.6133759664789448784 -2.5403868375629228282 8.6479152769531566125e-006 
4.2499999999997539746 0.2714946480387177008 -3.6188146332944590711 -2.5403881406974990753 1.5921083144597739047e-005 
4.2749999999997623235 0.27083671435805900529 -3.6189894105188309403 -2.5403895510216352172 9.73968096801412226e-006 
4.2999999999997706723 0.27088861355675314391 -3.6057593755198480423 -2.5403909915534406139 1.1580472037447740364e-005 
4.3249999999997790212 0.27112177907783491237 -3.5964713085160808781 -2.5403918711715443024 7.2102980007032370035e-006 
4.3499999999997873701 0.27072126382004618739 -3.6064762973683999192 -2.5403930216863028768 1.0444826359146482429e-005 
4.374999999999795719 0.27094649171071699678 -3.6127131973817951938 -2.5403941556688791614 1.1273123378968832477e-005 
4.3999999999998040678 0.2712930261493767814 -3.6040720455743087136 -2.5403952772063624899 5.6171976879059160907e-006 
4.4249999999998124167 0.27057082571935919812 -3.6070467281725719921 -2.5403960365749620465 8.5423298229831955163e-006 
4.4499999999998207656 0.27058835831132038718 -3.6179818853262775136 -2.5403968086810109206 6.7708894888449753239e-006 
4.4749999999998291145 0.27159341735047615174 -3.6106694534626977422 -2.5403978478017341658 8.328352563941542912e-006 
4.4999999999998374633 0.27133497551804047765 -3.6041758817382762992 -2.540398670489310895 6.9594784369648350573e-006 
4.5249999999998458122 0.27066630276065328786 -3.6145099098438451257 -2.5403992720942039085 4.0323135769737266651e-006 
4.5499999999998541611 0.27103274384671038888 -3.6169458438263624167 -2.5403999392535547841 7.2196105283716640311e-006 
4.57499999999986251 0.27106011886595560156 -3.6074157022214481394 -2.5404007054927948417 5.9280561994206146196e-006 
4.5999999999998708589 0.2706586197315970499 -3.6032266338818836893 -2.5404013801907403547 5.0307333408260064024e-006 
4.6249999999998792077 0.27095085534935298144 -3.6082093646049413493 -2.5404018448181657774 4.5738512283061753637e-006 
4.6499999999998875566 0.27115643215231510776 -3.6121171608682880461 -2.5404023973367713118 3.9187171245210084076e-006 
4.6749999999998959055 0.27083483459036539198 -3.605657948117471534 -2.5404029878892293581 6.2179957632772055038e-006 
4.6999999999999042544 0.27087415863666314264 -3.6051752099318705724 -2.5404035219392793188 3.8421706842868064076e-006 
4.7249999999999126032 0.2712690680454086789 -3.6141784259230451681 -2.5404039377887528417 2.3274261734310668369e-006 
4.7499999999999209521 0.27125636730337188141 -3.6104828823353587453 -2.5404043070865576226 4.8538796349787963804e-006 
4.774999999999929301 0.27083103265513486235 -3.6091204883724534724 -2.5404047870046380098 3.4511993993730592807e-006 
4.7999999999999376499 0.27080992498046752015 -3.6183098403040383495 -2.5404052319174317276 3.6765928422317348288e-006 
4.8249999999999459988 0.27112459806027022768 -3.6103542632536100854 -2.5404055808460519472 2.6164452622592265173e-006 
4.8499999999999543476 0.27088815958662476602 -3.5999893328803436177 -2.5404058843886656582 2.7596963383760327325e-006 
4.8749999999999626965 0.2707128313931153607 -3.6070044578404720781 -2.5404061891723133115 2.8534384823254327175e-006 
4.8999999999999710454 0.27111253254612643904 -3.6105705286206681848 -2.5404065747021205013 2.9387848606461064179e-006 
4.9249999999999793943 0.27106901102729658026 -3.6085985945197984748 -2.5404068628200877633 2.7097535966937891193e-006 
4.9499999999999877431 0.27090317846969791393 -3.6112239383048887476 -2.5404071324216044303 1.8631061866643950617e-006 
4.974999999999996092 0.27120626530086267003 -3.6139762065472025299 -2.5404073678688812166 2.023180132738840467e-006 
