0.025000000000000015266 0.60149990663261465595 0.00052517113261619369213 -2.2388059108756257487 0.044385046053179319503 
0.05000000000000003747 0.57360602343122157887 0.018569314576888068524 -2.2428453285392175864 0.069665765549683317248 
0.075000000000000052736 0.41407681269090285126 -0.016246898444062407574 -2.2541584042017190903 0.11663789899979506992 
0.10000000000000007494 0.36312214662433256462 -0.054841117049203025324 -2.2733150790539808916 0.13292118171632391621 
0.12500000000000008327 0.17985241238567634126 -0.37502929987312305649 -2.2860266675823224247 0.077817717490026055982 
0.15000000000000010547 0.19509586751916446756 -2.4071042763398762254 -2.296172756936412096 0.092133042312319876621 
0.17500000000000012768 0.30561462624475566052 -3.2830912987439937467 -2.3076496219251936282 0.091424032058874865614 
0.20000000000000014988 0.21040643922821472556 -1.8489376543268751796 -2.3194393561130395298 0.075485705950960088617 
0.22500000000000017208 0.21724345666715508263 -2.7906404524292378611 -2.3296579734435307607 0.094822437167967191241 
0.25000000000000016653 0.28152192209670040546 -3.1944771108666030202 -2.3414213412145818971 0.092503525994097321461 
0.27500000000000018874 0.23987005381384135516 -1.8106368091182720725 -2.3524683159078580985 0.071385160007681636163 
0.30000000000000021094 0.2639258095685311778 -1.9897483777615663225 -2.3621220560992508553 0.073907475734195010597 
0.32500000000000023315 0.30679821905729681708 -1.7268939099065372389 -2.3716228004459170009 0.082421765180342582147 
0.35000000000000025535 0.33256749788002509804 -0.12551586047516599676 -2.3815580547467543049 0.081176720019482243029 
0.37500000000000027756 0.31659651486405232523 0.39069203862136736571 -2.3907936112113521432 0.054732914493188837557 
0.40000000000000029976 0.23885641110889002658 0.31529315085006004438 -2.3984564547528171019 0.064716941728187371563 
0.42500000000000032196 0.21064902175334906942 -0.23405707843959472347 -2.406034657333868676 0.057018336037210022582 
0.45000000000000034417 0.21549845544653042917 -0.27594322809184945733 -2.412813550177901778 0.046447507175750718522 
0.47500000000000036637 0.21205661017479301989 -2.2766856023679800103 -2.4192585719271795242 0.052586747875140338326 
0.50000000000000033307 0.21304221428496458723 -1.7789550085824683556 -2.425464145433176455 0.04952320778607748053 
0.52500000000000035527 0.2376267364658662673 -2.1761659689508014992 -2.4325733176534591884 0.059522771777039802654 
0.55000000000000037748 0.23299947440689228184 -2.2577626714784622131 -2.4402300142083759305 0.054489034937005784154 
0.57500000000000039968 0.24341438083780603252 -1.8209476361526322208 -2.445457363636592607 0.029789623076908220561 
0.60000000000000042188 0.29140925910151355138 -2.3308631040100502574 -2.4493037458800261952 0.035633968979473962246 
0.62500000000000044409 0.28681436904044133041 -2.3398106986926805462 -2.4541316360997442736 0.041215517768496495732 
0.65000000000000046629 0.21318916618450239886 -0.96481954463309815839 -2.4590267909913547939 0.029746358755151611902 
0.6750000000000004885 0.1942144486322600061 -1.1738582691565544458 -2.4630474791694112469 0.03737077535964110353 
0.7000000000000005107 0.23637439968236964583 -1.2205220810501207218 -2.4679653099401859251 0.037191553727040485566 
0.72500000000000053291 0.27881398089132869433 0.15879880565474990828 -2.471846092174608156 0.021624583876090733986 
0.75000000000000055511 0.23965202205192967511 0.076151649607588967061 -2.4753873839357125597 0.03562622118999778098 
0.77500000000000057732 0.17376299566371647409 -0.16930882489657039791 -2.4791068775347091524 0.021369494692903754501 
0.80000000000000059952 0.19568833014626671463 0.41392264397388256469 -2.4820695469488955887 0.029668608592693660603 
0.82500000000000062172 0.24699832286791253977 0.074292448718552450693 -2.4862765738440857355 0.029091893223520234185 
0.85000000000000064393 0.26517585543745431087 -0.11198213415415053662 -2.4894041098444614768 0.025784627922600507344 
0.87500000000000066613 0.25127644530433257408 -0.30125842897337845594 -2.4924021314905187019 0.020255430739214201619 
0.90000000000000068834 0.24898455911966682619 -1.2045885592610732218 -2.4953587531807648325 0.019878539605617469993 
0.92500000000000071054 0.25863753975433989574 -0.72458562944056104094 -2.4975119156735670067 0.021603580123930869739 
0.95000000000000073275 0.28089667916678384696 -0.060400764531102990595 -2.5003067745848177594 0.019412156476358678053 
0.97500000000000075495 0.27314659362120397024 -0.25255202643597335355 -2.5024778425023499473 0.015063599600383725807 
1.0000000000000006661 0.2418273538607415285 0.11234216469601726596 -2.5050970148221711753 0.021132199847776669127 
1.0249999999999979128 0.21939230456726713236 0.018336934578804253704 -2.5069897328400752023 0.013629280526171717869 
1.0499999999999951594 0.21628616180789658752 -0.15669358495413937549 -2.5088369692734540095 0.013947029001643632823 
1.0749999999999924061 0.24729920385641404601 0.43761843646073417258 -2.5105261675681700417 0.011429221298882357924 
1.0999999999999896527 0.28142875692771235352 0.10041504602976369931 -2.5121744350870827134 0.016488386250379044595 
1.1249999999999868994 0.27401793698229620633 -0.76090718499505038963 -2.5142074925453212764 0.013371908845547097675 
1.149999999999984146 0.24641725979234022081 -0.55813648985566910454 -2.515687131706326074 0.010006120008283008252 
1.1749999999999813927 0.24772989646260212826 -0.47456840414999124089 -2.5167491615283479334 0.0072970522660196950396 
1.1999999999999786393 0.25324182450761772989 -0.43879405778610053313 -2.517953809191727288 0.012502368229494978391 
1.224999999999975886 0.25354096891826077842 0.10812062957085544213 -2.5195291704267526178 0.010061248979566159156 
1.2499999999999731326 0.25629407926467423495 -0.04134497179156104707 -2.5207832685683730922 0.0098987279587265369213 
1.2749999999999703792 0.25982267953112903047 -0.13608593140964325707 -2.5218099476713740081 0.0068553105263500025215 
1.2999999999999676259 0.25126839199247125167 0.047170822473118267926 -2.5226202053741628717 0.0061524079311164785525 
1.3249999999999648725 0.23519981877226789346 -0.20511329624484153644 -2.5236432015042957744 0.0090835933731189515833 
1.3499999999999621192 0.24902125290723056694 -0.13833762642189495473 -2.5246499079262636478 0.0065865613438068357569 
1.3749999999999593658 0.27262269587656284831 0.0024170823475238023548 -2.5254635650013681492 0.0068214756455476661251 
1.3999999999999566125 0.26949223803065364136 -0.3253916124662589171 -2.5263369843750114185 0.0061475977949839452977 
1.4249999999999538591 0.24912931460734855094 -0.3976537378952456625 -2.5270800621618736415 0.0052531706129448352272 
1.4499999999999511058 0.24270898819130287682 -0.34479620741471050938 -2.5276297367464994892 0.0045732422164108978146 
1.4749999999999483524 0.26082763131576991444 -0.19394244298119794889 -2.5283585602472968823 0.0058426245648203123037 
1.4999999999999455991 0.26693366112711702787 0.13406444707868059307 -2.5290093392777244219 0.0043851854128674223193 
1.5249999999999428457 0.25533795128090608362 -0.00051401638273429473003 -2.5295502976569701481 0.0045277600825094034206 
1.5499999999999400924 0.25021964643766841929 -0.18616032892452472058 -2.5301737880874837217 0.004368681552801119243 
1.574999999999937339 0.24274576085920787638 -0.12024500534341836522 -2.5306239073509817494 0.0035681009107244921787 
1.5999999999999345857 0.25616188087183411337 -0.25989351022179157935 -2.5311292117364163623 0.0035844490968886784724 
1.6249999999999318323 0.2786510444875616721 -0.28116215126239879618 -2.5315218649955038011 0.0033916506388786712804 
1.649999999999929079 0.26205316787875126971 -0.10388369773445682576 -2.5320016771942217559 0.0033665414651176351832 
1.6749999999999263256 0.24722488168908193784 -0.14670126960715212938 -2.532439700124474502 0.0038117251560952063877 
1.6999999999999235722 0.25753018422584733615 -0.15623551004541846865 -2.53279631047122189 0.0014848693948135596558 
1.7249999999999208189 0.25630162080835355853 -0.061302245548590594826 -2.5330407114514610356 0.0027672923441865423036 
1.7499999999999180655 0.25796456898931718893 -0.065182986379049845382 -2.5334244390648126277 0.0029935012586680726128 
1.7749999999999153122 0.2634790596071386326 -0.19066048484073622182 -2.5337613547286914617 0.0024423949487390140753 
1.7999999999999125588 0.26032039197307327294 -0.26142388337054367486 -2.5340794898561407322 0.0021726690856714451008 
1.8249999999999098055 0.2577294652898042826 -0.28811992326854468649 -2.5342880582497926412 0.0014501595701199348955 
1.8499999999999070521 0.24970763597924694466 -0.29929685675769557296 -2.5345351557509836482 0.0023312436530399552152 
1.8749999999999042988 0.25267210551748980896 -0.13226718990399133347 -2.5347928062436237973 0.001723733851630330138 
1.8999999999999015454 0.26784173534417848872 0.082727203096386370262 -2.5350534609308454925 0.0019389806261496298455 
1.9249999999998987921 0.2613528457738849009 0.085260656116428856777 -2.5352219365437629328 0.0013768058650080558947 
1.9499999999998960387 0.24999805103944403029 -0.094375978182694386653 -2.5354388751545098302 0.0014529213018826063995 
1.9749999999998932854 0.2583326443438719866 -0.28429079927190281651 -2.5355934549860719152 0.0012556917033314169471 
1.999999999999890532 0.26260267965288308645 -0.32096546474857751141 -2.5357847157619062273 0.0016559942953084866909 
2.0249999999998880007 0.26626915529671840721 -0.22161478397409500873 -2.5359628161061640306 0.0010894577908662460286 
2.0499999999998852473 0.26785616441332393833 -0.20642517599845611187 -2.5360975277577755271 0.0011321778425985480621 
2.074999999999882494 0.25027040938216510435 -0.1967742871082981404 -2.5362556058119687385 0.0010775871490432498232 
2.0999999999998797406 0.24357482726900989145 -0.12451741506926811143 -2.5363633887116008303 0.0010488753967208843364 
2.1249999999998769873 0.25779899561429686639 -0.11113677572131303029 -2.5365155994720116617 0.00086645249608028143164 
2.1499999999998742339 0.26396528878823050102 -0.039455141052543996061 -2.5366178462827146944 0.00097418561496918898695 
2.1749999999998714806 0.2612546240171221279 -0.044194410573443754231 -2.536733693410850865 0.00083584660370612058264 
2.1999999999998687272 0.25942076777003025834 -0.22646277872704728695 -2.5368443517098731022 0.00088250857813024013391 
2.2249999999998659739 0.2602615888784092224 -0.24273577351145075864 -2.5369486114545667377 0.00063078270361058990951 
2.2499999999998632205 0.26203573709282074189 -0.19786720359994486307 -2.5370189276574048876 0.00059059505236635806858 
2.2749999999998604672 0.26053762350725412356 -0.23136648468515286226 -2.5371037184505307316 0.00076440249300801447595 
2.2999999999998577138 0.25985532389262955277 -0.13752679254836391864 -2.5371987719229327496 0.00062521073702684977404 
2.3249999999998549605 0.25935744122665604916 -0.094050425262271253324 -2.5372860897847400174 0.00070889763289755998877 
2.3499999999998522071 0.25387891781014182424 -0.15366167830046223441 -2.5373404057903576891 0.0002460707478915422422 
2.3749999999998494538 0.253228603974560873 -0.15134047994188210007 -2.5373973388623216607 0.00062337417592838568169 
2.3999999999998467004 0.26086466630491755847 -0.16086520900811612789 -2.5374681076147429515 0.00046115852825433722387 
2.4249999999998439471 0.26213367501039558372 -0.13431129578014322501 -2.5375359472863650012 0.00055917299794134092423 
2.4499999999998411937 0.2592622961765453371 -0.11285587641405847581 -2.5375873192528737299 0.00031552328860337899592 
2.4749999999998384403 0.26073252587278578085 -0.2186186229353378474 -2.5376332386679441022 0.00036371418112777072163 
2.499999999999835687 0.26030827598172706638 -0.23429181889735289923 -2.5376821117865540067 0.00040429444748869825237 
2.5249999999998329336 0.25868282016756061203 -0.16692309765692997514 -2.5377292527819843571 0.00034460889896728780831 
2.5499999999998301803 0.26180398086869283159 -0.16195259328339789429 -2.5377742214409186872 0.00034180945547574597982 
2.5749999999998274269 0.26066838769629835371 -0.10031316158543140959 -2.537811231192484307 0.00027573541693154439902 
2.5999999999998246736 0.25413846349784735557 -0.081608885861383484439 -2.5378516089337095352 0.00027171984568869048159 
2.6249999999998219202 0.25562510075059124981 -0.15654246608580146827 -2.5378804935809720078 0.0002858917350930614853 
2.6499999999998191669 0.26221321927875101965 -0.15449753379751457461 -2.5379185474056420446 0.00023274925715360781915 
2.6749999999998164135 0.26145771051131450058 -0.16392311070715609445 -2.5379484982643676361 0.00027437324363962627962 
2.6999999999998136602 0.2574487596000147871 -0.21592359742887667906 -2.5379796746522806927 0.00017350809008666033301 
2.7249999999998109068 0.25803987775683290273 -0.18615326774618329297 -2.5380026716836523448 0.0002223501480462947166 
2.7499999999998081535 0.26109690098248727885 -0.15605632508814770709 -2.5380290726136953694 0.00020251707824518066538 
2.7749999999998054001 0.26089562621823358946 -0.15282859692574873867 -2.5380557776921590651 0.00015327361682682146666 
2.7999999999998026468 0.25874862307680307483 -0.12748792829142274741 -2.5380747277600890222 0.00020185705844769172984 
2.8249999999997998934 0.25917498534046107261 -0.13959923235673521447 -2.538097968729927878 0.00014224732808799171973 
2.84999999999979714 0.25911590862068945018 -0.15380824960920680411 -2.5381184360785202792 0.00017256831866072750337 
2.8749999999997943867 0.25853439746641609931 -0.13969333871953854009 -2.5381358661241537611 9.9366954009529412047e-005 
2.8999999999997916333 0.2604925646015573415 -0.17076817520711046194 -2.5381525061808849486 0.00015509892337740941717 
2.92499999999978888 0.25968951422779618099 -0.18464281416657957191 -2.5381669308406213936 0.00011754672345565751171 
2.9499999999997861266 0.25659200872088150369 -0.13600620804527746577 -2.5381876548619373146 0.00013707534725885024023 
2.9749999999997833733 0.25871788906596959734 -0.12091253794981954295 -2.5382007020224293115 9.5687166599794758063e-005 
2.9999999999997806199 0.26123402372414211703 -0.142895780672809114 -2.5382105532920427038 8.4204671732550438312e-005 
3.0249999999997778666 0.25965624261150277441 -0.17060217586529458078 -2.5382249531196237058 0.00010609098801163783122 
3.0499999999997751132 0.25983655823109619298 -0.20835781135945380393 -2.538236364812323842 9.0601157046876610755e-005 
3.0749999999997723599 0.26129183958089829964 -0.19344160164644119693 -2.5382496634034752425 9.7038314288513510255e-005 
3.0999999999997696065 0.25931988273767808684 -0.14675900204047798159 -2.5382583113835748279 7.3690543962869886206e-005 
3.1249999999997668532 0.25682803768993722748 -0.139005548493928488 -2.5382689707143040181 5.4661992712555290339e-005 
3.1499999999997640998 0.25807572688330704391 -0.11676332846600662174 -2.5382767155214747135 8.749022754758020205e-005 
3.1749999999997613465 0.26021538594765186714 -0.10901064179229907891 -2.5382857346178799851 5.5258073822349300798e-005 
3.1999999999997585931 0.25918253740226027126 -0.16059508249890275255 -2.5382943239011952485 7.1633975951744953046e-005 
3.2249999999997558398 0.25843168338090494185 -0.16724312215463427167 -2.5383029514245998293 5.8472698531390586299e-005 
3.2499999999997530864 0.26064998330258759562 -0.15864428159603755075 -2.5383084738776493516 3.7027571711321902756e-005 
3.274999999999750333 0.26148704525569360646 -0.19594316897166980107 -2.5383150188523262436 6.6479658579271980168e-005 
3.2999999999997475797 0.25992026621533920183 -0.18718298177380893188 -2.5383218969061314141 3.5058248503205442239e-005 
3.3249999999997448263 0.25885613664514794952 -0.15746416944817626105 -2.538328108817079265 5.95710124820107145e-005 
3.349999999999742073 0.25785944608543204248 -0.15232733139475218564 -2.5383330959536465343 2.8465965132412807446e-005 
3.3749999999997393196 0.2576994735115560875 -0.12835062429695720532 -2.5383383531897623087 4.4593895398310554989e-005 
3.3999999999997365663 0.25986243295094718642 -0.12780060033598300562 -2.5383431081899079373 3.5117794928286284945e-005 
3.4249999999997338129 0.26071202925903746994 -0.15006803240195526472 -2.5383477135031555783 3.338866016209768268e-005 
3.4499999999997310596 0.25859715783900411035 -0.15444617743457567105 -2.5383519107203689202 3.4149794949198225796e-005 
3.4749999999997283062 0.25820127100643114337 -0.17098775240725777591 -2.5383559894507130572 3.1334367113441475086e-005 
3.4999999999997255529 0.26064031528550979377 -0.16358818007029962693 -2.5383601557023927064 2.709477655684930665e-005 
3.5249999999997227995 0.26122524233727589804 -0.14397773353129528218 -2.5383628592342959429 2.3789940031256823688e-005 
3.5499999999997200462 0.25963484713092083167 -0.17400328339030185498 -2.5383664428522867418 2.5992225215536562786e-005 
3.5749999999997172928 0.25907631240076484103 -0.17822577481135903898 -2.5383695836336332974 2.7601353205167711779e-005 
3.5999999999997145395 0.25880101462152527159 -0.15056027674790067872 -2.5383728926297552952 1.8981457871652688478e-005 
3.6249999999997117861 0.25812987193734643343 -0.15248019814602492561 -2.5383751689994453749 2.08944136005233067e-005 
3.6499999999997090327 0.25867586143203097349 -0.14178067288158535675 -2.538377784911637125 1.8347229190512785778e-005 
3.6749999999997062794 0.2598440049669368257 -0.13211353001887904401 -2.5383799773365636199 1.6429633996769520403e-005 
3.699999999999703526 0.25991846752344671678 -0.15247743652280765225 -2.5383824251729465438 2.1608271832688446103e-005 
3.7249999999997007727 0.25915223668683640135 -0.16151347224298029381 -2.5383847773094712075 1.4606334277652964103e-005 
3.7499999999996980193 0.25934585076799010483 -0.169953565434436904 -2.5383866342388774484 1.5170159691393965648e-005 
3.774999999999695266 0.26043652107148351771 -0.17358120041540037182 -2.538388331952758481 1.057136139494942192e-005 
3.7999999999996925126 0.26025514852951991962 -0.15553004011871618406 -2.5383898703297615995 1.4715037007494993163e-005 
3.8249999999996897593 0.25941093576485441119 -0.15284726213671290251 -2.5383917087414844538 1.4002810396487997723e-005 
3.8499999999996870059 0.25888348482831508024 -0.15480695608233863148 -2.5383935624973545941 1.2885578579020689878e-005 
3.8749999999996842526 0.25785748263194480101 -0.1467647260024949607 -2.5383947574567518046 7.4217170289078591907e-006 
3.8999999999996814992 0.25849944682370523674 -0.14810466452811082982 -2.5383959315707183002 1.1418270537395889402e-005 
3.9249999999996787459 0.26075443496249228748 -0.14715436966450701206 -2.5383972787815403116 8.6968236380037988227e-006 
3.9499999999996759925 0.26038790549796131391 -0.15386814955212202438 -2.5383984914145965028 1.0413986276974329643e-005 
3.9749999999996732392 0.2587456047395667591 -0.17201191507360996669 -2.5383997266070026377 8.828218147795447262e-006 
3.9999999999996704858 0.25887278261992086037 -0.16908288703263568697 -2.5384006631898472506 6.5534143441265875439e-006 
4.0249999999996788347 0.25947405384538985151 -0.15571935233964467882 -2.5384016670655635828 7.6864626258567131189e-006 
4.0499999999996871836 0.25989668472824101197 -0.14963150423797877409 -2.5384024985186686152 6.7733489844825502628e-006 
4.0749999999996955324 0.25984890461234294579 -0.14863600865566706233 -2.5384033948011355264 6.7466639005116968875e-006 
4.0999999999997038813 0.25920880640761795322 -0.1565111508761983794 -2.5384042570941987016 6.7670498962497446099e-006 
4.1249999999997122302 0.25919261326725906436 -0.1595562107913651162 -2.538405075677431455 4.797635680895347989e-006 
4.1499999999997205791 0.25926545249933180548 -0.15375706232545088836 -2.5384056066347788772 6.0269244920498777084e-006 
4.1749999999997289279 0.25929127947822094846 -0.15084555695095119843 -2.5384064012656266662 4.3147134437368086726e-006 
4.1999999999997372768 0.25965171032948347607 -0.15014701414792680501 -2.5384069512818578929 4.8894107703960192825e-006 
4.2249999999997456257 0.25906709207509776016 -0.15578989446313001865 -2.5384075961536263222 5.3696598411865758749e-006 
4.2499999999997539746 0.25874621282830934099 -0.16305194078379148248 -2.538408144755525786 3.2451075045151296224e-006 
4.2749999999997623235 0.25971684728269156528 -0.16272584181865068498 -2.5384086465955513212 4.324687779201720154e-006 
4.2999999999997706723 0.2599451302159647148 -0.16025889542791266207 -2.5384091251809661749 2.9428190878782765055e-006 
4.3249999999997790212 0.25980039766903956222 -0.15486151572128020737 -2.5384095257865375572 4.1871182987750150248e-006 
4.3499999999997873701 0.25983508776170410881 -0.15199542314702879642 -2.5384100151499566778 2.9888569477200195961e-006 
4.374999999999795719 0.25896236334612265928 -0.15486345263918988024 -2.5384104772624507262 3.5380240793017178402e-006 
4.3999999999998040678 0.25859892995555577855 -0.15204537855018168679 -2.5384107649712155386 1.9856751681899005766e-006 
4.4249999999998124167 0.25932420133457473321 -0.1496485178849660258 -2.538411088689931816 2.7819506080330891119e-006 
4.4499999999998207656 0.25964617583205179541 -0.15191603942294928942 -2.5384114491180826967 2.6854983831377662198e-006 
4.4749999999998291145 0.25954284498691793104 -0.15548301480111081929 -2.5384117847224132447 2.6256516539402399998e-006 
4.4999999999998374633 0.25928295821571861746 -0.16418403140486043101 -2.5384121066845590775 2.1971116912493515224e-006 
4.5249999999998458122 0.25927619574911414668 -0.16465076930794059207 -2.5384123071774680191 1.580334305821341554e-006 
4.5499999999998541611 0.25979867341637202793 -0.15583887999110912492 -2.5384125883396024825 1.9824193040881816382e-006 
4.57499999999986251 0.25976426014549203192 -0.15412947872264887161 -2.5384127954367539104 1.9600729844872886574e-006 
4.5999999999998708589 0.25926732894106713223 -0.15344937966549637709 -2.5384130691734045904 1.8819777244423744154e-006 
4.6249999999998792077 0.25913076432355403034 -0.15360576245324181199 -2.5384132807074832883 1.6493319265460734702e-006 
4.6499999999998875566 0.25909818390375732866 -0.1563110087779203683 -2.5384134718278534848 1.1398072593302874185e-006 
4.6749999999998959055 0.25930772785857431062 -0.15318749706351314499 -2.5384136248847193329 1.3729940874944849872e-006 
4.6999999999999042544 0.25960694884708324093 -0.15390101966599428751 -2.5384138043363768666 1.6125644567099019653e-006 
4.7249999999999126032 0.25946211238952493483 -0.1557270176057752864 -2.5384139965943499639 1.0747527682702698378e-006 
4.7499999999999209521 0.25936312523837429245 -0.15278819424953932193 -2.5384141459228781734 1.3695248575622454756e-006 
4.774999999999929301 0.25946806390963234046 -0.1588917973803642969 -2.5384142802008247131 7.599495577663135727e-007 
4.7999999999999376499 0.25947369336602754686 -0.1622862869175004108 -2.5384144049842891633 1.2665580692881156268e-006 
4.8249999999999459988 0.25952447809747597463 -0.15621560987617510996 -2.5384145402902773547 7.5222891057617608008e-007 
4.8499999999999543476 0.25951110018631096121 -0.15678820837626161744 -2.5384146625302608236 1.0574002759711853958e-006 
4.8749999999999626965 0.25932603344683852198 -0.15536622574239139505 -2.5384147669817962445 8.2260711099192812778e-007 
4.8999999999999710454 0.25914007065332123059 -0.15160413813761192126 -2.5384148794853023112 7.9606612931570892021e-007 
4.9249999999999793943 0.25910885127362365266 -0.15509922846293128229 -2.5384149779055462659 6.5624501096916267821e-007 
4.9499999999999877431 0.25936979376438440426 -0.15434343597043975738 -2.5384150523244537467 6.7549344046923365458e-007 
4.974999999999996092 0.25963175715031622248 -0.15316756792430735734 -2.5384151514938535499 8.0383910296753429132e-007 
