0.025000000000000015266 0.60084291910103670986 0.00052054261454274192156 -2.2396507298979946299 0.043888153694837103713 
0.05000000000000003747 0.57336392577279593485 0.018389505851935689096 -2.2443183898787757435 0.068155804491110458243 
0.075000000000000052736 0.41627901228475655548 -0.015053264358026230418 -2.2572931413824637303 0.11353482838368436636 
0.10000000000000007494 0.36719668646317327187 -0.055051846077100896615 -2.2792347129607382072 0.12945960406333215098 
0.12500000000000008327 0.18641409169423772685 -0.38253853998065712183 -2.2937305026010430531 0.074535978519421453026 
0.15000000000000010547 0.19863222063808502749 -2.3576632344192729462 -2.3049316815820573012 0.085204545774092241284 
0.17500000000000012768 0.30414679654032084066 -3.18147596493340723 -2.3174168076227763535 0.084413833527296103232 
0.20000000000000014988 0.21119333953923352665 -1.8039454967125738705 -2.3298776580804565484 0.065316901587134684748 
0.22500000000000017208 0.212243011055261388 -2.6751812394531757633 -2.3405689209946287654 0.089864903423058709042 
0.25000000000000016653 0.28683583736601359071 -2.8712221236915960176 -2.3535727444373346628 0.080423785533993610852 
0.27500000000000018874 0.24251725877927227115 -1.4401618895634018536 -2.3652837286348029622 0.07077001168578692103 
0.30000000000000021094 0.27578942214282931022 -1.8544445407646750201 -2.3753331265045445342 0.060994701615065316513 
0.32500000000000023315 0.30600395206759789524 -2.2509308906647365056 -2.3856090768856894613 0.070351593321154121119 
0.35000000000000025535 0.32356648421058692433 -0.91412842667471161384 -2.3952309710670300902 0.07383283568963512622 
0.37500000000000027756 0.31668105413830727191 -0.26690032420122794532 -2.4069126641610005812 0.061796478602382243217 
0.40000000000000029976 0.23933074271315876724 -0.033692213889003563843 -2.4138557479007638484 0.042511193469561781022 
0.42500000000000032196 0.23100584393025583307 -0.355637366757059592 -2.4209871659624031537 0.055588367953321789205 
0.45000000000000034417 0.23167269074411392382 -1.1198373566796768763 -2.4283729952652213235 0.034156953449847572701 
0.47500000000000036637 0.22562336417392764298 -0.81365669455725542214 -2.434171131783539721 0.045267561645371767742 
0.50000000000000033307 0.23115017544612800893 -0.18089272273542400526 -2.4406597565715482112 0.04060809228002297544 
0.52500000000000035527 0.24366715029996560693 -0.10242404672154858947 -2.4467048079014719342 0.040711626554538429823 
0.55000000000000037748 0.28105755841980278875 0.18219403122068600354 -2.4523327062540056787 0.036110272377794579157 
0.57500000000000039968 0.3143574423433334597 0.65704766488313315342 -2.4583026109241266077 0.033869930489147839769 
0.60000000000000042188 0.3007987166493767961 -0.032008723410862971459 -2.4623276872972312823 0.025942534628997617613 
0.62500000000000044409 0.27371417376603840443 -0.10799558521727758986 -2.4664239127186213807 0.034630538761248233492 
0.65000000000000046629 0.26620940321861069622 0.66633454747774456539 -2.4710788977918274334 0.017691583347556653905 
0.6750000000000004885 0.24163746121747733953 0.40608761231052636909 -2.4740033622595460905 0.025730839593122833975 
0.7000000000000005107 0.25109662311082031616 0.38077428746901031964 -2.4774424160153043495 0.020876383473772439775 
0.72500000000000053291 0.28724302283716496298 0.47443239270483095193 -2.4801999361752842255 0.015175086364804272684 
0.75000000000000055511 0.28104863008202551899 -0.28231329503505386835 -2.4835397133468295472 0.026664660572780513742 
0.77500000000000057732 0.25726073174799468646 -0.50620079462996492303 -2.4869029800262469898 0.017989086522428036213 
0.80000000000000059952 0.28008411626642337744 -0.092753101247796898576 -2.4889878655047072975 0.013441375717045190782 
0.82500000000000062172 0.31797364720627713242 0.011896375423623095635 -2.4921584483334959792 0.023663252086694633314 
0.85000000000000064393 0.31462719988026255358 0.21820622211994955553 -2.4942199941634926041 0.0090672330736019657316 
0.87500000000000066613 0.27060068962284739014 0.53739107125648677421 -2.4965243918347397312 0.018484663373461843183 
0.90000000000000068834 0.24680674578244776729 0.35399761498160053907 -2.4987942801867659703 0.010556467481196991909 
0.92500000000000071054 0.25613557154480409705 0.70944381381652799057 -2.5001145117390155548 0.010265688664776078179 
0.95000000000000073275 0.28590364053643785303 1.0895728281218977074 -2.5019483806686015903 0.012932677446402293664 
0.97500000000000075495 0.30133673524930509879 0.71632324231066279996 -2.5035904112536702115 0.0069310648281494195017 
1.0000000000000006661 0.29832218395601517447 0.59318615071313540721 -2.5050001592821353746 0.014139996296507603354 
1.0249999999999979128 0.28168905477264566395 0.52030535795951671219 -2.5066438305447129586 0.005874574859443162933 
1.0499999999999951594 0.27647105810649336144 -0.19233073267588257638 -2.5077356377625608097 0.0099173694117732132808 
1.0749999999999924061 0.28999857146032675947 -0.26329036788523985102 -2.5091827756742031141 0.0085925527257911561707 
1.0999999999999896527 0.30171702933989968942 -0.051319815021581560721 -2.5102589014654661526 0.0058436054681950599585 
1.1249999999999868994 0.28917430277991890142 -0.39733130617019607467 -2.511144607686813135 0.0069979802529654732204 
1.149999999999984146 0.26313348041458395343 -0.066915391470432017407 -2.5122781528732467393 0.0062263230375304593964 
1.1749999999999813927 0.26253356694207086175 0.45809079797315144233 -2.5130637029263178661 0.0061375019988928756001 
1.1999999999999786393 0.29645822675954580649 0.38245804388846749156 -2.5141307052509782594 0.0061854033753569138618 
1.224999999999975886 0.31607630653924251307 0.43745224982304276029 -2.5147293296699060328 0.0031583592153830494093 
1.2499999999999731326 0.29909837846121972715 0.40395989058601000643 -2.5154137145177428714 0.0050744628158296322187 
1.2749999999999703792 0.28226577901623678413 0.31868980438402583211 -2.5161960972445762685 0.0052045379224577199839 
1.2999999999999676259 0.269993481190986373 0.28571661602080511422 -2.5167686438305572061 0.0035328145057746448282 
1.3249999999999648725 0.26336118481332954078 0.1320427110255447678 -2.5174231369159993932 0.0035383984669974848439 
1.3499999999999621192 0.28135060489534219341 0.17022722256208633329 -2.5177751511815351648 0.0026147976133391232813 
1.3749999999999593658 0.29697680263397618905 0.2372615421849768591 -2.5183216677894892932 0.0042392715437290307348 
1.3999999999999566125 0.29018089108676237142 0.15550647843574816331 -2.5188873446524948641 0.0028592160051305439208 
1.4249999999999538591 0.2907373226346960382 0.16886233387291205155 -2.5193194475846181213 0.0029235646479138606077 
1.4499999999999511058 0.29571348332949315418 0.19141053603300617336 -2.519674716296812722 0.0023257670983173311247 
1.4749999999999483524 0.29343901036171537999 0.18988100805246099778 -2.5200024877257169997 0.0017390307627233240854 
1.4999999999999455991 0.29280107902048779778 0.13214592485300258318 -2.5203925344577742251 0.0030934130876480937962 
1.5249999999999428457 0.2815937359057022471 0.085167934993453542347 -2.5206839069448032653 0.0013605673510290693367 
1.5499999999999400924 0.27254351390907483044 0.19292955809318013127 -2.520966712507577423 0.0021444813042612782296 
1.574999999999937339 0.2860498562515351173 0.18292162343568008076 -2.5212832445053687813 0.001928227138792896686 
1.5999999999999345857 0.29659026453060488571 0.018162505004723050739 -2.5215217337510789086 0.0013347730029596711725 
1.6249999999999318323 0.29342866309825565985 0.13850854181324434578 -2.5217382147585496455 0.001742235638671932145 
1.649999999999929079 0.29120566387868002112 0.38089273717307803313 -2.5219758013870845481 0.0011971571776078179013 
1.6749999999999263256 0.28827807470733729511 0.33192671065063383828 -2.5221640429761102986 0.0014271918111568729706 
1.6999999999999235722 0.28453329641177788067 0.28528132143688322842 -2.5223709172604427131 0.0012100512306969556445 
1.7249999999999208189 0.28507942345113390648 0.23735449190974200473 -2.5225345924956421584 0.0010563427858692317138 
1.7499999999999180655 0.28508053137516614628 0.091866987013306644627 -2.5226777128815918161 0.00088875257552007455412 
1.7749999999999153122 0.28440999554794621496 0.17360455398444796238 -2.522852504355723724 0.0012260097408009543434 
1.7999999999999125588 0.28697619636971910539 0.17642801724704615385 -2.5229925318943569046 0.00090382174194645194081 
1.8249999999999098055 0.29472875678448429149 -0.0028122020231063915574 -2.5231240408777648732 0.00062529758260950515491 
1.8499999999999070521 0.29923812756254386525 0.063891945688519302671 -2.523222904116415588 0.00074076885657685517458 
1.8749999999999042988 0.29030723723035056771 0.090630798921580324468 -2.5233347063610840344 0.00082722827620234154478 
1.8999999999999015454 0.27991646958725102667 0.15355775660734916066 -2.5234521450464511005 0.00070749523924790234768 
1.9249999999998987921 0.28296526159209467455 0.39744151483894818444 -2.523550993530540687 0.00052612534619391512335 
1.9499999999998960387 0.29034174535390044891 0.31389505217588586916 -2.523637709654211303 0.00067549858973410677968 
1.9749999999998932854 0.29316763521154942662 0.12386688061773087899 -2.5237065253807617893 0.00032348138787837658198 
1.999999999999890532 0.28941985872042985672 0.20499848695820832578 -2.5237867131177482705 0.00063553015143121482575 
2.0249999999998880007 0.28503231427423381117 0.24870212771547206554 -2.5238663561599903318 0.00044179260669157787702 
2.0499999999998852473 0.28819953866311431856 0.19411651007961849835 -2.523926056299909515 0.00037267444893830279588 
2.074999999999882494 0.29255703056584902999 0.1340079350769073363 -2.5239847564025899018 0.00043851134972415950659 
2.0999999999998797406 0.29164200151867708533 0.077533154551187921655 -2.5240468815217282916 0.00030131369216380678644 
2.1249999999998769873 0.28739217041977294098 0.10572260193498883574 -2.5240979770720048947 0.00043871036121468249278 
2.1499999999998742339 0.28109040849968192077 0.19505958590865291047 -2.5241491584545832083 0.00021148785847366002801 
2.1749999999998714806 0.28264316795181571029 0.22744257051565042183 -2.5241826146903458827 0.00029516840660287246888 
2.1999999999998687272 0.29375675437819803726 0.20112452510669009964 -2.52423211214210097 0.00027987370088821219606 
2.2249999999998659739 0.29644192695072857369 0.15514728142339395678 -2.5242718331518068098 0.0002770713517188787842 
2.2499999999998632205 0.29013734700473392536 0.13428171100716512765 -2.5243049572094427013 0.00022004138463328797764 
2.2749999999998604672 0.28731567375144950738 0.19887837798918805987 -2.5243433025067605335 0.00018697701450081331961 
2.2999999999998577138 0.28638640108806967532 0.22120079772593292944 -2.5243677019877184264 0.0002340852356078256544 
2.3249999999998549605 0.28744891375939973788 0.15714453183284271542 -2.5244035771494104381 0.00016788127554204110249 
2.3499999999998522071 0.29045215900150378463 0.14830769017458367287 -2.5244211950626169738 0.00012820343128551843969 
2.3749999999998494538 0.2882412878460011707 0.18208699804869521444 -2.5244499290707125283 0.00020325411818300118897 
2.3999999999998467004 0.28543015187426046264 0.21747904638533366306 -2.5244749214732697951 0.0001549464914628761905 
2.4249999999998439471 0.28860532515422399058 0.20412298262910810731 -2.5244947803253494634 0.00011938744522715442052 
2.4499999999998411937 0.2921994775154602153 0.16798810496297511552 -2.5245169007424044239 0.0001267761471953681926 
2.4749999999998384403 0.29172695705222245754 0.19739896848969074039 -2.5245288966028200939 9.0781073407032633182e-005 
2.499999999999835687 0.28834828457643379984 0.17691209827661380505 -2.5245502767348280138 0.00015873343182649455175 
2.5249999999998329336 0.2859392764547913357 0.13504151778283257634 -2.5245661156043586182 6.3672225952829874726e-005 
2.5499999999998301803 0.28714977658152507356 0.15327240038008782541 -2.5245791301660216455 9.9970754383026024523e-005 
2.5749999999998274269 0.28894775786694043562 0.12309834214413961639 -2.5245926322917422446 8.7782253981622457013e-005 
2.5999999999998246736 0.28928740903504579496 0.13359272736979665996 -2.5246045034497459625 7.9829921650318818845e-005 
2.6249999999998219202 0.2891770707402905316 0.22380034200902121366 -2.5246195210415547372 9.2475046266871462736e-005 
2.6499999999998191669 0.28861669635011266699 0.23302171412728045485 -2.5246283220755691978 4.3836347149344201727e-005 
2.6749999999998164135 0.28912223183944268934 0.20448960697484941385 -2.5246371864684418185 7.6665368917716266491e-005 
2.6999999999998136602 0.29092318311689041588 0.20349197113567318862 -2.5246473429996640903 4.5166718313045330394e-005 
2.7249999999998109068 0.29057261537179079891 0.19135102937389292244 -2.5246547981671030314 6.2183643920783065497e-005 
2.7499999999998081535 0.28742233967806085637 0.18673752989390113299 -2.5246643931467813715 6.3998898907261634228e-005 
2.7749999999998054001 0.2854543328531837787 0.17505695594640269253 -2.5246718341519827078 3.5369048190283008308e-005 
2.7999999999998026468 0.28771951954258384587 0.12774124017149146582 -2.5246783998708854924 4.8545591452561220078e-005 
2.8249999999997998934 0.29089638067565792845 0.11728837609297482203 -2.5246844231645564349 3.3206421811356324591e-005 
2.84999999999979714 0.2902385547242242736 0.15620514731579626666 -2.5246898622284250635 4.3212380263941116193e-005 
2.8749999999997943867 0.28847889051375275038 0.18419901332657084847 -2.5246959387884357895 3.3417700419577062545e-005 
2.8999999999997916333 0.28875950290260637976 0.21385352932403867143 -2.5247010307045907318 3.3014890134409241899e-005 
2.92499999999978888 0.28866236637412506782 0.21392268877036046959 -2.5247058315685761976 3.4838219537315675265e-005 
2.9499999999997861266 0.2885572638866851225 0.17467052710125585691 -2.524710244808938242 2.0416153363289579173e-005 
2.9749999999997833733 0.28924732562835625549 0.18040066917715236183 -2.524713770071114638 2.9189599120515163108e-005 
2.9999999999997806199 0.28818796522966005913 0.19578548725126521113 -2.5247182406066577265 2.5608598186164433554e-005 
3.0249999999997778666 0.28748814922695892227 0.1770288141404361415 -2.5247211305348531418 2.0367692524709310708e-005 
3.0499999999997751132 0.28936146678177754321 0.16185746476172180319 -2.5247245906843853724 1.9211258821892821642e-005 
3.0749999999997723599 0.29053713802222758122 0.15444015499327068408 -2.5247276847714319459 2.1879772506795699505e-005 
3.0999999999997696065 0.28978112413340079145 0.17129730662614184311 -2.5247300868268780505 1.5759922731246323171e-005 
3.1249999999997668532 0.28828954056051164789 0.19033497301102464405 -2.5247331932250611786 1.9980779965256957018e-005 
3.1499999999997640998 0.28738923035762237168 0.18284992787322340568 -2.5247354985733529986 1.2836383405422157282e-005 
3.1749999999997613465 0.28859462104334437926 0.17762556600662871009 -2.5247375943058574244 1.377846304781297945e-005 
3.1999999999997585931 0.28978246717555511403 0.1709868889656891433 -2.5247393493126462083 1.2669959164374056866e-005 
3.2249999999997558398 0.28898596867563042245 0.16963432324678118235 -2.5247415672266351194 1.2942215333806438867e-005 
3.2499999999997530864 0.28842654211522572583 0.18055196441793497364 -2.5247433515202293286 1.3238495136251012818e-005 
3.274999999999750333 0.2887641230949072324 0.17835705056393102996 -2.5247450689505379628 8.2693043664234458788e-006 
3.2999999999997475797 0.28889946459320192673 0.17627100305110088296 -2.5247464319708479152 1.1194901291650529649e-005 
3.3249999999997448263 0.2890847626148068672 0.18166144053156729754 -2.5247479065675073606 6.9787082536349223075e-006 
3.349999999999742073 0.28895909257479446275 0.18057543085337313116 -2.5247491940428807844 1.0362801461218992133e-005 
3.3749999999997393196 0.28831703814990439216 0.18253347191475055578 -2.5247503842619649639 7.1263775130757485977e-006 
3.3999999999997365663 0.28828964842564380744 0.18379634220662721678 -2.5247515613874411677 6.3285032406449185548e-006 
3.4249999999997338129 0.28899877322425104875 0.17462081025253772815 -2.5247525582437826408 8.1089863814803865122e-006 
3.4499999999997310596 0.28957537488821472049 0.17596434713344955014 -2.5247536558834333675 5.7681146172807675648e-006 
3.4749999999997283062 0.2894250685390262201 0.18281202325575762746 -2.5247543767195361752 5.4083626513636142029e-006 
3.4999999999997255529 0.28874569539014127706 0.17056244278823384786 -2.5247554216882770461 5.9376856861403964333e-006 
3.5249999999997227995 0.28844955683949352609 0.16549099326756622208 -2.524756036332232334 4.2380936298836542012e-006 
3.5499999999997200462 0.28867862242680847329 0.17321561726947964921 -2.5247567040401159844 4.5512651755796004364e-006 
3.5749999999997172928 0.28883912377548448536 0.17217653819712508412 -2.5247575057640498919 4.5700981609743553165e-006 
3.5999999999997145395 0.28875468739101273208 0.17874450040439660015 -2.5247580279566590455 4.1959038466357326442e-006 
3.6249999999997117861 0.28867104911346025409 0.183702272482810125 -2.5247587615049078558 4.1883734935994882911e-006 
3.6499999999997090327 0.2889461715854759194 0.17890618906450339587 -2.5247591683953656272 2.0698887105132619375e-006 
3.6749999999997062794 0.28917364744467605187 0.18402602556840474968 -2.5247596389804121131 3.711684378017323359e-006 
3.699999999999703526 0.28889937310715357865 0.18553609836678452982 -2.5247601178406879896 2.795867433249807923e-006 
3.7249999999997007727 0.28877577524477887616 0.18235808940318098958 -2.5247605337981338103 3.0134769272502396636e-006 
3.7499999999996980193 0.28873446710103467527 0.18080033986599231 -2.5247609986952048722 2.6454062900830488915e-006 
3.774999999999695266 0.28845708547505355401 0.17072776954355484147 -2.524761299696563821 1.6956926086697635592e-006 
3.7999999999996925126 0.28878200330765718684 0.16659706264700790967 -2.5247616643860109065 3.0061222613950206679e-006 
3.8249999999996897593 0.28930499818653326871 0.17123944806836677301 -2.5247619607126292607 1.1669186281630767343e-006 
3.8499999999996870059 0.28904537196081320216 0.17366268604877677095 -2.524762247911225721 2.3095239862235146873e-006 
3.8749999999996842526 0.28873761357287985874 0.17848596470744260145 -2.5247625501110722013 1.8585817850612249976e-006 
3.8999999999996814992 0.28879330016220788879 0.18198992535645441837 -2.5247627604761220255 1.1525441796058225687e-006 
3.9249999999996787459 0.28884216598637346696 0.18031654197976054732 -2.5247630033374321989 1.7239925889453757343e-006 
3.9499999999996759925 0.28895302688956003845 0.1789989332797711219 -2.5247632264340658104 1.3405823043675217699e-006 
3.9749999999996732392 0.28888607616569378367 0.178427950619735598 -2.5247634338662403586 1.6786247577372126143e-006 
3.9999999999996704858 0.28863259310053501761 0.17727646295241072938 -2.5247636413555301083 6.626996232428909664e-007 
4.0249999999996788347 0.28868869606199143441 0.1767829734577207601 -2.5247637587926341496 1.1785063987941835369e-006 
4.0499999999996871836 0.28886898840204372485 0.17647538033728138451 -2.5247639364188825262 1.144437097944346869e-006 
4.0749999999996955324 0.28896266459740915789 0.17755737310438279852 -2.5247640875958015094 7.892084052641256206e-007 
4.0999999999997038813 0.28900004226473485769 0.17923319207389776242 -2.5247642257068751981 1.1571053526637088028e-006 
4.1249999999997122302 0.28875266172643510032 0.17758380302347087643 -2.5247643766882519323 6.421890122064634583e-007 
4.1499999999997205791 0.28860473708371697787 0.17918742337608406512 -2.5247644623436773514 7.721029920743297213e-007 
4.1749999999997289279 0.28892041367407828023 0.18066416162320708683 -2.5247645893877681544 7.0334013283154600789e-007 
4.1999999999997372768 0.28910091256100051149 0.17255309202369928379 -2.5247646793233511353 5.6183276946156935753e-007 
4.2249999999997456257 0.28892139727483717726 0.17038648371966358397 -2.5247647711940048865 6.9647085590163329337e-007 
4.2499999999997539746 0.28876783372500824942 0.17618762046238078955 -2.5247648700731200044 5.8313681406313402695e-007 
4.2749999999997623235 0.28874080624831355291 0.17706646132673820038 -2.5247649484611351944 4.7601062349426783425e-007 
4.2999999999997706723 0.28881283240555111202 0.17871516628259442871 -2.5247650280633897601 4.6337273733622864487e-007 
4.3249999999997790212 0.28892244706615993755 0.18009912784755832682 -2.5247650809969086616 4.8122348975061065483e-007 
4.3499999999997873701 0.28891540143860966472 0.17892932841908726349 -2.5247651632965260049 4.0799789754021235686e-007 
4.374999999999795719 0.28877661713499802598 0.18006071092093367536 -2.5247652185162623439 3.6711563967990633622e-007 
4.3999999999998040678 0.28871726869198671706 0.17945785664207147825 -2.5247652662848674154 3.3956013039820739348e-007 
4.4249999999998124167 0.28888568925625002226 0.1782051054532446388 -2.5247653227093351802 3.4964260336474283477e-007 
4.4499999999998207656 0.28899597242955316068 0.17727636475668095972 -2.5247653702622612215 2.9842804489581553809e-007 
4.4749999999998291145 0.28885024127673247785 0.1736148661715920527 -2.5247654215423489532 3.5689865920256372624e-007 
4.4999999999998374633 0.28874721909351858118 0.17360382744657509857 -2.5247654570643298655 1.7464792126090893282e-007 
4.5249999999998458122 0.28879174901805487741 0.17772419777346326608 -2.5247654927136764513 2.3746458945532555903e-007 
4.5499999999998541611 0.28885140642104756292 0.17792247644817493768 -2.5247655275503038119 2.6892788532906628226e-007 
4.57499999999986251 0.28892516463780465452 0.17612900211488624613 -2.524765565176461557 1.9614232873544277109e-007 
4.5999999999998708589 0.28890319033708816709 0.17749239769206826001 -2.5247655932869914608 2.2218148192432332122e-007 
4.6249999999998792077 0.28879672811847795222 0.17878680503146249237 -2.52476562434123597 1.3818872611275038813e-007 
4.6499999999998875566 0.28882109334344036045 0.17834173157085408956 -2.5247656460896528152 1.841577354574614698e-007 
4.6749999999998959055 0.28890047245728933678 0.17832128915185274654 -2.5247656723913007859 1.6592906399602010679e-007 
4.6999999999999042544 0.28890594351778370319 0.17830538854895261469 -2.5247656965538425311 1.3736346356493049947e-007 
4.7249999999999126032 0.28885536650273724302 0.17800425284325038788 -2.5247657146568602826 1.1704979457240829544e-007 
4.7499999999999209521 0.28874102992209188523 0.17677580788506364051 -2.5247657352778563045 1.4491903471529470022e-007 
4.774999999999929301 0.28874618017676884074 0.17588667695633564136 -2.5247657514152175295 1.0162218677729153141e-007 
4.7999999999999376499 0.2889179128502211702 0.17673803821308542439 -2.5247657726044083759 1.2525964429552429321e-007 
4.8249999999999459988 0.28894524833950346876 0.17651152690811333645 -2.524765785272342633 8.7939265589901973767e-008 
4.8499999999999543476 0.28883633838076211431 0.17697529804740408377 -2.524765799578863934 9.0785188220491459856e-008 
4.8749999999999626965 0.28879890240025857251 0.17878624033382961578 -2.5247658129828955964 7.9996866541913576203e-008 
4.8999999999999710454 0.2888037214543147102 0.17826569223719235247 -2.5247658244036501607 7.6001663927660243001e-008 
4.9249999999999793943 0.2888663858994850453 0.17742793510657439704 -2.5247658371241210595 9.3439992015095178328e-008 
4.9499999999999877431 0.28894214895168007784 0.17684675014127038128 -2.5247658472879326297 4.6764682565919447659e-008 
4.974999999999996092 0.28887149195378858391 0.17638331224043812817 -2.5247658580991667598 8.6449688222031412727e-008 
