0.025000000000000015266 0.6007119808777462433 0.00051962228650733605084 -2.2398182148740981567 0.043789627403476340251 
0.05000000000000003747 0.57331598214145906844 0.018353781679197656018 -2.2446087842832684878 0.067857840656516385525 
0.075000000000000052736 0.41671450985451080617 -0.014819665956690819542 -2.2579047527973719056 0.11292524264190556549 
0.10000000000000007494 0.36799935711703579688 -0.055081220409293418783 -2.2803844534448138859 0.12878643178301829586 
0.12500000000000008327 0.18771145491605786826 -0.38391203688038755271 -2.2952239025732370514 0.073907696213047907596 
0.15000000000000010547 0.19934001093894687662 -2.3477400620425683542 -2.3066173267147966897 0.08389658468966765259 
0.17500000000000012768 0.30389281174917237571 -3.1616504055193628275 -2.3192806873917590771 0.083108147838826279541 
0.20000000000000014988 0.21148440189605879902 -1.7951604776983871581 -2.3318484863549806541 0.063443749179977984576 
0.22500000000000017208 0.21124177265871707521 -2.6524327175316373406 -2.3425708009110040031 0.088520233650990209906 
0.25000000000000016653 0.28778091273457567789 -2.8089764501244323114 -2.3558434508666747931 0.07854896264859345667 
0.27500000000000018874 0.24329845115794365706 -1.3632063235797819978 -2.3675642541486809911 0.069744108969357607175 
0.30000000000000021094 0.27581053565535257333 -1.8038520484561690882 -2.3776582245367019475 0.058138107837217609108 
0.32500000000000023315 0.30633034878847614779 -2.3096551111758207853 -2.388006444686473273 0.068702509647833781559 
0.35000000000000025535 0.32225494299925272479 -1.0820484863712027668 -2.3974401441053845296 0.070311117418200605456 
0.37500000000000027756 0.31756748379229082779 -0.45323777849749574687 -2.4094922236246150149 0.0660031302876175896 
0.40000000000000029976 0.23954168724875793406 -0.13486975372717691091 -2.4165516836795255529 0.03767172664199028298 
0.42500000000000032196 0.23537678071329751206 -0.26673162331826899552 -2.4234324902596906526 0.053853003239148267145 
0.45000000000000034417 0.23641795150086597488 -1.0346941830260738548 -2.4310347571215316087 0.034480167778651628352 
0.47500000000000036637 0.2243670434650298362 -0.8298990378057209405 -2.4367705186598840328 0.042222100241364309003 
0.50000000000000033307 0.22970803478080201177 -0.11883111064976958904 -2.4431319780006264253 0.039564449505008737751 
0.52500000000000035527 0.23795313229886100315 0.029786898200366063172 -2.4490210911730523335 0.038315664381084232892 
0.55000000000000037748 0.27442549211657857322 0.35706972211856236044 -2.4545911644345839164 0.034518460055985994428 
0.57500000000000039968 0.31376735035539699004 1.0130583007018159059 -2.4607200541232070456 0.035042094662959530349 
0.60000000000000042188 0.29487345242656826105 0.55494545592973620884 -2.4650304868291588178 0.027277097290297921267 
0.62500000000000044409 0.26042708165603711823 0.58134399168378858569 -2.4692703084960823112 0.033281051876872858042 
0.65000000000000046629 0.26156743500337670261 1.358733009769289346 -2.4741105521716701965 0.022173381013957535468 
0.6750000000000004885 0.25322181019160078241 1.1919436331662551787 -2.4784282792372782644 0.035776435471721206028 
0.7000000000000005107 0.26883982657929544891 1.5459498340497410673 -2.4829975226676737066 0.023369007458753674605 
0.72500000000000053291 0.30585250699169941324 1.7924647244167870586 -2.4863214315526636078 0.02047426333456697084 
0.75000000000000055511 0.30123106413873085296 0.79884722224312088024 -2.490095032531128183 0.02831380741207215751 
0.77500000000000057732 0.27290663061089198704 0.22337318592120630756 -2.4942120807585110853 0.019918419739711121924 
0.80000000000000059952 0.27798875276439916071 0.41117242202411485863 -2.4965202942799544772 0.017059759651432755689 
0.82500000000000062172 0.29870269242671415588 1.0205236468577920661 -2.4997484467609760728 0.017682703635667838815 
0.85000000000000064393 0.29569248977042855708 1.5133868392200582331 -2.5018157098131434957 0.015280328756748048913 
0.87500000000000066613 0.27850151445104204262 1.2278458677548518274 -2.5046754405840738755 0.01761986224846462043 
0.90000000000000068834 0.2749620226362875508 0.87722748795534521982 -2.5069480716487975158 0.01291943097561380413 
0.92500000000000071054 0.28063296443092833332 1.3640468159429741668 -2.5090665565339009824 0.013202035748477681729 
0.95000000000000073275 0.31229974809749017073 1.7403400040240744051 -2.5111666719644167856 0.0151199607676209824 
0.97500000000000075495 0.32376247923353751457 1.5129420727177200767 -2.5129549280622165419 0.0086772575804871538568 
1.0000000000000006661 0.30454951504703758891 1.3442998499884304398 -2.5146721784662799948 0.010922288554046564318 
1.0249999999999979128 0.27800249150818473476 1.0790196275492962563 -2.5160049017854397846 0.0095233001927391772168 
1.0499999999999951594 0.27139244930164557745 0.73534177724315286095 -2.517772471754166741 0.011236434093033037876 
1.0749999999999924061 0.28559324445849726404 0.87400711047317214408 -2.5192220044857203121 0.0067095351328206216668 
1.0999999999999896527 0.30004009752824145618 0.854703087373528958 -2.5201123424659357397 0.0061804446433169450692 
1.1249999999999868994 0.3034075195870306052 0.91766022903880073436 -2.5211514002202037865 0.0080858498624607720584 
1.149999999999984146 0.2901858505327156168 1.2988560200471206407 -2.5225399400997901012 0.007944799111216246934 
1.1749999999999813927 0.28728921761686621039 1.4183678934829493379 -2.5235750145530015942 0.0062985938518730771873 
1.1999999999999786393 0.30726814228973481358 1.5042089515469942995 -2.5243496554877244975 0.0034810498313031334842 
1.224999999999975886 0.31254757747633654663 1.4174128836252981589 -2.5250793150859069947 0.0062028236953792729308 
1.2499999999999731326 0.3039196291149927065 1.1853894003268723445 -2.5259760172277045953 0.0053967397645327394237 
1.2749999999999703792 0.2922416161889796471 1.1609406326891407168 -2.5268817545408404079 0.0058283733472726043101 
1.2999999999999676259 0.27795683206375521035 0.97685597431841053595 -2.5275213479156173335 0.002316719651244763048 
1.3249999999999648725 0.28149944944104482447 0.82005235586213676147 -2.5278712678432655458 0.0033715992501101555399 
1.3499999999999621192 0.30133216514932198438 1.0311738095929019465 -2.5285883696764348549 0.0048088232304508019346 
1.3749999999999593658 0.30972548171629576963 1.1453534278885912912 -2.5292112373562538608 0.0034181842281339408843 
1.3999999999999566125 0.30617024409568383003 1.1526220491853145234 -2.5296734802130096398 0.002734201472541029649 
1.4249999999999538591 0.30146690792512381707 1.3150645413724257882 -2.5300923911522978926 0.002616673623616782695 
1.4499999999999511058 0.29082680134347083101 1.4796741832002324735 -2.5305273208841776444 0.0030098238553187672134 
1.4749999999999483524 0.29316675029880417958 1.4037370989714368363 -2.530963648055207571 0.0025164652484493763712 
1.4999999999999455991 0.30419648021587819553 1.1194110214584713781 -2.5313056339318160681 0.0020464894904925804396 
1.5249999999999428457 0.29790597374971561351 0.99183241880625439002 -2.531640596425273948 0.0021710025112344263215 
1.5499999999999400924 0.28938744592364612496 1.0699849588217020813 -2.5319453890192824552 0.0017162323555915577622 
1.574999999999937339 0.29230245468279808518 1.040585273852075332 -2.5322244000602531777 0.0020015131414354361827 
1.5999999999999345857 0.30127045545665093185 1.0448003843569810822 -2.532507874764738709 0.0017470132672054827349 
1.6249999999999318323 0.30769896835313631511 1.2698500610979532865 -2.5327861755058660442 0.0015713872221529421366 
1.649999999999929079 0.3029834221234454783 1.3572345746365899188 -2.532994222352511926 0.0011384010751042071812 
1.6749999999999263256 0.29496696528039834106 1.2440217821376218232 -2.5331758598797837756 0.0015223747531435546324 
1.6999999999999235722 0.29365747949986165111 1.1504122403011300957 -2.5334069507638763419 0.001258840846062673699 
1.7249999999999208189 0.29601499611466125517 1.1071052525899789387 -2.5336096227856232943 0.0011708970561223940119 
1.7499999999999180655 0.299593225717351197 1.1488674323283158962 -2.5337503693029175267 0.00094779696112061277442 
1.7749999999999153122 0.30100247555530063037 1.1663902198154780798 -2.5339002805167787358 0.00089172729009178743325 
1.7999999999999125588 0.29737747636379741056 1.122072312514374115 -2.5340567665044639867 0.0010925560240552436436 
1.8249999999999098055 0.29583903911671483034 1.1848936073103149003 -2.5342115513078375955 0.00082547229457922391589 
1.8499999999999070521 0.29926253948021180884 1.1799186992577783695 -2.5343102630849285717 0.00061883625315251316202 
1.8749999999999042988 0.30281593592986805197 1.1487638268329105617 -2.5344133108652391329 0.00062537164054496700242 
1.8999999999999015454 0.30161706755976125383 1.2532060668068818465 -2.5345339772552444302 0.00098547411212028253151 
1.9249999999998987921 0.29592715346641368379 1.2250711945304273431 -2.5346609826100654494 0.00052413256634427319788 
1.9499999999998960387 0.29579514264319511918 1.1082749591861178473 -2.5347272112982968117 0.00040295822145112179021 
1.9749999999998932854 0.29844436764347304081 1.1142840452575846211 -2.5347879177261334327 0.0004941026199538552403 
1.999999999999890532 0.29742386488988081794 1.1914425193226190203 -2.5348942846151056862 0.00068197273609570574666 
2.0249999999998880007 0.30011458833343501729 1.2537348004589468076 -2.5349660644777487484 0.00037645178179649118342 
2.0499999999998852473 0.3023188979617046912 1.1518585791964111031 -2.5350305011465814609 0.00038715451527912190209 
2.074999999999882494 0.29784802083085754054 1.0539765552279496408 -2.5350810969724877353 0.00033461376356119364606 
2.0999999999998797406 0.29635750220604933913 1.1954867428967150822 -2.5351477096720311799 0.00044515290893366887305 
2.1249999999998769873 0.29969393567386565236 1.2731872355857549728 -2.5352014927899513275 0.00032096958597783341793 
2.1499999999998742339 0.30058166349990755872 1.164249495500065068 -2.5352498936877800872 0.00024433066824156479853 
2.1749999999998714806 0.29993657639130727466 1.1399670467179183753 -2.5352926267012159123 0.00034163537379970165906 
2.1999999999998687272 0.2985410563733325584 1.1924220371826019793 -2.5353355754554867119 0.00020708277169350535526 
2.2249999999998659739 0.29691814373299624252 1.2057721109389540892 -2.5353748134629308097 0.00028830743369113195993 
2.2499999999998632205 0.29800018896411872849 1.2037053404492146225 -2.535410616769512071 0.00020157009241865035199 
2.2749999999998604672 0.29991813752906071322 1.1862347448536443295 -2.5354482316636763883 0.00023054719688434818043 
2.2999999999998577138 0.30015380649861411744 1.156539006058570962 -2.5354728447750169984 0.00014326038994317844889 
2.3249999999998549605 0.29921464132497477273 1.1151471629770117744 -2.5355033300944556096 0.00022230490230307957487 
2.3499999999998522071 0.29845272996714949931 1.0989908760755089379 -2.5355295802200203958 0.00012745253208336240845 
2.3749999999998494538 0.29923694785134352658 1.1848556777657204275 -2.535556113029311831 0.00019149492436551927474 
2.3999999999998467004 0.29992990834024652047 1.2385668196188861501 -2.5355790915591431833 0.00013328469680224156423 
2.4249999999998439471 0.2986401883577260441 1.1927405249865448145 -2.5355963935160668044 8.0488399475269587651e-005 
2.4499999999998411937 0.29721936944077870235 1.2231150676031450342 -2.5356168261016365228 0.00017568680718163813721 
2.4749999999998384403 0.29790397698245046909 1.2442509367754936989 -2.5356367835239805864 9.0217721270068770259e-005 
2.499999999999835687 0.30012999653276600798 1.1414197119125559787 -2.5356524067348518159 0.00010802917953215675163 
2.5249999999998329336 0.30129269843041400767 1.0954462187887696878 -2.5356667270198411934 7.7219645114906393922e-005 
2.5499999999998301803 0.30033418838358028058 1.1535668093861199957 -2.535681742141626227 0.00011519886122351062835 
2.5749999999998274269 0.29858308334124211703 1.1934627284798176028 -2.5356954275598768689 6.5415551302069001706e-005 
2.5999999999998246736 0.29699438637190933576 1.1733994641686069649 -2.535707087360403289 7.9495754418098111866e-005 
2.6249999999998219202 0.2976063774015580421 1.1545764277298804501 -2.535717912427902121 6.6270688449028607387e-005 
2.6499999999998191669 0.30002749565516839692 1.1999340741718453884 -2.5357284763052398979 6.3945290019181547417e-005 
2.6749999999998164135 0.29975725448897228009 1.2246164736463618361 -2.5357385614231580107 6.9938124523799454824e-005 
2.6999999999998136602 0.29856647153863119515 1.1802958539445600472 -2.5357471729754328393 4.3006498461784693917e-005 
2.7249999999998109068 0.29970210575820688259 1.1594610619610947744 -2.5357558922597331907 6.1843683595386416806e-005 
2.7499999999998081535 0.29976783624004205153 1.1668595520280451439 -2.5357630258589241024 3.7494062426759220774e-005 
2.7749999999998054001 0.29903700954955392266 1.1582456611240359301 -2.5357697067448659034 5.0025835584173104743e-005 
2.7999999999998026468 0.29963532759401606542 1.1674534735279551434 -2.5357773919130837115 4.0339649846968135538e-005 
2.8249999999997998934 0.29887790625263510602 1.196605667282899077 -2.5357828191709472776 3.5995395043762842162e-005 
2.84999999999979714 0.29747076517379122951 1.1909994484172257145 -2.5357880949400244397 3.2886390676965492606e-005 
2.8749999999997943867 0.29824531369837603556 1.163727256498777507 -2.5357934764100100722 3.4731732094666678057e-005 
2.8999999999997916333 0.299772723516168349 1.1721186062685098328 -2.535798959062172564 3.3319308843244643066e-005 
2.92499999999978888 0.30039475268014359521 1.1924754202953318227 -2.5358028307256681444 2.0938742578783560563e-005 
2.9499999999997861266 0.29981236445000930546 1.1760438192093469745 -2.5358066619605819092 2.6503965202886837176e-005 
2.9749999999997833733 0.29880495753962488248 1.1549853171488666526 -2.5358105678606137623 2.5547537326342990599e-005 
2.9999999999997806199 0.29858837490473227883 1.1704824302391227953 -2.5358145575335186983 2.3234963909758426251e-005 
3.0249999999997778666 0.29858267166222940414 1.1918001760416156998 -2.5358179255820960663 2.0490892724751983198e-005 
3.0499999999997751132 0.2987929354233079815 1.1863122733208180115 -2.5358202784167769295 1.3262926028020591025e-005 
3.0749999999997723599 0.29963239800400015556 1.1733313262574904812 -2.5358230892710986737 1.9949024798750131834e-005 
3.0999999999997696065 0.29946944824024634979 1.1699414351544439317 -2.5358261377211208654 1.9718167944848518774e-005 
3.1249999999997668532 0.29858621946062763319 1.1736786862218298033 -2.5358285682804124761 1.2147693328095818176e-005 
3.1499999999997640998 0.29900270846001753 1.1772278115290442102 -2.5358303316662964555 1.1212008680975862117e-005 
3.1749999999997613465 0.29985318501750068965 1.1788783114281415898 -2.5358325064028712781 1.5283719173853501608e-005 
3.1999999999997585931 0.29949360292775478731 1.1845503821515532827 -2.5358345610505454992 1.3107605922569500663e-005 
3.2249999999997558398 0.29857242667285321946 1.1821467247996595429 -2.5358363557955931888 8.4223113744214588098e-006 
3.2499999999997530864 0.29851365144820307673 1.1747003177299670806 -2.5358377956696842581 1.0765028851998926284e-005 
3.274999999999750333 0.29913427342667558984 1.1736876652744994143 -2.5358392793830297762 8.8490859220312759247e-006 
3.2999999999997475797 0.29932810758041628052 1.1653533204016324198 -2.5358407497261752361 9.6427072791952282384e-006 
3.3249999999997448263 0.29942691322852660329 1.1639635591565571371 -2.5358420938974428616 7.479701502024687077e-006 
3.349999999999742073 0.29944623193485825352 1.1775022774899253086 -2.5358431945591948242 7.49884013605230937e-006 
3.3749999999997393196 0.29866157606371002142 1.1844022142081245264 -2.5358443855563268521 6.6851195608056210515e-006 
3.3999999999997365663 0.29845275585522723638 1.1894590870110182124 -2.5358452540311184897 5.8408174115911186695e-006 
3.4249999999997338129 0.29943862689643974129 1.1877560617322089342 -2.5358462733289033331 6.7898022290184925528e-006 
3.4499999999997310596 0.29977652420436606828 1.1756330832058976554 -2.5358472465428123499 4.9088303848156567428e-006 
3.4749999999997283062 0.29929714256847128606 1.1738555416915681384 -2.5358478905314045804 4.9211234960899285211e-006 
3.4999999999997255529 0.29897397057142249821 1.1727127866319355665 -2.5358487224318615461 4.8126620213214725904e-006 
3.5249999999997227995 0.29874660993146812116 1.1660879271433697291 -2.5358494167343770265 4.4327220784549386146e-006 
3.5499999999997200462 0.2987844081712495159 1.1695151371078709168 -2.5358500758777497985 3.7404928882835045209e-006 
3.5749999999997172928 0.29910181306415772884 1.1762055806879638808 -2.5358505746485686672 3.5198565159589169784e-006 
3.5999999999997145395 0.29927201763419880587 1.1812721183218628518 -2.5358511913583483555 3.5158250856282105769e-006 
3.6249999999997117861 0.29932137425353805282 1.1842047538133755324 -2.5358516788181986179 3.4725181982218399901e-006 
3.6499999999997090327 0.29923789089805474806 1.1788381453911074281 -2.5358522197584218993 2.8810885845389047258e-006 
3.6749999999997062794 0.29913198881553743069 1.1784026060963908034 -2.5358525710297850075 2.0711875340020223518e-006 
3.699999999999703526 0.29922869695837245319 1.1824683871034840088 -2.5358529277614585418 2.8221097661137096283e-006 
3.7249999999997007727 0.29914824949963708667 1.1743388139192303399 -2.5358534252555080535 2.6919568313083433041e-006 
3.7499999999996980193 0.29884944769067189885 1.1692472307309145219 -2.5358537214999947729 1.9134251645518034074e-006 
3.774999999999695266 0.29883646651946643713 1.1734731545593630742 -2.5358540188762854761 1.61614563624100123e-006 
3.7999999999996925126 0.29905799254670106802 1.1729638625793681328 -2.5358542794218914551 1.9136227291307073005e-006 
3.8249999999996897593 0.29925903223644934048 1.1774042006537803751 -2.5358546327243343121 2.3365913477394583367e-006 
3.8499999999996870059 0.2994166020305658038 1.1839211616660907378 -2.5358548720507343432 1.0750870762733563866e-006 
3.8749999999996842526 0.29937161823131097638 1.1799670510857120931 -2.5358550622577782363 1.1965391485203372355e-006 
3.8999999999996814992 0.29906195210150898767 1.1767460211834275263 -2.5358552791711947982 1.6537076149220021691e-006 
3.9249999999996787459 0.29885593791769726746 1.17520805770706116 -2.5358555104079618658 1.4122531411524868635e-006 
3.9499999999996759925 0.29898030547082476982 1.1740520337403494988 -2.5358557013066307384 8.4823863971161267168e-007 
3.9749999999996732392 0.29909067324170857116 1.1769771359053367021 -2.5358558399948547546 1.1492622552805793823e-006 
3.9999999999996704858 0.29908729375432702158 1.1752640278794455053 -2.5358560201739943629 1.0504682974825985293e-006 
4.0249999999996788347 0.29921481209716038752 1.1740745444509743667 -2.5358561589522641277 7.9806089547939074204e-007 
4.0499999999996871836 0.29925637580400343829 1.1786006920972611489 -2.5358562947335481219 9.4237416644545151518e-007 
4.0749999999996955324 0.29915917855528739722 1.1789155520480509853 -2.5358564225903705847 6.8327117768957728907e-007 
4.0999999999997038813 0.29919718712238502212 1.1783506514350827743 -2.5358565391779954723 8.5595400551313844345e-007 
4.1249999999997122302 0.29913103877925745211 1.1792077557837346014 -2.5358566517719403066 5.6154293324295841379e-007 
4.1499999999997205791 0.29893049791778186774 1.1759343155151344984 -2.535856739884382538 6.2395901994552029873e-007 
4.1749999999997289279 0.29897553154965622602 1.1741998830911359875 -2.535856838034455496 5.801274556719335818e-007 
4.1999999999997372768 0.29912871759697284846 1.1758769007376324023 -2.5358569250819433805 6.080927441086157649e-007 
4.2249999999997456257 0.29919816374527147262 1.175515360257587627 -2.5358570059748113401 3.8472030477193236998e-007 
4.2499999999997539746 0.29924309048777530951 1.1752693032178176402 -2.5358570698880815719 4.5088584985577344032e-007 
4.2749999999997623235 0.29918696926703280958 1.176837804072744742 -2.5358571399337823671 5.0823864471170086016e-007 
4.2999999999997706723 0.29908765065551207174 1.1780923226767558987 -2.5358572155963550188 3.5958946528531820174e-007 
4.3249999999997790212 0.2990464597544416625 1.179002201538314587 -2.5358572599040956064 3.1458485174729584644e-007 
4.3499999999997873701 0.2990421501936041393 1.1781338816234248057 -2.5358573134893069856 3.2579193223641872898e-007 
4.374999999999795719 0.29912639524337159003 1.1762140596821861749 -2.5358573665592558655 3.7776937435927339824e-007 
4.3999999999998040678 0.29919034291241530799 1.1760388383774231791 -2.5358574177009041151 2.5309227650405357996e-007 
4.4249999999998124167 0.29913440774692767743 1.1760229269265001228 -2.5358574520169621103 2.3656038594699208853e-007 
4.4499999999998207656 0.29912450847632982009 1.1761773824932366672 -2.535857492364417265 2.4448608909449688975e-007 
4.4749999999998291145 0.29914274231387183445 1.1769026960017030525 -2.5358575333460064982 2.9560500157608633375e-007 
4.4999999999998374633 0.29908718480092510994 1.1764845954474181244 -2.535857564960431354 1.3359917281565534557e-007 
4.5249999999998458122 0.29906873072885920006 1.1766710047866790756 -2.5358575947701860187 2.0321083821730765287e-007 
4.5499999999998541611 0.29911358351686412327 1.1771438722163691804 -2.5358576214593289144 1.9892534398087142186e-007 
4.57499999999986251 0.29914834928969719074 1.1759187560685173679 -2.5358576535011438935 1.722009694494947504e-007 
4.5999999999998708589 0.29915456539205431685 1.1755016550950225795 -2.535857675459938676 1.345457875532021288e-007 
4.6249999999998792077 0.29914301448708308095 1.1774624971347995572 -2.5358577001075741642 1.5363617675568353088e-007 
4.6499999999998875566 0.29912279667014884943 1.1792399292120943066 -2.5358577175347947197 1.1510390175871507949e-007 
4.6749999999998959055 0.29907374787351753698 1.178085011013397132 -2.5358577383573850383 1.2409586220235575152e-007 
4.6999999999999042544 0.29907458512744355961 1.1758009079323967772 -2.5358577589131696683 1.4057880123662812715e-007 
4.7249999999999126032 0.29916101305857012438 1.1754729748896015629 -2.5358577741272547712 6.9347336951131437058e-008 
4.7499999999999209521 0.29916149814974246635 1.1760275584300829976 -2.5358577898195791001 1.20548785475429949e-007 
4.774999999999929301 0.29909934835582852042 1.1763291614379371985 -2.5358578028089953094 6.193995755552952336e-008 
4.7999999999999376499 0.29912039398887191322 1.1764743601829228403 -2.5358578171711272375 1.062719785437107002e-007 
4.8249999999999459988 0.29912836166555217821 1.1765754654628508558 -2.5358578302115595271 7.5752315913124089368e-008 
4.8499999999999543476 0.2991028524660518384 1.177261730727507949 -2.5358578417661008508 6.1938831100561675868e-008 
4.8749999999999626965 0.29912250941264939552 1.1776803332511911471 -2.5358578498591697326 5.4112345039796561766e-008 
4.8999999999999710454 0.29911682427943464546 1.1774264206902564922 -2.5358578606103141517 7.6346699445283137863e-008 
4.9249999999999793943 0.29909745774452384248 1.1769123518755750801 -2.5358578712474986183 6.5757052619227487123e-008 
4.9499999999999877431 0.29912756386232464134 1.1759174242946657252 -2.5358578793683910213 3.2619758889602850408e-008 
4.974999999999996092 0.29915076705902410303 1.1758794221847779227 -2.5358578853482280913 4.8624981748723448844e-008 
