0.025000000000000015266 0.60054852262857183476 0.00051847438400120376967 -2.2400268828110685426 0.043666865875191959723 
0.05000000000000003747 0.57325627255189293141 0.018309237138818129642 -2.2449698230018886314 0.067487254013563494071 
0.075000000000000052736 0.41725658372442703259 -0.014530033437846534561 -2.2586622111324463624 0.11216834539946721194 
0.10000000000000007494 0.36899701035983561992 -0.055112129934681730603 -2.2818059619339323696 0.12795365869045136065 
0.12500000000000008327 0.18932602353033373133 -0.38557095992477730118 -2.2970690790207717313 0.073134931411478282248 
0.15000000000000010547 0.2002247561435022416 -2.335325660025945993 -2.3086945843397779221 0.082296288138267448264 
0.17500000000000012768 0.30359362300459502571 -3.1370944669947133931 -2.3215707262616240847 0.081518832594024898119 
0.20000000000000014988 0.211906910264565429 -1.7842696078447473074 -2.3342615369020092153 0.06118424644010326402 
0.22500000000000017208 0.21002545973003067248 -2.6241920391753685848 -2.3449956431274641133 0.086653557009869847105 
0.25000000000000016653 0.28883008931151693544 -2.7327770978642274002 -2.3586117628994793805 0.076585990777384330142 
0.27500000000000018874 0.24479968435637436408 -1.2669348837307004008 -2.3703093502166328044 0.067922196289654498957 
0.30000000000000021094 0.27459508865240783715 -1.7269010067204293435 -2.3804073150254119184 0.05476370190110180225 
0.32500000000000023315 0.30631465398642898634 -2.3473341122047868268 -2.3907925811891757029 0.067054555697775922174 
0.35000000000000025535 0.32082431921295806454 -1.2878952224288942041 -2.3999914847688321728 0.065244102924375727004 
0.37500000000000027756 0.31976141677426023202 -0.71473884182715574642 -2.4122781031506645988 0.070810616740807796887 
0.40000000000000029976 0.2413328081712098061 -0.28942836493063806014 -2.4197968315294335895 0.032596230965936646984 
0.42500000000000032196 0.24001394065861042515 -0.16524398085405056502 -2.4262579900851881654 0.050651616007296042243 
0.45000000000000034417 0.24307934683131787734 -0.84930321390232788037 -2.4340309796338495119 0.03572741031162444264 
0.47500000000000036637 0.22401529566453856623 -0.74490802639010933461 -2.4399175827588361898 0.03953111815975080684 
0.50000000000000033307 0.22952393926472289265 0.064466279642446444598 -2.4460735763547187815 0.03844330689394194478 
0.52500000000000035527 0.23843757168353774123 0.30527308973641875678 -2.4519399673615160928 0.037082355508411227185 
0.55000000000000037748 0.27689474023585197715 0.61493886668531050343 -2.4579554122930642457 0.03643680083530284608 
0.57500000000000039968 0.32641731175566307543 1.4492452636784052267 -2.4647894552435811732 0.041531663003214418228 
0.60000000000000042188 0.32109189942323940192 1.2935962064739003896 -2.4707019661085007911 0.036873888246726709006 
0.62500000000000044409 0.29320583532950500461 1.0489765051794652795 -2.4753289333185506393 0.027541379813464914733 
0.65000000000000046629 0.27489367327926461648 1.0166036894629382203 -2.4799326432132935416 0.019675045239601191699 
0.6750000000000004885 0.24070320695972705072 0.68857049796325453528 -2.4830286023310224053 0.023321095569225881727 
0.7000000000000005107 0.25663014060697286745 1.5265817744973078085 -2.487058562407751694 0.028720170835306719354 
0.72500000000000053291 0.30959731732336337462 1.7137294141254313384 -2.4915569591515418502 0.025047842338493352121 
0.75000000000000055511 0.31345201626268404116 0.63191695781025003509 -2.4947858945806475894 0.015049874588279475024 
0.77500000000000057732 0.2786241246039641295 0.7135225753189147202 -2.4978412416420554543 0.020386120701587972376 
0.80000000000000059952 0.25855897727296822675 0.54507639686212683294 -2.5003188333190791148 0.015655433542543471803 
0.82500000000000062172 0.27441916879707223265 0.40893921360938267906 -2.5029659409352671418 0.015090648475332389677 
0.85000000000000064393 0.29785338218961576739 1.4529248274776662697 -2.505586547880624515 0.01460390650638074099 
0.87500000000000066613 0.30535680683743632313 1.8302914417463074237 -2.5075767757717666306 0.014378582315288759505 
0.90000000000000068834 0.29604495356871035616 1.2298483288691226534 -2.509910073296196753 0.015076259808998878145 
0.92500000000000071054 0.28694127990168449838 0.98172161600052532116 -2.5122961550243148032 0.011086107054808209613 
0.95000000000000073275 0.29009473872930635618 0.97817397105238945709 -2.5139600399414674392 0.01186013933894376586 
0.97500000000000075495 0.30266739499972927785 1.3798374651119178491 -2.5155272544118592037 0.0073829559074350412443 
1.0000000000000006661 0.29898595965893343118 1.6392709024808658214 -2.5168458841568410733 0.0092046593937226452165 
1.0249999999999979128 0.28769306193144683625 1.1319665333407611385 -2.5183517983099363846 0.0085759416556473386239 
1.0499999999999951594 0.28452132679743746824 0.85058340635232188021 -2.5196642510946958282 0.0089699547828942585714 
1.0749999999999924061 0.27619944951027375346 0.85389976847713167096 -2.5210299956745334526 0.0074484845100894533226 
1.0999999999999896527 0.29489602795947988945 0.77604585956492955212 -2.522175029962493209 0.0068963270021939332421 
1.1249999999999868994 0.32490662754839910731 1.1073902250843827844 -2.523182035854482308 0.0057526855016755825897 
1.149999999999984146 0.30949904214541501535 1.4444530117771419153 -2.5242489596784434269 0.006568451183253981758 
1.1749999999999813927 0.28234077083193326319 1.3880794228954442815 -2.5249877464850878361 0.0041497972092335942002 
1.1999999999999786393 0.28650925639539265299 1.4187206393407187921 -2.525814483609055916 0.0054090119023198221862 
1.224999999999975886 0.29414415118052039677 1.400605830198724977 -2.5266758846212038492 0.0049280128535660293332 
1.2499999999999731326 0.29849289253345789863 1.2763680011704081618 -2.5272787842317905316 0.0034379344383517890238 
1.2749999999999703792 0.30595802799060639598 1.1994406355867117675 -2.527990424029428862 0.0051869743886406947248 
1.2999999999999676259 0.29385868215210203536 0.88435078265310107515 -2.528744477199081242 0.0032550392373764907954 
1.3249999999999648725 0.28409923158855543424 0.88285311145587530568 -2.5291359407448985586 0.0026155321700704163568 
1.3499999999999621192 0.29736125857943718209 1.1296500133315419134 -2.5295971142570681245 0.0033304895493600581574 
1.3749999999999593658 0.31393603640821993173 1.0262111743956205956 -2.5301847594266138053 0.0032548709658274826463 
1.3999999999999566125 0.3139660706329031048 1.1611129529481469813 -2.5306284962025804575 0.0023889110650660671901 
1.4249999999999538591 0.29139163888463176511 1.4244231975408285784 -2.5310554830889002709 0.0029074639782129103015 
1.4499999999999511058 0.27508676878468985016 1.4963151319932634919 -2.5313546403134834506 0.001304325309946470458 
1.4749999999999483524 0.28989583447585542952 1.4144245738121035139 -2.531667614356361895 0.0021774990742996877709 
1.4999999999999455991 0.30712048501521010957 1.1264485289877192997 -2.5320752166305724451 0.0027981380097363787313 
1.5249999999999428457 0.31155930621581989781 1.0233575879142207121 -2.5323511950761008471 0.0011080513788970663708 
1.5499999999999400924 0.30727250648089815543 1.0328849501025609836 -2.5326029604662161354 0.0016653239310178659036 
1.574999999999937339 0.29492494217686376912 0.98169097761782297962 -2.5328721175593873483 0.001541139872850677767 
1.5999999999999345857 0.28892837808831134394 1.1484339946041868252 -2.5330632495724660913 0.0013891466777319054927 
1.6249999999999318323 0.29488902313642323394 1.2797488289011089702 -2.5333187904398903889 0.0013008744857355371196 
1.649999999999929079 0.30235339630002644462 1.2255100931476872184 -2.5335066255474649743 0.0010832478523203137918 
1.6749999999999263256 0.30100045861025231941 1.210078421233013124 -2.5336737474061079567 0.0012823149886210458148 
1.6999999999999235722 0.29291312886726711406 1.2069142379384527608 -2.5338674979365434226 0.0009323210796969015916 
1.7249999999999208189 0.29424535801163259618 1.1580569099011484013 -2.5339977203745478462 0.00069990306806867730576 
1.7499999999999180655 0.30531261260130848623 1.157125547765635698 -2.5341302861434051863 0.0010370571365297014729 
1.7749999999999153122 0.30767191864185927663 1.2237061197344414332 -2.5342962335176633104 0.00089522814010574913376 
1.7999999999999125588 0.30126055890542308147 1.242354889417727648 -2.534409882310801887 0.00059246260100060072016 
1.8249999999999098055 0.29493407747420419263 1.1914748909465182614 -2.5345038505896440029 0.00065376950054716676582 
1.8499999999999070521 0.28883351033307902433 1.0915100157797994473 -2.5346180165074128077 0.00062182522034163025329 
1.8749999999999042988 0.29398790640497851623 1.0971429358966346967 -2.534709887261083594 0.00064049000772645246857 
1.8999999999999015454 0.30535643558336339476 1.19846471536309096 -2.5348086712692938782 0.00053227945082104561898 
1.9249999999998987921 0.30510728455207042353 1.1575675259293034536 -2.5348848974478435103 0.00041569846125223122377 
1.9499999999998960387 0.29912194628626009862 1.1393281664530217068 -2.5349561769129267397 0.00049194924857328065429 
1.9749999999998932854 0.29568479979819239922 1.2058921385482515021 -2.5350299610615576462 0.000421822826678755914 
1.999999999999890532 0.29542166433252375901 1.2246097544912117883 -2.5350907633207033776 0.00033880516781766028709 
2.0249999999998880007 0.30086460599293485263 1.2746801149003839093 -2.5351467711940633976 0.00033158329233203860794 
2.0499999999998852473 0.30375271103828654917 1.205279599775040289 -2.535202557204857321 0.0004004455486649150203 
2.074999999999882494 0.29905640918022963204 1.0702194239583253665 -2.5352629684802798771 0.00033622506443784731106 
2.0999999999998797406 0.29489479740524321416 1.0794576710142318454 -2.5353042753925789654 0.0001775398206581038597 
2.1249999999998769873 0.29583261426606832778 1.1157925635175143242 -2.5353415561276926304 0.00026237330174163058655 
2.1499999999998742339 0.29988419568931767856 1.2061377327028730555 -2.5353815609914116536 0.00027857661630233544314 
2.1749999999998714806 0.30255217615534835129 1.2743111901237580419 -2.5354207827245196505 0.00022004656716639661176 
2.1999999999998687272 0.30053084186183004478 1.2154689564039968808 -2.535460668034390963 0.00020054263184559887787 
2.2249999999998659739 0.29715355151544270429 1.191702841432209059 -2.5354859081819203226 0.00016913274853796385106 
2.2499999999998632205 0.29684270728493528102 1.1841063303218037905 -2.5355117175079691094 0.00017787961145768728063 
2.2749999999998604672 0.29954651858242747897 1.1563613674958765909 -2.5355436913673456978 0.00015158804694753732849 
2.2999999999998577138 0.30196548439075115988 1.1529431720014562401 -2.5355648977475655492 0.00014272538913314596672 
2.3249999999998549605 0.30027126753122218572 1.1230651541634588675 -2.535585526915098864 0.00015212700735606741759 
2.3499999999998522071 0.29678122430823117295 1.1073970732301590125 -2.5356111045958962258 0.00011257343345459291874 
2.3749999999998494538 0.29554735610844395932 1.1722999932910211918 -2.5356284725963940119 0.00012013184646290564679 
2.3999999999998467004 0.29777351643185007157 1.2372239187975218044 -2.5356469206556635498 0.00012019341541678413504 
2.4249999999998439471 0.30184500062913049989 1.2390876676467705853 -2.5356627532051789764 6.4561930530897704717e-005 
2.4499999999998411937 0.30231137695782006602 1.2263355014215182592 -2.5356741405291094438 9.4956669876185056858e-005 
2.4749999999998384403 0.29924184776535411867 1.1906316893962405334 -2.5356925686146922772 0.00011203246819311905413 
2.499999999999835687 0.29818242700384911537 1.1309538152499440944 -2.5357054093881550294 5.9152028840722757196e-005 
2.5249999999998329336 0.29826884669324521537 1.1223304684871513448 -2.5357163816921284294 7.7984659574694033257e-005 
2.5499999999998301803 0.2982350487365487135 1.1538793252010619561 -2.5357273626946077449 5.4767972513757085158e-005 
2.5749999999998274269 0.29931642938133445897 1.1883055350627058644 -2.5357355437291264622 5.2779331712695022214e-005 
2.5999999999998246736 0.29855092442998848457 1.1928287124010346076 -2.5357463978692260653 7.9589109607901219168e-005 
2.6249999999998219202 0.29746392258156506561 1.1703422936578151692 -2.5357562477250601418 4.0314196166039935115e-005 
2.6499999999998191669 0.29975751755035356938 1.1844285277178219218 -2.5357632182080434013 4.6574500220463227657e-005 
2.6749999999998164135 0.30151977528655571348 1.1915714169221103269 -2.5357699601258651967 4.1540238347061405927e-005 
2.6999999999998136602 0.30072800699520157997 1.1785082461259035469 -2.535776577425991718 4.0359321991875238115e-005 
2.7249999999998109068 0.29902073275546597886 1.1855585211221773001 -2.5357834061753741217 4.4812240651250910984e-005 
2.7499999999998081535 0.29689974085465931086 1.1724649802633770879 -2.5357900938892750098 3.0525120618656694709e-005 
2.7749999999998054001 0.29702559776060333263 1.1560226279690546392 -2.5357940972887211828 2.790454648118769718e-005 
2.7999999999998026468 0.29928148785724123515 1.1636598926990913139 -2.535798857311347021 3.2395913192279333383e-005 
2.8249999999997998934 0.30034627714206851845 1.1882370156835970754 -2.5358040465835687272 2.6802587074206646556e-005 
2.84999999999979714 0.30019793696838287245 1.2032809173253173896 -2.5358081294834806663 2.4346010808274418086e-005 
2.8749999999997943867 0.29936984721397874587 1.1733111546594456875 -2.5358120181214718336 2.6871131625245588679e-005 
2.8999999999997916333 0.29863862543743019407 1.1625067491441936074 -2.5358153757525063732 1.61412391130300659e-005 
2.92499999999978888 0.29912334970548687396 1.1824820651978209529 -2.5358188520288358347 2.1217973628032662034e-005 
2.9499999999997861266 0.29932337337392234122 1.174137060405720856 -2.5358216677445706289 1.8818346874179890622e-005 
2.9749999999997833733 0.29861839034198828235 1.1688416134199721697 -2.5358243088021108491 1.5379932765898038805e-005 
2.9999999999997806199 0.29826418634330825741 1.17386833033297866 -2.5358273317869035601 1.6506630641720638841e-005 
3.0249999999997778666 0.29864190552734831696 1.169649281209171221 -2.5358296631310222047 1.5804172834530307582e-005 
3.0499999999997751132 0.2996653784530769471 1.175205024880725091 -2.5358317597480115602 1.1541442172849337121e-005 
3.0749999999997723599 0.30031540772108689108 1.1869502938185436669 -2.53583358773284262 9.595206349510983744e-006 
3.0999999999997696065 0.29968738957051377358 1.1913030031384832519 -2.5358355297443599952 1.438232026607088137e-005 
3.1249999999997668532 0.29873581516228181476 1.1847097048700350186 -2.5358374865437500745 1.0038262458917073327e-005 
3.1499999999997640998 0.29827232712755713528 1.1723788064140230336 -2.5358388338957080776 8.0365894268030683669e-006 
3.1749999999997613465 0.29866375790989913019 1.1722487611059184687 -2.5358404393806317501 1.0700076789103219252e-005 
3.1999999999997585931 0.29959288507292675119 1.1783070479965940258 -2.5358418968045755015 7.5411522234799779064e-006 
3.2249999999997558398 0.29954111633299118633 1.1681822271350510434 -2.5358429970352731608 6.2350804743763315802e-006 
3.2499999999997530864 0.29884600193412552693 1.163888542737335996 -2.5358440220107989482 7.2574077280179802245e-006 
3.274999999999750333 0.29879386274562136361 1.1779495971229114737 -2.5358451758348792282 6.506957051646367319e-006 
3.2999999999997475797 0.29899658852001009812 1.1760292287911062736 -2.5358463359061218512 7.6141484518216475522e-006 
3.3249999999997448263 0.29939607787110439352 1.1754327659747616508 -2.5358472472370516826 4.112156991293152744e-006 
3.349999999999742073 0.29970290957486855898 1.1872925385477932636 -2.5358478624298816939 3.7829067302351086923e-006 
3.3749999999997393196 0.2990475371566346241 1.1822740264916724584 -2.5358486694569792874 6.0372162233284121059e-006 
3.3999999999997365663 0.29854295356956761509 1.1812052267834611818 -2.535849534147681883 4.2048086905064197531e-006 
3.4249999999997338129 0.29899443813390752522 1.1831879769890778498 -2.5358500639572434388 3.5537829241724055777e-006 
3.4499999999997310596 0.29945487726503411396 1.1739558297322698621 -2.5358507255400124514 3.7800903024385108621e-006 
3.4749999999997283062 0.29949826313346034068 1.1722235385019934562 -2.535851286101864499 3.3315661636963806977e-006 
3.4999999999997255529 0.29908446264875404585 1.1679770665269897378 -2.5358518336274653571 3.5658397491020567788e-006 
3.5249999999997227995 0.29853906976264049655 1.1685451281763381548 -2.5358522863178336593 2.1667764878561649079e-006 
3.5499999999997200462 0.29868301673905361948 1.1790921471551256694 -2.5358526170315238701 2.1558154722557963033e-006 
3.5749999999997172928 0.2993858908341993641 1.1758638096186022626 -2.535853137068254437 3.6946016067454447506e-006 
3.5999999999997145395 0.29976869676713058244 1.1767696404015950407 -2.5358535594771751676 2.0684030777854286751e-006 
3.6249999999997117861 0.29943214693026892759 1.1852686227886217729 -2.5358538419714973244 1.3602057540278775798e-006 
3.6499999999997090327 0.29882672199951182401 1.1802822018656844438 -2.5358541394449702899 2.0372092328478877979e-006 
3.6749999999997062794 0.29864819120553015575 1.1776064291702614817 -2.5358544285166901844 2.0820380141679960378e-006 
3.699999999999703526 0.29895653332907590194 1.1812160159991558217 -2.5358547389956282991 1.5783419788679423912e-006 
3.7249999999997007727 0.29934021925464526781 1.1760296432129702104 -2.5358550084909752265 1.4145123557786824687e-006 
3.7499999999996980193 0.2993883435108477542 1.1706895207550638283 -2.5358552033600236797 1.4008286452863727728e-006 
3.774999999999695266 0.29909294830782112706 1.1717694549581727514 -2.5358554137511073456 1.2667484307194314637e-006 
3.7999999999996925126 0.2989657550528174168 1.1724370243866575336 -2.535855619080523482 1.0758401609498541993e-006 
3.8249999999996897593 0.29912986042707639944 1.1762684656288322493 -2.5358558051487416485 1.2917632917977326598e-006 
3.8499999999996870059 0.29925822335549412401 1.181415446717250628 -2.5358559865171237391 1.009488041097992563e-006 
3.8749999999996842526 0.29923270499841575498 1.1812040018187173196 -2.5358561312615224281 7.3710522408314666034e-007 
3.8999999999996814992 0.29896689681371940717 1.1796997507653681492 -2.5358562562678530483 9.2273504551219239408e-007 
3.9249999999996787459 0.29876393475206797223 1.1747723069785034333 -2.5358563992958669253 7.6055014848227956815e-007 
3.9499999999996759925 0.29907980054990906948 1.1724550278161016692 -2.5358565278421529854 8.8410486584766547032e-007 
3.9749999999996732392 0.29941410544171870312 1.1787128638895505439 -2.5358566491655842867 5.9852212179756427076e-007 
3.9999999999996704858 0.29936526413137382052 1.1784776382376354054 -2.5358567396262747806 5.3271034122909872488e-007 
4.0249999999996788347 0.29923826879433096382 1.1742939566618075808 -2.535856830283575114 6.247366936982726163e-007 
4.0499999999996871836 0.29898501189044301984 1.1755511322990448431 -2.5358569243379189828 5.2878760565281565745e-007 
4.0749999999996955324 0.29879617221065984944 1.1765106119494870285 -2.535857004635621692 5.017596692292895207e-007 
4.0999999999997038813 0.29904514233683138213 1.1780144601876441079 -2.5358570877751596129 4.3996326838653096502e-007 
4.1249999999997122302 0.29927442304642393189 1.1789600506335646823 -2.5358571507041474113 4.3705306465061157534e-007 
4.1499999999997205791 0.29920415357681906521 1.176850951838618986 -2.5358572186781151991 3.8052602812735275147e-007 
4.1749999999997289279 0.29910793393094203818 1.1750369339650399425 -2.5358572728063668578 2.9854019953531752269e-007 
4.1999999999997372768 0.29907986667799318914 1.1751102961796697777 -2.5358573247103275428 3.3037129099818235751e-007 
4.2249999999997456257 0.29916097611167907777 1.1774276682666193761 -2.5358573816509983878 3.7501504998282425907e-007 
4.2499999999997539746 0.29922606550799396574 1.1782170284340316435 -2.5358574271292724234 2.4220163244648909474e-007 
4.2749999999997623235 0.29912555903685639214 1.176639851454686081 -2.5358574703590859301 2.3374505254661326682e-007 
4.2999999999997706723 0.29902175352384607887 1.175834612042309324 -2.5358575103576432852 2.7502745701780344975e-007 
4.3249999999997790212 0.29898502921136488331 1.1758208859704053495 -2.5358575437306378753 1.8727380353967101491e-007 
4.3499999999997873701 0.29905253952243654458 1.1768610330835711508 -2.5358575765135227265 1.8396984786971461004e-007 
4.374999999999795719 0.29924713881373149471 1.1774812515721908568 -2.5358576103513876809 2.1173787752047865485e-007 
4.3999999999998040678 0.29929226915679268961 1.1774550739205367211 -2.5358576386565414573 2.0512449419469443677e-007 
4.4249999999998124167 0.29913055339667266042 1.1778135881188056544 -2.5358576686891054486 1.3080358858237975171e-007 
4.4499999999998207656 0.29902964694525902001 1.1769438267129481712 -2.5358576900476355043 1.1448976193982778368e-007 
4.4749999999998291145 0.2990552235169202655 1.1760780233554086749 -2.5358577089719895881 1.6347917434047998109e-007 
4.4999999999998374633 0.29912450271779894573 1.176024904140890559 -2.5358577326266988905 1.1898080523310126266e-007 
4.5249999999998458122 0.29914820217267368285 1.1757217233984675886 -2.5358577531054629084 1.2406114215679453413e-007 
4.5499999999998541611 0.29911030573143709832 1.1760041565313441581 -2.53585777168612303 1.0702585726987716992e-007 
4.57499999999986251 0.2991067685433337342 1.1765124142305114496 -2.535857785680965204 8.1471738880115002631e-008 
4.5999999999998708589 0.29911687489194316303 1.1764571412608293421 -2.5358578008985714902 1.0066374803645269125e-007 
4.6249999999998792077 0.29912837804279057696 1.1774704506402042803 -2.5358578161270943774 8.3216194476787048475e-008 
4.6499999999998875566 0.29917809674019052446 1.1792850142322315321 -2.5358578275774643629 6.8828981417470879539e-008 
4.6749999999998959055 0.29913989071247559792 1.1782928133205363697 -2.5358578396750779405 7.861869597290846493e-008 
4.6999999999999042544 0.29906043096311935026 1.1759505721672947054 -2.535857851621901915 6.961423572780081368e-008 
4.7249999999999126032 0.29910648412795581841 1.1753767817279858754 -2.5358578621429277433 5.5931817081064486247e-008 
4.7499999999999209521 0.29914957883407600203 1.175056039416205067 -2.5358578701545200218 5.063790097656248395e-008 
4.774999999999929301 0.29912037381364664501 1.1758630083334538075 -2.5358578780040001988 4.9507968482233272735e-008 
4.7999999999999376499 0.29911329272607328766 1.1772837372572468873 -2.5358578870713088804 5.933320980557921745e-008 
4.8249999999999459988 0.29909983914269899774 1.1772836818862839614 -2.5358578955508304098 4.1629698023058499225e-008 
4.8499999999999543476 0.2990967433551945942 1.1776138481178080042 -2.5358579011940118875 3.2862356038207857342e-008 
4.8749999999999626965 0.29914294312310601986 1.1771837634436659314 -2.5358579065433075606 3.8078665740028091089e-008 
4.8999999999999710454 0.29916419917768177772 1.1765052809067191308 -2.5358579128229226107 3.7077469705862163735e-008 
4.9249999999999793943 0.2991388139343167385 1.177142720187463798 -2.5358579189946968135 3.572658187454273939e-008 
4.9499999999999877431 0.29910311596176269999 1.1761395621525223554 -2.5358579240513368092 2.7941770178308610394e-008 
4.974999999999996092 0.29908748504384702338 1.1755152473165026983 -2.5358579272049506237 1.9852095842096037421e-008 
