0.025000000000000015266 0.60028748420808319963 0.00051664351865502583516 -2.2403591674252445465 0.043471359208883099401 
0.05000000000000003747 0.57316124134836499149 0.018238220735346061252 -2.2455429989763668885 0.06689860584941104138 
0.075000000000000052736 0.41811861600271188477 -0.014072036940571464037 -2.2598580141461104276 0.11096894920543148855 
0.10000000000000007494 0.37058018753503607634 -0.055148398455706515442 -2.2840446395184574868 0.12664094252892846293 
0.12500000000000008327 0.19189270931307975121 -0.38809421457352433205 -2.2999723252996226996 0.071926868986735434386 
0.15000000000000010547 0.20164006039229304124 -2.3154460267580114774 -2.3119508819702274671 0.079813589161336684352 
0.17500000000000012768 0.30315669411197282423 -3.0983180983071396675 -2.3251455330777321961 0.079071586575447605494 
0.20000000000000014988 0.21271243859387364838 -1.7670428873567118888 -2.3380110307090831157 0.057761956560944446859 
0.22500000000000017208 0.20820978230664186071 -2.5794719755964949925 -2.348707670746688958 0.083263166430665710993 
0.25000000000000016653 0.2900879073869371827 -2.615024208190042998 -2.3628787069373324847 0.074395348848147746512 
0.27500000000000018874 0.24873676316391107877 -1.1145570836207920884 -2.3745102852623136691 0.064189710018759754684 
0.30000000000000021094 0.27082497191670001913 -1.5718701769285590153 -2.3844278991521870026 0.049363394358068621304 
0.32500000000000023315 0.30354644784937973023 -2.3071428143238268405 -2.39470018933451545 0.064683680013813027454 
0.35000000000000025535 0.31808520500393705488 -1.5718049513381906479 -2.4036163501039049528 0.056973810833931444464 
0.37500000000000027756 0.32698642491439416924 -1.1932082897063904792 -2.4156265506192782233 0.073202538613259302003 
0.40000000000000029976 0.25170057198033107815 -0.63949967515394146034 -2.4244449416796021168 0.030753278002448279638 
0.42500000000000032196 0.2460572389661331294 -0.18649948219873574429 -2.4303060346077356435 0.044444230026442724246 
0.45000000000000034417 0.25327990738183120412 -0.56530374747076161945 -2.4381609050077752698 0.039190958190463122401 
0.47500000000000036637 0.22695966468952108452 -0.51887643775906777677 -2.4447305448466383204 0.03882277976898801386 
0.50000000000000033307 0.22867507478634158113 0.3076534908043367933 -2.4506345568457459372 0.035206013845010653007 
0.52500000000000035527 0.24796656295785249324 0.65563575511548444208 -2.4565851210058591292 0.036348963609813482456 
0.55000000000000037748 0.290835340919684604 0.84548278081059746736 -2.4633849935053322433 0.039138304872994175709 
0.57500000000000039968 0.34295683096348289487 1.6457216702190136104 -2.4702519533082600844 0.040964972064637082683 
0.60000000000000042188 0.3438809315021487123 1.5713306056143778733 -2.4760585679206146281 0.028852491113645750004 
0.62500000000000044409 0.28813146547722889856 0.80662272438905635585 -2.4802984128099367922 0.025185848902860730886 
0.65000000000000046629 0.26745859033949875849 0.59401624907454897428 -2.4845174399407405907 0.019480735829012559013 
0.6750000000000004885 0.24384591477495082268 0.3964506166186787528 -2.4878607581706217999 0.021558186903308473176 
0.7000000000000005107 0.25561347341400353361 1.163680102742669753 -2.4913006780521129713 0.02159664176253854595 
0.72500000000000053291 0.30395965967813881603 1.6034523875793817993 -2.4950118522460700277 0.020219050149841273634 
0.75000000000000055511 0.30801487394249121854 1.0074460438929118133 -2.4979574206971992822 0.015215586598638693866 
0.77500000000000057732 0.28768504268048283867 1.3754017322828151482 -2.5012452542139107514 0.021456001688103076841 
0.80000000000000059952 0.28011991158565197058 0.99963065780008308892 -2.5043125962448118393 0.01703679328788025929 
0.82500000000000062172 0.28581121112420942998 0.38915147786327908275 -2.5068731590373296569 0.011123395752278107326 
0.85000000000000064393 0.29749048864388982771 1.1798629565197957803 -2.5085940693147996683 0.010780759018269801472 
0.87500000000000066613 0.29267496224627131962 1.5975236432559078992 -2.5106542393504591715 0.013372551041787162154 
0.90000000000000068834 0.28622083521744051682 1.1922064604339634997 -2.5128448317546805413 0.0135559873617435208 
0.92500000000000071054 0.29238531624906155537 0.96616822465304474932 -2.5151040938899700272 0.01054190134023394107 
0.95000000000000073275 0.29335422965505120185 0.9327475870398092006 -2.516823679597518737 0.011029957270857640092 
0.97500000000000075495 0.2918135995992148235 1.2425578345153289739 -2.5181902251869052733 0.0052970782380461029978 
1.0000000000000006661 0.2934054024038448838 1.5496316686169655519 -2.5192244620994905802 0.0078044044600387840055 
1.0249999999999979128 0.29618827776161305021 1.2236988965407267216 -2.5207104458664715274 0.0073604081257131522692 
1.0499999999999951594 0.29380051017177188921 1.1540014357032863934 -2.5217348182554615299 0.007182545673213079282 
1.0749999999999924061 0.28594016943587657886 1.2703265941465140543 -2.5230894266369792156 0.0077883623291007068185 
1.0999999999999896527 0.29259374233170543089 0.79258830130938540126 -2.5244060230235159104 0.0064142087285970492486 
1.1249999999999868994 0.30798988483693007234 0.7689160166536044283 -2.5250428639833426558 0.0030772753322785080694 
1.149999999999984146 0.30186195933773102285 1.2039046575989948984 -2.5258519272777073539 0.0056912247656545726648 
1.1749999999999813927 0.28707294654026210834 1.2601798416935567904 -2.5266828822688656153 0.0043304303426970457841 
1.1999999999999786393 0.29395629969303727069 1.4805065265193875224 -2.5275468152576259229 0.0052924691374502449287 
1.224999999999975886 0.29877029010285782729 1.5861886081227343226 -2.5282295291816305749 0.0033354156094311162434 
1.2499999999999731326 0.29295889805648439586 1.3395350143311801627 -2.5287688096786693492 0.0026848887939493215095 
1.2749999999999703792 0.29717933425228337807 1.1984558823613973289 -2.5292835988866126939 0.0038084021934024622422 
1.2999999999999676259 0.3028510838859193588 0.83231864704049596249 -2.5299324136942460406 0.0030655989018899291662 
1.3249999999999648725 0.29867606975249988421 0.77199282913036570974 -2.5303521741598444805 0.002671786060640631618 
1.3499999999999621192 0.2941957946857819417 1.1398835248949548138 -2.530781875108443657 0.0021761161851080539596 
1.3749999999999593658 0.29916784614800701059 1.0682538406596693292 -2.5312371343598321083 0.0029225905600982070472 
1.3999999999999566125 0.3015389304579158547 1.0558983573136719869 -2.5316223113325597716 0.0018572492112799445473 
1.4249999999999538591 0.29122925092995127772 1.3841180196083295861 -2.5319491497663091373 0.0018885007240358703089 
1.4499999999999511058 0.28833970436677119897 1.5112414811081484878 -2.5322228194377900401 0.0014744535390039622581 
1.4749999999999483524 0.30263046759064732294 1.4039521272526043205 -2.5325179960827028935 0.0019490537059207075927 
1.4999999999999455991 0.30820340530204332063 1.1712288045414496196 -2.5328443492939496373 0.0018920331284904407226 
1.5249999999999428457 0.30244234646033685276 1.0032919892060563338 -2.5331010481820794844 0.0010364740368115361435 
1.5499999999999400924 0.29890314870789475021 1.0274420623678754971 -2.5332831034148117766 0.0011808325334369958962 
1.574999999999937339 0.29413154676988456648 1.0478513310712989082 -2.533483553527891452 0.0012527050144216910627 
1.5999999999999345857 0.29232157598591668179 1.0625305264468472011 -2.5336854766564580466 0.0011175303258738357708 
1.6249999999999318323 0.29832127908312933151 1.2112536492785859199 -2.5338763244793236495 0.001021585090528448871 
1.649999999999929079 0.30216407288975266621 1.2812414309126334278 -2.5340371447830469798 0.00096258818596330086338 
1.6749999999999263256 0.2986027976129502215 1.1858418771009533454 -2.5341914812824808401 0.00080755765846501860114 
1.6999999999999235722 0.29569651398500257367 1.2162883084583326898 -2.534306831201465382 0.00064787162375704835 
1.7249999999999208189 0.29891822829514153037 1.2540452161600685876 -2.5344347898392052265 0.00074050429494187464466 
1.7499999999999180655 0.3043314328533460178 1.1645391359933401354 -2.5345484140886060942 0.00068876284151010095779 
1.7749999999999153122 0.30283102663785971265 1.1693549254924131553 -2.5346631811356474806 0.00064448077189158548949 
1.7999999999999125588 0.29746405531440978098 1.1902827537938183156 -2.5347756389713311798 0.00062046180035087888146 
1.8249999999999098055 0.29536055999758037416 1.1506065380129930631 -2.5348509230389737468 0.00033176660053694362719 
1.8499999999999070521 0.29385854771172514877 1.1126188740981126646 -2.5349197349445393712 0.00047203765292167714027 
1.8749999999999042988 0.29664117176852100588 1.1174164218375359781 -2.5349974199182114809 0.00045949887017379242166 
1.8999999999999015454 0.30374328382751619726 1.2016826123583332908 -2.5350790898663331241 0.00045796707681288172662 
1.9249999999998987921 0.30312395034664713078 1.1880530692593329611 -2.5351492335731036221 0.00038016235659219069524 
1.9499999999998960387 0.29786983910152448063 1.1262175255020037135 -2.5352007104702360962 0.00023333803039743045734 
1.9749999999998932854 0.2970814939583965586 1.1969896340413213043 -2.5352426118741613337 0.00029059856332750479959 
1.999999999999890532 0.2975632054378823943 1.2717870793819516795 -2.5352962161968171095 0.00031682291712737217131 
2.0249999999998880007 0.29952395263820896787 1.2621849465771375343 -2.5353484701629040998 0.00026918065489857113124 
2.0499999999998852473 0.30166636322293965966 1.1830371614862214003 -2.5353880023801269594 0.0002525540693578590774 
2.074999999999882494 0.29975963298240831945 1.1054476000883695086 -2.5354301437235693406 0.00021017645811787996363 
2.0999999999998797406 0.2964780992928945369 1.0753279971407343485 -2.5354612329207055765 0.00015407229293966926472 
2.1249999999998769873 0.29610418452145131907 1.087323545524545132 -2.5354889702349652225 0.00019500121446298381532 
2.1499999999998742339 0.29936478936762578318 1.1842276077832170067 -2.5355214919399400308 0.00017456296653997369441 
2.1749999999998714806 0.30180602298191538946 1.2520958758251845566 -2.5355495706799260347 0.00016819002987842593313 
2.1999999999998687272 0.29999643247849944183 1.2272711633312756163 -2.5355808182144095042 0.00016903162978919081109 
2.2249999999998659739 0.29809529143838842113 1.207011538721851629 -2.5355999403900084666 8.6992104642014559464e-005 
2.2499999999998632205 0.29879425368620110559 1.1932455843374105697 -2.5356147433302340666 8.9329821310821867818e-005 
2.2749999999998604672 0.29933734052447502627 1.1817649117123742997 -2.5356368033120535443 0.00015091177831075530116 
2.2999999999998577138 0.29956021777930957883 1.1662111174992486617 -2.5356583590111809734 0.00011446865072253704129 
2.3249999999998549605 0.29944289326110590244 1.1296280798105973187 -2.5356746968800276676 7.7832128952736221285e-005 
2.3499999999998522071 0.29765923262873084099 1.1122580886343991224 -2.535687718297512383 7.2506279428624946168e-005 
2.3749999999998494538 0.29691230901003790033 1.1408673731338554447 -2.535700923590861855 8.3522525008324796062e-005 
2.3999999999998467004 0.29908725724429835457 1.1927076305629467079 -2.5357143023386776726 8.1711240693975876527e-005 
2.4249999999998439471 0.30135761527878263122 1.2261237834870439833 -2.5357268687316740774 5.4584209826338329322e-005 
2.4499999999998411937 0.30090683600829126743 1.2306440445065622846 -2.5357356930425707375 5.7749584693472009545e-005 
2.4749999999998384403 0.29881227247171759931 1.2077630019486429447 -2.5357466874504446253 7.267798479926825179e-005 
2.499999999999835687 0.29810057680307783246 1.1735697602093986269 -2.5357573210474906311 4.5565004914953076182e-005 
2.5249999999998329336 0.29841015851304764084 1.1478582655819791203 -2.5357642663999508947 3.8882383423020199507e-005 
2.5499999999998301803 0.2983912413608132419 1.1360921555216743073 -2.535770612940915214 3.9559818665317759013e-005 
2.5749999999998274269 0.29926564156588492116 1.1624694286006351795 -2.5357776647973389039 4.4915858590499234057e-005 
2.5999999999998246736 0.29978096331960751852 1.1814347798495217212 -2.5357859155635664727 4.7018425604203094379e-005 
2.6249999999998219202 0.29878882002505291471 1.1699107456621697931 -2.535792443570757726 2.8241797715590628273e-005 
2.6499999999998191669 0.29885216740460157636 1.1880563213132351308 -2.535796337995143368 2.3164866782237528273e-005 
2.6749999999998164135 0.29988621771593071408 1.1963099758322841559 -2.5358003685480063893 2.4263540831370201956e-005 
2.6999999999998136602 0.29971641875484528184 1.181618127070523494 -2.5358058212241840756 3.8549568210567085021e-005 
2.7249999999998109068 0.29883962139895264842 1.184144117429279941 -2.5358110527436750203 2.2005689523967118787e-005 
2.7499999999998081535 0.29830720607282373846 1.1727429254111512158 -2.53581464829914216 1.9595681764555249345e-005 
2.7749999999998054001 0.29849125875437737543 1.1594628220542335661 -2.535817552538412567 1.7830203383049731075e-005 
2.7999999999998026468 0.2991465046660241045 1.1640627719950731311 -2.535820730191503003 1.8418851993259589107e-005 
2.8249999999997998934 0.29964884747634540352 1.1796681920132998656 -2.5358239249852152497 1.9509949575111642454e-005 
2.84999999999979714 0.29982044033376098469 1.2002192847732366943 -2.5358270362724404379 1.4885287110593926435e-005 
2.8749999999997943867 0.29925400566853738171 1.1861187040669354253 -2.5358292641151574109 1.467863045647489569e-005 
2.8999999999997916333 0.29857529204854876825 1.1625937061346758306 -2.5358317054393313406 1.2724569295560268466e-005 
2.92499999999978888 0.29893373298662290205 1.1712612402913897824 -2.5358341389569374336 1.3849265642588948991e-005 
2.9499999999997861266 0.29928346516241671749 1.1744451891151275191 -2.5358355558858112211 6.4016086286389612097e-006 
2.9749999999997833733 0.29887345925710268046 1.1661664039350088107 -2.5358371638807448711 1.1832142314591488765e-005 
2.9999999999997806199 0.29877416937785328255 1.1750015733538827778 -2.5358393680915432 1.2279514407936102039e-005 
3.0249999999997778666 0.29912556642784426941 1.1843985860847370262 -2.5358411212953684277 9.0491622099273826322e-006 
3.0499999999997751132 0.29940363396286734377 1.1809072703616179112 -2.5358422852011375248 5.5480080385541024945e-006 
3.0749999999997723599 0.29954302443605101969 1.1819656891764140916 -2.5358431751526393505 4.5342619631765429734e-006 
3.0999999999997696065 0.29935898214498507519 1.1831825585199426953 -2.5358443625764848228 9.7418193820025460281e-006 
3.1249999999997668532 0.29895023655907909665 1.1770989627772530106 -2.5358459105037307602 7.9656365639524497811e-006 
3.1499999999997640998 0.29869746824420118081 1.1726092356030000108 -2.5358468954807347195 3.633261530348777683e-006 
3.1749999999997613465 0.29888708672678193645 1.1700907859133931055 -2.5358476045628610684 4.8853183754306627864e-006 
3.1999999999997585931 0.29934864544431860622 1.1743505061684165192 -2.5358483983813790985 4.9036051600623043815e-006 
3.2249999999997558398 0.29928548332183918523 1.1758081988506314808 -2.5358491966453842181 4.2128172492309570062e-006 
3.2499999999997530864 0.29892163134840582517 1.1716929963002995496 -2.5358499451634184396 4.4602973888274645187e-006 
3.274999999999750333 0.29906541712771023134 1.1813413910958592279 -2.535850659811357044 3.7927637171635471528e-006 
3.2999999999997475797 0.29921517638636185854 1.1836664130276912665 -2.5358512185219539425 3.5601416931325601884e-006 
3.3249999999997448263 0.29916374938613188306 1.1734830700602527642 -2.5358518119044153316 2.6262263980456628997e-006 
3.349999999999742073 0.2993063036972821167 1.1750406202157845925 -2.5358522305722757118 2.5569019940758554662e-006 
3.3749999999997393196 0.29918580761743540641 1.1758141347432957691 -2.5358526425943321847 2.8007899490477055326e-006 
3.3999999999997365663 0.29884833365535995453 1.1761680877383977606 -2.5358532044621724388 3.0908745239942239121e-006 
3.4249999999997338129 0.29892580998391515834 1.1830386440626980971 -2.5358535864117919267 1.8091845241061359324e-006 
3.4499999999997310596 0.29923871943392360562 1.1828069183572882395 -2.5358539166305478219 1.9454116780376313974e-006 
3.4749999999997283062 0.29934383184066593042 1.1771913207716815375 -2.5358542206141350128 1.8376764198980788669e-006 
3.4999999999997255529 0.29915265652063538493 1.1707552709033992588 -2.5358545443313600387 1.6982760920365818667e-006 
3.5249999999997227995 0.29894634358184540845 1.1686241341280605432 -2.5358548130734814841 1.7095938816404524581e-006 
3.5499999999997200462 0.2989952327267729193 1.1736621720199629237 -2.5358550799593384539 1.3568224205466391577e-006 
3.5749999999997172928 0.29914796785928615686 1.1760583249892815338 -2.5358553342314213985 1.5654412765336725695e-006 
3.5999999999997145395 0.29926230048258578575 1.1775889123035865325 -2.5358555501292636691 1.0772265998914268601e-006 
3.6249999999997117861 0.29924406788803264989 1.1823621984629630877 -2.5358557298861290619 9.6466262506888675763e-007 
3.6499999999997090327 0.29901376775199467462 1.1821653198648700567 -2.5358558912097266536 1.0175453515126820171e-006 
3.6749999999997062794 0.29892494662795338067 1.1780773632136087858 -2.5358560751405381239 1.1622229740182730175e-006 
3.699999999999703526 0.29916570105169293381 1.178414856495701768 -2.5358562597658358406 9.4611055129221893529e-007 
3.7249999999997007727 0.29932683185881697741 1.1772062310332627177 -2.5358563987823337094 6.4967014651025563217e-007 
3.7499999999996980193 0.29918953520142083091 1.1717426548373937045 -2.5358565035570634905 6.6305584228619968854e-007 
3.774999999999695266 0.29898655526427719842 1.1715055448261417759 -2.5358566111108080676 6.6233457396545127094e-007 
3.7999999999996925126 0.29896241327489886386 1.1738252047751667195 -2.5358567324930341158 7.055767828467703892e-007 
3.8249999999996897593 0.29911241867884880152 1.1754144490100977283 -2.5358568587534122685 7.0936373995845166571e-007 
3.8499999999996870059 0.29923517703052648908 1.1793678786115313617 -2.5358569442729299581 3.9620750207275908795e-007 
3.8749999999996842526 0.29923459607381613923 1.1818015070214880069 -2.5358570134249878159 3.9394969719371751025e-007 
3.8999999999996814992 0.29910889379851318681 1.1808341787087348607 -2.535857088413671967 4.9894957401765231974e-007 
3.9249999999996787459 0.29896096197213345436 1.1765786557543420621 -2.5358571699394865107 4.2821959660065310819e-007 
3.9499999999996759925 0.29905271718120846058 1.1736448944015416274 -2.5358572345456593666 4.0763411205258411486e-007 
3.9749999999996732392 0.29924895733472911541 1.1764541178268292931 -2.5358573042442751344 3.0971631028565604307e-007 
3.9999999999996704858 0.29922586878434886959 1.1769422214866769316 -2.5358573519587013223 3.1409297473117166849e-007 
4.0249999999996788347 0.2991314521628383738 1.174282918639729445 -2.5358574027362696945 3.0342502261578528233e-007 
4.0499999999996871836 0.29907113157939718695 1.1748907345973045313 -2.5358574504270241512 2.0330802717147131345e-007 
4.0749999999996955324 0.29899487909592636914 1.1770540890955889513 -2.5358574830736504424 2.4887841647395994632e-007 
4.0999999999997038813 0.2990581903411332898 1.1783405093478789283 -2.5358575375901102333 3.3460237066412815943e-007 
4.1249999999997122302 0.29920525757438054537 1.1784298639166483902 -2.5358575793572137869 1.7716484957328798577e-007 
4.1499999999997205791 0.29921642487016691936 1.177789478788162425 -2.5358576041765652498 1.0931917750963082719e-007 
4.1749999999997289279 0.29911869146701186573 1.176404023671218102 -2.5358576258427683037 1.7303005325902306101e-007 
4.1999999999997372768 0.29905797069879097583 1.1754658959576249622 -2.5358576581630374314 1.9842981155611531255e-007 
4.2249999999997456257 0.29911405319642297984 1.1768337364280361257 -2.535857692994557766 1.927884109828091231e-007 
4.2499999999997539746 0.29917923416053338048 1.1774390260936660191 -2.5358577182282080464 1.0401674378485457974e-007 
4.2749999999997623235 0.29913928611317969208 1.1763393159075752337 -2.5358577319105903847 7.7817019679179939341e-008 
4.2999999999997706723 0.29908905988451206515 1.1757612522515170639 -2.5358577504620352094 1.4456072282228575866e-007 
4.3249999999997790212 0.29906186941719953287 1.1757719690178700667 -2.5358577740120327171 1.1155571121507227341e-007 
4.3499999999997873701 0.2990520813795078392 1.1765290364916456411 -2.535857790341435436 8.9523522659683752813e-008 
4.374999999999795719 0.29914834282189023407 1.1773125158297690351 -2.5358578056341758433 9.3786341449521519696e-008 
4.3999999999998040678 0.29923592399564469257 1.1777273830848673519 -2.5358578202574832972 7.7923724598811035452e-008 
4.4249999999998124167 0.29916458882594587632 1.1780207599568162102 -2.5358578335237811352 7.8120630720758688017e-008 
4.4499999999998207656 0.29907395232423283904 1.1773423653160883795 -2.5358578452933864256 5.4866812077070744218e-008 
4.4749999999998291145 0.29908102461580338138 1.1762646689844424852 -2.535857854569368186 6.47587204066033113e-008 
4.4999999999998374633 0.29911636020390353075 1.1758949075048348298 -2.5358578660572419494 6.8113893125733007512e-008 
4.5249999999998458122 0.29911953706331095848 1.1760177268142095741 -2.535857877647161196 6.0540042404081360513e-008 
4.5499999999998541611 0.29910478830109571424 1.1761277555517506421 -2.535857885370702558 3.5997909445593967107e-008 
4.57499999999986251 0.29911683948644995912 1.1763456261798141966 -2.5358578914083880207 3.7760271168586455423e-008 
4.5999999999998708589 0.29913188143118601969 1.1764559079441609946 -2.5358578988147986166 4.8598602064828284821e-008 
4.6249999999998792077 0.29912628959111248195 1.1768264963782735233 -2.5358579067323714362 4.0503813774834545383e-008 
4.6499999999998875566 0.29914795567305707547 1.1782116647931042408 -2.5358579130792748835 3.8096868243664258537e-008 
4.6749999999998959055 0.29914780750557956601 1.1782688898358677498 -2.5358579186162168995 2.6071177133433512942e-008 
4.6999999999999042544 0.29909266670835538138 1.1767914953385549826 -2.5358579230471600674 2.647635724496105116e-008 
4.7249999999999126032 0.29908841283927228849 1.1762837026448873523 -2.5358579278830171155 3.0290797384531009179e-008 
4.7499999999999209521 0.2991252257442532092 1.1757504136331444755 -2.5358579326262220555 2.5846884088473215877e-008 
4.774999999999929301 0.2991242611223634551 1.1755231448655236726 -2.5358579365357543089 2.04006237219611913e-008 
4.7999999999999376499 0.2991208043667438754 1.176509238139597624 -2.5358579401951075738 2.3341853312615069529e-008 
4.8249999999999459988 0.29912923101728977615 1.177072002973291065 -2.535857944132759112 2.0187690943041596315e-008 
4.8499999999999543476 0.2991220798198949149 1.1773327773679937991 -2.5358579467475448332 1.3760090770055207801e-008 
4.8749999999999626965 0.29911507815514448705 1.1772292283310457073 -2.5358579492438240166 1.499771389721725803e-008 
4.8999999999999710454 0.29912249472411861495 1.1768511809229620368 -2.5358579520112489725 1.738101129364072534e-008 
4.9249999999999793943 0.29913085457742677464 1.1770507192197532387 -2.5358579548635167278 1.6635324446018718262e-008 
4.9499999999999877431 0.2991216953768345288 1.1765281681620947118 -2.5358579574951964908 1.2274109394371955483e-008 
4.974999999999996092 0.29910762798950141228 1.1758723511083883917 -2.5358579587907179587 5.4675472975204444011e-009 
