0.025000000000000015266 0.59973479213352476336 0.00051277642573844053886 -2.2410588461840723618 0.043059603518889134899 
0.05000000000000003747 0.5729613303544743852 0.018088345776181763425 -2.2467428842561005808 0.065665068386038777382 
0.075000000000000052736 0.41992901533546683757 -0.013120559660087793841 -2.2623344319062828056 0.10846700023505466415 
0.10000000000000007494 0.37389155567603687969 -0.055173262190595484533 -2.2886591221030991861 0.12392943856927976509 
0.12500000000000008327 0.19727817465874963876 -0.39294099158886719447 -2.3059470780645772159 0.069470598165371197363 
0.15000000000000010547 0.20464430975308139926 -2.2731850023371227287 -2.3186061535095841002 0.074839656085710123956 
0.17500000000000012768 0.30239454211191957311 -3.0179522447204654156 -2.3323959521427632957 0.074239056643612993946 
0.20000000000000014988 0.21490743919318244792 -1.7311902445989639787 -2.3455584568405365431 0.051277141683244695236 
0.22500000000000017208 0.20519109771904764372 -2.4863327790950981999 -2.3559976727363434179 0.07484837651450944318 
0.25000000000000016653 0.29032429045221103125 -2.3839677117807975826 -2.3712432081413217233 0.073350534037651668462 
0.27500000000000018874 0.26354823458149817528 -3.990181877988255188 -2.3829602863904835175 0.056240994593108703525 
0.30000000000000021094 0.26881039221349678492 -1.1408218593834629218 -2.3919909122142102298 0.036263904901585722329 
0.32500000000000023315 0.28292152777725021462 -1.7770026374858036711 -2.4007790591322946128 0.051712636526970993944 
0.35000000000000025535 0.28486353577503398249 -1.5806986895503356561 -2.4080081499329799577 0.040477820377986334366 
0.37500000000000027756 0.32316071953869490718 -1.9727141577205982159 -2.4188184923821354211 0.062199640524673735498 
0.40000000000000029976 0.309759271798746183 -2.073776732183965521 -2.4288922511599451148 0.04077669151130509928 
0.42500000000000032196 0.30436594293447000181 -2.0259402893463835937 -2.4351216334861458535 0.031837849343014618109 
0.45000000000000034417 0.30767231101769071389 -1.4883161321267692756 -2.4408843892115741347 0.03036596066478720532 
0.47500000000000036637 0.28118602980308937678 -0.81597035220029145997 -2.4478656493730874821 0.038176791424499874339 
0.50000000000000033307 0.26411282342408703983 -0.54739213484954263311 -2.4540181708986725795 0.031323733204671862229 
0.52500000000000035527 0.27590334716451653252 -0.06128022322638904118 -2.4594126891332779294 0.028557384276609067142 
0.55000000000000037748 0.25653454017553062316 0.16282503768548062251 -2.466154145762319061 0.036562177700192211027 
0.57500000000000039968 0.25391567611237475521 1.2688981404042696255 -2.4728917970666586257 0.039919636258246120331 
0.60000000000000042188 0.30394585043745248054 2.3499365040486370759 -2.4800875689972126104 0.030662721567815263979 
0.62500000000000044409 0.31212848372493412485 1.8847941396469907183 -2.4841637547668016239 0.01703810019772082629 
0.65000000000000046629 0.28764121656098284863 1.263472923845261997 -2.4881976774419984899 0.025437354353488504655 
0.6750000000000004885 0.26572984481929723399 1.1961018854444573911 -2.4928242336877577401 0.023533425234499711493 
0.7000000000000005107 0.26557066583865701626 0.9391632748759793925 -2.4966610552663968114 0.017306959139253560304 
0.72500000000000053291 0.30476134497388901456 0.86017984126708579851 -2.5004239319711216716 0.019817254605730617867 
0.75000000000000055511 0.31826315535005389457 0.91681589567845722666 -2.5029128566859086824 0.010321151716110730373 
0.77500000000000057732 0.29798319884167834282 0.87247199061033564593 -2.5054478958675940881 0.016019229410529901153 
0.80000000000000059952 0.2756859832230071361 0.69795446818334572203 -2.5083317733247048054 0.014324083499025546187 
0.82500000000000062172 0.26079547392350627133 0.49729900317190878223 -2.5110066123874075217 0.013541728792521884328 
0.85000000000000064393 0.28049303919676238372 1.225317326034873755 -2.5134636302962665155 0.011778062204355149722 
0.87500000000000066613 0.3161317049054807593 2.1417643830431303265 -2.5151752271107752357 0.008047375423762603841 
0.90000000000000068834 0.31283100797276081062 1.7536261589794226445 -2.5170886885098608943 0.010528450917933387249 
0.92500000000000071054 0.30001251701438302888 1.0441928196541545582 -2.5185344301668708411 0.0062922007996407099475 
0.95000000000000073275 0.29577261161901807762 1.2968753825064185392 -2.5201663496804154185 0.010102543727836754694 
0.97500000000000075495 0.29070273427132187205 1.5718596029894011945 -2.521565472954139242 0.0052692150702094205789 
1.0000000000000006661 0.29137011562568593259 1.1179449069319080667 -2.5229463992095260139 0.0090691536424129925303 
1.0249999999999979128 0.29678422817634175779 0.7560053180895063285 -2.5242393118041297484 0.0039390405678417375959 
1.0499999999999951594 0.28805458788565424522 0.85723898718145763453 -2.5249484135832283016 0.0047714698125110952681 
1.0749999999999924061 0.28141901932137136644 0.99597294906782030122 -2.5259365816646766056 0.0052718389363898389768 
1.0999999999999896527 0.2945517281211455507 0.93304972999632540542 -2.5268953848636432902 0.0048996737366027399638 
1.1249999999999868994 0.31244278733998481767 1.0625666609652544281 -2.5278439808017139079 0.0049984696335452953944 
1.149999999999984146 0.31345569236223558285 1.5351186577271520584 -2.5285584367872595557 0.002367723880248025041 
1.1749999999999813927 0.29914682160870964545 1.5961834494216009528 -2.5290507956611762985 0.0033685569966602764251 
1.1999999999999786393 0.28882392432791176295 1.4116620056812902995 -2.5296957953054173274 0.0030716292870592958042 
1.224999999999975886 0.28868202751801441686 1.2634584247191182893 -2.5302339981700385785 0.0031402690402901069743 
1.2499999999999731326 0.29126477889766594354 0.98486615898245066791 -2.530843501187694411 0.0026667511197594785666 
1.2749999999999703792 0.30090715563335657112 0.83885146625670725662 -2.5312613733181583697 0.0021223524977152987553 
1.2999999999999676259 0.30648495438215422881 0.91709931294255986334 -2.5316544404509313537 0.0019521838669716371894 
1.3249999999999648725 0.29793528285411130518 1.1062366014562130534 -2.5320048088455879842 0.0018425213172737903156 
1.3499999999999621192 0.29075535343427111323 1.1760760317045497736 -2.5323584103827889713 0.0019036763734882392301 
1.3749999999999593658 0.29873686394845971881 1.1388438690509778972 -2.5327093004207288374 0.0016792346700997687944 
1.3999999999999566125 0.30729173935138781593 1.3182012622855245887 -2.532971443654460586 0.0012200288955550053251 
1.4249999999999538591 0.29970967706196555147 1.4276350525020158333 -2.5332186049026454988 0.0013556791730928833845 
1.4499999999999511058 0.28992985995538667066 1.2758883988950318056 -2.5334683991732487307 0.0013011573226492671642 
1.4749999999999483524 0.2928503367187239026 1.0600723178712321282 -2.5336953118312290911 0.0010812455188227761832 
1.4999999999999455991 0.29964576126847131121 0.97222033740865110296 -2.5338691890809466045 0.00078314808468824123264 
1.5249999999999428457 0.30331648806599342816 1.0746090734452664606 -2.5340324899862176622 0.0010156374042385178831 
1.5499999999999400924 0.30461430990529680951 1.1675587480992872802 -2.5342362310767101441 0.00099273314299464540493 
1.574999999999937339 0.29925302309541113033 1.2288020533599193218 -2.5343838620323633215 0.00064977847807906098394 
1.5999999999999345857 0.29164754644229318181 1.2612873927069161439 -2.5344928574687726197 0.00050174444003381747474 
1.6249999999999318323 0.29441092630502790906 1.2252268281717197951 -2.5345937262204509821 0.00064657597224868882009 
1.649999999999929079 0.30239508423410121907 1.2031580093954192812 -2.5347414589242234229 0.00081259071749937271129 
1.6749999999999263256 0.30310902930353283979 1.1669162408546780441 -2.5348585554492273353 0.000394708965262173105 
1.6999999999999235722 0.29870562135147171734 1.1325872750756904583 -2.5349229138854081356 0.00040578613992405660176 
1.7249999999999208189 0.29658570263329819827 1.1086737491365696862 -2.5350025619927127885 0.00036922642491557186323 
1.7499999999999180655 0.29717490238541255376 1.1227127019918068385 -2.5350777217801248042 0.00048382457901199253485 
1.7749999999999153122 0.29867838600389079451 1.2065224915656158622 -2.5351645132620559409 0.00034375608682991827579 
1.7999999999999125588 0.3000962883490144173 1.2324413416014916578 -2.5352171509394150206 0.00027991020631833055197 
1.8249999999999098055 0.30046220525656797129 1.2036834896272594619 -2.5352740969061238197 0.00032279100184505184158 
1.8499999999999070521 0.29854848494628499767 1.1557968221943779596 -2.5353339318158836235 0.0002864694060192800166 
1.8749999999999042988 0.29696975947043108279 1.129532225858962402 -2.5353792810264903501 0.00020306667043033200192 
1.8999999999999015454 0.29920608270661819272 1.1852733767545755583 -2.5354144619571532537 0.00017202164110401629502 
1.9249999999998987921 0.30142462945898540472 1.1959739743027282266 -2.5354547270047822494 0.00026944419106258077259 
1.9499999999998960387 0.29983839323368416396 1.1702839778167493101 -2.535501487358715611 0.00019051219551568515241 
1.9749999999998932854 0.29731656034935133315 1.177182368658408862 -2.5355307544243297357 0.00015120170228991063792 
1.999999999999890532 0.29656451406362205336 1.193049752741251357 -2.5355592458439915049 0.0001329897171555623355 
2.0249999999998880007 0.29803214821557094671 1.2056656555577101031 -2.5355814475214661918 0.00011082653450354034482 
2.0499999999998852473 0.30104897646592071458 1.1650172461815733183 -2.5356059866324507368 0.00015425678665142484886 
2.074999999999882494 0.30237870295421154232 1.1204868389726598821 -2.5356332052531049825 0.00011972401228961100054 
2.0999999999998797406 0.29958752790220583018 1.1356365776228454223 -2.5356537372488974214 0.00011065818190905812586 
2.1249999999998769873 0.29635879341810628107 1.1787442097535740793 -2.5356728518379392234 8.0471713237758671637e-005 
2.1499999999998742339 0.29690216380252948403 1.2162423891678157961 -2.5356862460726032893 6.8085573499852475635e-005 
2.1749999999998714806 0.29942642037098299301 1.2117204527792475588 -2.5357003920618415016 8.6104483576692524894e-005 
2.1999999999998687272 0.30040351233173706591 1.1920811892546092636 -2.5357169209082401906 8.3102798168691911643e-005 
2.2249999999998659739 0.29970903130115567059 1.1762535975668027 -2.5357317620226651478 7.3156200503273532336e-005 
2.2499999999998632205 0.29894471395947058712 1.1606200758866207501 -2.5357417700787943105 3.3733570271356311493e-005 
2.2749999999998604672 0.29883552652590839038 1.1575384287952346085 -2.5357505710943644139 6.3730244781275748869e-005 
2.2999999999998577138 0.29942982644531074277 1.1547994122621654256 -2.5357608241283413619 3.9757148756294668677e-005 
2.3249999999998549605 0.29977658069086088322 1.1725246779974169975 -2.5357695319769733011 5.7851713819188666258e-005 
2.3499999999998522071 0.29870345746269327813 1.1954764917143125835 -2.5357790247792704186 3.6868803824372467926e-005 
2.3749999999998494538 0.29763952849155989044 1.1920145769406458314 -2.5357851150015520147 3.1000707542806761575e-005 
2.3999999999998467004 0.29846449922020640289 1.1820595042283472687 -2.535791468637700774 3.6386150170551273758e-005 
2.4249999999998439471 0.29996304632707332383 1.1695284385804662897 -2.5357974429944087902 2.4865820993435724159e-005 
2.4499999999998411937 0.30020765354100148459 1.1757115080248077277 -2.5358027807678187315 3.55540907237478557e-005 
2.4749999999998384403 0.29934691771146226813 1.1842919574240216019 -2.5358084832737834979 2.0524484936028597687e-005 
2.499999999999835687 0.29868654135838978991 1.1628253172545779393 -2.5358125026132976032 2.4928367087467881295e-005 
2.5249999999998329336 0.29868657430857792345 1.1529193303959943684 -2.5358166662747705367 1.75546129018404402e-005 
2.5499999999998301803 0.29881750450284516596 1.1728161914839039248 -2.5358202568621921458 2.15299899471661927e-005 
2.5749999999998274269 0.29914899257555233048 1.2019968735617914124 -2.535823785850608747 1.5516403341695351737e-005 
2.5999999999998246736 0.29950999926361721037 1.2069290975389739273 -2.535826672585551389 1.5209881756255248453e-005 
2.6249999999998219202 0.29921076514376510058 1.1794222654161565789 -2.5358295634362488791 1.5848301238713513443e-005 
2.6499999999998191669 0.29886675252444033779 1.1634692468360778861 -2.5358324767600972649 1.3566068669546567672e-005 
2.6749999999998164135 0.29917829778232152282 1.1650751250910804657 -2.5358346920294438931 1.0653207362112348909e-005 
2.6999999999998136602 0.29933952656190865316 1.1680479466854083448 -2.5358363783379913592 7.7968910592182860171e-006 
2.7249999999998109068 0.29903005741794280725 1.1713483500579027208 -2.5358382263592935679 1.2306501992306364469e-005 
2.7499999999998081535 0.29890127941632810282 1.1721027670584287517 -2.5358405520445117531 1.0384927746155737959e-005 
2.7749999999998054001 0.29893154461997806237 1.1755331847634864495 -2.5358420753974706408 6.8363792251509808865e-006 
2.7999999999998026468 0.29896253959244983855 1.1809950589119924125 -2.5358433493978744799 6.435796407698231765e-006 
2.8249999999997998934 0.29933389561083328934 1.1877087782399771143 -2.5358444835408953111 6.4142290443683935185e-006 
2.84999999999979714 0.29966589266996002117 1.1887288914948976881 -2.5358458625652211538 7.3847429615906751282e-006 
2.8749999999997943867 0.29926332373280273291 1.1797787804779895637 -2.5358470412824143381 4.8416580518319796191e-006 
2.8999999999997916333 0.29868001134430000043 1.1751205036908345392 -2.5358478554563390617 4.6929010525318583399e-006 
2.92499999999978888 0.29877865902456757219 1.1738186640160366281 -2.5358489030066002634 5.619649475250629803e-006 
2.9499999999997861266 0.29923307566778051259 1.1715455939820802467 -2.5358497229890080149 3.605020474460704763e-006 
2.9749999999997833733 0.29934652662898769693 1.1690037623317997006 -2.5358504747467032203 3.8077432249809099694e-006 
2.9999999999997806199 0.29919412160672048673 1.1689330599720451076 -2.5358509962549504735 2.3417825072294044059e-006 
3.0249999999997778666 0.29904236297863412419 1.1762100140673870108 -2.5358516418577128348 4.2191427002788435311e-006 
3.0499999999997751132 0.29892278526727744659 1.1796265570227197905 -2.5358523670954564722 3.3884713298227602756e-006 
3.0749999999997723599 0.29902475703573438981 1.1796159551726492776 -2.5358528948729746055 2.104251021106527109e-006 
3.0999999999997696065 0.29927466873548802528 1.1821171453178638266 -2.535853246230648228 1.9027140979591538596e-006 
3.1249999999997668532 0.29926353794195742486 1.1814121218914286349 -2.535853622784965733 2.0115444816396738031e-006 
3.1499999999997640998 0.29906937097078045706 1.1809567582170972244 -2.535854042095972094 2.377272664790300408e-006 
3.1749999999997613465 0.29907927412211976481 1.1786708715277482984 -2.5358544609635544909 2.1247685031569130219e-006 
3.1999999999997585931 0.29926230011804588749 1.1734191742566617567 -2.53585482497195569 1.4667448117721479277e-006 
3.2249999999997558398 0.29922162622344133931 1.1710158445175897768 -2.5358550112735751547 8.9862408997897303838e-007 
3.2499999999997530864 0.29896026819224474913 1.1713236794750305769 -2.5358552715880420259 1.6511506890590904177e-006 
3.274999999999750333 0.29891460135626884975 1.174608111305194047 -2.5358555436425551655 1.2598434652439304605e-006 
3.2999999999997475797 0.29905919840558342626 1.1762580698856801575 -2.5358557787534117267 1.2404428931794645444e-006 
3.3249999999997448263 0.29912966819391839657 1.1765074865376505819 -2.5358559890773690881 9.2355835503115181499e-007 
3.349999999999742073 0.29922583090143395346 1.179640245315138003 -2.5358561307600808732 7.1447750143784129979e-007 
3.3749999999997393196 0.29930576069175224285 1.1816774151290085904 -2.5358563106248181995 1.091689485927048697e-006 
3.3999999999997365663 0.29917157676214117812 1.1816074918985517428 -2.535856474221178658 6.0639977592289550248e-007 
3.4249999999997338129 0.2990291288564136396 1.1787792906352547728 -2.5358565830422774567 6.8036496447140543318e-007 
3.4499999999997310596 0.2990922721429537523 1.1739861819791168607 -2.5358567275597003743 7.5613161889765182284e-007 
3.4749999999997283062 0.29913787069427671961 1.1716496769642599229 -2.5358568498247837653 5.5059735452739765697e-007 
3.4999999999997255529 0.29904279577650261235 1.1730442746676710275 -2.5358569478883845605 4.6587341792207999623e-007 
3.5249999999997227995 0.29902164608638498455 1.1764443915273736785 -2.5358570210405133594 3.6720679043737024649e-007 
3.5499999999997200462 0.29912247343259396049 1.1769724934823972973 -2.5358571095175399535 5.6850203470926876415e-007 
3.5749999999997172928 0.2991897528314064747 1.1768504441692073659 -2.5358572087659103644 4.37085273698502395e-007 
3.5999999999997145395 0.29920401483264363884 1.1798435601772758741 -2.5358572793451412686 3.0811531446041272989e-007 
3.6249999999997117861 0.29920156567158096017 1.1805325059028710655 -2.5358573264640189571 2.3340832429103671436e-007 
3.6499999999997090327 0.29912382418260308192 1.1773242383576887349 -2.5358573837529099215 3.6461846255170948192e-007 
3.6749999999997062794 0.29901068595050056542 1.1743670823275871307 -2.5358574472421291368 2.8598259346910940496e-007 
3.699999999999703526 0.29902527044641363796 1.1747638731689675762 -2.5358574943054272843 2.3397226281412285496e-007 
3.7249999999997007727 0.29913789633958171033 1.1761299310257946615 -2.5358575385167694272 2.1420455205137320419e-007 
3.7499999999996980193 0.29917846522435914691 1.1754961204670921759 -2.5358575746622373792 1.9609107212720793927e-007 
3.774999999999695266 0.29913855685570589493 1.1763631244308205837 -2.5358576177022724707 2.2403432706273001723e-007 
3.7999999999996925126 0.29910973550633879192 1.1781214577712670888 -2.5358576445696132673 9.1332449749653183465e-008 
3.8249999999996897593 0.29912459795672852181 1.1781779856963221498 -2.5358576726441119931 2.0586774165593748465e-007 
3.8499999999996870059 0.29914637273013905405 1.1780377716707168823 -2.5358577070691330491 1.3859126782731083307e-007 
3.8749999999996842526 0.29913846326857307378 1.177359930202523941 -2.535857730973547941 1.2353286298500892417e-007 
3.8999999999996814992 0.29911181261255681552 1.1758943508011858725 -2.5358577530442203418 1.1268331090925910121e-007 
3.9249999999996787459 0.29907610508624599133 1.1747134135454007087 -2.5358577718331281048 8.6572313103086715236e-008 
3.9499999999996759925 0.29907054504925623117 1.1756502061888562949 -2.5358577903462378167 1.1320338711492589241e-007 
3.9749999999996732392 0.29912941912929369437 1.1776640932158810582 -2.5358578091280201683 7.5324474699604393411e-008 
3.9999999999996704858 0.29917375626304937297 1.1771662347739666465 -2.5358578238156868068 9.0619527048291364913e-008 
4.0249999999996788347 0.29915114923341018516 1.1763485457628677366 -2.5358578401819240611 7.5882008411383024482e-008 
4.0499999999996871836 0.29911730887246412713 1.1772391006511939704 -2.5358578529747082264 5.9186024633125575198e-008 
4.0749999999996955324 0.29910043839576305746 1.1775204287239364742 -2.5358578619088718575 4.3381380675131209021e-008 
4.0999999999997038813 0.29909910678908846471 1.1767137796558622131 -2.5358578724433860074 6.3186718133999822847e-008 
4.1249999999997122302 0.29912241743193274113 1.1761872485455138193 -2.5358578839341090472 5.8712118763487865337e-008 
4.1499999999997205791 0.29913713930867597002 1.1766752382775051977 -2.5358578938996219065 4.4954388771656006074e-008 
4.1749999999997289279 0.29911675336887000309 1.1768676229137238209 -2.5358579014348170411 3.6499252563069031881e-008 
4.1999999999997372768 0.29910542920437610537 1.1765007234457167673 -2.5358579070828093371 2.5648807406908988079e-008 
4.2249999999997456257 0.29912407198731300051 1.1768063700525499549 -2.5358579137977610429 4.5007056046081787163e-008 
4.2499999999997539746 0.29913480889091931259 1.1769818605325270688 -2.5358579211757201755 2.821701331179618755e-008 
4.2749999999997623235 0.29912880172088290864 1.1765941858113380114 -2.5358579260139295641 3.0481774769530248514e-008 
4.2999999999997706723 0.29912217701170307205 1.1763629526061052388 -2.5358579321519925109 2.7114794659293562607e-008 
4.3249999999997790212 0.29911187413789164236 1.1766156836805417019 -2.535857935557661591 1.4674953593061197897e-008 
4.3499999999997873701 0.29910305792631292077 1.1768861180662777421 -2.5358579395327200956 2.5311761623390988925e-008 
4.374999999999795719 0.29911577252222354417 1.1767610578871565696 -2.5358579437258379485 1.8777365970815014126e-008 
4.3999999999998040678 0.29913647311467855827 1.1770011438465717291 -2.5358579472773832286 1.969143938987869268e-008 
4.4249999999998124167 0.29912991976818520401 1.1771485461105792858 -2.5358579506864975528 1.5275502555892546845e-008 
4.4499999999998207656 0.2991127311766171859 1.1767072384781358529 -2.5358579530854452599 1.1612609432390808628e-008 
4.4749999999998291145 0.29911918237598233983 1.1764705238158690292 -2.5358579556825007195 1.4782113601930271717e-008 
4.4999999999998374633 0.29912987018086051316 1.1764045295449037098 -2.5358579581022757665 1.1512633489474451848e-008 
4.5249999999998458122 0.29912178910758741024 1.1766204762716621079 -2.5358579602781028406 1.0772000692011598194e-008 
4.5499999999998541611 0.29911192921961088365 1.1769374370444150024 -2.5358579621741457188 1.1162076769672546771e-008 
4.57499999999986251 0.29911677000777459057 1.1768554790937959531 -2.5358579643658973879 9.1848983797482279507e-009 
4.5999999999998708589 0.29912357403370298803 1.1767218172852587088 -2.5358579655834958544 5.8977875283599958575e-009 
4.6249999999998792077 0.29912043909997543256 1.1766603947945069031 -2.535857966889987658 7.3418017470135141943e-009 
4.6499999999998875566 0.29912000242488306911 1.1767978258792068935 -2.535857968347146052 8.4413901778549816228e-009 
4.6749999999998959055 0.29912234874370902116 1.1768681381359773486 -2.5358579698687586657 7.1625110439560996325e-009 
4.6999999999999042544 0.29911711184820333198 1.1765672659719692561 -2.5358579710090318748 4.3604011149177377784e-009 
4.7249999999999126032 0.29911964684769098977 1.1764896697518270052 -2.5358579715800915189 3.2073386948465218981e-009 
4.7499999999999209521 0.29913178844189841632 1.1766875242689032177 -2.5358579725946173156 6.6261779030016826401e-009 
4.774999999999929301 0.29912776680445046784 1.1768805917765370328 -2.5358579736318178632 4.4028085541313849729e-009 
4.7999999999999376499 0.29911220087863249484 1.1770229315520097657 -2.5358579743729436906 3.5197149858580768578e-009 
4.8249999999999459988 0.29911163479801444742 1.1769967839476973559 -2.535857974995498143 3.0136140096983121082e-009 
4.8499999999999543476 0.29912076983878305159 1.1767832784855272177 -2.5358579755460337601 3.2221145947735506721e-009 
4.8749999999999626965 0.29912210899815921961 1.1765141647836505623 -2.5358579762729096529 3.8529062202323420058e-009 
4.8999999999999710454 0.29912159650407699196 1.1764976122789434498 -2.5358579767555351481 1.5504219265013200954e-009 
4.9249999999999793943 0.2991244380794543245 1.1765370832363271081 -2.5358579771028000316 2.4180885202722581181e-009 
4.9499999999999877431 0.29912258973836780562 1.1764701538830613092 -2.5358579776200560474 2.7188828157728284888e-009 
4.974999999999996092 0.29911803529988451045 1.1767135436679838634 -2.5358579780753891519 2.121763139421662871e-009 
