0.025000000000000015266 0.60032008075685339143 0.00051687198865963887573 -2.2403177381563317283 0.043495736371156057398 
0.05000000000000003747 0.57317308651427856248 0.018247080675331844857 -2.245471652473317814 0.066971899367922721469 
0.075000000000000052736 0.41801121655208617334 -0.014128924420717170474 -2.2597096161331160502 0.11111809560777100025 
0.10000000000000007494 0.37038316657242886798 -0.05514474128202284664 -2.2837671879255156959 0.12680372191453337383 
0.12500000000000008327 0.19157299835497690332 -0.38778749067158568842 -2.2996126815304904767 0.07207600185394386072 
0.15000000000000010547 0.20146318092162621149 -2.3179317502923986183 -2.3115483032621670922 0.08011879957229872673 
0.17500000000000012768 0.30320852500523198803 -3.1031310331708539252 -2.3247045626974984778 0.07937120704817474115 
0.20000000000000014988 0.21260332866186229528 -1.7691832896957895294 -2.3375496000828670518 0.058176681354928191925 
0.22500000000000017208 0.20842573939013073203 -2.5850304533224770509 -2.3482543894918626037 0.083711958100688918516 
0.25000000000000016653 0.28996432944770750284 -2.6294452001484196479 -2.3623564161142067697 0.074604201631684088913 
0.27500000000000018874 0.24813311449792549435 -1.1334094752095977832 -2.3739956490098523822 0.064686440807995890245 
0.30000000000000021094 0.2713375179996785902 -1.5933012633649767942 -2.3839497902712762922 0.050075554345815537216 
0.32500000000000023315 0.30416807374730736591 -2.3195899809720872398 -2.3942525644490340042 0.065017258962773064046 
0.35000000000000025535 0.31855536324314948082 -1.5417923085995342003 -2.4031957385271760508 0.057922635241374552384 
0.37500000000000027756 0.32581257546601605224 -1.1303602096473723826 -2.4152811869379440246 0.073417484348325054433 
0.40000000000000029976 0.24967037017756371631 -0.58686321064897839506 -2.4239285175006886064 0.030448213377475788488 
0.42500000000000032196 0.24518802311017942608 -0.16323916580073838389 -2.42983832505311792 0.045235402500427138173 
0.45000000000000034417 0.25220455042508055366 -0.58639508108985172186 -2.4376902688474717529 0.038626905376122531999 
0.47500000000000036637 0.22631115444804283943 -0.54262939615778682523 -2.4441479314886458418 0.038719795880030556667 
0.50000000000000033307 0.22897695559852768166 0.2946230992620045841 -2.450062821493983467 0.035780050175384055244 
0.52500000000000035527 0.24694711628160131989 0.63654841151053154213 -2.4560180990832911618 0.036437945816734762516 
0.55000000000000037748 0.28948322134521387028 0.83367346744862891317 -2.4627751473450900654 0.039256709967519072546 
0.57500000000000039968 0.34214897702294211346 1.6361381088987478893 -2.4697158839252413287 0.04150720085875685833 
0.60000000000000042188 0.34223445896081189366 1.5427696260191865463 -2.4755306182792042868 0.029272706285328870673 
0.62500000000000044409 0.28774815288020316739 0.79840313419844932685 -2.479734500334525471 0.025351062478057347777 
0.65000000000000046629 0.26768114358501543526 0.61300596959496111982 -2.4839810586863246833 0.01932218915296686837 
0.6750000000000004885 0.24327003898019405881 0.42518271185017797453 -2.4873154550112781536 0.021963708247653191546 
0.7000000000000005107 0.25536746108049362958 1.2090376154097159933 -2.4908013366033863178 0.022000326676394212078 
0.72500000000000053291 0.30515911148846369683 1.6243886389218227251 -2.4945579304874851978 0.020686458018692368416 
0.75000000000000055511 0.30914772570161974663 1.0048662774823746702 -2.4975484653748716291 0.015565305100061193472 
0.77500000000000057732 0.2868297846607957835 1.3658994590235153943 -2.5008634778026328505 0.021365558830577974225 
0.80000000000000059952 0.27813062795751192224 0.96508077154830740341 -2.5038884391005429286 0.017118757961060219325 
0.82500000000000062172 0.28467204660196948618 0.37034085158965968088 -2.5064494746318444207 0.011274975277921713002 
0.85000000000000064393 0.29719841778806760368 1.1760494729271691039 -2.5082000894685450021 0.010960594636781452807 
0.87500000000000066613 0.29360678607178031241 1.5950672494462452278 -2.5102753651438316496 0.013589344977447188889 
0.90000000000000068834 0.28742493459767387565 1.1936615906879231019 -2.5124825608623413409 0.013767564859397677518 
0.92500000000000071054 0.29226244005493406952 0.97418603109670109941 -2.5147546332451882201 0.010623090887284244305 
0.95000000000000073275 0.2926137701465383878 0.93302560651454258256 -2.5164924401637223106 0.011243291957443455123 
0.97500000000000075495 0.29190549113026337258 1.2644847903635514363 -2.5178808533330516717 0.0054849996214304669317 
1.0000000000000006661 0.29349517595996171826 1.5760478154388284366 -2.5189331010129776267 0.0079480920576591833349 
1.0249999999999979128 0.29593318340493574015 1.2251116226267209086 -2.5204255453101942486 0.007410393263630082536 
1.0499999999999951594 0.2935220076259991151 1.1380999825370059497 -2.5214735608631730912 0.0074201497670192155184 
1.0749999999999924061 0.28535747106581049737 1.2337469089786337051 -2.5228296880645264544 0.0077650550312078573528 
1.0999999999999896527 0.29292022800368489044 0.76786934004260509745 -2.5241545016071067487 0.0066143109622214752222 
1.1249999999999868994 0.30923294158330338899 0.78523736914146979871 -2.5248127111753033702 0.0031621486728898901171 
1.149999999999984146 0.30192351334182687683 1.2164996038167932291 -2.5256513303283427696 0.0059865625789216796518 
1.1749999999999813927 0.28581770765714337168 1.2607228183367258367 -2.5264878593940136575 0.0042316369926696031922 
1.1999999999999786393 0.29321634273526631098 1.4780331559515718087 -2.5273413014947596622 0.005320798196405038781 
1.224999999999975886 0.29892376104713563878 1.5839695517110319312 -2.5280445151553982974 0.0035698197819514134593 
1.2499999999999731326 0.2938059269373158866 1.3546417702589024223 -2.5286000592273558674 0.0027419365363014749568 
1.2749999999999703792 0.29812565167990784376 1.2041867832362080915 -2.5291285969721171156 0.0039197052950451193032 
1.2999999999999676259 0.30232195866175776144 0.81567046778199303603 -2.5297885606828405258 0.0030962266681517913725 
1.3249999999999648725 0.29738446426017606239 0.77096461755323164589 -2.5302097613590932568 0.0027722803151129689347 
1.3499999999999621192 0.29388278803425149643 1.1458380942709838202 -2.5306464872563729784 0.0021679763433788438662 
1.3749999999999593658 0.30002406220517918722 1.0589899936431907967 -2.5311088423144343373 0.003032542118908425257 
1.3999999999999566125 0.30261451492840635291 1.0563998313093660997 -2.5315066872504319306 0.0019442566610539877003 
1.4249999999999538591 0.29120443960863412469 1.3899535783896523888 -2.5318465626203314756 0.0019645547908589823353 
1.4499999999999511058 0.28715720874706673893 1.5073818713979865169 -2.5321220589201485218 0.0014789268728968131897 
1.4749999999999483524 0.30196901218273669576 1.4090808444891735896 -2.5324218232185242705 0.0019608691706503068863 
1.4999999999999455991 0.30879388185675799017 1.1811423795982949336 -2.532748677345354249 0.0019839419655269131121 
1.5249999999999428457 0.3033192175432352089 1.0075672140129334764 -2.5330173805488991334 0.0010700202451519097088 
1.5499999999999400924 0.29915209590573293985 1.0249586156709531437 -2.5332064628245096749 0.0012431393732994454847 
1.574999999999937339 0.29377924764529067536 1.0382767856451167177 -2.5334130321716905598 0.0012645598439412607944 
1.5999999999999345857 0.29171670488752715622 1.0634289548822364324 -2.5336144942775771227 0.0011515620559907617949 
1.6249999999999318323 0.29796260033427096614 1.2168243598055563659 -2.5338104621308632503 0.0010453407415826618861 
1.649999999999929079 0.30276978269033061331 1.2743954695925836518 -2.5339759718150083323 0.00099969631107367181756 
1.6749999999999263256 0.29932802667635532989 1.1840604106699741394 -2.5341349272092417166 0.00086126389337671659541 
1.6999999999999235722 0.2952451673787969133 1.2210804269604609296 -2.5342577424557144461 0.00066052208437225980522 
1.7249999999999208189 0.29807416816762272171 1.2519714341422272241 -2.5343847219216693034 0.00075181378927646291908 
1.7499999999999180655 0.30445591974795865875 1.1678506835210389347 -2.5345016837598390858 0.00071167730044811730941 
1.7749999999999153122 0.30339596250813205547 1.1774868010827848064 -2.5346190963847621269 0.00067243566539498215041 
1.7999999999999125588 0.29781449028892026387 1.1924402496375949845 -2.5347360597472903265 0.00064683164816509131599 
1.8249999999999098055 0.29534324608204376439 1.1492651135202323065 -2.5348138065977634525 0.00034300781674807638826 
1.8499999999999070521 0.29326920997881189557 1.1072055105542217834 -2.5348849536754580747 0.00049256289375451168828 
1.8749999999999042988 0.29620332117572528707 1.1118393498829439725 -2.5349651382189319904 0.00047694511262846796176 
1.8999999999999015454 0.30400899563612771015 1.2010176216278334316 -2.5350483756019031034 0.00046640602113156784262 
1.9249999999998987921 0.30362994074694726887 1.1894567380866003514 -2.5351199488474853716 0.00039237817132380640875 
1.9499999999998960387 0.29802119585508418664 1.1277719862802189077 -2.5351741674295298345 0.00025828905663351637819 
1.9749999999998932854 0.29667755962241515455 1.1974349498312029105 -2.5352192066032235296 0.00030332641536811417397 
1.999999999999890532 0.29716925607068217507 1.2703602317008166889 -2.5352731139864479459 0.00031696517163470400635 
2.0249999999998880007 0.29973043339339822122 1.2636103660590625175 -2.5353265430283853377 0.00028299923629937072823 
2.0499999999998852473 0.30203894497777583616 1.1873347408554317806 -2.5353676473652071444 0.00026428527654271706526 
2.074999999999882494 0.2998065712954401385 1.1057646905384852509 -2.5354119946127551266 0.00022513660619225396662 
2.0999999999998797406 0.29632968105187801333 1.0718045763393184711 -2.5354442889126982408 0.00015573432453872736387 
2.1249999999998769873 0.29587974200298100547 1.0836565294076054844 -2.535472662443929881 0.00020337981648962981862 
2.1499999999998742339 0.29923645597734682688 1.1842245013668581954 -2.5355064957113575552 0.00018638492684087458007 
2.1749999999998714806 0.30200593588451279947 1.2571692889169683305 -2.5355355510424470999 0.00016945679164175948177 
2.1999999999998687272 0.30023904742067120122 1.2291057005147461023 -2.5355678033565283158 0.00017880259667345160053 
2.2249999999998659739 0.29799849221034013791 1.2032811206218874123 -2.5355878054405418531 9.3034438841961349825e-005 
2.2499999999998632205 0.29852320077133004395 1.1900817607315161695 -2.535603665828574993 9.6520422452132551916e-005 
2.2749999999998604672 0.29927786438793385626 1.1815165344416422855 -2.5356265762724898849 0.00015327696306322675587 
2.2999999999998577138 0.29974586105596850993 1.1678207507541844556 -2.5356484251289832521 0.00011838980625542647066 
2.3249999999998549605 0.29958244148568796694 1.1300922616035475876 -2.5356653229969490226 8.4378625933233857774e-005 
2.3499999999998522071 0.29765278586022103635 1.1116302263701605124 -2.5356794726369509263 7.7006894162336703429e-005 
2.3749999999998494538 0.29677377680281152861 1.1416340230217505436 -2.5356933421603962131 8.8136515171960685077e-005 
2.3999999999998467004 0.29891277088636308834 1.1939545891621270446 -2.5357070202707188145 8.3890392606660355674e-005 
2.4249999999998439471 0.30142569575184752217 1.2276312484962590421 -2.5357201187299049927 5.8044018877991904399e-005 
2.4499999999998411937 0.30112715423157793149 1.2316524181532633175 -2.5357292489359744003 5.9446488782194724539e-005 
2.4749999999998384403 0.29883866063834962912 1.2065584098678614478 -2.5357408111656281058 7.7751195095746125814e-005 
2.499999999999835687 0.29798483312566276249 1.1712275054574907696 -2.5357519901423937192 4.8751053708195491864e-005 
2.5249999999998329336 0.29831864574268013302 1.1460315098593021332 -2.5357593921187215891 4.0876958862116280025e-005 
2.5499999999998301803 0.29837691832589752217 1.1358810948482307435 -2.5357659616366783339 4.0604279544226890995e-005 
2.5749999999998274269 0.29935303225475634603 1.1631389093890112107 -2.5357731158847389707 4.6759989027584206742e-005 
2.5999999999998246736 0.29980867205371780626 1.1820507984381487532 -2.5357818729561234505 5.0953017551177929982e-005 
2.6249999999998219202 0.29869842507971022805 1.1713968495516891011 -2.5357887717689155949 2.9282644377762674556e-005 
2.6499999999998191669 0.29882165619329564832 1.1889619422171455732 -2.5357929207157208218 2.5385489754571910909e-005 
2.6749999999998164135 0.29995086844577917295 1.1954132571377493743 -2.5357971527949612067 2.5124409467977582846e-005 
2.6999999999998136602 0.29980914879525205619 1.181389666743491329 -2.5358027779621901132 3.9956907097388808501e-005 
2.7249999999998109068 0.29887804982024707146 1.1849535635406795997 -2.5358082529443617403 2.3916031752148110697e-005 
2.7499999999998081535 0.29819884473916152823 1.1724951284599156587 -2.535812071452077987 2.0521072344054597594e-005 
2.7749999999998054001 0.29837243331378071609 1.158459991601451744 -2.5358151550006642339 1.9478316902854583435e-005 
2.7999999999998026468 0.29917069532229528805 1.1632767562580181853 -2.5358185685061602754 1.9568781242205086245e-005 
2.8249999999997998934 0.29972090660116484928 1.1795078645107952564 -2.5358218662088667372 1.9952164902754332079e-005 
2.84999999999979714 0.29986131752903427694 1.2008563291020619701 -2.5358250775838171442 1.5873313218588068306e-005 
2.8749999999997943867 0.29926203652072214112 1.186312174787071072 -2.5358274810433489854 1.6029249314869989807e-005 
2.8999999999997916333 0.29853556179622653399 1.1626467848799513227 -2.5358300726864007046 1.3342961168217128999e-005 
2.92499999999978888 0.29890460328579382399 1.1720531533840810035 -2.5358326415221141836 1.4738471537399623355e-005 
2.9499999999997861266 0.29931286805147810925 1.1745365396217894993 -2.5358341430456019516 6.887917659410647023e-006 
2.9749999999997833733 0.29889687520533442244 1.1660718007476407188 -2.535835823579413173 1.2494379133838725012e-005 
2.9999999999997806199 0.29873609329191830319 1.1751116642955223845 -2.5358381623931838256 1.3025469013628493566e-005 
3.0249999999997778666 0.2990848551065352634 1.1831923273166198296 -2.5358399929394286332 9.4704688692717966137e-006 
3.0499999999997751132 0.29943049060583665222 1.1801127224004779315 -2.5358412280966091679 6.3146315569126798851e-006 
3.0749999999997723599 0.29958815136675970292 1.1827044257781831327 -2.5358422362080510482 4.857770407961052273e-006 
3.0999999999997696065 0.29936619776664069592 1.183844706537749758 -2.5358434520242334465 1.0087390666236795679e-005 
3.1249999999997668532 0.2989383554951060562 1.1773797201703715132 -2.535845070039657756 8.5069293528673197975e-006 
3.1499999999997640998 0.2986624781417911989 1.1723200225310059785 -2.5358461184836467162 3.9981323135619636921e-006 
3.1749999999997613465 0.29885919730357457524 1.1699182757382609044 -2.5358468958097581947 5.2788741896161790366e-006 
3.1999999999997585931 0.2993852542248070514 1.1750834621455141793 -2.5358477471758353872 5.2300820413506696123e-006 
3.2249999999997558398 0.29932955987588044655 1.1758350569018531928 -2.5358485760066886705 4.4619933742603132466e-006 
3.2499999999997530864 0.29890845394601217588 1.1708921393259308363 -2.5358493718544492523 4.749488371519456793e-006 
3.274999999999750333 0.2990255389097072336 1.1809213293089868557 -2.5358501321694437713 4.0639898246837511542e-006 
3.2999999999997475797 0.29919357514094735429 1.1833609641565061565 -2.5358507305842117319 3.8460502445684834532e-006 
3.3249999999997448263 0.29918550977020502701 1.1736674363497963114 -2.5358513599610152944 2.8522179763950921352e-006 
3.349999999999742073 0.299343716385762737 1.1757848208800210088 -2.535851817799398944 2.7327638001746474875e-006 
3.3749999999997393196 0.2991835274646638676 1.1759563083633290947 -2.5358522522858777393 2.9963083452069958997e-006 
3.3999999999997365663 0.29882116061462932199 1.1760509822650746514 -2.5358528425266073647 3.2631042831766645125e-006 
3.4249999999997338129 0.29891112698987143403 1.1832770843615487699 -2.5358532483382894007 1.9600151928800176015e-006 
3.4499999999997310596 0.29924776847389389367 1.1829405263504151335 -2.5358536111124778678 2.1695767582041642901e-006 
3.4749999999997283062 0.29937907795007495659 1.1771362688193804935 -2.5358539405320756899 1.9616810364015626765e-006 
3.4999999999997255529 0.29916622783366153548 1.1703229749901100654 -2.5358542803004926469 1.7965926263675617079e-006 
3.5249999999997227995 0.29890217876038333022 1.168122973063485448 -2.5358545661680058636 1.8276044913737062437e-006 
3.5499999999997200462 0.29895453221929296772 1.1738105252400168332 -2.5358548482613469943 1.4514524624182412857e-006 
3.5749999999997172928 0.29916588272491728695 1.1760942706842001382 -2.535855125436873081 1.7424080598350270458e-006 
3.5999999999997145395 0.29930740910982567282 1.1774070230321089792 -2.5358553595301760453 1.1506014671061135025e-006 
3.6249999999997117861 0.29926475340924518775 1.1827545171012219249 -2.535855552210512176 1.0474575159531272873e-006 
3.6499999999997090327 0.2989973340054504769 1.1824879224934028432 -2.5358557238664407585 1.0680124891345353765e-006 
3.6749999999997062794 0.29889185052519362529 1.1780800779767359732 -2.5358559162050138269 1.2489186528642153511e-006 
3.699999999999703526 0.29914777640523831925 1.1785278553354103792 -2.5358561176694776051 1.0588696651620860085e-006 
3.7249999999997007727 0.29934637730395213806 1.1771807965607843371 -2.5358562702644715792 6.9085140746103203011e-007 
3.7499999999996980193 0.29922185855320465597 1.1716270912739732424 -2.5358563809256260413 7.2698967259241844475e-007 
3.774999999999695266 0.29898430346306559269 1.1713398062342859074 -2.5358564981163955743 7.1210483797699670697e-007 
3.7999999999996925126 0.29893704797938808193 1.1734914954380599728 -2.5358566270768259088 7.5394024221184417532e-007 
3.8249999999996897593 0.29910425932478701405 1.1752617509607510282 -2.5358567609727131753 7.6322442349940409244e-007 
3.8499999999996870059 0.29924566860988793815 1.1794810280516054846 -2.5358568556489160528 4.5246717355120180996e-007 
3.8749999999996842526 0.29924864674698192779 1.1820697739422330041 -2.535856930717542923 4.2359914403763708821e-007 
3.8999999999996814992 0.29910929229427535292 1.1811492769468925346 -2.5358570120815069338 5.4417855621231446882e-007 
3.9249999999996787459 0.29894275531260983136 1.1765270113402543917 -2.5358570996859124413 4.534825561185558291e-007 
3.9499999999996759925 0.29904257811874490613 1.1733545608194622112 -2.5358571669932530313 4.4003092947045187805e-007 
3.9749999999996732392 0.29925953195338128587 1.1765192456453532621 -2.5358572438672029037 3.5405143304226380155e-007 
3.9999999999996704858 0.29924345132839780259 1.1771836749373156827 -2.5358572968105930201 3.3226075566144132948e-007 
4.0249999999996788347 0.29914253718456224052 1.1742284021937710037 -2.5358573506086927729 3.3482272060625689355e-007 
4.0499999999996871836 0.299059790083020971 1.1746773980096665291 -2.5358574026291909043 2.216573511552928635e-007 
4.0749999999996955324 0.29897116713743715488 1.1769502094489805444 -2.5358574377630809238 2.665799606187757355e-007 
4.0999999999997038813 0.2990547087756723621 1.1783760636558537893 -2.5358574966643923077 3.6708366389144010714e-007 
4.1249999999997122302 0.29921896793106406154 1.178523873904392838 -2.5358575417647610806 1.9292556999604069514e-007 
4.1499999999997205791 0.29922617723579586491 1.1778446081784537114 -2.5358575689994720115 1.2266176333259911098e-007 
4.1749999999997289279 0.29912004051257984338 1.1763871022187073478 -2.535857593375846708 1.9190855462038479588e-007 
4.1999999999997372768 0.29905040293601670154 1.175394891115919771 -2.5358576279865947534 2.1054593442488820076e-007 
4.2249999999997456257 0.2991072075880527037 1.1768296915638551958 -2.5358576649401882719 2.1022810513702539861e-007 
4.2499999999997539746 0.29918435686587874223 1.1775530980916553148 -2.5358576927012741464 1.1682249764104941222e-007 
4.2749999999997623235 0.29914697615254065566 1.1763988422948306045 -2.535857708388957743 8.7653752355914323085e-008 
4.2999999999997706723 0.29908783403436584036 1.1756897339151559656 -2.5358577282963912225 1.5709288716033428715e-007 
4.3249999999997790212 0.29905369072020993038 1.1756795148666088213 -2.535857753837838402 1.2125933798994881188e-007 
4.3499999999997873701 0.29904687973283200497 1.1765199501069036891 -2.5358577714536187919 9.7253797836383106066e-008 
4.374999999999795719 0.2991533916488784417 1.1773560653160997092 -2.535857788174813443 1.0370950791552696149e-007 
4.3999999999998040678 0.29924440894494519494 1.177740223220290261 -2.5358578041880459608 8.7131826439975269835e-008 
4.4249999999998124167 0.29916626112759581169 1.1780543103727172394 -2.5358578188502867157 8.5348557992686734271e-008 
4.4499999999998207656 0.29906821667641808604 1.1773697160122744698 -2.5358578317803663893 6.0762478833773306798e-008 
4.4749999999998291145 0.29907454779387437904 1.1762067277261856191 -2.5358578416340633588 7.0098408291334303254e-008 
4.4999999999998374633 0.29911723157284458852 1.1758562852916765173 -2.5358578542522960397 7.4631454472471663483e-008 
4.5249999999998458122 0.29912522697708754382 1.1760194279212139445 -2.53585786680548253 6.7161931238962411168e-008 
4.5499999999998541611 0.29910656742403474162 1.1761218189243121124 -2.535857875551943863 4.1169393990284806175e-008 
4.57499999999986251 0.29911496991862784878 1.1763624813718056572 -2.5358578821869626196 4.1074669530131550417e-008 
4.5999999999998708589 0.29912911708209805051 1.1764600980018742327 -2.5358578901622936819 5.2974928892467099484e-008 
4.6249999999998792077 0.2991250933480441021 1.1768444830643658428 -2.5358578988495779072 4.4640390270000652348e-008 
4.6499999999998875566 0.29915134405013676933 1.1782790801138576242 -2.5358579056945314001 4.1506158336885251151e-008 
4.6749999999998959055 0.29915016999929605612 1.178287073111009553 -2.5358579118978026301 3.034847669253386077e-008 
4.6999999999999042544 0.29909012237517806909 1.1767623125863633238 -2.5358579168695363215 2.9366511368025767472e-008 
4.7249999999999126032 0.29908656591833326921 1.1762425933221289931 -2.535857922175539958 3.2777939637387522792e-008 
4.7499999999999209521 0.29912568722482202332 1.1756664330887462988 -2.535857927268406975 2.8411020095041181486e-008 
4.774999999999929301 0.2991254303570219375 1.1754871923091421149 -2.5358579315202689486 2.2328295035167849658e-008 
4.7999999999999376499 0.2991219493514031269 1.1765625923777114359 -2.5358579356309807196 2.6813621739462313361e-008 
4.8249999999999459988 0.2991276250399616532 1.1771264159164593899 -2.5358579400541323423 2.2373771710283936916e-008 
4.8499999999999543476 0.29911980236697116586 1.1773740518938415889 -2.5358579428805394507 1.4779956188819752327e-008 
4.8749999999999626965 0.29911621560585299751 1.1772316081618905415 -2.5358579455861667284 1.6933124215043354814e-008 
4.8999999999999710454 0.29912491729173823485 1.176826141827563621 -2.5358579487084047521 1.9173072219812536277e-008 
4.9249999999999793943 0.29913215074304705388 1.1770703530115067537 -2.5358579517818480298 1.8166637321413239414e-008 
4.9499999999999877431 0.29912125819865326148 1.1765048769088115588 -2.5358579547014499234 1.4206302265994767511e-008 
4.974999999999996092 0.29910510779247806434 1.1758000877174239474 -2.5358579562007830255 6.1024728026795456981e-009 
