0.025000000000000015266 0.60067927017018551972 0.00051939248330106629892 -2.2398600095672223098 0.043765039915567759132 
0.05000000000000003747 0.5733040207200317262 0.018344862943757145324 -2.2446811653940104136 0.067783557576945319134 
0.075000000000000052736 0.41682312861786213753 -0.014761529771509296349 -2.2580568696476226442 0.11277341247925044831 
0.10000000000000007494 0.36819939230957859921 -0.055087915917421237388 -2.2806701423868163126 0.1286191087285001311 
0.12500000000000008327 0.18803500449441837294 -0.38424893923645231375 -2.2955948460925643673 0.073752032718377477649 
0.15000000000000010547 0.19951696283568917667 -2.3452580222507490859 -2.3070354091683400455 0.083573471521259698469 
0.17500000000000012768 0.30383135322281912272 -3.1567192340116050353 -2.3197422021157243499 0.082786517759829342245 
0.20000000000000014988 0.21156375474249830559 -1.7929743936851316732 -2.3323355223325790142 0.062984507628415759006 
0.22500000000000017208 0.21099481106582843037 -2.646766994965078279 -2.3430625352132237182 0.08816331054713717752 
0.25000000000000016653 0.28800380904445044283 -2.7935878874776509662 -2.3564033221979383548 0.078121339677640774801 
0.27500000000000018874 0.24354717003984646673 -1.3439377089301278723 -2.3681220626076879832 0.069424225506626094373 
0.30000000000000021094 0.27567201911117300561 -1.789700765742282984 -2.3782223462081319987 0.057446410210610795999 
0.32500000000000023315 0.30638182162964172628 -2.3205909292205011418 -2.3885829494878794144 0.068340242803554329676 
0.35000000000000025535 0.32195456177843378986 -1.1238632183020040856 -2.3979684866286281597 0.069346836117971905056 
0.37500000000000027756 0.31789353150726346042 -0.50297293083251148893 -2.4100902890849602578 0.067054550957424158275 
0.40000000000000029976 0.23972761747623325124 -0.16288859847031306183 -2.4172123460319547839 0.036525207326643840955 
0.42500000000000032196 0.23638909252665787908 -0.24393857249777217699 -2.424016527463185966 0.053291133491677515621 
0.45000000000000034417 0.23769935540212547287 -1.0030571221775146373 -2.4316625716863220497 0.03467069613571577974 
0.47500000000000036637 0.22418787246455845752 -0.82088154477815367116 -2.4374080271175571077 0.041557719436117752931 
0.50000000000000033307 0.22957012611293220461 -0.088458355605827931889 -2.4437307823747786983 0.039329014140923934661 
0.52500000000000035527 0.23736127175520135846 0.077983289468129046718 -2.449598833529945896 0.037914782213827914747 
0.55000000000000037748 0.27384801649549533886 0.40871517465945728098 -2.4552099559917306415 0.034533158657087663357 
0.57500000000000039968 0.31504964645183347605 1.1125370800085574441 -2.4614353261386772154 0.035951748287519381952 
0.60000000000000042188 0.29717801662756315739 0.73605412695526539757 -2.4660061235542900526 0.029515130718147118694 
0.62500000000000044409 0.26689854245708111158 0.81943385872134666403 -2.4706842004625699794 0.035834441889918855484 
0.65000000000000046629 0.27681541330120251754 1.530544446624257926 -2.4759947537667406081 0.025657095197422593452 
0.6750000000000004885 0.26152430771414875155 1.13869794162323279 -2.4803989452947781125 0.029350034124589065299 
0.7000000000000005107 0.26119354757974044823 1.4150186931296526716 -2.4836824250079558851 0.019718976823615268906 
0.72500000000000053291 0.30008582714022108417 1.7091682437907738112 -2.4877385381786525365 0.027935779451659373956 
0.75000000000000055511 0.2980873405337505222 0.71694775439972613373 -2.4919810555168906419 0.026753656220679121469 
0.77500000000000057732 0.27986857216976779306 0.19977947746457325184 -2.4954949361185092549 0.016420978634921958028 
0.80000000000000059952 0.28301646143668196531 0.25485938737404101317 -2.4976690935956433748 0.015926213583780012006 
0.82500000000000062172 0.28269418158175113609 0.60618654489191770018 -2.5003799533205621763 0.014614873554744165982 
0.85000000000000064393 0.26727576810990699707 1.2818778564417341315 -2.5023236569124684969 0.012873736492499912587 
0.87500000000000066613 0.26035699665686184989 1.1946682902200063126 -2.5044453549999414754 0.013915690809719579238 
0.90000000000000068834 0.27875227980349670531 0.91780959747163204376 -2.5065940753846409628 0.013530905666549315064 
0.92500000000000071054 0.30157276423217171946 1.6313614638042519545 -2.5091522718875798326 0.017315266091120676273 
0.95000000000000073275 0.32164904452683784619 1.9082869833790971903 -2.5114940787582034076 0.014149578161811844634 
0.97500000000000075495 0.31297811996615160224 1.4089062577983006985 -2.5131142350577970745 0.006911221819987669289 
1.0000000000000006661 0.29369258210866533432 1.3638103468006039787 -2.5145055647804452903 0.010846755054792994385 
1.0249999999999979128 0.28407479402202401308 1.2879765182562592507 -2.5160923227778688727 0.0098153090693750555396 
1.0499999999999951594 0.28563658956567794522 0.80625735924864949666 -2.5179250734045992566 0.012661218655570807834 
1.0749999999999924061 0.2928452653669307848 0.70196860904011337823 -2.5193597054415355352 0.0048906266966481475034 
1.0999999999999896527 0.29617018620502466586 0.66582807815079536606 -2.5201520678340747494 0.007187730672926848606 
1.1249999999999868994 0.28747730909836383129 0.77835782608977921448 -2.521291444241950952 0.0073724320814560475798 
1.149999999999984146 0.28117254000202435149 1.2245944830331603193 -2.5225608572923885475 0.0078391127113952973476 
1.1749999999999813927 0.29519149290599516755 1.4544027605010692028 -2.5236808297587929317 0.0070146026664466920933 
1.1999999999999786393 0.31849876509674285296 1.7690720844347465057 -2.5245948467067464982 0.0039077470081902597118 
1.224999999999975886 0.3138158593637321303 1.6323803142308837 -2.5251330861167970987 0.0046767384641683666657 
1.2499999999999731326 0.29360264275583802807 1.0623112810977821674 -2.52602879716217954 0.0055784717496542950144 
1.2749999999999703792 0.28761681777916547897 1.0756100007744722191 -2.5269185268914227116 0.0062853313020164785704 
1.2999999999999676259 0.28818146040869191404 1.0573946206199715814 -2.5277176120420654648 0.0031217938664047793947 
1.3249999999999648725 0.29014058846034390671 0.84846774440264682848 -2.5280530959714888617 0.002161260488158479702 
1.3499999999999621192 0.2956169524011907912 0.99903005272959921612 -2.5285478635081828358 0.0040830124945110965809 
1.3749999999999593658 0.29720818203440640959 1.0649264840830543477 -2.5292887929610272657 0.0048751950840747650812 
1.3999999999999566125 0.29888659864953054379 1.062652281336248894 -2.5298225632617850067 0.0022299232475439067884 
1.4249999999999538591 0.30360834172167039391 1.285090794341640752 -2.5301798011606351224 0.002225163790194439016 
1.4499999999999511058 0.30325783218201285418 1.5317714415980236975 -2.5305624369039243504 0.0030630159660298217697 
1.4749999999999483524 0.30056584576226325067 1.4956593304633409858 -2.5310213124046514466 0.0025063699112769836051 
1.4999999999999455991 0.29712490260035712142 1.1639874102062246486 -2.5314129743354558677 0.0026835722481701792391 
1.5249999999999428457 0.29135176739985096939 0.89030187935595794801 -2.5317649072452952375 0.0014003504023645007345 
1.5499999999999400924 0.29132005091271140351 0.96689398086551514577 -2.5319687983127141528 0.0016743278574179734034 
1.574999999999937339 0.29705976246850418487 1.1306921736362123276 -2.5322595802510097229 0.0020539746161180169257 
1.5999999999999345857 0.30006455035116003094 1.129609313535199 -2.532601464128473534 0.0020604416953369452357 
1.6249999999999318323 0.30236067963441687345 1.2320504576855240142 -2.5328410747921874524 0.0011558345699378635117 
1.649999999999929079 0.30061282197402794392 1.3302498660879655823 -2.5330483673622254948 0.0013101591854683969102 
1.6749999999999263256 0.29774305051523969334 1.2208882070273112674 -2.5332172432489485914 0.0013066878678681202036 
1.6999999999999235722 0.30047437851812114351 1.1636910932330446489 -2.5334619659926174151 0.0013982077210272256078 
1.7249999999999208189 0.30186425186068993609 1.1355091676727200323 -2.5336538877389016555 0.0011156570542346035037 
1.7499999999999180655 0.29775469040853913549 1.134495191682102444 -2.5337870051439561614 0.00078941776015415256271 
1.7749999999999153122 0.29191966397254670573 1.1768869086642352872 -2.5339499229268067637 0.0011637218753908732272 
1.7999999999999125588 0.29075624770866403956 1.121513547867077687 -2.5340955298029266274 0.00071164104443334193304 
1.8249999999999098055 0.29878362601586860858 1.1443083200412249578 -2.5342349867117457407 0.001056565301491747778 
1.8499999999999070521 0.30543056360792886217 1.1874721266640713147 -2.5343580933090925633 0.00059336365188578826021 
1.8749999999999042988 0.30456265229506207515 1.1518655919256977072 -2.5344522513350646875 0.00053379337089128617907 
1.8999999999999015454 0.30065512904269381389 1.2171075608451868977 -2.5345531863418004903 0.00089860071450356324412 
1.9249999999998987921 0.29530475386705506979 1.2475354342308704325 -2.5346897201796165788 0.00062906333859095932455 
1.9499999999998960387 0.29544796149044821876 1.1828403404272491706 -2.5347620878504328878 0.00044328273802751922729 
1.9749999999998932854 0.29922719597012076287 1.1568860611016917872 -2.534825622927600719 0.00037934170951877077506 
1.999999999999890532 0.29809031228896126775 1.1832450448622395811 -2.5349102342921923103 0.00064646849593146958786 
2.0249999999998880007 0.2974814038309848141 1.2056020824857265339 -2.5349878628878808051 0.00039762945844403223185 
2.0499999999998852473 0.29892596946529081947 1.1165384684369970003 -2.5350572821254258038 0.00042660101353307611216 
2.074999999999882494 0.29934725066871503696 1.0461931263278385629 -2.5351061271247448126 0.00026720908703788652386 
2.0999999999998797406 0.30115947896555322894 1.1605639835497769674 -2.5351626213055817871 0.00041606757671605669154 
2.1249999999998769873 0.30151794260443415263 1.2619588258594571784 -2.5352185447928050621 0.00033888681274636499449 
2.1499999999998742339 0.29791458884520338746 1.2188883448887080085 -2.5352718476158675465 0.00028938089990937818736 
2.1749999999998714806 0.29682189497399286138 1.1656062816310850394 -2.5353138140576882975 0.00027449390516114959525 
2.1999999999998687272 0.29808174577477219991 1.1879141043545848877 -2.5353472790828313066 0.00016956542084196475867 
2.2249999999998659739 0.29845500165116584101 1.2230758918832256299 -2.5353862064189556236 0.00032275356636682578457 
2.2499999999998632205 0.29980193992493670008 1.2075059732937620804 -2.5354275715756919851 0.00019791134598523579162 
2.2749999999998604672 0.30021622843487255627 1.1649321205854994421 -2.5354609733852027098 0.00021639092180750471085 
2.2999999999998577138 0.29860242214711063546 1.1370480593744682896 -2.5354869291783077578 0.00014520912440878170962 
2.3249999999998549605 0.29811746857384774367 1.1198396696014238927 -2.5355136190960467779 0.00018712505425089217127 
2.3499999999998522071 0.2993369585607449368 1.1240737735150290177 -2.5355402515380034423 0.00015053830552109082226 
2.3749999999998494538 0.30064830390937563598 1.18547884414893967 -2.5355660950026632783 0.00017368298688496186175 
2.3999999999998467004 0.29980403326832683053 1.2211109795947898693 -2.5355888387879841339 0.00013203865234374850325 
2.4249999999998439471 0.29733832740724658317 1.1866318698915065966 -2.5356066528669352067 8.5138866081689232312e-005 
2.4499999999998411937 0.29671204259732403274 1.2033543585412140864 -2.5356242348676607534 0.00014693646451259943678 
2.4749999999998384403 0.29860455787188250332 1.2251962702937699845 -2.5356443489555120507 0.0001124946189172026012 
2.499999999999835687 0.30068324034750559814 1.1702685282671994038 -2.5356617768109757094 9.8383438911172566899e-005 
2.5249999999998329336 0.30119287988527421174 1.1307334918499130083 -2.5356732107868462656 5.8619018227132309925e-005 
2.5499999999998301803 0.29965775688858636849 1.1441143495379828554 -2.535686940955727664 0.0001196239479590431072 
2.5749999999998274269 0.2979502646390430054 1.1855260463654824221 -2.5357026632386592269 7.3628505508999345509e-005 
2.5999999999998246736 0.29773029139877998928 1.1914715272208726837 -2.5357130834605774439 6.3735419196979509172e-005 
2.6249999999998219202 0.29909290017956363661 1.1589227099212602301 -2.5357235664868382763 7.1116028984370189712e-005 
2.6499999999998191669 0.30036650509071877169 1.1818603137679950521 -2.5357337290089114745 5.5737375483573946429e-005 
2.6749999999998164135 0.2988534772091961389 1.2019050834027904529 -2.5357427544513435613 6.7362477699052579309e-005 
2.6999999999998136602 0.2971890893460990557 1.1719965646269265847 -2.5357522706014377079 4.5994673992517179633e-005 
2.7249999999998109068 0.29888154212354384187 1.1671289972103007226 -2.5357597281906274489 5.2771805495629594792e-005 
2.7499999999998081535 0.30039748544600164415 1.1749348949114297724 -2.5357668216310935705 4.1961009142845613065e-005 
2.7749999999998054001 0.30009777718164926119 1.1718109143134687322 -2.535774237548030996 4.7781291416235999918e-005 
2.7999999999998026468 0.29987745929375997367 1.1745795131809479983 -2.5357806111254972414 3.4606401552345249033e-005 
2.8249999999997998934 0.29883231773871105075 1.179550027854613603 -2.5357859591232889684 3.4954219045164450815e-005 
2.84999999999979714 0.29762938170085961875 1.1825256652674274171 -2.5357909203900601547 3.2039108459843600651e-005 
2.8749999999997943867 0.29829288645690060777 1.1791267448580495802 -2.5357965958974819642 3.5500510008713499798e-005 
2.8999999999997916333 0.29948682281096328239 1.1796574281281753116 -2.5358017202407125978 3.0721197162371315071e-005 
2.92499999999978888 0.29967479092524046402 1.1874331402261897317 -2.5358052841530622779 1.7011469268260511335e-005 
2.9499999999997861266 0.29918052003662920502 1.1759200756253092024 -2.5358089619011869864 3.0287692692853441487e-005 
2.9749999999997833733 0.2989870986653190843 1.1526369829682943102 -2.5358129933313571236 2.0410705230294371696e-005 
2.9999999999997806199 0.29951157666255856515 1.1634028822047302043 -2.5358164289026170479 2.2531274593591332561e-005 
3.0249999999997778666 0.29953717514395050703 1.1895422945055122987 -2.5358196588656762849 2.076637906125035254e-005 
3.0499999999997751132 0.2988979424747060798 1.1866812616626523091 -2.5358224308354908594 1.2930220718456698431e-005 
3.0749999999997723599 0.29872355995397331663 1.1761758044907826282 -2.5358245863970005907 1.778754497506902698e-005 
3.0999999999997696065 0.2985949766838510433 1.1710637374497196994 -2.5358278000567771038 1.9359703803154819666e-005 
3.1249999999997668532 0.29855339114169193726 1.1716475033933113625 -2.5358300440346042137 1.2064495136863284544e-005 
3.1499999999997640998 0.29940396381149053662 1.1827795683715192077 -2.5358317510839691877 8.9558702087835126936e-006 
3.1749999999997613465 0.30014630732587860296 1.1825868444174059135 -2.5358336723047405492 1.5687512276949251402e-005 
3.1999999999997585931 0.29970365804717163938 1.1805006715372838855 -2.5358357615659881112 1.2165954339079281996e-005 
3.2249999999997558398 0.29870909898085523659 1.1830674919607813145 -2.5358376543545801951 9.5726889117029839417e-006 
3.2499999999997530864 0.29847041163467152858 1.1753433257472125639 -2.5358387852577100041 7.4383448788535779249e-006 
3.274999999999750333 0.29904810775749979257 1.1718870048990686072 -2.5358402619909647946 9.9119266217017784718e-006 
3.2999999999997475797 0.29921816428712416647 1.1674675641522531677 -2.5358416428498107287 9.2780449852710081526e-006 
3.3249999999997448263 0.29910797039565967248 1.1618924594829169727 -2.5358430221795034143 6.4497045917568896704e-006 
3.349999999999742073 0.29916860155153873757 1.1710998803505754395 -2.5358439643688361897 7.2889981621507124774e-006 
3.3749999999997393196 0.29888056881962221656 1.1819061374073762671 -2.5358450784630246488 5.9656204492146458382e-006 
3.3999999999997365663 0.2989268400674454651 1.1905700327516330894 -2.5358460143418817268 6.8463319076725007606e-006 
3.4249999999997338129 0.29959617710031982707 1.1931170422947854348 -2.5358470078219688126 5.2481807584380327903e-006 
3.4499999999997310596 0.29959821578413053933 1.1818559976829430269 -2.5358478118042055982 4.6125706715352000062e-006 
3.4749999999997283062 0.299088641489798579 1.1730559039740542371 -2.5358483760541714602 4.5328203217551226264e-006 
3.4999999999997255529 0.29888143632192770704 1.17009099897306168 -2.5358493208202843583 5.3463157202430961441e-006 
3.5249999999997227995 0.29880026610924503849 1.1668109358755351934 -2.5358499386596236036 3.8763638181231209999e-006 
3.5499999999997200462 0.29891919158927593436 1.168540305204115004 -2.535850539300222195 3.0714045805335503199e-006 
3.5749999999997172928 0.29914650789319641166 1.1744163349856300282 -2.5358509815801890674 3.6255338912086323343e-006 
3.5999999999997145395 0.29916678978412630796 1.1795496597746089051 -2.535851615734581177 3.4298375478324132728e-006 
3.6249999999997117861 0.29923249186567058011 1.1822600723722775928 -2.5358520893269234087 3.1174748586463241186e-006 
3.6499999999997090327 0.29930562688029715979 1.1815556026512279431 -2.5358525096282980016 2.3390703992223551071e-006 
3.6749999999997062794 0.29922694851265058125 1.1814159864217996798 -2.5358529329764101234 2.7410449352973489514e-006 
3.699999999999703526 0.29916899418570502833 1.1819058644077338194 -2.5358532558975346305 2.0226792836246186626e-006 
3.7249999999997007727 0.29903960818648156472 1.1746339519941857432 -2.5358536865206722233 2.6969881787422065518e-006 
3.7499999999996980193 0.29890727101466868509 1.1677523450798514837 -2.5358540037862407068 2.0048919880871832087e-006 
3.774999999999695266 0.29898460950651012391 1.170590181362552773 -2.5358542876336778171 1.1680310450276104582e-006 
3.7999999999996925126 0.29908919707813941269 1.1737226100275464091 -2.5358544907071784991 1.9443078486559036155e-006 
3.8249999999996897593 0.29917007671532219737 1.1788154315814982631 -2.5358548362323101166 2.0318020342717617751e-006 
3.8499999999996870059 0.29926757103248902148 1.1847839673797178062 -2.5358550887116639849 1.3969426212403987954e-006 
3.8749999999996842526 0.29924557100417870092 1.1818326117409418963 -2.5358552761618846638 9.6120553232064830021e-007 
3.8999999999996814992 0.29915331366175362815 1.1771771526213163916 -2.5358554586983563794 1.3200399098761904626e-006 
3.9249999999996787459 0.29911436334288343808 1.173955508823812055 -2.5358556371652003492 1.2750977015413070999e-006 
3.9499999999996759925 0.29909704814223592173 1.1726567510412526651 -2.5358558669504445149 1.2161741598543456634e-006 
3.9749999999996732392 0.29899227855490922989 1.1756578543875009224 -2.5358560036030208806 8.5044966864532836488e-007 
3.9999999999996704858 0.2989186705797510224 1.1752973315786239272 -2.5358561507747738872 8.5240208387457562164e-007 
4.0249999999996788347 0.29909854183930772997 1.1748277767889319101 -2.5358562692136397132 8.504651014209356518e-007 
4.0499999999996871836 0.29926224254104155653 1.1780476980133625098 -2.535856412460506526 8.7843058542313310147e-007 
4.0749999999996955324 0.29922793525249657964 1.1789440362140459762 -2.5358565494389524453 8.0044444890421251643e-007 
4.0999999999997038813 0.29924793629021634311 1.179237896576898148 -2.5358566367293979837 4.452012812201153063e-007 
4.1249999999997122302 0.29918321716429752133 1.1790307340903143363 -2.5358567278539925205 7.089247521152028375e-007 
4.1499999999997205791 0.29897370221727598283 1.1766860109406644952 -2.5358568363040241422 6.3510817473566957603e-007 
4.1749999999997289279 0.29899301950029893993 1.1756910485426423918 -2.5358569295582502612 5.2148049919940033571e-007 
4.1999999999997372768 0.29912846107972973497 1.1757049313810044033 -2.5358569972072833032 4.8120799484411717678e-007 
4.2249999999997456257 0.29911400097734358594 1.1749133091377341742 -2.5358570775370505856 3.9307543613512937396e-007 
4.2499999999997539746 0.2991046080240979399 1.1745993629934838864 -2.53585713214704489 4.1874561971063602981e-007 
4.2749999999997623235 0.2991611703184710036 1.1756132216044705707 -2.5358572047666330107 4.7749235935714964595e-007 
4.2999999999997706723 0.29919004216754702119 1.1773406068721423701 -2.5358572727995158935 3.6054202238909432567e-007 
4.3249999999997790212 0.29915277622054786688 1.1789061745100339884 -2.5358573161196242829 2.3320576379984378004e-007 
4.3499999999997873701 0.29908539169663017621 1.1786738942488690363 -2.535857362200311993 3.4863854441951915593e-007 
4.374999999999795719 0.29909782914328719716 1.1771262373692112924 -2.5358574120735273283 3.019054574921030269e-007 
4.3999999999998040678 0.29912094862756716251 1.176500930559877478 -2.5358574626056809009 3.0534435747552295561e-007 
4.4249999999998124167 0.29908188045427858137 1.1764131935973791698 -2.535857494883733132 1.4764426664775445104e-007 
4.4499999999998207656 0.29912295906115110578 1.1767772153469655549 -2.5358575267333356429 2.4670183112239216155e-007 
4.4749999999998291145 0.29917566976248960442 1.1766293678433412673 -2.5358575664096623115 2.7630612351825852049e-007 
4.4999999999998374633 0.29910567592722697716 1.1754829666432935475 -2.5358576023655752252 1.4863051941508294192e-007 
4.5249999999998458122 0.29907189174271320287 1.1762271468466753976 -2.5358576256494087531 1.7623446856779381104e-007 
4.5499999999998541611 0.29913519827630535852 1.1770366383418044975 -2.5358576501940151005 1.3607178306634532079e-007 
4.57499999999986251 0.29916505964482592583 1.1761418742356752887 -2.5358576747500727322 1.8986886217134769122e-007 
4.5999999999998708589 0.29913321603943043847 1.1762612477781724252 -2.5358577029664508551 1.4745855474033079791e-007 
4.6249999999998792077 0.29910691398661398699 1.1773953728513353312 -2.5358577253327645451 1.3333338874177719031e-007 
4.6499999999998875566 0.29910574064306211239 1.178417848453958694 -2.5358577379785511852 6.7094116382762279825e-008 
4.6749999999998959055 0.29907871978921207745 1.177775609207055707 -2.5358577567327880153 1.4664715640977155049e-007 
4.6999999999999042544 0.29908838761292610986 1.1760253991440570154 -2.5358577775292796552 1.2569965636427786472e-007 
4.7249999999999126032 0.29918244339997862591 1.1759720012691861069 -2.535857794124324105 7.1583321041920851279e-008 
4.7499999999999209521 0.29918227060142188467 1.1762415496904152779 -2.535857803935307242 8.1300415931385242797e-008 
4.774999999999929301 0.29908915437926902881 1.1762819255341803171 -2.5358578170863270707 7.3182254975873998619e-008 
4.7999999999999376499 0.2990937751608612194 1.1769387093819709822 -2.5358578316956803533 1.1269035078406868461e-007 
4.8249999999999459988 0.29913129052032544353 1.1768631349716474066 -2.5358578443822676896 5.0254789504164867375e-008 
4.8499999999999543476 0.29911600798910992216 1.176765132063676278 -2.5358578532297033625 6.4631191571161300563e-008 
4.8749999999999626965 0.29911562988810957986 1.1772163466583953628 -2.5358578612551867515 3.9896819320740687124e-008 
4.8999999999999710454 0.29911492643504705713 1.1770954191808880029 -2.5358578703036571689 7.5054831373858507141e-008 
4.9249999999999793943 0.29910219729242032427 1.1764833190822725495 -2.5358578809805965015 6.5550182743099622127e-008 
4.9499999999999877431 0.29911698538910164169 1.1760191758328275569 -2.5358578895994710045 2.8699342071450995347e-008 
4.974999999999996092 0.29914235894774077185 1.1764470664392472354 -2.5358578932020701124 3.77467355402371757e-008 
