0.025000000000000015266 0.59992954779603047122 0.00051413764492792488059 -2.2408128940292133535 0.043204358032516355925 
0.05000000000000003747 0.57303157479540312025 0.018141082752844456261 -2.2463221869481970749 0.066097760656186027584 
0.075000000000000052736 0.41929335927804267659 -0.013453030763648343715 -2.2614703221378316123 0.10934285567404770922 
0.10000000000000007494 0.37273099830778061436 -0.055172430821924578481 -2.2870523206545576578 0.12487457163996393272 
0.12500000000000008327 0.1953881665952348079 -0.39130841068855470866 -2.3038680172749628206 0.070320780712374075794 
0.15000000000000010547 0.20358469326384828757 -2.2880984741072696309 -2.3162972655862574811 0.076549824534339935833 
0.17500000000000012768 0.30263818565627464974 -3.0460067788135587463 -2.3298889565909437493 0.075889760874218517572 
0.20000000000000014988 0.21406227635595884151 -1.7437316528607313959 -2.3429566982405680697 0.053445172464443115035 
0.22500000000000017208 0.20610046510817028875 -2.518917132840763351 -2.3535089676812277482 0.077951529301188551835 
0.25000000000000016653 0.29067487927799529057 -2.4623971328845599693 -2.3684058394102986966 0.073242219119415571948 
0.27500000000000018874 0.25742971808290432412 -4.0762283184970069527 -2.3800302752218365221 0.058805306157585383875 
0.30000000000000021094 0.26740602950245667691 -1.3044887575153050197 -2.3893756475785039584 0.040673391212043857879 
0.32500000000000023315 0.29099640140848609393 -2.0269332070639327625 -2.3988343503597060469 0.05785201380879892441 
0.35000000000000025535 0.30327253332504411354 -1.7082708571225895255 -2.4071996061569516101 0.049198624736288894266 
0.37500000000000027756 0.33884400236905592996 -1.840841550408135685 -2.4183741860408063395 0.063640432344985412016 
0.40000000000000029976 0.28882175768960877127 -1.4704853263999884128 -2.4280209888601649304 0.036142846351956983697 
0.42500000000000032196 0.27997772181705654626 -0.98490436519907986757 -2.4336912565559503108 0.035279270099316813181 
0.45000000000000034417 0.27828351459703259962 -0.97134114266801963034 -2.4409690629087585911 0.044006420945492355501 
0.47500000000000036637 0.24228992852240369138 -0.79036532937643855234 -2.4494231058183322247 0.042912315949515077163 
0.50000000000000033307 0.22354265357334746067 -0.043918057013919820086 -2.4565118259834477499 0.032720091787526439653 
0.52500000000000035527 0.2414078556260527697 0.49572097295510797466 -2.4614810463671856766 0.030821274705039126973 
0.55000000000000037748 0.28238026684601169602 1.0276967492999773413 -2.4677936577794730155 0.03409334077341134861 
0.57500000000000039968 0.32896498073065172374 1.9258497767144198143 -2.4744906572848699433 0.03944645397813843074 
0.60000000000000042188 0.34644667662330824731 1.9074520724759178592 -2.480572716447627446 0.025285268358154550788 
0.62500000000000044409 0.30909761250612904915 1.2332751435895203951 -2.4848618413617034051 0.025477673870808403844 
0.65000000000000046629 0.28083047318298409722 0.93038316393688591521 -2.4891829850447888539 0.019841036637746136545 
0.6750000000000004885 0.2502427875509430355 0.44047773049529659328 -2.4928084490741184709 0.019805683361857114727 
0.7000000000000005107 0.26414815836850319419 0.69893636144312853986 -2.4962805777983354538 0.020967549602593501396 
0.72500000000000053291 0.29787676742964763754 1.0126093862544753854 -2.4998405072332028354 0.015968361835608433502 
0.75000000000000055511 0.28857316533495674937 0.72037612923844973611 -2.5021208972985062857 0.0097109920206307469986 
0.77500000000000057732 0.27442125154455343505 1.1415045783585013872 -2.5047962105015644241 0.019393687487983986284 
0.80000000000000059952 0.27836151931544245164 1.0082550552167499625 -2.5079802609192105578 0.016580894815700877171 
0.82500000000000062172 0.29559963677009160055 0.67216314073423155673 -2.5107368209810334569 0.012201734861825906317 
0.85000000000000064393 0.31533997574742739234 1.5032141241385255093 -2.5126892799283724322 0.0091237473883222387078 
0.87500000000000066613 0.30220179534071911487 1.8548881231483669296 -2.5142592756235000451 0.0096343742753405292589 
0.90000000000000068834 0.28450242959899618711 1.3929867546436525139 -2.5162304377310644732 0.011673540086110215791 
0.92500000000000071054 0.28734330329657947756 0.89691468570783816627 -2.5182908500868554924 0.0097189880345001419121 
0.95000000000000073275 0.29121953964508917601 0.82096334228016321077 -2.5198779333238832123 0.008350760287232222856 
0.97500000000000075495 0.29258680380582846592 1.1390231486442095044 -2.5210749977687081369 0.0050459322870135660602 
1.0000000000000006661 0.29373985712895989142 1.1903851220248311549 -2.5222065144665233305 0.0078667396241056848638 
1.0249999999999979128 0.29162939379964231135 0.91170543083673338813 -2.5235004748132197072 0.0049064217178918182599 
1.0499999999999951594 0.29192579241777782961 1.0444632471173509458 -2.5242952631305639599 0.00554020869476139384 
1.0749999999999924061 0.29499205485520479941 1.4453478376035724384 -2.5255247066473964779 0.0070530372013179265869 
1.0999999999999896527 0.2999150286263275178 1.2637734921416705625 -2.5265802017895242493 0.0045019587726393564889 
1.1249999999999868994 0.30518721586236541299 1.0215286468755269134 -2.5273217510024235111 0.0038044503461113691849 
1.149999999999984146 0.29867428291348507852 1.2007820671796141099 -2.5280227485076389726 0.0034004774837987196759 
1.1749999999999813927 0.29412582596505404409 1.3105561571562325263 -2.528531315897259546 0.0032736993865249042375 
1.1999999999999786393 0.29686614369405922575 1.4215396338613039973 -2.5292761553985747547 0.0040554782189457924332 
1.224999999999975886 0.29313505262450773037 1.3928017920250841399 -2.5298474359726892402 0.0024566538173341843226 
1.2499999999999731326 0.29270502738754039518 1.1865203439521776474 -2.5303403354961386817 0.0030833733493330589374 
1.2749999999999703792 0.29753606179697228429 1.1011459136530072911 -2.5308889609401128418 0.0028285461412611624145 
1.2999999999999676259 0.30089152075502673123 0.93576529366599647819 -2.5313423707085416225 0.0018682290135089547022 
1.3249999999999648725 0.30337704158344497296 0.95570437762545878968 -2.531628780068741591 0.0016237027803642284027 
1.3499999999999621192 0.2990497290228562588 1.0952594292029056433 -2.5319771144747900138 0.0023910433712137145294 
1.3749999999999593658 0.2961361286456932751 1.059231337841423759 -2.5324124110620522821 0.0019996154940930847485 
1.3999999999999566125 0.29695859273367436471 1.141361662691119605 -2.5327139576715782532 0.0013383217292411732618 
1.4249999999999538591 0.29101620058537736035 1.3310065789758565025 -2.5329509257166047398 0.0013814281915533639655 
1.4499999999999511058 0.2924926749971362705 1.4501948333495864318 -2.533158875616742467 0.00098752029702440179658 
1.4749999999999483524 0.30364024214885654285 1.3194718219400933812 -2.5334112794740666352 0.0017603633655241246719 
1.4999999999999455991 0.30479142877576065329 1.0830760255654983126 -2.5336889488904685841 0.0010291865674821902218 
1.5249999999999428457 0.30043767993139197658 1.096739449499428698 -2.5338241585854368587 0.00075873668440228265748 
1.5499999999999400924 0.29926129102387061254 1.1515440411498625295 -2.5339940730607515285 0.00098370407171761444463 
1.574999999999937339 0.2964122496008261276 1.1348106256975827311 -2.5341707367405006401 0.00099820840595771340338 
1.5999999999999345857 0.29718810357737435179 1.1396267058688627216 -2.53433076741669705 0.00071578271094060162173 
1.6249999999999318323 0.3000532909205070875 1.1366905905830697598 -2.5344522219675451602 0.00063669299916532947573 
1.649999999999929079 0.29652824020143653261 1.180530008431017297 -2.5345746460063836025 0.00073798455925364546924 
1.6749999999999263256 0.29323510283072112825 1.1809875116860735211 -2.5346927644771661825 0.00048231730997457737502 
1.6999999999999235722 0.2968463692344521232 1.160500985194576451 -2.5347773677078380139 0.00055671985794159928145 
1.7249999999999208189 0.30325840143168086849 1.2063188385827232629 -2.5348806306127533716 0.00049653495061211568983 
1.7499999999999180655 0.30517153830158599837 1.1962057339527865096 -2.5349610346925492976 0.00046067958167716533584 
1.7749999999999153122 0.30116305636780943411 1.1773509711318828064 -2.5350550805555980283 0.00045286495462985306521 
1.7999999999999125588 0.29651791178144942807 1.2031193960204351612 -2.5351174071427053924 0.00032978081799055777943 
1.8249999999999098055 0.29519988750840364666 1.1975440235094265695 -2.5351784457702613018 0.00033213619783873814164 
1.8499999999999070521 0.29676442002745301307 1.1604349380042804363 -2.5352354592234203068 0.00026250515120601782123 
1.8749999999999042988 0.29974879514896868304 1.166218424320676128 -2.5352856297425057086 0.00031387535098955640167 
1.8999999999999015454 0.30075656611451745404 1.1812584722210244248 -2.5353423434937494285 0.00030598381956401015042 
1.9249999999998987921 0.29852612182621746095 1.1285623543516352107 -2.5353944116557083355 0.00024974588494368815455 
1.9499999999998960387 0.29784978073822843125 1.1253417220158978829 -2.5354332033427997573 0.00016410604500746939433 
1.9749999999998932854 0.29967945191948619499 1.1772664545252464752 -2.5354574521311836754 0.00016195484131642105862 
1.999999999999890532 0.30061578382620962602 1.2329650591203611398 -2.5354958171350188145 0.00021453621696338300365 
2.0249999999998880007 0.30005042136686338461 1.2687765527823806622 -2.5355294279189064532 0.00015993141694606833963 
2.0499999999998852473 0.2986989277780676133 1.1801985414696798404 -2.5355618661049317275 0.00019022688579842179967 
2.074999999999882494 0.29786958412256386852 1.1010497755060040248 -2.5355864483441119539 9.9644535244360765572e-005 
2.0999999999998797406 0.29729204147354781895 1.122096796217239234 -2.535607968911448129 0.000129204020393183268 
2.1249999999998769873 0.29788864471421960811 1.1581966590429124686 -2.5356309291142453688 0.00010965066917226312898 
2.1499999999998742339 0.30051071945152668663 1.210375637015627337 -2.5356471014561852151 8.789144101554239284e-005 
2.1749999999998714806 0.30085412843673414729 1.2036809267108066202 -2.535667422838630003 0.00012917677801710812017 
2.1999999999998687272 0.29879941023684425394 1.1746705322770896185 -2.5356881304035527869 8.8555302922718235714e-005 
2.2249999999998659739 0.29871031138636511271 1.2007972781477016522 -2.535701667756015798 6.6606344971239215842e-005 
2.2499999999998632205 0.2996433037638348007 1.1965513447153939275 -2.5357117542372042962 5.0844268719411153288e-005 
2.2749999999998604672 0.29958317611342316633 1.1772388732563157099 -2.5357247890636678278 8.5158372729884093894e-005 
2.2999999999998577138 0.29898082480630167046 1.1657984562232779346 -2.5357382532592547264 6.3654360970158004279e-005 
2.3249999999998549605 0.29787646176300064393 1.1361611138588276759 -2.5357488637438394541 5.344700387453887847e-005 
2.3499999999998522071 0.29735142666227176722 1.1337792269374935561 -2.5357574752876894664 4.1008756228331424835e-005 
2.3749999999998494538 0.29863197261161916751 1.1670826325001224522 -2.5357655795416462752 5.3230977534038297701e-005 
2.3999999999998467004 0.30052147085858110787 1.1964417622762306692 -2.5357757068366737485 4.7499067730956626566e-005 
2.4249999999998439471 0.30106024833215305758 1.2037792470476498252 -2.535781655689134606 2.2641079369056092181e-005 
2.4499999999998411937 0.29958486754031615762 1.2048084528552809314 -2.5357866840087610605 4.0524167769210484469e-005 
2.4749999999998384403 0.29810703787024372957 1.2000267012581649073 -2.5357948337087155011 3.9883772724193006405e-005 
2.499999999999835687 0.29838941258620294006 1.1780169906724213824 -2.5358008470938737666 2.5527357175681512474e-005 
2.5249999999998329336 0.29902611414384661082 1.1529730365162191852 -2.5358047842977753383 2.1072351475723956826e-005 
2.5499999999998301803 0.29903938829966542068 1.1507650757921545903 -2.5358087088894465388 2.536080241915586499e-005 
2.5749999999998274269 0.29899420608860233228 1.179588342757315278 -2.535813867059311999 2.5538743737451648664e-005 
2.5999999999998246736 0.29888290902677394634 1.1841382023518205457 -2.5358180228231379516 2.2367818231399133909e-005 
2.6249999999998219202 0.2991779766583949618 1.1628812718832917117 -2.5358214764444184652 1.5200558711653004416e-005 
2.6499999999998191669 0.29975827575907082467 1.1741039083290298883 -2.5358239513921971842 1.2550952253159719179e-005 
2.6749999999998164135 0.29958738824948444313 1.1864644377854691726 -2.5358267776024150386 1.9115816200017402617e-005 
2.6999999999998136602 0.29902979179057204151 1.1836760943444919469 -2.5358302373183341238 1.7067108597732106023e-005 
2.7249999999998109068 0.29860916388226937945 1.1804608198890238491 -2.5358324523833899455 9.7504818477695937809e-006 
2.7499999999998081535 0.2985115264552023473 1.169357227107086894 -2.5358348213481010092 1.3114863082915369992e-005 
2.7749999999998054001 0.29903984527881283251 1.169867364128837961 -2.5358366113609784875 8.4128555180464438307e-006 
2.7999999999998026468 0.2994393096480639227 1.1768939909319562354 -2.5358381674510264148 9.6574503075956815508e-006 
2.8249999999997998934 0.29945823089939949124 1.1872939424336326208 -2.5358401231683682653 1.0679813864662113064e-005 
2.84999999999979714 0.29942422534303436699 1.1962555546504334281 -2.5358419297202989817 8.4590199005088156627e-006 
2.8749999999997943867 0.29903822763532539319 1.1774521709356924326 -2.5358432055335993205 6.6152063728760112439e-006 
2.8999999999997916333 0.2988996644663753921 1.162393100036658522 -2.5358444185009418881 6.6943583976000817424e-006 
2.92499999999978888 0.29920651794405667134 1.1669863872521257786 -2.5358456807581588599 6.2975267550911339878e-006 
2.9499999999997861266 0.29903642587288098431 1.1676630472353355383 -2.5358465784090236106 4.8022650045588556725e-006 
2.9749999999997833733 0.29878764285718795168 1.1696404519040481951 -2.5358475934392830098 5.6702367751797484759e-006 
2.9999999999997806199 0.29898340800122308325 1.1766925920544069051 -2.5358485444940348508 4.8475595088848665674e-006 
3.0249999999997778666 0.29911913401598622109 1.185291625009235128 -2.5358495314424054357 5.9104482335334597996e-006 
3.0499999999997751132 0.29924901431914346928 1.1888948063801558774 -2.535850295548454536 2.1519203989676095462e-006 
3.0749999999997723599 0.29947021099270698663 1.1831426452038225072 -2.5358506531325981648 2.7800778765402546284e-006 
3.0999999999997696065 0.29937458995597421296 1.1772636368054547606 -2.5358513317828146327 4.1441923645621256858e-006 
3.1249999999997668532 0.29905477672784558374 1.1759520654446440346 -2.5358520476023937995 3.5186019105926702386e-006 
3.1499999999997640998 0.29892588642318584924 1.1754794965379073979 -2.5358526131978536 2.6982353069174322036e-006 
3.1749999999997613465 0.29902204081128130886 1.1723649887762859212 -2.5358530263534881932 2.1252938701550305384e-006 
3.1999999999997585931 0.29905642073332805442 1.1706167222181740328 -2.5358534236405492202 2.2656779842039129536e-006 
3.2249999999997558398 0.29895055292117989065 1.171120207989160722 -2.535853825783487725 1.7812466606371522114e-006 
3.2499999999997530864 0.29903383922184550991 1.1753137088519589604 -2.5358541484035175273 2.1688653306666648169e-006 
3.274999999999750333 0.29927095550126403545 1.1833697338036572866 -2.5358545244352863612 1.7615130927592638648e-006 
3.2999999999997475797 0.29929434495044515696 1.1815424263891660672 -2.5358548547976447196 1.9063569084897862527e-006 
3.3249999999997448263 0.29921209817002325515 1.1754736174295867812 -2.5358551483781544 1.1447603021410244463e-006 
3.349999999999742073 0.29915917507336708958 1.1750403730184109108 -2.5358553094622444668 9.8406927003870956015e-007 
3.3749999999997393196 0.29905805219053133159 1.1749116266897778882 -2.5358555508734204054 1.4894694862376812013e-006 
3.3999999999997365663 0.2990080012359011552 1.1795004023104169733 -2.5358558137631956875 1.2345589449357532354e-006 
3.4249999999997338129 0.29905679533370788103 1.1821318444653594604 -2.5358559872627770559 9.129553373043175137e-007 
3.4499999999997310596 0.29913566200320268473 1.1772163617118882595 -2.5358561452256100921 7.6294958217396236118e-007 
3.4749999999997283062 0.29912901830062671449 1.1745009844078080352 -2.535856305601934757 9.7024798874404544372e-007 
3.4999999999997255529 0.29907540373946350787 1.1737855169344499906 -2.5358564763098772055 8.1980212190414026586e-007 
3.5249999999997227995 0.29918823052107301752 1.1745430024819887294 -2.5358565866454196858 5.5503002513820819449e-007 
3.5499999999997200462 0.29926675941959257621 1.1749786623559597132 -2.5358567004124488165 6.1701107662227130182e-007 
3.5749999999997172928 0.29912420400038985946 1.1746561957765138118 -2.5358568188574124314 7.0621478407683389389e-007 
3.5999999999997145395 0.29902918403319012075 1.1785073669433892007 -2.5358569422268510962 5.8597925356205887682e-007 
3.6249999999997117861 0.29901186638335963686 1.1803335101521272854 -2.5358570134738376289 2.5057009105856042911e-007 
3.6499999999997090327 0.29902235206080945984 1.1777859305505251619 -2.5358570818676726688 5.2671566719227473143e-007 
3.6749999999997062794 0.29917711579922529053 1.1769696254949084668 -2.5358571817112740554 5.2307887877638441969e-007 
3.699999999999703526 0.29928948188141846209 1.1779777568478699834 -2.5358572543238468988 2.937089713166605414e-007 
3.7249999999997007727 0.29919371903806701862 1.1772796937297898001 -2.5358573136789952507 3.4132053206049584674e-007 
3.7499999999996980193 0.29905791347550353398 1.1747758416981080032 -2.5358573646185114114 2.2810029513034272275e-007 
3.774999999999695266 0.29902685220783609132 1.1747633040955260952 -2.5358574123663326638 3.2372501563402011915e-007 
3.7999999999996925126 0.2991003368723428868 1.1762164471373575125 -2.5358574722660605083 3.1468249730021707841e-007 
3.8249999999996897593 0.2991703019342906722 1.1765929709880320608 -2.5358575247002059783 2.3705074385767376264e-007 
3.8499999999996870059 0.29914988930693858782 1.1775167836066016136 -2.535857557425537756 1.4989179196848925236e-007 
3.8749999999996842526 0.29909774844957909279 1.1778297536879964724 -2.53585758982293763 1.9535637082974191903e-007 
3.8999999999996814992 0.29906299319045542839 1.1766551062042791553 -2.5358576224282192157 1.7959843521228930754e-007 
3.9249999999996787459 0.29908722176978080887 1.1756904826790885998 -2.5358576558294636527 1.8304324757636648325e-007 
3.9499999999996759925 0.29918228199146096324 1.1769132195586737843 -2.5358576911481498506 1.8134481113117320592e-007 
3.9749999999996732392 0.29919514863762408652 1.178286170929101262 -2.5358577133280646443 7.8890945449054967455e-008 
3.9999999999996704858 0.29911196765198933001 1.1766215570901470411 -2.5358577324330520142 1.453190372863821912e-007 
4.0249999999996788347 0.29908914149397880511 1.1754761926658789939 -2.535857758909827453 1.1599710270149654277e-007 
4.0499999999996871836 0.2991032892178280278 1.1764878556679447819 -2.5358577750535520323 8.2952665106307085916e-008 
4.0749999999996955324 0.29910792985709039327 1.1773536072773467254 -2.5358577913970199447 9.7848892090724120938e-008 
4.0999999999997038813 0.29912722936224683812 1.1772833783518761308 -2.5358578105745017695 1.0447063801265748463e-007 
4.1249999999997122302 0.29912550416796518382 1.1764582819680948766 -2.535857829150970133 9.0865464920522983955e-008 
4.1499999999997205791 0.29911033154273652945 1.1765550428870374944 -2.5358578406013663198 4.6855428946405114685e-008 
4.1749999999997289279 0.29910620643339524971 1.1765386169171252462 -2.5358578489012906232 4.951335816235017935e-008 
4.1999999999997372768 0.29912595147795001393 1.1763068673174388312 -2.5358578604613937202 7.0522571898523571723e-008 
4.2249999999997456257 0.29916869847678256855 1.1773969181011549878 -2.5358578740256247919 7.7537885561911329639e-008 
4.2499999999997539746 0.29914951866932121272 1.1771743205812850164 -2.5358578851703961199 4.0096460554832691137e-008 
4.2749999999997623235 0.29908989108306982541 1.1762164307910751848 -2.5358578905605781983 3.1948695415913243643e-008 
4.2999999999997706723 0.29908912479707100429 1.1763726978412054613 -2.5358578991199229868 5.1654153992875913556e-008 
4.3249999999997790212 0.29909914997773417999 1.1763905861637540262 -2.5358579061708450553 3.1965329340030925428e-008 
4.3499999999997873701 0.29910169537871011958 1.1767674604518807424 -2.5358579125442859414 3.4664828897035437394e-008 
4.374999999999795719 0.29914279629605750044 1.177124604411561748 -2.5358579189189103253 3.6365721337247944662e-008 
4.3999999999998040678 0.29915980797147234682 1.177065154454715934 -2.5358579250606005928 3.0774421861025997733e-008 
4.4249999999998124167 0.29912911037192835284 1.1773073346224527391 -2.5358579298884129649 2.2374567927644614049e-008 
4.4499999999998207656 0.29912012587450348411 1.1769977179072816931 -2.5358579336414934779 2.0216292388101232946e-008 
4.4749999999998291145 0.29912900286235027947 1.1763768966572021313 -2.5358579378945238503 2.4465633544222481236e-008 
4.4999999999998374633 0.29911359203363319104 1.1763386992748967597 -2.5358579419988998005 2.2719539905003395364e-008 
4.5249999999998458122 0.29908853915679267654 1.1764247059116668126 -2.5358579460344778944 1.854377194555491312e-008 
4.5499999999998541611 0.29909060886145838465 1.1764073105489316617 -2.5358579484036578577 1.1590606108344197199e-008 
4.57499999999986251 0.29912258513034745144 1.1765562907312085983 -2.5358579514673764699 1.9327826151347053134e-008 
4.5999999999998708589 0.29914610864688973013 1.1765563191406172017 -2.5358579544467532152 1.3030490566007527992e-008 
4.6249999999998792077 0.29914447479040845446 1.1767230281378460166 -2.5358579565030576752 1.1758656844095222726e-008 
4.6499999999998875566 0.29913451816476188672 1.1775540038834848566 -2.53585795885013221 1.2455576415107318795e-008 
4.6749999999998959055 0.29911721181138195558 1.1775669506872885606 -2.5358579608902789282 1.0390606858178533022e-008 
4.6999999999999042544 0.29910426424956132463 1.1767947592298420023 -2.5358579627457533689 1.0093998145231385988e-008 
4.7249999999999126032 0.29911205345468844241 1.1765291504698076608 -2.5358579643425125383 7.0663855698231706548e-009 
4.7499999999999209521 0.29911973531453489583 1.1762103977538451716 -2.5358579657546398423 9.0371857105027616298e-009 
4.774999999999929301 0.29911540536270775359 1.1762639549073756751 -2.5358579673958225875 8.5582474774958590044e-009 
4.7999999999999376499 0.29911632846635766159 1.176720324456108635 -2.5358579687088922405 6.1989080153694246499e-009 
4.8249999999999459988 0.29912921171573864099 1.1767031416270672395 -2.5358579697449830093 4.7084600260182267644e-009 
4.8499999999999543476 0.29913511703867678992 1.1768323866405219214 -2.5358579707275477055 6.4123425706278775223e-009 
4.8749999999999626965 0.29912262241805287477 1.1769217552564983365 -2.5358579717358833427 4.6975468409794510824e-009 
4.8999999999999710454 0.29911387635270858532 1.1768199095878510985 -2.5358579725983139141 5.1539337990242236051e-009 
4.9249999999999793943 0.29911544869872142005 1.176885918391609831 -2.5358579736316171349 5.3789228547951006123e-009 
4.9499999999999877431 0.29911455332240510785 1.1766239804755662668 -2.535857974358922462 2.6372646613084505541e-009 
4.974999999999996092 0.29912088583366785999 1.1765178844478714204 -2.5358579747681715411 2.8181331423224770688e-009 
