0.025000000000000015266 0.59986459146786752505 0.00051368346529710035009 -2.2408949980965111592 0.043156037555584864096 
0.05000000000000003747 0.57300812235760145708 0.018123484411788126636 -2.2464627560036034559 0.065953207349107034752 
0.075000000000000052736 0.41950564416905361531 -0.013341804608997587245 -2.2617595511521813023 0.10905003925772305262 
0.10000000000000007494 0.37311883562705977502 -0.055173657458797209507 -2.2875905420070234975 0.12455810882017566421 
0.12500000000000008327 0.19601947666371444257 -0.39186190571102397229 -2.3045645897136251001 0.070035396517762679713 
0.15000000000000010547 0.20393800037099157896 -2.2831266701620829274 -2.3170716646838633856 0.075974396617940059828 
0.17500000000000012768 0.30255394080090752817 -3.036618185267259129 -2.3307307809958479616 0.075333054398223325832 
0.20000000000000014988 0.21433583807854109105 -1.7395378686958440362 -2.3438312184460992071 0.052708080293558466634 
0.22500000000000017208 0.20577668120783593197 -2.5080212968109840688 -2.3543480453266760755 0.076928354868642842557 
0.25000000000000016653 0.2906137258841650084 -2.4358682936386659712 -2.3693660806580174594 0.073231522039018670522 
0.27500000000000018874 0.25937728097953927087 -4.0478067809947031463 -2.3810121094847076506 0.057908811773749790941 
0.30000000000000021094 0.26756754506251151371 -1.2509522494616933663 -2.390245518826562332 0.039107113996324494032 
0.32500000000000023315 0.28813450478110719244 -1.9499929522840240281 -2.3994770139697219058 0.055844393476224690742 
0.35000000000000025535 0.29763006743234388107 -1.683261113906051154 -2.4075443703968613107 0.047188589073836821608 
0.37500000000000027756 0.33742218059872264302 -1.9174506508601449895 -2.4186742595300656511 0.062299070210246658419 
0.40000000000000029976 0.29664165836038625113 -1.676718841974735863 -2.4283699355457404323 0.037216809877598899803 
0.42500000000000032196 0.28982323824334543794 -1.2622900744315144195 -2.4340195374723769817 0.0329432593634460813 
0.45000000000000034417 0.29323156715534054451 -1.0940624211443839009 -2.440679226403591251 0.040171496791973709817 
0.47500000000000036637 0.25533176922851685831 -0.86626133957111561834 -2.4489548311747522114 0.04254914271270929943 
0.50000000000000033307 0.22612364493330944226 -0.2468774659979248165 -2.4566442449517347235 0.03788998381365200202 
0.52500000000000035527 0.23440083550444065774 0.42281308487702051746 -2.4618591512453646963 0.028995041190590258029 
0.55000000000000037748 0.26863814802956220706 1.1240617476930601093 -2.4679424453948430873 0.031174294980245927794 
0.57500000000000039968 0.31342117514762268815 2.1752236443766799212 -2.4742587605250738747 0.03894968225894348407 
0.60000000000000042188 0.33608409828458973845 2.1810933631010391842 -2.4805630997534131588 0.027910154539201731394 
0.62500000000000044409 0.31033478849222823071 1.268295418197255886 -2.4850627955592945462 0.023431327596779825267 
0.65000000000000046629 0.28921205626585794191 1.0158666981470148016 -2.4895522931118168053 0.021924172803109220203 
0.6750000000000004885 0.26158035697373865913 0.67012878291369026851 -2.4931524346034450446 0.019463620166857008298 
0.7000000000000005107 0.27054622735239275411 0.5781841509866149087 -2.4966698020133675229 0.021333138602815646112 
0.72500000000000053291 0.3008548460852323303 0.8402187509860787884 -2.5005312028703605698 0.015145844603125837788 
0.75000000000000055511 0.284515754242451957 0.70563833563381972436 -2.5026619134068663897 0.010736440851289510978 
0.77500000000000057732 0.26517576519007735047 1.0583832190590913847 -2.5052704082682888398 0.017565934492405243378 
0.80000000000000059952 0.27179158202063641303 1.0499087663023449757 -2.5082690508224012582 0.016258392377355237318 
0.82500000000000062172 0.29278187073573019861 0.79439307367947642469 -2.5112260804598056652 0.013108148607069746924 
0.85000000000000064393 0.31968793615583745993 1.6119034458001157972 -2.5132805060656258078 0.0092704720759064079827 
0.87500000000000066613 0.31012107004816141798 1.9809299344230890672 -2.5147267788490608176 0.0085514091195549538776 
0.90000000000000068834 0.28912862631863073259 1.4307646538931579894 -2.516521153097740271 0.010304086693814260012 
0.92500000000000071054 0.29112248693495618168 0.89077135256171458 -2.5184917867223823862 0.010155354425323328757 
0.95000000000000073275 0.29312730540389986267 0.80905346895225271897 -2.5202700668017175012 0.0092679728843159166901 
0.97500000000000075495 0.29162546223722141114 1.1252514411351142165 -2.5215033765178427316 0.004696482508847054857 
1.0000000000000006661 0.29276222763738241062 1.1922958661154747784 -2.5225409968802017247 0.0073351975257542716136 
1.0249999999999979128 0.28645280575667325662 0.86917728434719210284 -2.5238671491251185586 0.0048949883100869459943 
1.0499999999999951594 0.28681399077721525526 0.94366864989856658053 -2.5246005770722454997 0.0052741925665474960125 
1.0749999999999924061 0.29957542794803687647 1.4060803566289155064 -2.5258196245550665893 0.0071459326218901997319 
1.0999999999999896527 0.30591681651509328166 1.3567099812366769651 -2.5268894311033132105 0.0039428984969415272269 
1.1249999999999868994 0.30707150791197451722 1.1361353611317981382 -2.5275851611767672367 0.0038852971983214020651 
1.149999999999984146 0.29792447069818467353 1.2464951895466584997 -2.5282736584342520025 0.0035030409881168611368 
1.1749999999999813927 0.28903216753779259474 1.2897661782371110384 -2.5288090080395551063 0.0030236845919077558892 
1.1999999999999786393 0.29308671623138599083 1.3519595655935292555 -2.5295193155658894923 0.0037378558928403029897 
1.224999999999975886 0.29622703388605142738 1.2706144008300372938 -2.530050717567121854 0.0026069633455373273853 
1.2499999999999731326 0.29634854171448349325 1.0635570075800480083 -2.5305445798859103057 0.0027784979792625174276 
1.2749999999999703792 0.29776728458373169506 1.057384793837018 -2.5310785810906555326 0.0027735540818475158675 
1.2999999999999676259 0.29733308634161997874 0.96357703376249970173 -2.5315490138026026656 0.0019702600730918712509 
1.3249999999999648725 0.29990663158474795136 1.0609235611855278858 -2.5318030319317306187 0.0015111114266741095501 
1.3499999999999621192 0.30067847293391497532 1.2160203194950718331 -2.5321382028653478535 0.0020272213813114824468 
1.3749999999999593658 0.29901368735849853664 1.0878604619047380631 -2.53254912321176473 0.0020577064137910425212 
1.3999999999999566125 0.29906320521043028293 1.1465751005928799255 -2.5328555586044405601 0.0013320051530224220285 
1.4249999999999538591 0.29232432109312628254 1.2955115397474770145 -2.5330800483244306776 0.0012696644412303710256 
1.4499999999999511058 0.29022933425959362985 1.3260890159497136231 -2.5332830765496185954 0.0009366463075718094557 
1.4749999999999483524 0.3014126701339669423 1.2347504047323107912 -2.5335320279576358793 0.0017296106043421821154 
1.4999999999999455991 0.30555375182109456578 1.0770704013653085163 -2.5337880819272045052 0.00092358034549788530984 
1.5249999999999428457 0.29979080860808821063 1.1350324773913134102 -2.5339255849092832129 0.00074861197675161062891 
1.5499999999999400924 0.29761872784391241176 1.229794885255301562 -2.5340907734824718034 0.00093652055324240342585 
1.574999999999937339 0.29664315549769187941 1.1847886601440054122 -2.5342532171278682185 0.0008726852761708701325 
1.5999999999999345857 0.29856458529465457197 1.1652394000090429138 -2.5344055373129266151 0.00077583816750751799594 
1.6249999999999318323 0.30216164313464610736 1.1690064535407151958 -2.5345315416142697451 0.00056927450241210848271 
1.649999999999929079 0.29821714730556758699 1.1477217639858958709 -2.5346479047952854557 0.000724979412689329486 
1.6749999999999263256 0.29309134202304965022 1.1224884972181952136 -2.5347635237158718802 0.00043569746466398564643 
1.6999999999999235722 0.29470923733066284322 1.1284523412823197486 -2.5348325127511190935 0.00047308301111397498516 
1.7249999999999208189 0.30014535417848414722 1.1663195381657653904 -2.5349309928731047492 0.00049338281392614393144 
1.7499999999999180655 0.30414888564934194903 1.211125413421837882 -2.5350175259911735814 0.00048485522531575148131 
1.7749999999999153122 0.30253310655744336533 1.2277464059153655462 -2.5351083781588625854 0.00041156251866129747816 
1.7999999999999125588 0.29800897035069995322 1.2011084406190988272 -2.5351607863034164581 0.0002705870534282460156 
1.8249999999999098055 0.29656731238231465175 1.2043684722131897669 -2.5352186877585718427 0.00031073685897044689593 
1.8499999999999070521 0.2975742097477286352 1.1835916851046661691 -2.5352743270177011681 0.00028414358518708807046 
1.8749999999999042988 0.29928608209382107086 1.1598225377927362523 -2.5353244331903783682 0.00028986835732224794544 
1.8999999999999015454 0.29987060928414138727 1.1774638492448867844 -2.5353754702982023161 0.00024535756604642742487 
1.9249999999998987921 0.29774017994570040058 1.1228359740093729613 -2.5354226365623775408 0.00025597782272477465201 
1.9499999999998960387 0.29705515768371831831 1.1165331827999391834 -2.5354635422067084427 0.00017668816502141240104 
1.9749999999998932854 0.29926976767440932603 1.1816285796451775347 -2.5354868244010138056 0.00014088174096154321559 
1.999999999999890532 0.30115255865228185428 1.2174816001332731119 -2.5355215524229191004 0.00016804292504923103732 
2.0249999999998880007 0.30151184110793194382 1.2560254583620249491 -2.535548771920606459 0.0001629888727454990307 
2.0499999999998852473 0.29957843896490143898 1.1998217215313267126 -2.5355831680704437048 0.00019404181570918535918 
2.074999999999882494 0.29738937587773411897 1.1100833800711606969 -2.5356082501491989944 8.6348219906859493894e-005 
2.0999999999998797406 0.29671683670053627946 1.1273158264723326383 -2.5356266770040889469 0.00011199834609977799482 
2.1249999999998769873 0.29747338578966098233 1.1726746507724863378 -2.5356471330242569273 0.00010286377671379131411 
2.1499999999998742339 0.30002149723233195733 1.2035290887319569642 -2.5356625671391119781 8.1935031337700860838e-005 
2.1749999999998714806 0.30097442050193579099 1.1946517660790338944 -2.5356821477962676603 0.00011861266149992063124 
2.1999999999998687272 0.29912158712455461096 1.1710451216569528476 -2.5357014192458651181 8.5076431618613920283e-005 
2.2249999999998659739 0.29885968163997805869 1.1848516625851015505 -2.5357138168121435839 5.7160801783826067381e-005 
2.2499999999998632205 0.29999239365200741636 1.1904796569898414837 -2.5357233516179031874 5.1536741337441984573e-005 
2.2749999999998604672 0.29980456552145562377 1.1864081684255869398 -2.5357359961343575172 7.6156213571842605115e-005 
2.2999999999998577138 0.298819685601938001 1.1790373655581425361 -2.5357479040074810683 5.5668870904347258338e-005 
2.3249999999998549605 0.2974610984546306458 1.1515028337515977874 -2.5357575047129494727 5.1245647367958835187e-005 
2.3499999999998522071 0.2970782526148317837 1.1356037298665495605 -2.5357658976844321685 3.788983871120421592e-005 
2.3749999999998494538 0.2989515173587399266 1.1596436641543568236 -2.5357736279236227084 4.8187156492116551914e-005 
2.3999999999998467004 0.30080669156121170316 1.1920163597613164796 -2.5357825814220857907 4.2943108714702813496e-005 
2.4249999999998439471 0.30092834088317593766 1.192322525089096974 -2.5357882640032411992 2.3441812810910572546e-005 
2.4499999999998411937 0.29955220018263056803 1.193253632102101669 -2.5357932404364884604 3.4506310287920795982e-005 
2.4749999999998384403 0.29791151389206987909 1.2019793592456462505 -2.5358002957676752942 3.492328303766621179e-005 
2.499999999999835687 0.2981439352241996299 1.185474380406243311 -2.535805820123125276 2.6659537461428118964e-005 
2.5249999999998329336 0.29937732608891598485 1.1590795663415160988 -2.5358097219293918023 1.683583337773675103e-005 
2.5499999999998301803 0.29941840366987210187 1.1562872369457695143 -2.5358132267438788787 2.3504158329897075787e-005 
2.5749999999998274269 0.29897121887196770329 1.1839734209239929363 -2.5358180559096630269 2.4573499865328294836e-005 
2.5999999999998246736 0.29877180310629047888 1.1861243824232712285 -2.5358217628331685134 1.8566640138072938802e-005 
2.6249999999998219202 0.2989649487347603718 1.1601025682844703368 -2.5358248295000271888 1.3506440502377720515e-005 
2.6499999999998191669 0.29961644976413970287 1.1680506322731072366 -2.5358273621243361262 1.3196277772600817853e-005 
2.6749999999998164135 0.29963371106856212522 1.1808428216025692592 -2.5358297815061283664 1.5868164506290803096e-005 
2.6999999999998136602 0.29906286124771175317 1.1788694211774219944 -2.5358328464884238862 1.5190307189730257377e-005 
2.7249999999998109068 0.29868933640386735595 1.1789420297464374698 -2.5358350331533352495 9.3321244797942275867e-006 
2.7499999999998081535 0.29855626297090981369 1.1733972351837897996 -2.5358371497318494825 1.2308084632604970516e-005 
2.7749999999998054001 0.29905333525196658995 1.1767457532382534779 -2.5358388498944690603 7.4823062959668364304e-006 
2.7999999999998026468 0.29964361179082898978 1.1814427049071398734 -2.5358401983870590968 7.4864154409623701552e-006 
2.8249999999997998934 0.29948434908102172791 1.1869417231796832723 -2.5358418466061780627 9.8363183822307564817e-006 
2.84999999999979714 0.29910858532343964633 1.1948010648969631387 -2.5358435624496382665 8.3930504119487895097e-006 
2.8749999999997943867 0.29885673612582486225 1.1760268058803056146 -2.5358448624825968842 6.0640918780489276569e-006 
2.8999999999997916333 0.2989261813683227742 1.1596347099373767175 -2.535845900237819972 5.3053754724139441776e-006 
2.92499999999978888 0.29933367337360222704 1.1670424825634286847 -2.5358469523145101832 5.5958445814094596446e-006 
2.9499999999997861266 0.2992549332451024946 1.16831545268403314 -2.5358477701575945495 4.3676499424559726774e-006 
2.9749999999997833733 0.29888473388333253178 1.1671590423715807461 -2.5358487579029116432 5.5539325357789952976e-006 
2.9999999999997806199 0.29891137771340176021 1.1762290519884439632 -2.5358496106570678208 3.7469005081930161614e-006 
3.0249999999997778666 0.2990071209594906132 1.1872542985058223142 -2.5358504402095469743 5.3053573705530060036e-006 
3.0499999999997751132 0.29915240367230505614 1.1910756552458714452 -2.5358511419449309976 2.0932890053894739709e-006 
3.0749999999997723599 0.29941880143213955856 1.1850110591987554898 -2.5358515149279465817 2.7301772256650457996e-006 
3.0999999999997696065 0.29932791791116064584 1.176175963511330913 -2.5358521346114430983 3.2608030226769931276e-006 
3.1249999999997668532 0.29908334583895218595 1.1743676617594145384 -2.5358526759009722973 2.8889122461384083008e-006 
3.1499999999997640998 0.29910475953956550121 1.1747683403832072102 -2.5358532075855544363 2.8223911824931623375e-006 
3.1749999999997613465 0.2991583126436611062 1.1706511218669044538 -2.5358536395569544197 1.8432139941946811345e-006 
3.1999999999997585931 0.29904741582071281414 1.1718065638152534991 -2.5358539897650040906 2.0112054818813180749e-006 
3.2249999999997558398 0.29886287858595134148 1.1739705631512098449 -2.5358543108336593086 1.4005798211231693352e-006 
3.2499999999997530864 0.29888435830516968394 1.174467302494814902 -2.5358545919240431665 1.9010478756739127673e-006 
3.274999999999750333 0.29917201004520665997 1.1820521467663844817 -2.5358549421524720913 1.5863057564512903451e-006 
3.2999999999997475797 0.29933943610513302769 1.1817361838584412581 -2.5358552486502778933 1.8712698091512360872e-006 
3.3249999999997448263 0.29932157254007007996 1.1753193112199262771 -2.5358554987972592443 7.6696871966578076434e-007 
3.349999999999742073 0.29924419379446676182 1.1756722778567212373 -2.5358556333405966043 9.0654576191338697062e-007 
3.3749999999997393196 0.29906848987939349538 1.1754401769084561469 -2.5358558616596309498 1.3700398066097881134e-006 
3.3999999999997365663 0.29896497794297061112 1.1791404468898374347 -2.5358560867044674936 1.0836224654371401049e-006 
3.4249999999997338129 0.29902281064615993111 1.1820381095323408971 -2.5358562422755874799 7.1591697697710211885e-007 
3.4499999999997310596 0.29911194015274406022 1.1760926896307410949 -2.5358563773701683353 6.6973666634140683656e-007 
3.4749999999997283062 0.29912392032620616078 1.1736677760201257303 -2.5358565216700998945 9.4003849940175132691e-007 
3.4999999999997255529 0.29907309623938382881 1.1747356634648851159 -2.5358566730827734048 6.2260785339751497929e-007 
3.5249999999997227995 0.29916007707477459965 1.1749078552583402946 -2.5358567696248366374 5.2822112629374007694e-007 
3.5499999999997200462 0.29928757858617061061 1.1756882395755421378 -2.5358568742242200145 5.3468785302839722887e-007 
3.5749999999997172928 0.29919985455936609631 1.1760683188185447889 -2.5358569714359244784 5.8944347389413450529e-007 
3.5999999999997145395 0.29905879296384163535 1.1782251626700099845 -2.5358570780652756049 4.9271695918614434523e-007 
3.6249999999997117861 0.29898232202695823601 1.1796735328850465052 -2.5358571464980177446 2.6321056290597692409e-007 
3.6499999999997090327 0.29897083750496178389 1.1772372782134787883 -2.5358572042592690821 4.2616676090175361493e-007 
3.6749999999997062794 0.29914038429159028887 1.1756117444635414415 -2.5358572915382828761 4.6701489457322114548e-007 
3.699999999999703526 0.29929576050552186839 1.1772476558442377392 -2.5358573562150272807 2.4280918734864813535e-007 
3.7249999999997007727 0.29921875852898527359 1.1773572566078527313 -2.5358574044410366888 2.80237326308312437e-007 
3.7499999999996980193 0.29908213962092705662 1.1754687250017661349 -2.535857451823181119 2.3047689803213908394e-007 
3.774999999999695266 0.29903292564886690963 1.1762037880244013976 -2.5358574939750258004 2.5412773269390690496e-007 
3.7999999999996925126 0.29908444129670164191 1.1771065285087618513 -2.5358575424559695044 2.6271646290180372864e-007 
3.8249999999996897593 0.29917676257059333533 1.1768776480196914136 -2.535857589352369601 2.140220850577017898e-007 
3.8499999999996870059 0.29915926524424124588 1.1774649399367378422 -2.5358576200087727948 1.4505820380455048244e-007 
3.8749999999996842526 0.29907793932870918585 1.1767728012609628419 -2.5358576481586094786 1.5748379537784539021e-007 
3.8999999999996814992 0.2990628782020429699 1.1753977392976047156 -2.5358576743563467915 1.32836781526188712e-007 
3.9249999999996787459 0.29910044988660966503 1.1751119982156279509 -2.5358577017320964586 1.6178422277189527431e-007 
3.9499999999996759925 0.29917071548311280349 1.1769098630532350835 -2.5358577332694984818 1.7253273006872250985e-007 
3.9749999999996732392 0.2991857891271320069 1.1789885510816986436 -2.5358577553155696727 6.6651017421126584583e-008 
3.9999999999996704858 0.29911156447936748659 1.1774565658659215117 -2.535857770843805703 1.1118359190484797204e-007 
4.0249999999996788347 0.29908922452895198019 1.1758742217708975097 -2.535857791165085473 9.6534071275325242633e-008 
4.0499999999996871836 0.2991132105990423895 1.1768059453267563086 -2.5358578055062732659 7.8754565487958240397e-008 
4.0749999999996955324 0.29911926668008426144 1.1773035057895784306 -2.5358578214632792047 8.210539199665161149e-008 
4.0999999999997038813 0.2991386506322841754 1.1766426121277220318 -2.5358578372358273612 8.5250355400506376659e-008 
4.1249999999997122302 0.2991266491180469278 1.1758421822381652788 -2.5358578518345007424 7.8163510388899593944e-008 
4.1499999999997205791 0.29908803029735764323 1.1763135249728535747 -2.5358578626710239767 3.7832535021746445323e-008 
4.1749999999997289279 0.29909121961379342425 1.1767595486409003769 -2.535857870129297531 4.8374417493766531674e-008 
4.1999999999997372768 0.29912619079041918857 1.1766181813076870277 -2.5358578802610085567 5.6279023862579768437e-008 
4.2249999999997456257 0.29916747934327841962 1.1775141992138085101 -2.5358578902180770598 5.7088465601817637664e-008 
4.2499999999997539746 0.2991607795363059874 1.177414579397168648 -2.535857900029091283 3.9364526315205553301e-008 
4.2749999999997623235 0.29910518435774480217 1.1762921671578272509 -2.5358579058097507897 3.296075958316517644e-008 
4.2999999999997706723 0.29909016285484885112 1.1761714227180051218 -2.5358579128370957179 3.8994771371347200795e-008 
4.3249999999997790212 0.29910066200522489321 1.176363412459234592 -2.5358579183417258029 2.3445238987086833084e-008 
4.3499999999997873701 0.29910297760004028733 1.1767088204018034681 -2.5358579236066978169 3.0992892230715598793e-008 
4.374999999999795719 0.29913097106266678393 1.1769795949243155864 -2.5358579291150449286 3.0424720442521324945e-008 
4.3999999999998040678 0.29914162703903340867 1.1770523618905579522 -2.5358579346080354355 2.8664812884757381225e-008 
4.4249999999998124167 0.29912017873993473893 1.1772834472758302304 -2.5358579387618185308 1.516054716718560331e-008 
4.4499999999998207656 0.29913225137583832058 1.1769872682346813608 -2.5358579414585640244 1.7051984418642696628e-008 
4.4749999999998291145 0.29915000838990002396 1.176427900211437283 -2.5358579452580491953 2.1663552350084279818e-008 
4.4999999999998374633 0.29912301816650083142 1.1764818050130878557 -2.5358579488341956854 1.9137041880323192719e-008 
4.5249999999998458122 0.29908622036008797318 1.176640325177922719 -2.5358579522551769614 1.475383705987841203e-008 
4.5499999999998541611 0.29907990595992234306 1.1763745656514923432 -2.535857953986389024 8.1350220497050961829e-009 
4.57499999999986251 0.29911128709931372738 1.1764216173857529046 -2.535857956629652854 1.8171962010371422125e-008 
4.5999999999998708589 0.29914553408780875099 1.1766295219075137979 -2.5358579592446215401 1.0153099949821778566e-008 
4.6249999999998792077 0.2991472176650298298 1.1766438413641908678 -2.5358579610084537315 9.8435582960335235328e-009 
4.6499999999998875566 0.29913403950708666867 1.1772468986033199911 -2.5358579628822819352 9.8044431989675614399e-009 
4.6749999999998959055 0.29911916518352033023 1.177463740599857589 -2.5358579645203751518 8.7204873337157191338e-009 
4.6999999999999042544 0.2991085077567487982 1.1769027356594525813 -2.5358579661130740135 8.360241571695963276e-009 
4.7249999999999126032 0.29911648072178526059 1.1766825471174244822 -2.5358579675278947185 6.0090466840046267519e-009 
4.7499999999999209521 0.299121726902460916 1.1763845049260364117 -2.5358579686380657847 7.1971967530328301306e-009 
4.774999999999929301 0.29911187080578049979 1.1763849223693574331 -2.5358579699321608381 7.0347829620853627858e-009 
4.7999999999999376499 0.29911061435355545957 1.1767672757189071575 -2.5358579711824607017 5.3950294831113930252e-009 
4.8249999999999459988 0.29912446562307348774 1.1766169886371655728 -2.5358579719602523106 3.535581722125098665e-009 
4.8499999999999543476 0.29913523060697883027 1.1766561578181480296 -2.53585797274433844 5.3310487905882973631e-009 
4.8749999999999626965 0.29912928249312942253 1.1768288008562037827 -2.5358579735896573659 3.6885239529181236446e-009 
4.8999999999999710454 0.29911820875069161652 1.1767235254406656075 -2.5358579743419369379 4.4025514561334845905e-009 
4.9249999999999793943 0.29911400740834809264 1.1768227154741059959 -2.5358579751653280709 4.3944449803289542519e-009 
4.9499999999999877431 0.29911181902677325128 1.176769220456086007 -2.5358579757705315139 2.1411606747880253367e-009 
4.974999999999996092 0.29911780927815817543 1.1766838782999062829 -2.5358579761427870736 2.2983619085313792252e-009 
