0.025000000000000015266 0.60025489715000046598 0.00051641515938727691748 -2.2404005663874211329 0.043446999481591329351 
0.05000000000000003747 0.57314940577865947091 0.018229365674732406211 -2.2456142599328110521 0.066825394201205132183 
0.075000000000000052736 0.41822591440031398058 -0.014015252395621735637 -2.2600061061139711249 0.11082002399636539658 
0.10000000000000007494 0.37077695889158168718 -0.055151807609995828763 -2.2843214149366501964 0.12647853382378698717 
0.12500000000000008327 0.19221209774737776921 -0.38839848638171448059 -2.3003310452002629916 0.071778264667736860205 
0.15000000000000010547 0.2018169272986981011 -2.312960155891280678 -2.3123522020333853177 0.079509820857789806348 
0.17500000000000012768 0.30310565288952612262 -3.0935148200509212657 -2.3255848498936413371 0.078773729242035184228 
0.20000000000000014988 0.21282388883527383894 -1.7649060979024293605 -2.33847043796492704 0.057350964795805786656 
0.22500000000000017208 0.20799741709008673363 -2.5739224908169870965 -2.3491580128592515209 0.082807851136313850859 
0.25000000000000016653 0.29020079834945822217 -2.600691546541280097 -2.3633977789606754882 0.074204822891796140549 
0.27500000000000018874 0.24937271381318218411 -1.0957771735390751111 -2.3750223854259524536 0.063689587616200610265 
0.30000000000000021094 0.27032246155733746784 -1.549893305762793716 -2.3848997411900896282 0.048634393463940675528 
0.32500000000000023315 0.30283053349962119061 -2.2924911899799131909 -2.3951353477890546806 0.064322850275440365819 
0.35000000000000025535 0.317540637552491678 -1.5996200326456349039 -2.4040260942133455657 0.056072070648130516168 
0.37500000000000027756 0.3282258709853154155 -1.2564988375728800563 -2.4159528002753187792 0.072828335838612714981 
0.40000000000000029976 0.25398743410242824448 -0.69516030133181516693 -2.424933959042367082 0.031187596297273165874 
0.42500000000000032196 0.24707453605785872908 -0.21724820274652500984 -2.4307580195161739844 0.043660354061564543571 
0.45000000000000034417 0.25426713213844215344 -0.55220768351328364254 -2.4386143732994383093 0.03980117661136212126 
0.47500000000000036637 0.22768601682487638049 -0.49981588439905560994 -2.4453058504440412513 0.038961298145580781915 
0.50000000000000033307 0.22832735891281533136 0.31294755550793385002 -2.4512103246965293302 0.034609470612885849528 
0.52500000000000035527 0.2488231387363320779 0.66423084305950730322 -2.4571487648513961055 0.036276816553019265721 
0.55000000000000037748 0.2920537926541729723 0.85216138691393439331 -2.4639777851685620291 0.038905306728416480522 
0.57500000000000039968 0.3435490616575880285 1.6549662639797193542 -2.470768085880808318 0.040410461360852613366 
0.60000000000000042188 0.34540229782609727094 1.6007568955035995639 -2.4765693353285169742 0.02845756271990539446 
0.62500000000000044409 0.2887541773367638398 0.82390804123723171415 -2.4808480062791087306 0.025132315537621543328 
0.65000000000000046629 0.2671281951126163734 0.58389509392682925615 -2.4850473722008783461 0.019632348248616766917 
0.6750000000000004885 0.24414632450009540743 0.37641929993588330028 -2.4883966438897613394 0.021099085868782226777 
0.7000000000000005107 0.25603421034323370353 1.1227760878783938914 -2.4917975835191112921 0.021302393474336552004 
0.72500000000000053291 0.30306004354102611398 1.5739163091084464874 -2.4954788602926933905 0.019816179225173057021 
0.75000000000000055511 0.30700702671851409775 0.9977903606456672847 -2.4983711247103230768 0.014788866016882741203 
0.77500000000000057732 0.28820342053796282888 1.3691577576471949396 -2.5016233619061916116 0.021471558993766303586 
0.80000000000000059952 0.28164079094267896464 1.0204373218421751712 -2.5047229685502512275 0.016941022751576041011 
0.82500000000000062172 0.28688439389477993213 0.40762534531293603823 -2.5072851470591164258 0.011016866365225114199 
0.85000000000000064393 0.29804454265894625431 1.1925321222370817154 -2.5089874952715773837 0.010637277590667250024 
0.87500000000000066613 0.29206020906647417457 1.6093116737883970124 -2.5110329015250094642 0.013151104229522654621 
0.90000000000000068834 0.28503912925688662527 1.1944091417448805537 -2.5132101477720114602 0.01337403743965004041 
0.92500000000000071054 0.29228228672815270706 0.95526366977580579043 -2.5154538275085140953 0.010414936693782178914 
0.95000000000000073275 0.29407718077683780988 0.93108886994697548367 -2.5171449097522491378 0.010769640827725137158 
0.97500000000000075495 0.29196643277134054495 1.2206844234921834236 -2.5184920314797594187 0.0051608026615591849617 
1.0000000000000006661 0.2934123185688483626 1.5189923687859283596 -2.5195181925930301148 0.0077073450659716213895 
1.0249999999999979128 0.29631065819747337553 1.2181160764453009548 -2.5209966049044099101 0.0073056167824853543089 
1.0499999999999951594 0.29387785343437949903 1.1637116403679916843 -2.5219993028279961145 0.0069263861153259238118 
1.0749999999999924061 0.28642271679605230128 1.3005295512220502729 -2.5233450375328758675 0.0077737179527543089075 
1.0999999999999896527 0.29248889960605783944 0.82241191612066766314 -2.5246484485664928421 0.0062233827183713679929 
1.1249999999999868994 0.30707024314877967575 0.76279807894876872076 -2.525271441399737693 0.0030437888866365805235 
1.149999999999984146 0.30190258485851867443 1.1957854895687756169 -2.5260571661167481317 0.0053883707237934634973 
1.1749999999999813927 0.28829843300096957837 1.2600571378063134542 -2.5268754895312959263 0.0044045510583309516531 
1.1999999999999786393 0.2945221264915061643 1.4794219807128448085 -2.5277460291037860962 0.0052380484208956945222 
1.224999999999975886 0.29844743873110418653 1.5854361691297547132 -2.5284093095290742781 0.0031254511206397542732 
1.2499999999999731326 0.29222005235761089326 1.3238648625752191812 -2.5289340829327011662 0.0026442439861365536063 
1.2749999999999703792 0.29643635452401556618 1.1903483076839591615 -2.5294391428305385006 0.0037120560543571269087 
1.2999999999999676259 0.30331931342023427112 0.84945435766378074582 -2.5300751490274739908 0.0030186656810592079649 
1.3249999999999648725 0.29974123930582435849 0.77624161521217660553 -2.5304926065491635256 0.0025576825654004455707 
1.3499999999999621192 0.29454981183591560923 1.1333510055986797394 -2.5309129803061494179 0.0022012606341258464729 
1.3749999999999593658 0.29858350855786180977 1.0762748111252415928 -2.531363983664461248 0.0028109124591545763851 
1.3999999999999566125 0.30057800845629401021 1.0567627481735439865 -2.5317359846095097708 0.00177158018021721618 
1.4249999999999538591 0.291142994131181998 1.379762303612410923 -2.5320503909422216182 0.0018189300674374309259 
1.4499999999999511058 0.28933485281772208797 1.5161527773177694289 -2.5323216942963990839 0.0014659422511896578589 
1.4749999999999483524 0.30313414953594730594 1.3977550348571279315 -2.5326117710694564522 0.0019330970181495709791 
1.4999999999999455991 0.30765286382484802186 1.1590974004960039601 -2.5329390259565758292 0.0018087585668383708831 
1.5249999999999428457 0.30181287945613660684 0.99965103025826806959 -2.5331817598366850319 0.00099485869209738541849 
1.5499999999999400924 0.29881093158182114866 1.0305964840882537725 -2.5333578028853915853 0.0011281597508134913466 
1.574999999999937339 0.29442932294639617696 1.0586111591183029468 -2.5335533175445275056 0.0012412584389581507189 
1.5999999999999345857 0.29281603311227744069 1.0647271151951736012 -2.5337548442862667386 0.0010820599684512003259 
1.6249999999999318323 0.29861295647382235519 1.2054513216014781651 -2.5339405688734317756 0.00099722235245589116101 
1.649999999999929079 0.30154164726275811681 1.2860158435504922547 -2.5340966438028895702 0.00092301826902527260403 
1.6749999999999263256 0.29787697269269464151 1.1874003188811788068 -2.5342459544184876563 0.00076008101926511686171 
1.6999999999999235722 0.29614288788830217536 1.2105875714333116377 -2.5343553216971690389 0.00063976067692930358669 
1.7249999999999208189 0.29978408427170655237 1.2540661614443950889 -2.5344836911546559932 0.00072273577200451138199 
1.7499999999999180655 0.30424221553194935597 1.1605081688482909996 -2.534593554314881203 0.00066732246729299935818 
1.7749999999999153122 0.30231139968628989445 1.1630618274125406053 -2.5347062718918271784 0.00062049235527288841389 
1.7999999999999125588 0.29713202696517371226 1.190322328262194862 -2.5348139220426233464 0.00058902775260064542916 
1.8249999999999098055 0.29532672681430777173 1.1521158053535249799 -2.534886661096817484 0.00032640710132182313135 
1.8499999999999070521 0.29439081216801160634 1.1176208643917346919 -2.5349537195201836681 0.00045045093774185652243 
1.8749999999999042988 0.29707968925524735893 1.1237492104732216269 -2.5350289191343673423 0.0004438954527096979942 
1.8999999999999015454 0.30349729907275346807 1.2026044558984567701 -2.535108850421035509 0.00044751218266878863136 
1.9249999999998987921 0.30264059312972968474 1.1856850375191458902 -2.5351773799774370843 0.00036711413817006039026 
1.9499999999998960387 0.29774528459041765815 1.1242668516684239943 -2.5352262085620780319 0.00021220829224727368848 
1.9749999999998932854 0.29747934263247916009 1.196078416529713806 -2.5352655432268886848 0.00027841489720303077681 
1.999999999999890532 0.297939673804362537 1.2722542435358032975 -2.5353186038850861195 0.00031598517982331088228 
2.0249999999998880007 0.29931343978433644359 1.2609167387098172419 -2.5353695305874865973 0.00025386211478850236913 
2.0499999999998852473 0.30128679551913789547 1.1793142842706112461 -2.5354075489155651901 0.00024256580632472747919 
2.074999999999882494 0.29969617380390711769 1.1049487584829249531 -2.5354476322680130629 0.00019638000832254484261 
2.0999999999998797406 0.29660962379856009585 1.0786815262831226381 -2.5354775971424095005 0.00015246851983749835566 
2.1249999999998769873 0.29635111709374889477 1.0917743320372235161 -2.5355046965498906353 0.00018609024789942004222 
2.1499999999998742339 0.29953409872736896924 1.1854878185306785277 -2.5355359741157164066 0.00016417212048152633936 
2.1749999999998714806 0.30161444613919363711 1.2471974394192497648 -2.5355630358768137533 0.0001662862559646574828 
2.1999999999998687272 0.29974249231679361838 1.2247102838891414933 -2.5355932562862859569 0.00015892640347074717144 
2.2249999999998659739 0.29816059733914396235 1.2103592777475014053 -2.5356115482398342564 8.2139097216647229127e-005 
2.2499999999998632205 0.29902603633821961404 1.1960866757579475816 -2.5356254623669141068 8.340357240594398799e-005 
2.2749999999998604672 0.29940918894783602466 1.1812542870864792821 -2.5356467180736457223 0.0001475923761592006769 
2.2999999999998577138 0.29942207905553741565 1.163964423841646223 -2.5356678339425737789 0.00010980110841086759171 
2.3249999999998549605 0.29931171252421617801 1.1293062922572616458 -2.5356835620571835932 7.2404073357294000918e-005 
2.3499999999998522071 0.29763818745071873861 1.1136031199528679814 -2.5356956490469411136 6.852480396479593771e-005 
2.3749999999998494538 0.29702890049552743701 1.1409467898579379597 -2.5357082276966802503 7.9050812087224137559e-005 
2.3999999999998467004 0.29926605739239281467 1.1922351615012600767 -2.5357212910348452262 7.9369205641514862463e-005 
2.4249999999998439471 0.30131069412405170338 1.2247299779286999755 -2.5357333182911276914 5.1273880665516547068e-005 
2.4499999999998411937 0.30069595718950886676 1.229040569693204521 -2.535741806394085085 5.594756512405266131e-005 
2.4749999999998384403 0.29878385564759418758 1.208231836778588697 -2.5357523210973544892 6.8212867495647788708e-005 
2.499999999999835687 0.29820878574891462875 1.1752282806176266305 -2.5357624019012767747 4.2245264006222529418e-005 
2.5249999999998329336 0.29849124561897527608 1.1495147914644983089 -2.5357689115409338676 3.7202791823090576085e-005 
2.5499999999998301803 0.29841159874018718945 1.1367721249179736365 -2.5357750662874742886 3.8570479768910165426e-005 
2.5749999999998274269 0.29918375759567811256 1.162364747125040676 -2.5357820043111742869 4.2913074954003596064e-005 
2.5999999999998246736 0.29973377151768187954 1.1813292699258863827 -2.5357897536258229287 4.3478257934622566866e-005 
2.6249999999998219202 0.29886931268787292337 1.1685877019787356268 -2.5357959260888032205 2.6986780413673926203e-005 
2.6499999999998191669 0.29890342480455206475 1.1867022302501899489 -2.5357995803056181394 2.1334176011139188825e-005 
2.6749999999998164135 0.29984401994517645429 1.1967923272741443075 -2.5358034415613346368 2.3503638306965628137e-005 
2.6999999999998136602 0.29962930860601083571 1.1818096869879024524 -2.535808727033775245 3.701211700118910966e-005 
2.7249999999998109068 0.29879041739822825852 1.1832710062014188956 -2.535813695261800671 2.0217576508625363684e-005 
2.7499999999998081535 0.29839439483871849079 1.1728367927502540979 -2.5358170900085692523 1.8697192566925910172e-005 
2.7749999999998054001 0.29859418239301133147 1.1604822892500989973 -2.5358198183659843572 1.6297229956496607197e-005 
2.7999999999998026468 0.29912449649127459406 1.1651435568248091901 -2.5358227848561174511 1.7452146344598086291e-005 
2.8249999999997998934 0.29959461710014029245 1.1802282984652299191 -2.5358258875768018292 1.9020379914320747469e-005 
2.84999999999979714 0.29979430951021884821 1.1995861476996556583 -2.5358288812542491009 1.3816721382237786767e-005 
2.8749999999997943867 0.29924608991862561291 1.1856942125910829855 -2.5358309491260828672 1.3544061040303253648e-005 
2.8999999999997916333 0.29861204094070253889 1.1625539089270047199 -2.5358332490086938904 1.2097656836987218527e-005 
2.92499999999978888 0.29896091374940153562 1.1703655994785644445 -2.5358355501832536838 1.298084191878942295e-005 
2.9499999999997861266 0.2992477811075269778 1.174209851225897383 -2.5358368940056914553 6.0236368260030973736e-006 
2.9749999999997833733 0.29884333625837367077 1.1664391324897340763 -2.5358384329053231809 1.1173988415606429941e-005 
2.9999999999997806199 0.29880748863451495057 1.174867194787937219 -2.5358405045014063006 1.1528447118034813534e-005 
3.0249999999997778666 0.29916598690014806206 1.1853555138889817488 -2.5358421779514608296 8.6386359925324939142e-006 
3.0499999999997751132 0.29938548165820338953 1.1817022742425398185 -2.5358432789117055783 4.8895540135814462938e-006 
3.0749999999997723599 0.29950932296929516641 1.1813823773268730122 -2.5358440641934687498 4.256940221979463963e-006 
3.0999999999997696065 0.29935561241706432067 1.1826542292301687187 -2.5358452238231299347 9.3736323452746667822e-006 
3.1249999999997668532 0.29895591276978661366 1.1768496037640434615 -2.5358466990936103791 7.4117633373571508186e-006 
3.1499999999997640998 0.29872263739936044669 1.1729230541913069352 -2.5358476188630123538 3.3175336295949511946e-006 
3.1749999999997613465 0.29891125933488715827 1.1703894216230548153 -2.5358482705791058898 4.5505486532274758645e-006 
3.1999999999997585931 0.29931540648554888495 1.173551189244378401 -2.5358490139800342611 4.5961833860240521496e-006 
3.2249999999997558398 0.29924581810248451763 1.1755726031428523903 -2.5358497804150759158 3.9513652146652734423e-006 
3.2499999999997530864 0.29893664131259706229 1.1724816152735844099 -2.5358504804711050618 4.1940680550162215873e-006 
3.274999999999750333 0.29910395643884446493 1.1817237307934447266 -2.5358511526558338289 3.5292691816172851509e-006 
3.2999999999997475797 0.29923584036955891419 1.1838315768692018182 -2.5358516757521361029 3.3063468056101532625e-006 
3.3249999999997448263 0.29914376506554329893 1.1733959559126159178 -2.5358522345504690421 2.4234717142872227897e-006 
3.349999999999742073 0.29926844520703982377 1.1744823544672571281 -2.5358526174944886478 2.3789913018631326125e-006 
3.3749999999997393196 0.29918396625259746635 1.1757108972246039791 -2.5358530083500867569 2.6334583516335819929e-006 
3.3999999999997365663 0.29887401841367983168 1.1763179213040393378 -2.5358535429773501058 2.9063316548513353155e-006 
3.4249999999997338129 0.29894375262171063445 1.182802800278883737 -2.5358538996623991579 1.6718142731718191793e-006 
3.4499999999997310596 0.29923362242682155498 1.1825767072766701915 -2.5358542011630031965 1.7477473174715280199e-006 
3.4749999999997283062 0.2993100967526851619 1.1771281171065939297 -2.5358544834252492173 1.7270432385336465112e-006 
3.4999999999997255529 0.29913730515813641286 1.1711479986976618406 -2.5358547908704078822 1.601055978772060777e-006 
3.5249999999997227995 0.29898557902108729989 1.1692622718246195035 -2.5358550433976243532 1.5932563145797993303e-006 
3.5499999999997200462 0.29903230761283683403 1.1736251657704084295 -2.5358552941119052448 1.2648804599725538121e-006 
3.5749999999997172928 0.29913365933291796717 1.1759463014620432642 -2.5358555282516461737 1.4096465681374149667e-006 
3.5999999999997145395 0.29922339158183824948 1.1777261532353429097 -2.5358557280909059806 1.015219921636013309e-006 
3.6249999999997117861 0.29922365153838664797 1.1819744235106832697 -2.5358558951952505645 8.7696503890634086779e-007 
3.6499999999997090327 0.29902701261621861262 1.1817884412177142028 -2.5358560464959869485 9.7414096828213574667e-007 
3.6749999999997062794 0.29895568940227618127 1.1780685174591898345 -2.5358562225746932306 1.0812713973469656912e-006 
3.699999999999703526 0.29918177375414628516 1.1783388183650052028 -2.5358563915460639038 8.4143496078059261342e-007 
3.7249999999997007727 0.29930767364894728111 1.1772348884089491872 -2.5358565177156671133 6.1051898464651775985e-007 
3.7499999999996980193 0.29915987996419235451 1.1718743570170673252 -2.5358566170916985172 6.0533491172419597301e-007 
3.774999999999695266 0.2989906072499720624 1.1717093058563010644 -2.5358567159537823699 6.188300132822273917e-007 
3.7999999999996925126 0.29898806401010241673 1.174181798920000519 -2.5358568304670963123 6.5873817275509410601e-007 
3.8249999999996897593 0.299120500510626941 1.1755727179764607904 -2.535856948818646206 6.5581412114991701071e-007 
3.8499999999996870059 0.29922484997121379102 1.1792403252179481932 -2.5358570259441490791 3.4662189616770380021e-007 
3.8749999999996842526 0.299219268871514954 1.1815035508299627232 -2.5358570898728292065 3.6828485895178768871e-007 
3.8999999999996814992 0.29910493811466348779 1.1804745716557611956 -2.5358571590572354104 4.5777521370097467511e-007 
3.9249999999996787459 0.29897783560695384564 1.1765687354254334984 -2.5358572349070587215 4.0302480663341185512e-007 
3.9499999999996759925 0.29906548060636978237 1.1739266649598325554 -2.535857296780659631 3.764883440353251185e-007 
3.9749999999996732392 0.29924072263962991913 1.1764594243855071021 -2.5358573596708477993 2.7089533407016517726e-007 
3.9999999999996704858 0.29920948462331292683 1.1767532434893903659 -2.5358574027923448391 2.9627859321963933071e-007 
4.0249999999996788347 0.29912106590915216175 1.174341362546362344 -2.5358574507710662793 2.7556666382406743919e-007 
4.0499999999996871836 0.29908092876513620029 1.1751034631365206984 -2.5358574944214091751 1.8646620563007149235e-007 
4.0749999999996955324 0.29901638082034442956 1.1771614050539962459 -2.5358575248768615573 2.3268764822995929976e-007 
4.0999999999997038813 0.29906142153509329695 1.1783116954073840077 -2.5358575751084457828 3.0262782020634128637e-007 
4.1249999999997122302 0.29919206150392452237 1.1783271278297755558 -2.5358576137079769097 1.634418205039832777e-007 
4.1499999999997205791 0.29920666709184551291 1.1776965372686809541 -2.5358576364569893613 9.9196555304761738304e-008 
4.1749999999997289279 0.29911761305520845333 1.1763890997436989849 -2.5358576558498926445 1.549674580922550775e-007 
4.1999999999997372768 0.29906675146950673083 1.175534732308027408 -2.5358576858517869468 1.8634969433642944238e-007 
4.2249999999997456257 0.29912184981095951697 1.1768497493329865833 -2.5358577185973221191 1.7622098359861286599e-007 
4.2499999999997539746 0.29917344776529114503 1.1773412229245647787 -2.5358577414854730492 9.3314376873565617473e-008 
4.2749999999997623235 0.29913036140804744045 1.1762982977905800386 -2.5358577534809860765 6.8948435810040562796e-008 
4.2999999999997706723 0.29908938155828523886 1.1758394965585647896 -2.5358577708489802305 1.334661010520777375e-007 
4.3249999999997790212 0.29906944796155465749 1.1758668445127415936 -2.5358577924552685445 1.0199166510500181074e-007 
4.3499999999997873701 0.29905820867354993009 1.1765454333474341109 -2.535857807550327081 8.2082259494124974585e-008 
4.374999999999795719 0.29914530013702861355 1.1772610270253944798 -2.5358578215478253526 8.5136798101139782214e-008 
4.3999999999998040678 0.29922804169375677441 1.1777005241175850792 -2.5358578349163196641 6.9693857268975722012e-008 
4.4249999999998124167 0.29916190359697503176 1.1779846587024827009 -2.5358578469160328872 7.1613109245557040888e-008 
4.4499999999998207656 0.299078503161058884 1.1773132396366086105 -2.5358578576517305514 4.9317812489167196463e-008 
4.4749999999998291145 0.29908698268347266858 1.1763200864662355372 -2.5358578663485880078 5.9939912072552082131e-008 
4.4999999999998374633 0.29911578161731378067 1.1759262867621238513 -2.5358578768009425453 6.1943069229196262605e-008 
4.5249999999998458122 0.29911432236702312215 1.1760118839684210457 -2.5358578874770545397 5.4534464387404996899e-008 
4.5499999999998541611 0.2991032288138187889 1.1761485412747889612 -2.5358578942929872468 3.1521415563750128135e-008 
4.57499999999986251 0.29911877419321691862 1.1763380617959122709 -2.5358578998128002979 3.4876942399855213678e-008 
4.5999999999998708589 0.29913465047732645807 1.1764492152276306847 -2.5358579067017266162 4.4476582372695993254e-008 
4.6249999999998792077 0.29912771401404320004 1.1768177383782565393 -2.5358579138828436506 3.6603578739926258956e-008 
4.6499999999998875566 0.29914467188945020881 1.1781492099116355199 -2.5358579197506885272 3.4897882385991360277e-008 
4.6749999999998959055 0.2991448172306052089 1.1782385894094504764 -2.5358579246973422805 2.2413144194605673883e-008 
4.6999999999999042544 0.29909472147252025298 1.1768093659130620665 -2.5358579286579430168 2.4034519662637837182e-008 
4.7249999999999126032 0.29909064300302989903 1.1763148572610930831 -2.5358579330827146769 2.7863242187372009837e-008 
4.7499999999999209521 0.29912523430719556439 1.1758289113826785321 -2.5358579374597551848 2.3366498530760369419e-008 
4.774999999999929301 0.29912319194430742053 1.1755710711007978375 -2.5358579410584964897 1.8744051120736703638e-008 
4.7999999999999376499 0.29911953388648943042 1.1764728510192479227 -2.5358579443284403609 2.0362537518654982395e-008 
4.8249999999999459988 0.29913049240427108666 1.1770266703105063399 -2.5358579478235165894 1.8055239054653442984e-008 
4.8499999999999543476 0.29912418870258866699 1.177289817502555902 -2.5358579502350848678 1.2844845541526674256e-008 
4.8749999999999626965 0.29911424569243022509 1.1772147904572476396 -2.5358579525435400726 1.3344196624026549508e-008 
4.8999999999999710454 0.29912035765920302888 1.1768705671476356045 -2.5358579550008006898 1.5750202287794118298e-008 
4.9249999999999793943 0.29912944584082012955 1.1770285077628699355 -2.5358579576402604516 1.5149106668120675708e-008 
4.9499999999999877431 0.29912195117984818893 1.1765405686298544552 -2.5358579600042210345 1.0543968568687767682e-008 
4.974999999999996092 0.29911013947528591883 1.1759460818758766809 -2.5358579611167955115 5.0014506181178446105e-009 
