0.025000000000000015266 0.59947564598240710154 0.00051096761301693341406 -2.2413851070968076051 0.042867559995689162589 
0.05000000000000003747 0.57286819475987471595 0.018018300005735010672 -2.2472991238786814705 0.065092641062748576863 
0.075000000000000052736 0.42077098233003973338 -0.012682861719157445535 -2.2634700120214348296 0.10731121639831449344 
0.10000000000000007494 0.37542523385244269685 -0.055161248485039005018 -2.2907651665351433934 0.1226888655031620895 
0.12500000000000008327 0.19977982747009195852 -0.39498955181176742535 -2.3086699946860997912 0.068364398481893531856 
0.15000000000000010547 0.20605551159457807797 -2.2533141336002424637 -2.3216189263241382434 0.072633087657743983234 
0.17500000000000012768 0.30211152107788558085 -2.9810593827322353633 -2.3356541265926633599 0.072126424064453423246 
0.20000000000000014988 0.21614368863706354129 -1.714651584122425465 -2.3489287752749214988 0.048584425321050062063 
0.22500000000000017208 0.20428416996421222551 -2.4433622614462380263 -2.3591913640738684244 0.070616562710458866126 
0.25000000000000016653 0.28906722818619984272 -2.2848335501363994382 -2.3748178394336889596 0.07395513503452248727 
0.27500000000000018874 0.27272060118980090415 -3.8707291609653351472 -2.3868016689851505596 0.053485583722634941206 
0.30000000000000021094 0.27478012631809983768 -0.91279516033018148757 -2.3955652839800789522 0.032241390700065965247 
0.32500000000000023315 0.27662666645536337917 -1.3752254171949513939 -2.4038385630439544904 0.046363275652250256209 
0.35000000000000025535 0.26814309961190679887 -1.1990423763364854715 -2.4097695180650360314 0.026890250219871344312 
0.37500000000000027756 0.27464690505375499718 -1.5779473867695901212 -2.4180345075338345318 0.049406474081385799713 
0.40000000000000029976 0.25318094497081994332 -1.9270467653251597273 -2.42723502812828551 0.040025878760235389375 
0.42500000000000032196 0.31380609848617163626 -3.2037137952173022626 -2.4347074176790974853 0.036119478390155536351 
0.45000000000000034417 0.32606612771000603734 -3.2500486876770575684 -2.4399677449859988876 0.024064447485373941654 
0.47500000000000036637 0.26495872972493378361 -1.8622758315931766671 -2.4458877260044231683 0.032811264174740749355 
0.50000000000000033307 0.26748882344501140329 -1.721941968191333272 -2.4516116289023872632 0.019687203317264631575 
0.52500000000000035527 0.29371626738923362065 -1.381253581455925028 -2.4555587715500433177 0.022778546228669070001 
0.55000000000000037748 0.31642110631950648436 -1.3553154412225789649 -2.4593010631083314088 0.017298923474825905061 
0.57500000000000039968 0.32585670269516237019 -1.6304495009120416604 -2.463009565322064276 0.022324798697731396829 
0.60000000000000042188 0.32293511659641371825 -1.4706194379134123196 -2.4676066743754274668 0.02128889005241863322 
0.62500000000000044409 0.32676489266262875866 -2.0932932953686633759 -2.4721788529190500405 0.022373642399363381783 
0.65000000000000046629 0.30630052295047577315 -2.2999424729139694712 -2.4757130346191460468 0.013346129605968612072 
0.6750000000000004885 0.2854436864877917257 -1.9968475331423665153 -2.4778146273230383656 0.013259486662897406253 
0.7000000000000005107 0.28191640411184099024 -1.6488215424495855643 -2.4809110628286781264 0.014465432000915609892 
0.72500000000000053291 0.29617440759236585146 -1.4458067167565622491 -2.4836409063450828327 0.012559716002596102435 
0.75000000000000055511 0.32263777702034551753 -1.5656009832571897711 -2.4860729932606440151 0.01458190973092564173 
0.77500000000000057732 0.32581402252567304156 -1.3914446258502919385 -2.489113114404806204 0.015880030361232581881 
0.80000000000000059952 0.3051841778612302547 -1.3927429425409845187 -2.4924014131836051966 0.015967650444346521282 
0.82500000000000062172 0.28864965792561403379 -1.3642199551322491402 -2.495637897643512737 0.015181794378125930065 
0.85000000000000064393 0.28450155889144340682 -0.71088222954885615934 -2.4977421428868189501 0.008373362268315240331 
0.87500000000000066613 0.2813126863068621808 -0.41302474079560852482 -2.4993900239172397448 0.0072967344337108216296 
0.90000000000000068834 0.27287258754714582842 -0.69239508560052587249 -2.5007081960880004345 0.00675398928160536767 
0.92500000000000071054 0.27692575040557582122 -0.78960820293089550859 -2.5023912364066336345 0.010636868393772862251 
0.95000000000000073275 0.28887713551254584621 -1.0233114585557050447 -2.5045337069053239532 0.0099508175297464643988 
0.97500000000000075495 0.29774121459420133107 -1.3087511019098432286 -2.5062255459245554867 0.0066777103812259994489 
1.0000000000000006661 0.30470879222851882107 -1.1741923837995951185 -2.5071674561123193925 0.0040833998762999828072 
1.0249999999999979128 0.30772225186064910973 -1.2834586637171589985 -2.5083162737650064322 0.0067749950792092301227 
1.0499999999999951594 0.3032575062158184287 -1.4715843488908322279 -2.5095094728862092914 0.0059333919083105314887 
1.0749999999999924061 0.28179884376084235464 -1.248147815033709751 -2.510721360693115578 0.0059832410594134926088 
1.0999999999999896527 0.26768573018260305441 -1.1739395609236700224 -2.5117044357433249147 0.0035480837391396987182 
1.1249999999999868994 0.28171602069235279764 -1.0933119839404716878 -2.5123511070758395292 0.0033507180153709366539 
1.149999999999984146 0.29608448759149913476 -0.95058991405257431406 -2.5130148062381985063 0.0039839745295434181652 
1.1749999999999813927 0.29706545777825554833 -1.1601965486329661736 -2.5138388745339934616 0.0034050350185052665961 
1.1999999999999786393 0.30934940953604767033 -1.1501125744559344 -2.5144351204276036427 0.0027961138722576361557 
1.224999999999975886 0.31333166758794372964 -0.91684632759749817854 -2.5149090280849519807 0.0026377991833659679421 
1.2499999999999731326 0.29932927095855677013 -1.049767994313834496 -2.5155306019590413236 0.0031599343704925998005 
1.2749999999999703792 0.28802611645562242737 -1.193346730160217195 -2.5160951460345395425 0.0021629904879690471653 
1.2999999999999676259 0.28118521554078512725 -1.2733013705057496523 -2.5164113782191361857 0.0016464284257344322104 
1.3249999999999648725 0.27898168522364347188 -1.3067231355267403536 -2.5167076194996158556 0.0012144630622478239101 
1.3499999999999621192 0.28423701167694886971 -1.2148580226276188831 -2.5170354140483128802 0.0020248494669047149841 
1.3749999999999593658 0.29267658572046095777 -1.2020380137051334124 -2.5174231946198788457 0.0019731363098968897341 
1.3999999999999566125 0.3017522236556999804 -1.1932834563133973838 -2.5177788464595747264 0.001537299674749988956 
1.4249999999999538591 0.30788818725173772162 -1.0853327507461858481 -2.5180174306003197948 0.00072659402120593317119 
1.4499999999999511058 0.30209227400427324239 -1.0623818732353988992 -2.5181631061318450193 0.0010070896301995464848 
1.4749999999999483524 0.29377546556035821768 -1.0512756631756512427 -2.5183617173706522863 0.0010416707384784881785 
1.4999999999999455991 0.29375155208560371767 -1.0777112066224510123 -2.5185835000305232256 0.00096511529436077165677 
1.5249999999999428457 0.29298781323572181678 -1.2248176553584331216 -2.5187516803605527471 0.00085571452125873424203 
1.5499999999999400924 0.29117708967906624773 -1.2764062929770361166 -2.518914372923515721 0.00083762236800314173769 
1.574999999999937339 0.29246327663619126058 -1.2313974324169707497 -2.5190811421584897722 0.00076112866976106086959 
1.5999999999999345857 0.29370484975056732058 -1.2573805142021989845 -2.5192033137551046451 0.00042295531153038105985 
1.6249999999999318323 0.29558261444271677343 -1.1812045892034355177 -2.5192800152093250965 0.0005329912355879467406 
1.649999999999929079 0.29628248639727350344 -1.0647346513014093183 -2.5193932783972274869 0.00050229529366017803063 
1.6749999999999263256 0.29518116416454820428 -1.1272610045278885771 -2.519500038913934592 0.00059942766762124683865 
1.6999999999999235722 0.29651638030695226522 -1.1495778181898410608 -2.5196117579282244492 0.00047430292307197547763 
1.7249999999999208189 0.29563449595597002251 -1.127338184343506855 -2.5196766032741582109 0.00026026881654299236944 
1.7499999999999180655 0.29255348104347272953 -1.1618725164011849404 -2.5197358113268237823 0.00027985372829468881713 
1.7749999999999153122 0.29572787399908900818 -1.1311405562552252491 -2.5197867237719413502 0.00028720030595218116673 
1.7999999999999125588 0.30007651344207969535 -1.1601778392901138659 -2.5198516232315641972 0.0003446014578692274395 
1.8249999999999098055 0.29821576899421153861 -1.2329915476235195904 -2.5199100745008276014 0.00025399889239758032802 
1.8499999999999070521 0.29467406865349682343 -1.1967260329676407959 -2.5199611869093079264 0.00023142794670738195406 
1.8749999999999042988 0.29311118457401380555 -1.1941057910992389779 -2.5200010567898116776 0.00020673822018551062389 
1.8999999999999015454 0.2923922461320039301 -1.2007565107370921087 -2.5200397242580527823 0.00018282639740440980933 
1.9249999999998987921 0.29242891194281245282 -1.1421739303033775492 -2.5200771406504496319 0.000168162472130071604 
1.9499999999998960387 0.29302072180544219693 -1.1289349140046458508 -2.5201047551255215673 0.00013371472491148316377 
1.9749999999998932854 0.29565526678841985708 -1.1295170884309648773 -2.520130855851815177 0.00013729095289867281841 
1.999999999999890532 0.29842429647400714465 -1.1207057391655514955 -2.5201601865937042213 0.00014512988624738426243 
2.0249999999998880007 0.29780969171270049722 -1.1545289672607670362 -2.5201886913925952705 0.00013355244975447663346 
2.0499999999998852473 0.2968435323098587153 -1.1558850099254360799 -2.5202080536289965806 8.6234810303407110699e-005 
2.074999999999882494 0.29634308150367749679 -1.1387374530660201444 -2.5202275134216085561 9.3091961273423823493e-005 
2.0999999999998797406 0.29383719393311291679 -1.1828311197060663584 -2.5202430909398274572 6.8435831086445205514e-005 
2.1249999999998769873 0.2927030554014681818 -1.203719982162696045 -2.5202578907599026969 8.7607042331359571714e-005 
2.1499999999998742339 0.2942563938106183552 -1.1810695846482457405 -2.5202733386316511499 6.7818529223509179706e-005 
2.1749999999998714806 0.29524789685450730792 -1.1808695215032520842 -2.5202890828929227496 7.9419004838388756497e-005 
2.1999999999998687272 0.29583263117635449913 -1.1547932606224753371 -2.5203005039484329686 4.7755934140935617552e-005 
2.2249999999998659739 0.29620356391820890085 -1.128021152965879903 -2.520310662301358029 5.215762027074276341e-005 
2.2499999999998632205 0.29569219482869468774 -1.1535419760156735425 -2.5203201430145383277 4.0721792104994041926e-005 
2.2749999999998604672 0.29568807818447578883 -1.158671052759034481 -2.5203280248872426128 4.1896339716475687262e-005 
2.2999999999998577138 0.29541727177995263931 -1.1554791848951559974 -2.520335828588924354 4.0288262828510221724e-005 
2.3249999999998549605 0.29427393077589425463 -1.1761197594411765266 -2.5203440356368185249 3.5651378498871189753e-005 
2.3499999999998522071 0.29433567374806129946 -1.1769368091045659952 -2.5203511103064850651 4.1158374441936578327e-005 
2.3749999999998494538 0.29543657315748717007 -1.1766398424897750452 -2.5203581848661853471 2.6227150138069042057e-005 
2.3999999999998467004 0.29623427736705887359 -1.1686268149058030019 -2.5203624294403237371 1.8102929470612730398e-005 
2.4249999999998439471 0.2964380917079759703 -1.1407662845835238041 -2.520365748454992616 1.8182003771406391124e-005 
2.4499999999998411937 0.29559096909582555091 -1.1413740878047682337 -2.5203703666673695771 2.7882729748556231924e-005 
2.4749999999998384403 0.2948334041975061437 -1.1542606221845450598 -2.5203757262466783828 2.4045170270419170903e-005 
2.499999999999835687 0.2949836334687080952 -1.1563031989625889295 -2.52037986241575096 1.7589994079562288796e-005 
2.5249999999998329336 0.29473478092159660635 -1.1684486198344989916 -2.520382613880454592 1.1870580145610372557e-005 
2.5499999999998301803 0.29478678414065112579 -1.1780233890776672379 -2.5203851283277183271 1.3458251429032693202e-005 
2.5749999999998274269 0.29581297033756825954 -1.1728059037753677529 -2.5203877630568118917 1.2838816502156327282e-005 
2.5999999999998246736 0.29584721129283580998 -1.1636784118577156999 -2.5203903107153968755 1.3274503355568892862e-005 
2.6249999999998219202 0.29521211496384480721 -1.1581139377409896962 -2.5203926044553499608 8.9463266255581639269e-006 
2.6499999999998191669 0.29553774852382025395 -1.1635406352664561247 -2.5203945026347338576 1.1717068474273780322e-005 
2.6749999999998164135 0.29573017176696692054 -1.1705667076583174957 -2.5203967711526646944 1.0387326707531105809e-005 
2.6999999999998136602 0.2951202944778483217 -1.1600395349168797221 -2.5203986066718839787 7.0274009659390476728e-006 
2.7249999999998109068 0.29480938648645604871 -1.1508209612539093136 -2.5203994914087712864 3.5685595711598414757e-006 
2.7499999999998081535 0.29503022778965470874 -1.1572184158678597843 -2.5204005090525400945 6.9228912949256056321e-006 
2.7749999999998054001 0.29535792258605664262 -1.1583148393741002913 -2.5204020528277935043 8.124452510064408161e-006 
2.7999999999998026468 0.29562408454065819408 -1.1580712027224979721 -2.5204035728246596548 6.4740369046141456991e-006 
2.8249999999997998934 0.2957808074887113281 -1.1603661373034961368 -2.5204044754357219915 3.4329910467489595755e-006 
2.84999999999979714 0.29579090033254323844 -1.1576364559088032635 -2.5204051716940480965 3.6119766891524895759e-006 
2.8749999999997943867 0.29542871871738418665 -1.1656995180124574141 -2.5204059610993634344 4.3373293236457733933e-006 
2.8999999999997916333 0.29493240810553800202 -1.17561193310073131 -2.5204067870301711807 3.9070751296084789579e-006 
2.92499999999978888 0.29495928636362189756 -1.1716163060387265737 -2.5204074570614380946 2.8481713483644299293e-006 
2.9499999999997861266 0.29520840160373917893 -1.1666621890636315051 -2.5204079966434056459 2.8262170644062266273e-006 
2.9749999999997833733 0.29514897234667708537 -1.1607456557387296758 -2.5204086506305793947 3.6007761565033783521e-006 
2.9999999999997806199 0.29520831469427000204 -1.1538998009621419527 -2.5204092378926858942 2.1878438935641708694e-006 
3.0249999999997778666 0.29558448499575973312 -1.1536627188475181427 -2.5204095924232836623 1.7269514779522098753e-006 
3.0499999999997751132 0.29579139975351265157 -1.1560156800263055032 -2.5204099570281695009 1.6620144397421314108e-006 
3.0749999999997723599 0.29562632297213309318 -1.1607899837835042867 -2.5204102930985072817 2.1683283173556184954e-006 
3.0999999999997696065 0.29533117713689704953 -1.1660885110902086126 -2.5204107307352789924 1.812648447199605114e-006 
3.1249999999997668532 0.29521035338008788651 -1.1664543661341275627 -2.5204110407047730646 1.4898872734396535266e-006 
3.1499999999997640998 0.29526774250622234153 -1.1650158827063643585 -2.5204113086017128076 1.1637249080860436286e-006 
3.1749999999997613465 0.29526759260356627568 -1.1637720356011489464 -2.5204115284276062958 1.2547323219111453624e-006 
3.1999999999997585931 0.29522062188184861053 -1.1618301788055767076 -2.5204117806945758318 1.0683659781021729776e-006 
3.2249999999997558398 0.29528883104343078836 -1.1609536934691475629 -2.5204119799078119613 9.6330648707493941682e-007 
3.2499999999997530864 0.29541167675405571869 -1.1602199312311021195 -2.5204121304509046197 7.6968495222178590019e-007 
3.274999999999750333 0.29542703326334973646 -1.1591673904310879628 -2.5204123166429459602 9.6790656184063219242e-007 
3.2999999999997475797 0.2953297137124051841 -1.1617671234034947503 -2.5204125123528853258 9.2589250883273887579e-007 
3.3249999999997448263 0.29527790159821010185 -1.1644391803911671168 -2.5204126449583439395 5.4162064934927030398e-007 
3.349999999999742073 0.29534570161332868166 -1.1628038174285704187 -2.520412748217957688 4.8851446171055508871e-007 
3.3749999999997393196 0.29541543435498412995 -1.1622597630146644931 -2.5204128539206416271 5.0189974133467597998e-007 
3.3999999999997365663 0.29544558489819888747 -1.1626452319170630378 -2.5204129445030361012 5.524207427293633e-007 
3.4249999999997338129 0.29549038343900796422 -1.162279339335681172 -2.5204130595814548954 5.1037624365878180535e-007 
3.4499999999997310596 0.29543778835540324135 -1.1631665919233937778 -2.5204131512148202354 4.2706040236111019922e-007 
3.4749999999997283062 0.29525332463539938344 -1.1618434474406671431 -2.5204132370132161789 4.189241294260342173e-007 
3.4999999999997255529 0.29517522618320035654 -1.1601692532928367108 -2.5204132934677838662 2.3280187030436903473e-007 
3.5249999999997227995 0.29525487415483731013 -1.1615059533135958514 -2.5204133503639583047 2.4817088034498915489e-007 
3.5499999999997200462 0.29530550572419794753 -1.1621291667752191579 -2.5204133938978867668 2.7323735035724784438e-007 
3.5749999999997172928 0.29532726800883213336 -1.1618695451358456161 -2.5204134573370509109 3.4259682552890810571e-007 
3.5999999999997145395 0.29540570655737546923 -1.1615617425068331947 -2.5204135174214141735 2.3610808783432097816e-007 
3.6249999999997117861 0.29546812943423150788 -1.1615726859030632845 -2.5204135583249804853 1.8742972805835426775e-007 
3.6499999999997090327 0.29544170459831348152 -1.163148251834041913 -2.5204135919124199816 1.7061873687702741219e-007 
3.6749999999997062794 0.2953779433203209126 -1.1634540140303260003 -2.5204136207744580744 1.1633191210297142382e-007 
3.699999999999703526 0.29534274957671186046 -1.1623138991901749151 -2.5204136492056528063 1.630400980282927741e-007 
3.7249999999997007727 0.29531345286423327234 -1.1625937306594029685 -2.5204136808209050002 1.7238060948209541735e-007 
3.7499999999996980193 0.29526989226092348328 -1.1626456971510090721 -2.5204137133754511702 1.3981769580579633316e-007 
3.774999999999695266 0.29529525680139878663 -1.1612725027395138788 -2.5204137370915717931 1.0087473186416008442e-007 
3.7999999999996925126 0.29539741682687098434 -1.1607955910095069108 -2.5204137555203560694 8.8907194399702716979e-008 
3.8249999999996897593 0.29542035917533659983 -1.1614445754839346492 -2.520413771669447911 8.2073387113104611271e-008 
3.8499999999996870059 0.29534024000971864643 -1.1619905008503095267 -2.520413788848804959 8.7084561769773878632e-008 
3.8749999999996842526 0.2953064458290598493 -1.1625275893255708759 -2.5204138059347482859 8.1425372552285270092e-008 
3.8999999999996814992 0.2953337974198185778 -1.162463413904278875 -2.5204138218999068144 8.3886985481593671998e-008 
3.9249999999996787459 0.29534987493442532713 -1.1622585962675682225 -2.5204138345633189111 4.3093488377070458451e-008 
3.9499999999996759925 0.29536236843079655134 -1.1627623471567183344 -2.520413845427806887 6.6415349700813260921e-008 
3.9749999999996732392 0.29536679004925198155 -1.1624112618927453511 -2.5204138567785268066 4.841090986295733537e-008 
3.9999999999996704858 0.29536704715539835453 -1.1616129371119714442 -2.5204138656302479404 4.2922941547377066864e-008 
4.0249999999996788347 0.29539071870052774349 -1.1614847758263722177 -2.5204138736885206562 3.7195927713937731399e-008 
4.0499999999996871836 0.29538552496583397877 -1.1613521794403180998 -2.5204138815761640835 4.1699431895488734357e-008 
4.0749999999996955324 0.29533522861226024769 -1.1618470106809382081 -2.52041388935069266 4.1239162875578025318e-008 
4.0999999999997038813 0.29530973678919225645 -1.1626205565121103813 -2.5204138970541154485 2.9884264917117409102e-008 
4.1249999999997122302 0.29531028158969335751 -1.1626566095976933468 -2.5204139020681060046 2.4141547274384077591e-008 
4.1499999999997205791 0.29531450566553618664 -1.1625003727641707307 -2.5204139066612896158 2.404333686902156211e-008 
4.1749999999997289279 0.2953463870061019958 -1.1622015377704100203 -2.5204139114893284734 2.3706621517590176293e-008 
4.1999999999997372768 0.29538615165898912673 -1.162044656255563968 -2.5204139161734069319 2.1189048357564742105e-008 
4.2249999999997456257 0.29539595275781554973 -1.1620951695810552984 -2.5204139197704198416 1.9084813207492114129e-008 
4.2499999999997539746 0.29538264073301040424 -1.161859972115128592 -2.5204139237539076035 1.9488532552373851915e-008 
4.2749999999997623235 0.29536089072622079277 -1.1619469885935289621 -2.5204139275780708118 1.7626516853618123027e-008 
4.2999999999997706723 0.29534135935207983525 -1.162112347159361514 -2.5204139302539534384 1.0545689800696988325e-008 
4.3249999999997790212 0.29532367594864633586 -1.1616872633444355056 -2.5204139321795500095 1.0028974728106952226e-008 
4.3499999999997873701 0.29531120693534007593 -1.1615695575738225198 -2.5204139342841220817 1.0465834882447736476e-008 
4.374999999999795719 0.29533403096834354162 -1.1620155585799016862 -2.5204139367890947554 1.5763519855592655517e-008 
4.3999999999998040678 0.295373422069898528 -1.1623048943272886735 -2.5204139396124691785 1.0966338734148122511e-008 
4.4249999999998124167 0.29537872034650097808 -1.1625218014570883884 -2.5204139414058839286 7.158927995295739477e-009 
4.4499999999998207656 0.29536951835525376842 -1.1625613941139265606 -2.5204139423421372257 3.9232500277283672385e-009 
4.4749999999998291145 0.29536659159633865679 -1.1622077107549175778 -2.5204139435264893976 7.8756103461722874434e-009 
4.4999999999998374633 0.29534780248924347168 -1.1621732440587115853 -2.5204139451623825963 7.9863371796540563175e-009 
4.5249999999998458122 0.29532750615189301557 -1.1622038403699161968 -2.5204139465751143057 6.1123806018991092084e-009 
4.5499999999998541611 0.295328959734891483 -1.1617700490752789211 -2.5204139475797679992 4.7330256019099922792e-009 
4.57499999999986251 0.29534184747906905288 -1.1617099559480750237 -2.520413948614032229 5.190924949904603768e-009 
4.5999999999998708589 0.29535601536404232359 -1.161912339929889848 -2.5204139495349693334 4.3061208330976803351e-009 
4.6249999999998792077 0.29536488754160922232 -1.1619287885738496247 -2.520413950254356994 3.0747063374139892378e-009 
4.6499999999998875566 0.29536886002240830829 -1.1621677599204329745 -2.5204139508635106104 2.8148045835621602204e-009 
4.6749999999998959055 0.29537004195715127475 -1.1622575648402411197 -2.5204139514632353247 3.9116657640798703958e-009 
4.6999999999999042544 0.29535538270620953494 -1.1621527918431024951 -2.5204139523164954539 4.1697262915921515038e-009 
4.7249999999999126032 0.29533462053625780808 -1.162225318488166792 -2.520413952974855043 2.101500007546475674e-009 
4.7499999999999209521 0.2953336903546777692 -1.1621212527494697575 -2.5204139532758698117 1.6578412471423496022e-009 
4.774999999999929301 0.29534439036804938095 -1.1620254845768476226 -2.5204139536559044821 2.0017721889756565879e-009 
4.7999999999999376499 0.2953538818461594051 -1.162136737235583972 -2.5204139540902326111 2.4092208776127417296e-009 
4.8249999999999459988 0.295362137233991906 -1.1620796821468082349 -2.5204139545346424534 1.7674692340712036636e-009 
4.8499999999999543476 0.29536009934790458109 -1.1620101230848356444 -2.5204139548186978992 1.5510694044429054766e-009 
4.8749999999999626965 0.29535307864121662647 -1.1620542787410592656 -2.5204139551406949948 1.3965892142362876641e-009 
4.8999999999999710454 0.29535151061777015213 -1.1620435684935488396 -2.5204139554101088194 1.4691980132955976578e-009 
4.9249999999999793943 0.29534725850726140095 -1.1621329591768216893 -2.5204139556876379302 1.2357489079511148802e-009 
4.9499999999999877431 0.29534454681702265733 -1.1622144613073026598 -2.5204139558810685351 8.0751413629295355702e-010 
4.974999999999996092 0.29535037068365760371 -1.1620546108972038546 -2.5204139560456750857 8.4518643480560148753e-010 
