0.025000000000000015266 0.60064656899496537967 0.00051916279150373070839 -2.2399017736850090898 0.043740470033048421683 
0.05000000000000003747 0.57329206906460283832 0.018335949125133615967 -2.2447534597172151827 0.067709357464767153112 
0.075000000000000052736 0.41693164530088772102 -0.014703498601743303364 -2.2582086733047628258 0.11262180805649563142 
0.10000000000000007494 0.36839917499053514982 -0.055094353816939944934 -2.2809551360968578493 0.12845217114770601796 
0.12500000000000008327 0.18835823661041797839 -0.3845832728157683178 -2.2959648326886470393 0.073596926992281860858 
0.15000000000000010547 0.19969391434824473874 -2.3427755363178075498 -2.3074521708437902845 0.083251893196233370253 
0.17500000000000012768 0.30377070672120826123 -3.151798085922966397 -2.3202019539280365201 0.082466782202259836243 
0.20000000000000014988 0.21164570248401304298 -1.7907923009464048469 -2.3328203271544381003 0.062528922085143878729 
0.22500000000000017208 0.21074952989277573323 -2.6411100047446116612 -2.3435508485318696792 0.087798119716126457601 
0.25000000000000016653 0.28822057083005980793 -2.7782720434045802271 -2.3569600869575535462 0.077710929107373247215 
0.27500000000000018874 0.24382036161143758046 -1.3246699213492398872 -2.3686752938502944055 0.069080751701922599173 
0.30000000000000021094 0.27547859564841986613 -1.7749337171869197238 -2.3787794092614840125 0.056764115519523782039 
0.32500000000000023315 0.30641165780674195496 -2.3298924764602793047 -2.3891500062172656982 0.067996061755163900164 
0.35000000000000025535 0.32166316408948975036 -1.1654577577049129999 -2.3984876253136317992 0.068354289417073318957 
0.37500000000000027756 0.3182710142319067903 -0.55399215628806075529 -2.4106683940776907349 0.068076600652963711879 
0.40000000000000029976 0.2399875478831809128 -0.19222802350941797789 -2.417867614577397184 0.035429257300806517306 
0.42500000000000032196 0.237361269763510907 -0.22186647243621776537 -2.4245906488851649563 0.052685356694199089733 
0.45000000000000034417 0.23901114193208311542 -0.96814987606787039631 -2.4322756478586256002 0.034894298025375906913 
0.47500000000000036637 0.22406146187854369956 -0.80742987749697736621 -2.4380413013714963277 0.040949870167805213494 
0.50000000000000033307 0.22949798822854805547 -0.0539243053571825115 -2.444323727343834296 0.039104797620906316113 
0.52500000000000035527 0.23713219494490214712 0.13076699751429199381 -2.4501794660075444376 0.037601076959211152118 
0.55000000000000037748 0.27383562613632150828 0.4616865293196354969 -2.4558585037671138984 0.034760983605234510585 
0.57500000000000039968 0.31708211971391903061 1.2095992053776267738 -2.4622136961242127029 0.037200706430037089323 
0.60000000000000042188 0.30162784826468347354 0.91126859739907373203 -2.4671420925925717782 0.032557804102275558766 
0.62500000000000044409 0.27717917739997333104 1.0027632238550800992 -2.4722481243241762883 0.036166830267066137072 
0.65000000000000046629 0.28548124284891268632 1.488393262424099639 -2.4774649857012751575 0.025256772333771247002 
0.6750000000000004885 0.25389880061172992454 0.93420642327560687868 -2.481219725189801828 0.021964687242070603246 
0.7000000000000005107 0.25679663704083977027 1.3963644006547721865 -2.4844388113323985223 0.026592509407868863969 
0.72500000000000053291 0.29905961030197353301 1.775711569393781275 -2.4891904641755564498 0.026984075076384821806 
0.75000000000000055511 0.30252666620176110746 0.64764623091192763393 -2.4931601010272799179 0.023364402219689897611 
0.77500000000000057732 0.28436209752336161216 0.21289453564105104144 -2.4961575880531685634 0.015524935233019837924 
0.80000000000000059952 0.27452270837441994367 0.25611855467678568132 -2.4982625285008412952 0.014855565175975955425 
0.82500000000000062172 0.26607115888991811348 0.4922047002738408894 -2.500860902357204818 0.014084736099703528897 
0.85000000000000064393 0.26760522072094483637 1.3584132081675934778 -2.5029986732011892947 0.014897485781574246536 
0.87500000000000066613 0.27901875027699823972 1.5030647373714445258 -2.5053080311026731941 0.015759420443525844202 
0.90000000000000068834 0.29571887654196593598 1.2007398767045049937 -2.507828821147382925 0.014332140008411216325 
0.92500000000000071054 0.30668851182967410418 1.5936928395765042055 -2.5102311570319093548 0.014115750708164773175 
0.95000000000000073275 0.30898094681441784504 1.5253938576413523798 -2.5121933630165460549 0.013701720965266573835 
0.97500000000000075495 0.30341120413739236517 1.313755287825397744 -2.5137595492846651624 0.0064365443128872306539 
1.0000000000000006661 0.29898593892179647913 1.5629252812893401625 -2.5152175029159775654 0.010765246611636251212 
1.0249999999999979128 0.29116324327063181077 1.276773344155963219 -2.516842781986755373 0.010787332400613964048 
1.0499999999999951594 0.2870723852741863813 0.71399703348217191667 -2.5184743680412782219 0.010103622797331930985 
1.0749999999999924061 0.279464920822838081 0.69843748105675362847 -2.5198392391192863116 0.0055878359538863893452 
1.0999999999999896527 0.27840414161263005166 0.63132970141576927325 -2.5207039287661752169 0.0063842267948373259551 
1.1249999999999868994 0.2952921426026685614 0.83058419785188009055 -2.5218225459290288804 0.0088385116408323909087 
1.149999999999984146 0.30729550210978789915 1.4250054529465066011 -2.5231836193616232755 0.0070944589487456615612 
1.1749999999999813927 0.30427979514352460066 1.591832927175417689 -2.5241012891417886621 0.0048454150777326090299 
1.1999999999999786393 0.30803363145864864903 1.6818802557350327476 -2.524856759229225478 0.0049017685578891150369 
1.224999999999975886 0.30073015046575679587 1.4938133374370190509 -2.5256186447275665863 0.0054175426320831488597 
1.2499999999999731326 0.2886117507707395835 1.083891334484548663 -2.5264491954173973198 0.0044865236725292155506 
1.2749999999999703792 0.29535543605490183205 1.1539445170239619465 -2.5272694234759929266 0.0057606427886557126303 
1.2999999999999676259 0.29320652014007292374 1.0066087309209981182 -2.5279794621628646212 0.0032288065322347032221 
1.3249999999999648725 0.28402377518238258736 0.83569764621128728166 -2.5283425523512867983 0.0024819048573736022904 
1.3499999999999621192 0.29077697519179857011 1.0523751660090332471 -2.5289202443824607691 0.0041484466627383417142 
1.3749999999999593658 0.30235149406477734857 0.99657675624878816478 -2.5295972395561179269 0.0038834892621418793356 
1.3999999999999566125 0.31163108978762948942 1.1028956291728937433 -2.5300224727723938933 0.0022536975045908728098 
1.4249999999999538591 0.31008647136037120751 1.4683513123959259783 -2.5304120379659376106 0.0027394189096309911648 
1.4499999999999511058 0.29303098307088171204 1.599782254924070557 -2.5308652762898162791 0.0025971553400122109577 
1.4749999999999483524 0.28716738012392106771 1.4763894833439099585 -2.5312394718767281532 0.0023421889407010576707 
1.4999999999999455991 0.29369011426429708633 1.0887724682179613644 -2.531590015496141266 0.0023342315079412797284 
1.5249999999999428457 0.29714803186978261396 0.8617369067973129626 -2.5319095363470665028 0.0014514987562535713352 
1.5499999999999400924 0.3010600563868112145 1.0190016579855143419 -2.532177254090191898 0.001835341404884532901 
1.574999999999937339 0.30087868885260443674 1.087114744398515187 -2.5324637141980752553 0.0021835717250451359452 
1.5999999999999345857 0.29715919646736727033 1.1157653850948123786 -2.5327621510795887971 0.0014754574155578738161 
1.6249999999999318323 0.29902892773223543887 1.2818402981685683706 -2.5329776902288085871 0.0011063606081493876452 
1.649999999999929079 0.2998084432413570255 1.3037994223972613206 -2.5331770130162816201 0.0014231781607872710706 
1.6749999999999263256 0.29991489314025698842 1.2420043356134597978 -2.5333692156783023108 0.0014104991172343187781 
1.6999999999999235722 0.3002675118232999707 1.2205902636351257939 -2.5335929894632589487 0.0011185296226278870161 
1.7249999999999208189 0.29692174538188909061 1.1139129413954096393 -2.5337624852867199898 0.00087502501374389835866 
1.7499999999999180655 0.29524993587727427213 1.0984113514420217328 -2.5338777780020866892 0.0010022650735388982917 
1.7749999999999153122 0.29588263887667487495 1.1659909319058863186 -2.534065526246528588 0.0011316864700549730469 
1.7999999999999125588 0.29755857061912482919 1.1520942186822720199 -2.5342056514953394952 0.00068217651339805491281 
1.8249999999999098055 0.30238448965991449047 1.2070227566186417789 -2.5343200477122294068 0.00075233916649703684153 
1.8499999999999070521 0.30167205311535311152 1.1830927578212366846 -2.5344244037583392171 0.00067199552563566779684 
1.8749999999999042988 0.29822015860532197218 1.1043504518226003874 -2.5345272599963255544 0.00062189304808997676079 
1.8999999999999015454 0.29890801476051803709 1.2201449084356958963 -2.5346473670807481149 0.00085254947941476903143 
1.9249999999998987921 0.29796170449300629635 1.2357219187419672402 -2.534756029938522115 0.0004642399226952982844 
1.9499999999998960387 0.29830024726153153702 1.1525095576565416167 -2.5348140138752444095 0.00038339064978486193068 
1.9749999999998932854 0.29938927957402494684 1.1683513072974078817 -2.5348756360452351366 0.00045022759531148748118 
1.999999999999890532 0.29595702662511880199 1.1772324772069335808 -2.5349759748460258812 0.00065094932387262647612 
2.0249999999998880007 0.29713439821960158094 1.2255579795232955931 -2.535043333951891853 0.00031847892289434950657 
2.0499999999998852473 0.3016067526534350618 1.1746262752646075 -2.5350966685574722881 0.00035837205777775884511 
2.074999999999882494 0.30154770596989532994 1.0452508801471629418 -2.5351511663450372325 0.00032229739922105479517 
2.0999999999998797406 0.29988805718800343181 1.1386252490706940677 -2.5352079914262581894 0.00037600106915156418855 
2.1249999999998769873 0.29801444932629306273 1.2389604409446020039 -2.5352616860185386294 0.00032904629587395206819 
2.1499999999998742339 0.29654688862079553457 1.1988568175316047792 -2.5353036626209992654 0.00021151920967750188849 
2.1749999999998714806 0.29856270286601344077 1.1897923980429321311 -2.5353441317976961322 0.00028010043363966424801 
2.1999999999998687272 0.29993443326293561801 1.2046024563587021117 -2.5353818573406035064 0.0002105047063900499448 
2.2249999999998659739 0.29908168230013404409 1.2169855257966482043 -2.5354195482408345974 0.00028293960231095014813 
2.2499999999998632205 0.29909398494090244647 1.2092765900124127221 -2.535454235109603438 0.00015195741059344309762 
2.2749999999998604672 0.29897558431282283964 1.1619093603294743389 -2.5354857025238310975 0.00020757910829512444054 
2.2999999999998577138 0.29924859991574898066 1.1326303862974227421 -2.5355100444250209257 0.00015540558529397282737 
2.3249999999998549605 0.29976986921354570326 1.1161048842947089987 -2.5355360911696660509 0.00017913612683846376426 
2.3499999999998522071 0.29938505085429617525 1.11140298069164567 -2.5355641458572164559 0.00012743316961842657471 
2.3749999999998494538 0.29866324699053437008 1.180299573085757725 -2.5355842698744415209 0.00015506227731387344383 
2.3999999999998467004 0.29766511196521894256 1.2325441342307983383 -2.5356061648446592827 0.00013799832547687287281 
2.4249999999998439471 0.2979073442890494694 1.2004244488410895642 -2.5356243846732309244 7.4510760312316526798e-005 
2.4499999999998411937 0.29942529260814876313 1.2219410568335198342 -2.535640404376834578 0.00013354081234527893376 
2.4749999999998384403 0.29988731091833736864 1.2442523108234577744 -2.5356594804720131719 0.0001108193976485292141 
2.499999999999835687 0.30022727152069783596 1.1569977793663115406 -2.5356744039513077205 7.8839733105317441023e-005 
2.5249999999998329336 0.30025253534164070279 1.0993159021670395603 -2.5356859424175253181 6.8520584093821379533e-005 
2.5499999999998301803 0.29862089815587838926 1.1359133067465787548 -2.5357002789600411319 0.00011046856681854384287 
2.5749999999998274269 0.29813029506443416983 1.1936319218928217456 -2.5357135658589298188 5.9432658659802747782e-005 
2.5999999999998246736 0.29841542330987430587 1.19512588229145722 -2.5357226722082608639 6.473512406957519338e-005 
2.6249999999998219202 0.29832527382604234756 1.1562507592630315578 -2.5357335878477371693 6.1284525479256263649e-005 
2.6499999999998191669 0.29935509809010435456 1.1816521180997456852 -2.5357427778357579662 5.8410555938542493577e-005 
2.6749999999998164135 0.29938805041586957767 1.2062988259082620957 -2.5357511892663944231 5.9961755057252775645e-005 
2.6999999999998136602 0.29894779258118725496 1.179058352579346769 -2.535760134183221659 4.1416310266169667432e-005 
2.7249999999998109068 0.30023220345094508987 1.1784894184559675523 -2.5357670132996035228 4.7897187174063709277e-005 
2.7499999999998081535 0.29974013906870144996 1.178720686715046817 -2.53577397250780745 4.4238701249951457113e-005 
2.7749999999998054001 0.29836361626438373529 1.1624237711011953245 -2.5357803556707105841 3.7342869227195290031e-005 
2.7999999999998026468 0.29894228423094021396 1.162687096093290684 -2.5357861841885358523 3.3299051193819583676e-005 
2.8249999999997998934 0.29890938661527888254 1.1790555678298932918 -2.5357915811305655751 3.4845163559548245644e-005 
2.84999999999979714 0.29851738917029635445 1.1937738571105813712 -2.5357961952385736915 2.9803899182571648137e-005 
2.8749999999997943867 0.29914187202103875718 1.1770670449584912376 -2.5358015155144904007 3.3515517643111900797e-005 
2.8999999999997916333 0.29928729709239981771 1.1689324613093652339 -2.5358061563579421538 2.2941047908630258546e-005 
2.92499999999978888 0.29928495655616510485 1.1877530997248046951 -2.5358092203224642525 1.995919156869925128e-005 
2.9499999999997861266 0.29941234935691818375 1.1746358372395784286 -2.5358127310374856123 2.6359864526540900936e-005 
2.9749999999997833733 0.29927924581685583227 1.1567884125067613432 -2.5358166296846724741 2.0301828658349073018e-005 
2.9999999999997806199 0.29928608153171781803 1.1754789448994631407 -2.5358199926682338798 1.9807002246885029305e-005 
3.0249999999997778666 0.29882635970892190702 1.1867919458784519371 -2.5358227360662075611 2.0000112425577146885e-005 
3.0499999999997751132 0.29847055368898139927 1.1784229512712431909 -2.5358252310454956202 1.0266816940861854903e-005 
3.0749999999997723599 0.29910043824673238078 1.1758364468856674634 -2.5358273318422996923 1.6225920548187307301e-005 
3.0999999999997696065 0.29932271685232364478 1.1764256281657115011 -2.5358302336427054335 1.9232557242941265363e-005 
3.1249999999997668532 0.29909897282299097165 1.179143604977976878 -2.5358324061576635877 1.0272278273863429129e-005 
3.1499999999997640998 0.29932241258175446008 1.1802345196306816 -2.5358339139985659472 8.9098269088883821351e-006 
3.1749999999997613465 0.29942018351489418926 1.1751542204239204814 -2.5358357992697353467 1.3420706515732164392e-005 
3.1999999999997585931 0.29924899143030747606 1.1809552625000339088 -2.5358376345568518495 1.2008082645724427366e-005 
3.2249999999997558398 0.29893497322610579348 1.1805412079371842005 -2.5358393100612182103 7.3382285749530374214e-006 
3.2499999999997530864 0.29876580758991272413 1.169628345044789075 -2.5358404011155530888 8.3281511976462616211e-006 
3.274999999999750333 0.29904829988792175355 1.1749231162042899079 -2.53584186142803647 8.3290545625589228814e-006 
3.2999999999997475797 0.29902951944103572934 1.1694584345363749911 -2.5358430377514342702 8.6434175121183196071e-006 
3.3249999999997448263 0.29904999536695375806 1.1619261372340872196 -2.5358442948894928115 6.2114175084358390323e-006 
3.349999999999742073 0.29946206428050808901 1.1788610586292918025 -2.5358452413559460226 5.6486036637525250967e-006 
3.3749999999997393196 0.29917602196414494475 1.1861281994642878246 -2.5358461946964152567 6.8089179752964748983e-006 
3.3999999999997365663 0.2988701851352922878 1.1898184764923904755 -2.5358471160896050023 5.2284775616923895306e-006 
3.4249999999997338129 0.29929239065463225655 1.1925086895538166143 -2.5358479052978997181 4.8105456222280403743e-006 
3.4499999999997310596 0.29935661645692468458 1.1752287307997490995 -2.5358487365012107873 4.4495091216702807542e-006 
3.4749999999997283062 0.29915764352069629251 1.1676569112705625919 -2.5358492965408983011 4.6547762566647897251e-006 
3.4999999999997255529 0.29908034462101096285 1.1688581130548687526 -2.5358500953819156365 4.2409525894737755931e-006 
3.5249999999997227995 0.29879839383037687384 1.1667243290776205811 -2.5358506781932335095 3.3852339151298434801e-006 
3.5499999999997200462 0.29876640778084845307 1.174008186818178423 -2.5358511841297199929 2.8957455940226628739e-006 
3.5749999999997172928 0.2990945685886524652 1.1767420169504525518 -2.5358516295777495664 3.615413126840459664e-006 
3.5999999999997145395 0.29935985396057090968 1.177768868622341536 -2.535852240435967353 3.2505155918190528681e-006 
3.6249999999997117861 0.29947961905438102992 1.1859595330149601544 -2.5358526405832750861 1.9312991542188129003e-006 
3.6499999999997090327 0.29930241844840149712 1.1831860397729783152 -2.5358529945461056876 2.96982768631479533e-006 
3.6749999999997062794 0.29901037096787053127 1.1783025874981851722 -2.5358534122282603285 2.1876096693056652357e-006 
3.699999999999703526 0.29894592661810354128 1.1806451603913914461 -2.5358537260720921402 1.9040058001610789573e-006 
3.7249999999997007727 0.29898766880544336288 1.1732452353319424709 -2.535854107130290469 2.3735646517478312182e-006 
3.7499999999996980193 0.29906202248062474514 1.1666089960777381584 -2.5358543608958052928 1.571178826939169956e-006 
3.774999999999695266 0.29911056697377963465 1.1721677214898909014 -2.5358546093767784235 1.373554443591862033e-006 
3.7999999999996925126 0.29909503360909339698 1.1746718548692316464 -2.5358548764939445874 1.8672127321433303754e-006 
3.8249999999996897593 0.29917660713506938341 1.1785387945253122943 -2.5358551599165837231 1.7253679629822887196e-006 
3.8499999999996870059 0.29927063248413349195 1.1850315221714282643 -2.5358553498176328311 9.2967968108328457238e-007 
3.8749999999996842526 0.29926529583101063592 1.181777182037951901 -2.5358555249154579592 1.0974148572241664962e-006 
3.8999999999996814992 0.29915496705543986877 1.1773985493823193593 -2.5358557076054877299 1.2827131602139441154e-006 
3.9249999999996787459 0.29895717123608261945 1.1735266180675210101 -2.5358559003080891614 1.2221298039010496402e-006 
3.9499999999996759925 0.29894497143845755183 1.1711705050988010512 -2.5358560681177753082 8.2191690623743343697e-007 
3.9749999999996732392 0.29905421261665243726 1.1768293229298167901 -2.5358561931018774871 8.3637895422890508853e-007 
3.9999999999996704858 0.29909702315215824786 1.1769335398844349427 -2.5358563371474707182 9.0473965625621492972e-007 
4.0249999999996788347 0.29926391955985692794 1.1741078595986464972 -2.5358564550881701471 7.0785730656563362872e-007 
4.0499999999996871836 0.29929036961451938037 1.1781121365085165387 -2.535856566950994484 7.2126993809532147415e-007 
4.0749999999996955324 0.29908118256671439861 1.1791740258052785251 -2.5358566869168104319 6.6052478742157929794e-007 
4.0999999999997038813 0.2991102536472039497 1.1785980627030876455 -2.5358567787654133774 6.0236909256018158859e-007 
4.1249999999997122302 0.29915206126941262799 1.1790683220635438389 -2.5358568675197381559 5.8361191959885731873e-007 
4.1499999999997205791 0.29901336806196321394 1.1766076072788158591 -2.5358569582501484518 4.6870121849543680305e-007 
4.1749999999997289279 0.299048964314782173 1.1747603950486658064 -2.5358570281957932835 4.4290536889669329053e-007 
4.1999999999997372768 0.29911928167036527793 1.1747423275893420502 -2.5358571002708369946 5.2491806316956967568e-007 
4.2249999999997456257 0.29911321922888373104 1.1754838369978579671 -2.5358571740028619246 3.7726790356871327916e-007 
4.2499999999997539746 0.29918993269374349886 1.1762735043885692576 -2.5358572317850578415 3.341707094359608285e-007 
4.2749999999997623235 0.29920872264320702572 1.1762863649690080692 -2.5358572839954724998 3.7052813500614546985e-007 
4.2999999999997706723 0.29914180513724819566 1.1772022658035128373 -2.535857343742119685 3.7287361122156052494e-007 
4.3249999999997790212 0.29906444388073299967 1.1785124976182737022 -2.5358573888320630196 2.1820099176375936803e-007 
4.3499999999997873701 0.29901302169374494033 1.1781009985408879004 -2.5358574325672513794 2.9368321811211025681e-007 
4.374999999999795719 0.29911490682931957119 1.1767072704651271309 -2.5358574761822696431 2.9194038131279826721e-007 
4.3999999999998040678 0.29920447476005951337 1.1764795883206100591 -2.5358575136556353868 2.0627629417518533414e-007 
4.4249999999998124167 0.29913902734321856647 1.1770134626134565181 -2.5358575476866023202 1.9354367258697189281e-007 
4.4499999999998207656 0.29911785274291674552 1.1768592454372666101 -2.5358575818502435695 2.2870127726591180918e-007 
4.4749999999998291145 0.29912278821736315582 1.1761758580941394925 -2.5358576138248976051 2.1961041741134518891e-007 
4.4999999999998374633 0.29908313799376207154 1.1757363590274290122 -2.5358576403558337198 9.9731245414526248065e-008 
4.5249999999998458122 0.29910599400236559386 1.1762576967568336705 -2.5358576644692401025 1.8592299110230663493e-007 
4.5499999999998541611 0.2991379831750768381 1.1765991158028550334 -2.5358576883621402054 1.5097013007311728988e-007 
4.57499999999986251 0.29913132613688991901 1.1762560182836230283 -2.5358577129585446741 1.5007236034325139764e-007 
4.5999999999998708589 0.29912143131900292836 1.1762320514161861418 -2.5358577335040859424 1.0177057374258269874e-007 
4.6249999999998792077 0.29911151761465376575 1.1770515236182008678 -2.5358577514253597407 1.2498520643880984869e-007 
4.6499999999998875566 0.29913112937272146041 1.1790184999234400998 -2.5358577672662523383 9.8121331794704408425e-008 
4.6749999999998959055 0.29911597422650315625 1.1788513462504881524 -2.5358577837971627567 9.9758242641725637307e-008 
4.6999999999999042544 0.29908823545344159767 1.176194942067554372 -2.5358578013280235197 1.1519341180112738776e-007 
4.7249999999999126032 0.29915248058193039116 1.1753184110784307137 -2.5358578143825480922 5.0707038662204949297e-008 
4.7499999999999209521 0.29916117521758073261 1.1753441313329535678 -2.5358578241887723692 9.4503013250978446477e-008 
4.774999999999929301 0.29909392247746813265 1.1758944926031722478 -2.5358578379263065905 6.606298862570553787e-008 
4.7999999999999376499 0.2991119244550785039 1.1770840641421047579 -2.5358578500135529055 7.9584914490251909896e-008 
4.8249999999999459988 0.29912309114436397284 1.1768052590487405595 -2.5358578593129377232 5.1020668026381758431e-008 
4.8499999999999543476 0.29909119816237228484 1.1771180293727754318 -2.5358578678465732992 5.523562973039636147e-008 
4.8749999999999626965 0.29911650101426451309 1.1777003043984701769 -2.5358578758485950111 4.681749225547001356e-008 
4.8999999999999710454 0.29913627834139255857 1.1769668307027645326 -2.535857884661238959 6.1559644662603046288e-008 
4.9249999999999793943 0.29912604976582701788 1.1768365573682335601 -2.5358578934873019506 5.3271157430442339219e-008 
4.9499999999999877431 0.29913073745982976526 1.1763000213935295157 -2.535857899426351203 2.0259630369478834091e-008 
4.974999999999996092 0.29912992321558373732 1.1758309252684679969 -2.5358579039064901295 4.1005428082969371654e-008 
