0.025000000000000015266 0.59999454193493162446 0.0005145922650527309794 -2.2407306697109392601 0.043252747630859803007 
0.05000000000000003747 0.57305506500470804188 0.018158700475478656289 -2.2461812801943761286 0.066242637470088863716 
0.075000000000000052736 0.41908067393726039507 -0.013564661167997593694 -2.2611798945699472796 0.10963654058402155789 
0.10000000000000007494 0.37234217345419662326 -0.055170246460926053444 -2.2865114623230553548 0.1251924652027184004 
0.12500000000000008327 0.19475555205779290779 -0.39074551738330387529 -2.3031678652962530585 0.070608178423222145437 
0.15000000000000010547 0.20323129420990029836 -2.2930706936981479771 -2.3155180465129192591 0.07713069946280309841 
0.17500000000000012768 0.30272548773964774727 -3.0554327456412213593 -2.329040887633682555 0.076453050281330633964 
0.20000000000000014988 0.21379710776205096412 -1.7479389303824011126 -2.3420747590775636837 0.054196834112786272664 
0.22500000000000017208 0.20644394244617148004 -2.5298476997502659103 -2.3526599560455974114 0.07896041997147899838 
0.25000000000000016653 0.29068176201560042005 -2.4893081027561660967 -2.3674314793460751183 0.073307536491702351977 
0.27500000000000018874 0.25558539986485523388 -4.104431426327649568 -2.3790427052583265066 0.059737672303784905559 
0.30000000000000021094 0.26753670866334183787 -1.3567780434466378825 -2.3885030285965700436 0.04229332630679738525 
0.32500000000000023315 0.29384985415550068932 -2.0965791782430622803 -2.3981744770101953712 0.059659038434492245306 
0.35000000000000025535 0.3079294251404259275 -1.7160807503841242205 -2.406744651179499872 0.050611449899310538558 
0.37500000000000027756 0.33807758863057946197 -1.7427551491509603032 -2.4179982633096614997 0.06561023654051334475 
0.40000000000000029976 0.2808653273997752664 -1.2786584958052886751 -2.4276287728373833197 0.035441920481685117161 
0.42500000000000032196 0.26947426732001922289 -0.7595978651702345319 -2.4333783152094383695 0.037499750294946114504 
0.45000000000000034417 0.26702700521808520051 -0.83763679925822887018 -2.4410128372901387372 0.044814966290659993819 
0.47500000000000036637 0.2363342329946970799 -0.67286263814211455525 -2.4491740640266681517 0.041919526918057843645 
0.50000000000000033307 0.22543000405125834806 0.077575948148006057536 -2.4557382463058186062 0.031106728260659733537 
0.52500000000000035527 0.2471074024685142867 0.49488792874097919938 -2.4609765655511131044 0.032892795698116275571 
0.55000000000000037748 0.2903002850563614623 0.91343531074786676882 -2.4675555842338243728 0.036202179100800417622 
0.57500000000000039968 0.33706807366013513683 1.7727176155994515128 -2.4742008584244339353 0.038346182718038149262 
0.60000000000000042188 0.34907077750986031939 1.8186681665414061726 -2.4800104442360311197 0.024591879107383841918 
0.62500000000000044409 0.30283173998049239817 1.1884948520452713883 -2.4844348976412686802 0.026591985139548118128 
0.65000000000000046629 0.27198522017462894995 0.79232484311254558484 -2.4886580030151033149 0.019891150015819029917 
0.6750000000000004885 0.24389515209205861468 0.3665597397651700895 -2.4921918287400051106 0.018528222933479165935 
0.7000000000000005107 0.26098136246036052199 0.82985925440199470593 -2.4954792047885661077 0.020593037372784037814 
0.72500000000000053291 0.30008060515134832302 1.1191187381631551023 -2.4990738177659794772 0.017571660691978411434 
0.75000000000000055511 0.29673668183473084214 0.73063398019450254139 -2.5014697169928421516 0.010182082219230189843 
0.77500000000000057732 0.28061218779449043081 1.1621316269020436351 -2.5042788084454414843 0.019915395059253132581 
0.80000000000000059952 0.27995500694589420254 0.97947672917334860365 -2.507453801902538526 0.016719578833379353938 
0.82500000000000062172 0.29335463549887386137 0.58843528437160474986 -2.5101902506145883365 0.011823529760382449003 
0.85000000000000064393 0.31043230496373835914 1.420115234600551446 -2.511982435496682875 0.0089959437754445707031 
0.87500000000000066613 0.29835968468998164127 1.8088848857102672874 -2.5137304047481268121 0.011178746104016553872 
0.90000000000000068834 0.28205763385383497699 1.3625681940184632968 -2.5158180595944648061 0.011935248937631955449 
0.92500000000000071054 0.28710276379136256963 0.91717057312857119822 -2.5178713482143506575 0.0093802613648121934559 
0.95000000000000073275 0.2932038296525424359 0.86606811379623915848 -2.5193659832172854429 0.0084725249229062587347 
0.97500000000000075495 0.293594492038755428 1.1178788432609221282 -2.5206264343555075946 0.005489308611989518992 
1.0000000000000006661 0.29460240489088335147 1.2091712079120104928 -2.5217842185371535102 0.0076956865618056057021 
1.0249999999999979128 0.29441860843954692495 0.98913574267587967004 -2.5230872097429442036 0.005501758681011608039 
1.0499999999999951594 0.29192022434390374475 1.0831785085985097261 -2.523919518583128685 0.0055345937199953385011 
1.0749999999999924061 0.29061897545138298815 1.4151610869517141644 -2.5251309846521117208 0.0070773479862681846347 
1.0999999999999896527 0.2978961354034949105 1.1717112042335586786 -2.5262661014569811613 0.0050857891523464248199 
1.1249999999999868994 0.30596843650390187497 0.95720229249221300272 -2.5269807236766337333 0.0036633833533700134628 
1.149999999999984146 0.30076293171360418688 1.2026398387934236212 -2.5276896069927294874 0.0034454597948829863638 
1.1749999999999813927 0.29534300801952545479 1.3053097841817606906 -2.5282360642706742659 0.0036103390407296281732 
1.1999999999999786393 0.2962362151700443369 1.4417406271484849434 -2.5290352291855797695 0.0044683882499009031433 
1.224999999999975886 0.29232162807594530562 1.482026111929508172 -2.5296097500013017267 0.002339341347626596769 
1.2499999999999731326 0.29189070322859672624 1.2395933404308996373 -2.530103376822091743 0.0030294458838593628369 
1.2749999999999703792 0.29757614262223280877 1.1010370216068954274 -2.5306408240291928813 0.0029556465927529124334 
1.2999999999999676259 0.30315658929068511895 0.91001330284389547742 -2.5311172975019422537 0.0021750807339698885814 
1.3249999999999648725 0.30322353760777603915 0.88217095599747497037 -2.5314462391780341299 0.0016482217415065660623 
1.3499999999999621192 0.29712089541590064323 1.0700052778542481491 -2.5317965770851715845 0.0024742163315456685256 
1.3749999999999593658 0.29629623231911678127 1.0813741303711728037 -2.5322381821033186355 0.0020739402055409842177 
1.3999999999999566125 0.29684871926588307645 1.1188351892801482457 -2.5325448907054766146 0.0013936903111898559481 
1.4249999999999538591 0.29042526394265372192 1.352068275362078964 -2.5327956566866531851 0.001466351579994045265 
1.4499999999999511058 0.29295698876380182885 1.5179656381268420429 -2.5330196002138594125 0.0010890149736335174701 
1.4749999999999483524 0.30403499355136648363 1.3444020722353835495 -2.5332723085293031851 0.0017905524150169571575 
1.4999999999999455991 0.30528606264754032384 1.0780068502898747518 -2.5335707497118327147 0.0011758825919075362784 
1.5249999999999428457 0.30152110784139407595 1.0569334146972659827 -2.5337169944037318814 0.00079111393683029278441 
1.5499999999999400924 0.29951111960989634797 1.1042510651414771949 -2.5338883122482727117 0.00096921255492748124849 
1.574999999999937339 0.29537822595101587142 1.1275389425819941636 -2.5340654764504981777 0.0010667197753811050696 
1.5999999999999345857 0.29551357173466669126 1.1212619398820626859 -2.5342322522060989343 0.00076452657465271068888 
1.6249999999999318323 0.29936714396909480662 1.1357331771847205548 -2.5343682923676635887 0.00071822530051756359494 
1.649999999999929079 0.29724575996268537414 1.2297259416101185003 -2.5344968212340188707 0.00075083425150891029785 
1.6749999999999263256 0.29404842479927695287 1.199477521107662259 -2.5346172455252147238 0.00053302683850562813331 
1.6999999999999235722 0.29784279877941027825 1.1668009193546258206 -2.5347070155115325463 0.00058065939938915951939 
1.7249999999999208189 0.30404158539201320277 1.2215820747905479227 -2.5348171756789983355 0.00051737573395099940854 
1.7499999999999180655 0.30468325380298783012 1.1710385002491696671 -2.534897217566355998 0.00049192063281080415735 
1.7749999999999153122 0.30052109591587755633 1.1605697783713049276 -2.5349971166907265818 0.00050326890979992156428 
1.7999999999999125588 0.29609155523670804833 1.2093708965427634183 -2.5350688529025240392 0.00035379582008106475258 
1.8249999999999098055 0.29464051208616498512 1.1806590751648915472 -2.5351308279718205441 0.00034738329721533626332 
1.8499999999999070521 0.29653023771016129295 1.1460931578608128945 -2.5351889180158648784 0.000280460525367899529 
1.8749999999999042988 0.29982515164537754115 1.1682962653153290411 -2.5352427148019760494 0.00033354732986221817103 
1.8999999999999015454 0.30151413777396773863 1.1946569923225962562 -2.5353044852199353443 0.00033667988652766339284 
1.9249999999998987921 0.29948064655774558895 1.147616786577977166 -2.5353600262976385693 0.00027359175723256062146 
1.9499999999998960387 0.29793233155937487444 1.1220455929781856241 -2.5353987893711704693 0.00015930325344837628892 
1.9749999999998932854 0.29939853537584415477 1.1724116391815455618 -2.5354250333205139434 0.00017707362217926674247 
1.999999999999890532 0.29995693315224508657 1.2454243040786123764 -2.5354680453122502293 0.00025826704366124281958 
2.0249999999998880007 0.29913931841653196297 1.2655117611971031799 -2.5355046377401957436 0.00015372549504625020482 
2.0499999999998852473 0.29889879982447192797 1.1686310046564150067 -2.5355359828173509307 0.00019646469010174263188 
2.074999999999882494 0.29859125011943349337 1.1024491278025125851 -2.5355633980079059775 0.00011939363047851951714 
2.0999999999998797406 0.2973105743316385996 1.1144823560962402453 -2.5355871609274820422 0.00013896431475052235067 
2.1249999999998769873 0.29784381557532924045 1.1448482846998193629 -2.5356106636241326768 0.00011769300570434567321 
2.1499999999998742339 0.30068301800848878935 1.2110961714569383751 -2.535629685783877818 0.0001002949170501508361 
2.1749999999998714806 0.3008552234413831572 1.2117702950097364312 -2.5356507126337186619 0.00013632719463728306796 
2.1999999999998687272 0.29866766151806262153 1.1861403728605712793 -2.5356726871581671823 9.5766729330659007969e-005 
2.2249999999998659739 0.29840983948307753248 1.2091432702284696799 -2.5356872087980839581 7.3153410846432174552e-005 
2.2499999999998632205 0.29946315612873064538 1.1966991142660048375 -2.53569802073890882 5.4221117578880206997e-005 
2.2749999999998604672 0.2996592563368957185 1.1731666573883983151 -2.5357124714354792872 9.6829863660752009489e-005 
2.2999999999998577138 0.29919381952754431353 1.1574468847930643456 -2.5357272722826138533 7.0302720142807506891e-005 
2.3249999999998549605 0.29832680135175582148 1.1318954580787981001 -2.5357384790902144367 5.5438294019550819129e-005 
2.3499999999998522071 0.29738387469190435963 1.1349743831580165754 -2.5357476689939968395 4.5984193047160179003e-005 
2.3749999999998494538 0.29806450457804423149 1.164981067052788255 -2.5357565651703857235 5.7147351572844520124e-005 
2.3999999999998467004 0.30032999602727489252 1.1969965658930563634 -2.5357671157104979542 5.2631776388615084952e-005 
2.4249999999998439471 0.30121237081894319809 1.2098421876992642154 -2.5357740155254031578 2.6420944514880445922e-005 
2.4499999999998411937 0.29966924882502105065 1.2088618248030580382 -2.5357797086161171229 4.4650851125888444554e-005 
2.4749999999998384403 0.29832625329846218509 1.1987682139571047557 -2.5357883895785970907 4.4209393361847905955e-005 
2.499999999999835687 0.29846019798240513987 1.1753552552957198252 -2.5357947536146365763 2.5765204703787244323e-005 
2.5249999999998329336 0.29879857857093078399 1.1534573369021510203 -2.5357990590501695571 2.4448034776639810051e-005 
2.5499999999998301803 0.29886022958477842515 1.1490622093045583796 -2.5358034920129641776 2.8737602895973338223e-005 
2.5749999999998274269 0.29900290581679961344 1.1755560219816301171 -2.535809050461354186 2.792915203494335377e-005 
2.5999999999998246736 0.29907277390377695614 1.1847503560845649151 -2.5358136300784237527 2.4982572926084750453e-005 
2.6249999999998219202 0.29926043576860639206 1.1645738010644948179 -2.5358175662566715403 1.7092388102054378103e-005 
2.6499999999998191669 0.29961729665482311757 1.175319493883498545 -2.5358201705119642888 1.400137945262131381e-005 
2.6749999999998164135 0.29960199813236992883 1.1895189175855043207 -2.5358231544993166118 1.9682580999039212146e-005 
2.6999999999998136602 0.29910031260041042289 1.1847249840092231032 -2.5358269430424051905 2.023858514480782631e-005 
2.7249999999998109068 0.29853822802185980834 1.1797309668185489429 -2.5358296131777113835 1.1741559997668526681e-005 
2.7499999999998081535 0.29853204331226840251 1.1681356921662726656 -2.5358321626371149726 1.3680139915025882525e-005 
2.7749999999998054001 0.29901429245067157048 1.1663995608809814009 -2.5358340034231843241 8.9899695573128599898e-006 
2.7999999999998026468 0.29927774026076092717 1.1749978423156348661 -2.5358357941406342029 1.1450916984134714357e-005 
2.8249999999997998934 0.299508538799350299 1.1882353957898357244 -2.5358380252172656455 1.2427916205661233167e-005 
2.84999999999979714 0.29962769047580284365 1.1970305936564820115 -2.5358399719677158224 8.4007488387246403002e-006 
2.8749999999997943867 0.29909293793644525783 1.179591195482668109 -2.5358413030346671491 7.764653723286705738e-006 
2.8999999999997916333 0.29881921327687660517 1.1635773729675182864 -2.5358427451970162458 7.9116250016543373359e-006 
2.92499999999978888 0.29912284420082296821 1.1655697176142809646 -2.5358441845895649536 7.2285946667869338918e-006 
2.9499999999997861266 0.29900596256759737201 1.1687198367756668205 -2.5358451385359344066 4.8608748415765728069e-006 
2.9749999999997833733 0.29875557444153622022 1.1703074699225961552 -2.5358461955633959661 6.2969268900304971437e-006 
2.9999999999997806199 0.29896885747788637389 1.1749925260752460687 -2.5358473382454347345 6.0783904613383228795e-006 
3.0249999999997778666 0.2991974477205250893 1.1851583703720389718 -2.5358484524181195141 6.5039810328388520069e-006 
3.0499999999997751132 0.29931346488301729947 1.1875408108952631991 -2.5358492787128610324 2.2505165187099316451e-006 
3.0749999999997723599 0.29948648707765923582 1.181928341478022837 -2.5358496337921758723 2.8486377100280616997e-006 
3.0999999999997696065 0.29939742282513592819 1.1790724993218026917 -2.5358504267772761231 5.3959104803192274304e-006 
3.1249999999997668532 0.29899205112166049592 1.1765369961175240476 -2.5358512990206030224 3.9673086990908286263e-006 
3.1499999999997640998 0.29880196115094093123 1.1758861195124623578 -2.5358518717360709616 2.4937549498407705206e-006 
3.1749999999997613465 0.29898828304000513167 1.1731649255786940067 -2.5358523064453066809 2.6101005881566843876e-006 
3.1999999999997585931 0.29912503317041000406 1.1692767532349943593 -2.535852771921328852 2.7505118203386436284e-006 
3.2249999999997558398 0.29903868042542774974 1.1707265251591818522 -2.5358532536020215176 2.0342911074774099828e-006 
3.2499999999997530864 0.29907001492601786863 1.1759111418507275371 -2.5358536142184506801 2.4426097018054170078e-006 
3.274999999999750333 0.29926746135630361012 1.1830644908812322225 -2.5358540364336819017 2.003903814979563172e-006 
3.2999999999997475797 0.29927230287346351378 1.1819896652437982265 -2.5358543821262795603 2.0693348732970091481e-006 
3.3249999999997448263 0.29914383736777599987 1.175642827074130814 -2.5358547281248879912 1.4189850657994659274e-006 
3.349999999999742073 0.29912252547088147292 1.1744517910429073115 -2.5358549246214230344 1.1418014561303302145e-006 
3.3749999999997393196 0.29909545346094079665 1.1748915419099315027 -2.5358551833889739768 1.6803429960473109584e-006 
3.3999999999997365663 0.29901792364090618026 1.1788413961299319954 -2.5358554895566842724 1.4394014781286482107e-006 
3.4249999999997338129 0.2990502841524966815 1.1818694044773172536 -2.535855686843587975 1.0401454340869077644e-006 
3.4499999999997310596 0.29916860640181125452 1.1787539669735260794 -2.5358558673511031323 9.0534537014016328352e-007 
3.4749999999997283062 0.29915174384873849389 1.1750738330569547863 -2.5358560448038249824 1.0695203419884159583e-006 
3.4999999999997255529 0.29907570821274265249 1.1731407821964876526 -2.5358562371450203976 9.3493338919642294991e-007 
3.5249999999997227995 0.2991708556731823565 1.1742939162433210232 -2.5358563654421062417 6.8652601965922462536e-007 
3.5499999999997200462 0.29922109097262228339 1.1744121947809031958 -2.5358565022319403681 7.5644966795322222238e-007 
3.5749999999997172928 0.29909605601148286924 1.174347069636398011 -2.5358566394138146727 7.710567243703065505e-007 
3.5999999999997145395 0.29904980799085306709 1.1786687062590091024 -2.5358567709983947935 6.50404789262406951e-007 
3.6249999999997117861 0.29906234395030267814 1.1803177989271271819 -2.5358568527558924544 3.068957480489961011e-007 
3.6499999999997090327 0.299049782816236287 1.1784544670254986087 -2.5358569354652567007 6.3611570343732431293e-007 
3.6749999999997062794 0.29914669981459962589 1.1776380889102777694 -2.535857050872748264 6.0926870496403933838e-007 
3.699999999999703526 0.29926401039862043918 1.1780241435890062007 -2.5358571347267178098 3.3164558105285548395e-007 
3.7249999999997007727 0.29920380301529025946 1.1772703030481042052 -2.535857201483853185 3.9293213833841389411e-007 
3.7499999999996980193 0.29905715304769181495 1.1740981539437269632 -2.5358572599633015798 2.7637580915939924723e-007 
3.774999999999695266 0.2990235014942144165 1.1739532838490465139 -2.5358573158387027746 3.7697908640670281461e-007 
3.7999999999996925126 0.29909997516185915511 1.1759942815638693148 -2.5358573844037066713 3.5213921402270681879e-007 
3.8249999999996897593 0.29916006679735807072 1.1763879142157060986 -2.5358574454474731574 3.0452881049579137207e-007 
3.8499999999996870059 0.29916078574621807196 1.1778011801997916308 -2.5358574839431899939 1.6487294351910170825e-007 
3.8749999999996842526 0.29911875631540929543 1.1788457031824379762 -2.535857521040895346 2.2197972687119264815e-007 
3.8999999999996814992 0.29905986421753583127 1.1775152689056151978 -2.5358575591900587298 2.2254468968445063298e-007 
3.9249999999996787459 0.29907274158112989726 1.17577916204518651 -2.5358575983062809911 2.1532421556990429625e-007 
3.9499999999996759925 0.29917248384591854649 1.1762857543168818708 -2.53585763802813835 2.0082566972701456412e-007 
3.9749999999996732392 0.29920146912219053315 1.1777038947216915687 -2.5358576644722750082 1.0137086553014220021e-007 
3.9999999999996704858 0.29912538358158502483 1.1764190782564720728 -2.5358576876954499468 1.7795789581582862477e-007 
4.0249999999996788347 0.29908719411796913512 1.1752085059966543845 -2.5358577179157717474 1.3248912664943196273e-007 
4.0499999999996871836 0.2990998653033427046 1.1762078689024257905 -2.5358577370365522619 9.2987630140662043077e-008 
4.0749999999996955324 0.29910227855495963301 1.1775115233229573874 -2.5358577554793297892 1.2009462691351519772e-007 
4.0999999999997038813 0.29910922117549854082 1.1778429349069483578 -2.5358577787964327044 1.3003639002066021796e-007 
4.1249999999997122302 0.29912944398417268266 1.1769924753112992466 -2.5358578004868665978 9.910921580139273747e-008 
4.1499999999997205791 0.29913505397578182832 1.1766819210943952889 -2.535857813493406443 5.7665937639230643597e-008 
4.1749999999997289279 0.29911266466876729186 1.1762999137461294108 -2.535857823039593395 5.8134758779487092077e-008 
4.1999999999997372768 0.29912009244847059808 1.1760692587660681596 -2.5358578369257989138 9.0422427291949679287e-008 
4.2249999999997456257 0.29916433914968748597 1.1772016223441901239 -2.535857854051568161 9.0534897820685424926e-008 
4.2499999999997539746 0.29914323583892127312 1.1770347329245145485 -2.5358578662435800055 4.4807650368847532103e-008 
4.2749999999997623235 0.29908659603334025734 1.1762910718982850788 -2.5358578719418689573 3.5112608239626513077e-008 
4.2999999999997706723 0.29908837022333290001 1.1764463414186612233 -2.5358578823147341907 6.6489487703049403602e-008 
4.3249999999997790212 0.29909725469653547503 1.1763990339620358228 -2.5358578914753535649 4.0921025838548004128e-008 
4.3499999999997873701 0.29910047280280360749 1.1767803695255503182 -2.5358578988689868261 3.8866739145055635705e-008 
4.374999999999795719 0.29914851733239200549 1.1770725417611243024 -2.5358579062371386925 4.3748005878140358629e-008 
4.3999999999998040678 0.29917545954841789912 1.1771339438232006902 -2.5358579131812457597 3.4018069166967491347e-008 
4.4249999999998124167 0.29913432148825352952 1.1774408965859337606 -2.5358579190058678776 3.1092517998190199397e-008 
4.4499999999998207656 0.29910439837668190144 1.1770568401618988208 -2.5358579239688259221 2.3463285061890114588e-008 
4.4749999999998291145 0.29911589828168472227 1.1764098152936872665 -2.5358579287187792417 2.9022658666404684716e-008 
4.4999999999998374633 0.29911421460852039012 1.1761736044671882162 -2.535857933493292915 2.6705925484047436876e-008 
4.5249999999998458122 0.29909428593375486649 1.176270297637298512 -2.5358579385103299231 2.4240357877561465865e-008 
4.5499999999998541611 0.29909702881214161874 1.1764859036635424427 -2.5358579415414399527 1.4130866727960183507e-008 
4.57499999999986251 0.29912555710534532993 1.1765394981278407549 -2.5358579448122191558 2.0921254056861951168e-008 
4.5999999999998708589 0.29914480537892040868 1.176469111530288103 -2.5358579483660284026 1.6789838240239502718e-008 
4.6249999999998792077 0.29914167125631035971 1.1767925675805226415 -2.5358579510295302661 1.5266900324474656334e-008 
4.6499999999998875566 0.29913288853011910096 1.1776950509547217116 -2.5358579539659986679 1.6108367194403033562e-008 
4.6749999999998959055 0.29911849849241728405 1.1776536192511788403 -2.5358579563514003219 1.0817270049097011003e-008 
4.6999999999999042544 0.29910294236535917012 1.1767552190019889835 -2.5358579583862854712 1.1777407476704560119e-008 
4.7249999999999126032 0.29910841781599378786 1.1764609685495295288 -2.5358579603820690096 1.0122774618920485964e-008 
4.7499999999999209521 0.29912174944348141059 1.1761856947718476452 -2.535857962199514315 1.1007124946711583036e-008 
4.774999999999929301 0.29911896111923691466 1.1761630351670002703 -2.5358579641611580513 9.635152816168345873e-009 
4.7999999999999376499 0.29911718059705960648 1.1766429285488366752 -2.5358579656504987021 7.9344839373914080379e-009 
4.8249999999999459988 0.29913076021261841841 1.1767988563617355346 -2.5358579669953695834 6.2745953876135700393e-009 
4.8499999999999543476 0.29913378917138955249 1.1769233096634130753 -2.5358579681759674251 7.3276462875929567765e-009 
4.8749999999999626965 0.29911784436315130842 1.1769423696759224729 -2.5358579693799274679 5.7311569229479933461e-009 
4.8999999999999710454 0.29911242158775780409 1.1768823640103649453 -2.5358579704027093271 6.522206242060307722e-009 
4.9249999999999793943 0.29911783617935822077 1.1768930607863832272 -2.5358579716690266004 6.6850591769802830187e-009 
4.9499999999999877431 0.29911771760769173545 1.1765300256657180711 -2.535857972619639078 3.3152267120404332617e-009 
4.974999999999996092 0.29912201781510339149 1.1764250949307188954 -2.5358579730619346115 3.2317896621939975186e-009 
