0.025000000000000015266 0.60038530234030818011 0.0005173292610999545571 -2.2402347886091376061 0.043544543057185719492 
0.05000000000000003747 0.57319680569094499933 0.018264815205840972956 -2.2453287024163453012 0.067118732379553375234 
0.075000000000000052736 0.41779611414949269221 -0.014243008874331275493 -2.2594118996134011645 0.11141705349142198844 
0.10000000000000007494 0.36998837485023755578 -0.055136679713557956717 -2.2832102499535422702 0.12713039756292304761 
0.12500000000000008327 0.19093261037541883751 -0.38716664843846149147 -2.2988906115911600381 0.072375862698902948544 
0.15000000000000010547 0.20110938822571758355 -2.3229026596161972407 -2.3107393497617891853 0.080733576850190585938 
0.17500000000000012768 0.30331456414564145208 -3.1127859910784296815 -2.3238176261290384161 0.079975780843806687503 
0.20000000000000014988 0.21239221693335988417 -1.7734750401306345058 -2.336620603193586998 0.05901733521826914991 
0.22500000000000017208 0.20886784705407934748 -2.5961744343096957444 -2.3473388428296462216 0.084589084827635066532 
0.25000000000000016653 0.28968650112116972606 -2.6585482625395187029 -2.3613022595192116881 0.075077429103917570075 
0.27500000000000018874 0.24702273406143887557 -1.1713098326859459064 -2.3729581886299810911 0.065663003022847235557 
0.30000000000000021094 0.2723623025577185941 -1.634462992647754298 -2.3829735290099369749 0.051455345877612558569 
0.32500000000000023315 0.30514516619773784933 -2.3379487697758900566 -2.3933208890814303693 0.065627294120350801454 
0.35000000000000025535 0.31933325809385559868 -1.4760616171031553101 -2.4023248228305944529 0.059932258817739669787 
0.37500000000000027756 0.32368839351794942427 -1.0066858131608982241 -2.4145299455325157645 0.073371905214556457087 
0.40000000000000029976 0.24632449331998965136 -0.48995358237946429192 -2.4228264205740326354 0.030290610117937034201 
0.42500000000000032196 0.24369271203879680487 -0.13724673363026518302 -2.4288642783284011273 0.046823403151839970704 
0.45000000000000034417 0.24981405606463763514 -0.6469433805742648147 -2.436705836134651193 0.037629211170755592908 
0.47500000000000036637 0.22526125656839143807 -0.59896590022140849818 -2.4429639473384687776 0.038642119232564477171 
0.50000000000000033307 0.22939635307834910227 0.24886641981589585626 -2.4489263605524076439 0.036798413872753968357 
0.52500000000000035527 0.24451659718730101023 0.57083786936241576182 -2.4548719500224094325 0.036647600521510934057 
0.55000000000000037748 0.28632060957022509307 0.79504530597608613629 -2.4614932713347950077 0.039092216588778094799 
0.57500000000000039968 0.33968477993848733565 1.6134923298302643602 -2.4685534182805008996 0.042503863709442257779 
0.60000000000000042188 0.33858354404447599251 1.4898173908545633282 -2.4744150164914566759 0.030368829491517042307 
0.62500000000000044409 0.28789016161509856095 0.81225232225898769123 -2.4785631356518456059 0.025921848615588067438 
0.65000000000000046629 0.267975274182621237 0.67492779619410325775 -2.4828792705265945173 0.019008836408667972168 
0.6750000000000004885 0.24163777117444693032 0.50290995938926197351 -2.4861860896236880336 0.022640363142994092416 
0.7000000000000005107 0.2554865828301758901 1.3099856695450886601 -2.4897979954352176257 0.023261056897331298249 
0.72500000000000053291 0.30821523551422747023 1.6442918389263270207 -2.4937032758335653249 0.021792830097964607794 
0.75000000000000055511 0.31149315056205845176 0.95970008337039935942 -2.496742969313206828 0.015890067143419294576 
0.77500000000000057732 0.28403045880146104984 1.2913150259632644179 -2.5000897907469101789 0.021126983038507386736 
0.80000000000000059952 0.27283907446905647509 0.85609679957774875714 -2.5029995183281896765 0.017112941371677799218 
0.82500000000000062172 0.28241991430369134397 0.33402488841468769287 -2.5055596797752786031 0.01174541925140924932 
0.85000000000000064393 0.29743197977662050313 1.2047478806249818373 -2.5074188014538121294 0.011512593675509713922 
0.87500000000000066613 0.29638328612171199739 1.6273802404694732715 -2.509521027002194149 0.013978330815136458948 
0.90000000000000068834 0.28979275675959276226 1.2016083692280934425 -2.5117752233157344399 0.014303451892531494904 
0.92500000000000071054 0.29120801028375681296 0.97307773224142646296 -2.51406560268483803 0.010630935236810586109 
0.95000000000000073275 0.29120113777960582313 0.92797923505532764477 -2.5158033162560822227 0.011516877150050298592 
0.97500000000000075495 0.29298584075630407231 1.3053029287861233065 -2.517237789677226445 0.0059597385491018612172 
1.0000000000000006661 0.29378042308503204971 1.6135552862534778829 -2.5183551699286392811 0.008385581910901948946 
1.0249999999999979128 0.29480491278892650975 1.2147685951379196823 -2.5198603094490943377 0.007561533370091006942 
1.0499999999999951594 0.29244759955462046319 1.0891780639544195175 -2.5209647342062275754 0.0078097962975794488552 
1.0749999999999924061 0.28395269488119223578 1.1450204480615278069 -2.5223037996120067916 0.0076205636206861729343 
1.0999999999999896527 0.29415703693838896049 0.73639018715124171521 -2.523626505732361025 0.0070101755730574370068 
1.1249999999999868994 0.31268773750122075272 0.84735239175568322079 -2.5243489399515590677 0.0035135768177846863486 
1.149999999999984146 0.30250455768042439075 1.2585257894689974023 -2.5252640078457107009 0.0064984608136453916871 
1.1749999999999813927 0.28342322818193366185 1.2668733504089999542 -2.5260904355246172059 0.0040062197681783187977 
1.1999999999999786393 0.29120634568804404374 1.459231835995182136 -2.5269136895052444203 0.0053012767061929718868 
1.224999999999975886 0.2985424216337928538 1.5642187586769900065 -2.5276610038665388025 0.0040898283597217682112 
1.2499999999999731326 0.29555685193849501324 1.3763671397088548254 -2.5282514622375131808 0.0028937221502480380171 
1.2749999999999703792 0.30048700976762687809 1.2098891369334130452 -2.5288192886646276847 0.0042129763291880078027 
1.2999999999999676259 0.30114154125521896965 0.79245534093858949198 -2.5294979061428453093 0.0030978023952895408777 
1.3249999999999648725 0.29425356621207027219 0.78030036491799958931 -2.5299187585356786023 0.002915663078849585043 
1.3499999999999621192 0.29355864887852012313 1.1549149229012882767 -2.5303636663980966226 0.0022426617103469262057 
1.3749999999999593658 0.30265628889154017056 1.0388079831695526956 -2.5308505784241877024 0.0032317484136599053737 
1.3999999999999566125 0.30507796540695103493 1.0620039984264790789 -2.5312695598844188183 0.0021006444701628067262 
1.4249999999999538591 0.29080099010438081875 1.4051906423551052683 -2.5316362729403190102 0.0021445288143249270803 
1.4499999999999511058 0.28423196199365524661 1.5030047110443582881 -2.5319143705519437937 0.0014776369336586296296 
1.4749999999999483524 0.30002751638322278094 1.4138756491873443188 -2.5322213194784364276 0.001976805911587480296 
1.4999999999999455991 0.30981048134003580374 1.1905506258942042397 -2.5325578612848320681 0.0022074862391558642064 
1.5249999999999428457 0.30574679969185580841 1.0168785369189126122 -2.532841104391719167 0.0010881290334371288963 
1.5499999999999400924 0.30035628232878014421 1.0218365883962494678 -2.5330460215576451333 0.0014006939221898318231 
1.574999999999937339 0.29313884272663254249 1.0232842918663700438 -2.5332697098121501611 0.0012973167381660250137 
1.5999999999999345857 0.29025810867320878117 1.0768774924745190269 -2.5334676302566410122 0.0012097101688499014172 
1.6249999999999318323 0.29697665836882786161 1.2284587079393904929 -2.533674812035799917 0.0011012446702614270104 
1.649999999999929079 0.30372260845132376117 1.2551790195573357956 -2.5338490567074534177 0.0010564268528475560978 
1.6749999999999263256 0.30063846692637002933 1.1799796224700949132 -2.5340148436578000535 0.00098397768063485926623 
1.6999999999999235722 0.29438619419404327138 1.2268997215680852442 -2.5341572473527977927 0.00070659023389546896099 
1.7249999999999208189 0.29658391598149924651 1.2410205327505992035 -2.5342813895443723204 0.00075210473401968516976 
1.7499999999999180655 0.30481368444471695911 1.1692248110142964279 -2.534403196318552709 0.00076625877553299255596 
1.7749999999999153122 0.30461542010396069902 1.197169640860841433 -2.5345288183865051224 0.00074027694923607754302 
1.7999999999999125588 0.29858576284699950287 1.2056776276271918835 -2.5346526609913451189 0.00067544713910515103567 
1.8249999999999098055 0.2951868598839588187 1.1488953302496018871 -2.5347346867417930305 0.0003896688035293795053 
1.8499999999999070521 0.29193192664452188856 1.0961649629191643207 -2.5348131915388756319 0.00052981170591852224522 
1.8749999999999042988 0.29532686330389701368 1.103767722585534905 -2.5348981532509964332 0.00051826315321374305176 
1.8999999999999015454 0.30455476625167060556 1.1993828820716454508 -2.5349843868797861113 0.00047833777854282310323 
1.9249999999998987921 0.30463255883643963751 1.1875107458466012122 -2.53505793729014961 0.00041177519433661518037 
1.9499999999998960387 0.29841010328655742656 1.1292196750454475129 -2.535117664995285125 0.0003190913003660918873 
1.9749999999998932854 0.29596051779902765588 1.1978953901469771015 -2.5351709287759360834 0.00033151959361758093475 
1.999999999999890532 0.296379409325261578 1.2652189321231621655 -2.5352246305378369762 0.00031561233266483112005 
2.0249999999998880007 0.300077307659554815 1.2667453594713948828 -2.5352799658071498712 0.00030539930523839080474 
2.0499999999998852473 0.30272327485148603499 1.1968971224480304816 -2.5353245788226068669 0.00029415750207082075936 
2.074999999999882494 0.29984383696991601109 1.105268169962762892 -2.5353736492971377103 0.00025733154665289517107 
2.0999999999998797406 0.29597815408349831268 1.0646381272628469006 -2.53540845185674657 0.00015961321583467198487 
2.1249999999998769873 0.29553798579333523389 1.0792455412126695791 -2.5354382195093512209 0.0002181913402487065546 
2.1499999999998742339 0.29912633865612830997 1.1883282179857008742 -2.5354748659581649584 0.00021469408575835026518 
2.1749999999998714806 0.30236862766245770073 1.2670035788959541634 -2.5355058012532292189 0.00017150328214979903619 
2.1999999999998687272 0.30065135933880349217 1.2298798071337959659 -2.535540054902720275 0.00019570616549921882109 
2.2249999999998659739 0.29775651258553381684 1.1961574773157903628 -2.5355618525269552066 0.00010892736332935494688 
2.2499999999998632205 0.2979142149222613889 1.1840011702483943523 -2.5355803148159856697 0.00011477948909238403126 
2.2749999999998604672 0.29920453942658709057 1.1782242777961404734 -2.5356051153610650317 0.00015553624910377177233 
2.2999999999998577138 0.30024006833642763459 1.1682496643167328276 -2.5356271446755052068 0.00012402802661747565154 
2.3249999999998549605 0.29986503636892974933 1.1308088116560606196 -2.5356450240490846504 0.00010076195551447181893 
2.3499999999998522071 0.29754348942159791758 1.1122443132848935932 -2.5356619953213352936 8.7380587381527281138e-005 
2.3749999999998494538 0.29642241057845164498 1.145756931578987281 -2.5356772000255594079 9.7444965838031755677e-005 
2.3999999999998467004 0.29858447518453246072 1.1992914347687235743 -2.5356915288157440003 8.8762002237659305324e-005 
2.4249999999998439471 0.3016258872556539794 1.2313324025043153043 -2.535705716633255058 6.4865758546410576431e-005 
2.4499999999998411937 0.30157739838400615673 1.2317632872565493773 -2.5357153116164790063 6.2808978883932352994e-005 
2.4749999999998384403 0.29890653342376061197 1.2020253790058550436 -2.5357283038795648267 8.9637740013355764884e-005 
2.499999999999835687 0.29778241533008625863 1.1643324153656753328 -2.5357405089990314728 5.4242681626251345976e-005 
2.5249999999998329336 0.29811190440568652305 1.1416190005861692747 -2.5357488869578084234 4.6454482783507595079e-005 
2.5499999999998301803 0.29833595067580670479 1.1371146749120244479 -2.5357560533497021105 4.2967568771184532449e-005 
2.5749999999998274269 0.2995132249427250315 1.166477216050624488 -2.5357633665354595287 4.9575693543668152648e-005 
2.5999999999998246736 0.29977885182947905385 1.184822044180908307 -2.535773130089047811 6.0240323686235623852e-005 
2.6249999999998219202 0.29848536927767921334 1.1743763781524134693 -2.5357808404607276032 3.0660974871969419919e-005 
2.6499999999998191669 0.29885567784418359816 1.1892158181182319598 -2.5357854944440405554 3.0827801321674171186e-005 
2.6749999999998164135 0.3001806841772943768 1.1927077928117211236 -2.5357902534969207764 2.7462155269687815837e-005 
2.6999999999998136602 0.30001307086230166732 1.1807065335366624392 -2.5357962767334760734 4.2393235125755188684e-005 
2.7249999999998109068 0.29890946243112709313 1.1861389402729534126 -2.5358021506109396093 2.807135190156608332e-005 
2.7499999999998081535 0.29791457988435243731 1.1717253022714855248 -2.5358065028502050353 2.2451940422407802757e-005 
2.7749999999998054001 0.29807961456264192579 1.1566879039362261139 -2.5358099254814465695 2.2884256636831075947e-005 
2.7999999999998026468 0.29920800400303959599 1.1626965627302303652 -2.5358138662297924348 2.261167972317101944e-005 
2.8249999999997998934 0.29991311703360062912 1.180627664477429839 -2.5358174564813662499 2.0962584584704964169e-005 
2.84999999999979714 0.2999984975238753071 1.2021725852507323395 -2.5358208145602572081 1.733954181671345821e-005 
2.8749999999997943867 0.29929214629474620857 1.1856204719158991434 -2.5358236009689365531 1.9494086473016952309e-005 
2.8999999999997916333 0.29846292060231621734 1.162655417845623429 -2.5358265116772580328 1.4439900759715392504e-005 
2.92499999999978888 0.29884650385736433176 1.173469958460464424 -2.535829357043427823 1.6590046471185212324e-005 
2.9499999999997861266 0.29933596588065775057 1.1742629372427710877 -2.5358310761394107224 8.3722753057281730157e-006 
2.9749999999997833733 0.29890532968083055598 1.1663606003392750221 -2.535832927427548622 1.3765539657922344266e-005 
2.9999999999997806199 0.29864573149724621404 1.1751968521939992751 -2.5358355236879011052 1.4443609819588230732e-005 
3.0249999999997778666 0.29900918384387747961 1.1800987883579252546 -2.5358375020347643236 1.0398059530088735137e-005 
3.0499999999997751132 0.29951100577566752703 1.178576442795504553 -2.5358389110363739327 8.1524800955350696361e-006 
3.0749999999997723599 0.29971423827453591571 1.1845376124456863387 -2.5358401888933750357 5.6658904017043566529e-006 
3.0999999999997696065 0.29939909831722183453 1.1857697822454853487 -2.5358414768024246655 1.0774707953055693148e-005 
3.1249999999997668532 0.29889933809430008216 1.1782376031018477747 -2.5358432201830152231 9.4576851881381334401e-006 
3.1499999999997640998 0.29856227502112087091 1.1717515759114500717 -2.5358443896225084657 4.9317501286481321221e-006 
3.1749999999997613465 0.29879161005880050528 1.1699326622675507714 -2.5358453414112247515 6.2744838156819056428e-006 
3.1999999999997585931 0.29946227581744200297 1.1761622105190117082 -2.5358463279088185871 5.9067513399050950592e-006 
3.2249999999997558398 0.29942279931808812865 1.1750452763064402895 -2.5358472136245806539 4.9187378265349138127e-006 
3.2499999999997530864 0.29888912092489711148 1.1693565023789900259 -2.5358481008723807726 5.4226987961368975231e-006 
3.274999999999750333 0.29894919673552233785 1.1801359041029098051 -2.5358489627711744419 4.6412304292583110392e-006 
3.2999999999997475797 0.29914982880438206747 1.1822969684131998669 -2.5358496581284262206 4.5242655396957965551e-006 
3.3249999999997448263 0.299231980256301211 1.1742031405241775133 -2.5358503605912110501 3.3430087517759618978e-006 
3.349999999999742073 0.29941686344357881788 1.1778803258316628 -2.5358509033527836252 3.0852497863548289707e-006 
3.3749999999997393196 0.29916648319118405164 1.1765640686652700797 -2.535851391061178628 3.5154308842318918436e-006 
3.3999999999997365663 0.29876215148197038385 1.1760261854783324864 -2.5358520456839968027 3.550250358825294527e-006 
3.4249999999997338129 0.29889652026040625099 1.1836220652646582963 -2.5358524912145723462 2.3030333311350548601e-006 
3.4499999999997310596 0.29927970091464606295 1.1826901129203695184 -2.5358529289968534393 2.6891177944742319093e-006 
3.4749999999997283062 0.29944469188610656207 1.1766139056510345196 -2.5358533227750394978 2.2644624110025514751e-006 
3.4999999999997255529 0.29918144204908014849 1.1694012964231013108 -2.5358536954071033698 2.0122160138721592711e-006 
3.5249999999997227995 0.29880472097933225006 1.16766982157185506 -2.5358540196568175595 2.0626404945373256116e-006 
3.5499999999997200462 0.29886839143794596829 1.1745555360252049049 -2.535854325945901433 1.6375564044566623939e-006 
3.5749999999997172928 0.29921336200288345397 1.1759037211268268397 -2.5358546592456669977 2.1665932636694117842e-006 
3.5999999999997145395 0.29941559774071946354 1.1768862891815548011 -2.535854936419563721 1.349768735373381612e-006 
3.6249999999997117861 0.29930545052356988256 1.1834992608696888183 -2.5358551559335289483 1.1790908757251763552e-006 
3.6499999999997090327 0.29895471091459435709 1.1828546839530105217 -2.5358553490551263288 1.2064453717146678996e-006 
3.6749999999997062794 0.29881990100795441379 1.1780787070179288278 -2.5358555613676889706 1.442023477125195974e-006 
3.699999999999703526 0.29910459082404106113 1.178933506308921686 -2.5358557994814709957 1.299014301084812424e-006 
3.7249999999997007727 0.29938111458353261485 1.1771415534886160437 -2.5358559806315565943 7.8643240188046450009e-007 
3.7499999999996980193 0.29929111077644543482 1.1714005881448650292 -2.5358561058033468605 8.7211430851910499093e-007 
3.774999999999695266 0.29899098706305388129 1.171138738363652454 -2.5358562443721011093 8.3693905160862692224e-007 
3.7999999999996925126 0.29889714263269057115 1.1729985476218696139 -2.5358563923705870202 8.5772657050098313257e-007 
3.8249999999996897593 0.29908921910483921014 1.1750398459815105667 -2.5358565401473769363 8.6968707763229509885e-007 
3.8499999999996870059 0.29926171677969443108 1.1796488999055876334 -2.5358566549142995683 5.8226012055188758496e-007 
3.8749999999996842526 0.2992681768548063892 1.1824223618789231338 -2.5358567445024355891 5.0007242635352848668e-007 
3.8999999999996814992 0.29909582381380356297 1.1815427218972009982 -2.5358568400059549042 6.4498725008440258218e-007 
3.9249999999996787459 0.29890232053668402967 1.1762365886351333621 -2.535856941402294229 5.1027234681491342076e-007 
3.9499999999996759925 0.29903458412572797576 1.1727925730749826361 -2.5358570151432306972 5.1007006650661743538e-007 
3.9749999999996732392 0.29929018895021097801 1.1768802542084579876 -2.5358571065578026094 4.5233659294231987711e-007 
3.9999999999996704858 0.29928100314463929044 1.1778039738561090211 -2.5358571714533875152 3.7434985006913567507e-007 
4.0249999999996788347 0.29916631574248647718 1.1741447291310069811 -2.5358572327255424206 4.0870828751739519143e-007 
4.0499999999996871836 0.29903389556679488281 1.1743347692616850075 -2.5358572943102188901 2.6482387756542376128e-007 
4.0749999999996955324 0.29891794024962820009 1.1767798060388829917 -2.5358573357673797055 3.0957432220503114743e-007 
4.0999999999997038813 0.29904577788051661669 1.1784257199105168112 -2.5358574033420415716 4.2746080133389899621e-007 
4.1249999999997122302 0.29924561155496698373 1.1786578341587272689 -2.5358574554006718671 2.3370742003618138732e-007 
4.1499999999997205791 0.29924368300252340847 1.1778084760816942556 -2.5358574891361236325 1.6293889627683217233e-007 
4.1749999999997289279 0.29912350575571988731 1.1762248166997899546 -2.5358575201675161992 2.2934763500624014084e-007 
4.1999999999997372768 0.29904225057052974401 1.1752604863516709077 -2.5358575591716832065 2.3557252677752742435e-007 
4.2249999999997456257 0.29909994827604446943 1.1769001596317369973 -2.5358576006863424723 2.48321819291306036e-007 
4.2499999999997539746 0.29919155751975023971 1.1778326068891689093 -2.5358576339739258287 1.5004150389105180513e-007 
4.2749999999997623235 0.29915525279435228878 1.1765547223296968227 -2.5358576547655977684 1.098742683943452953e-007 
4.2999999999997706723 0.29908163637086171427 1.1755726713702654429 -2.5358576780359776137 1.8691454025542178149e-007 
4.3249999999997790212 0.29903641020844340392 1.175511532967447037 -2.5358577075322870087 1.4127593309251674592e-007 
4.3499999999997873701 0.29904021936270769322 1.1765293616494680862 -2.5358577280442280433 1.1405482645520650605e-007 
4.374999999999795719 0.29916984191870626963 1.1774108943519427939 -2.5358577480646307123 1.2757963946153051388e-007 
4.3999999999998040678 0.29926257429178587666 1.177717786679915779 -2.53585776728279777 1.0900618015160811902e-007 
4.4249999999998124167 0.29916606562212677556 1.178120088947056221 -2.5358577851671744163 1.0206141641504391086e-007 
4.4499999999998207656 0.29905399412797278869 1.1774096917265706175 -2.535857800777738813 7.3336421596304174655e-008 
4.4749999999998291145 0.29906132140735652847 1.1760955071717766884 -2.5358578118788450695 8.3437737462786067177e-008 
4.4999999999998374633 0.29911954985676808549 1.1757749000120325533 -2.5358578270570490965 8.8546383067885499145e-008 
4.5249999999998458122 0.29913638212005794204 1.1759887233480028623 -2.5358578417274952876 8.2281596516847035955e-008 
4.5499999999998541611 0.29911026619814773397 1.1761413599468428792 -2.5358578528034692035 5.3590453175966628927e-008 
4.57499999999986251 0.29911219136536248975 1.1764203058716355965 -2.53585786093624721 4.951709039690937033e-008 
4.5999999999998708589 0.29912398070100681968 1.176453400390872428 -2.5358578702983636255 6.2995632858341292623e-008 
4.6249999999998792077 0.2991233327071333159 1.1769214920535244762 -2.5358578806068940992 5.3265966244208834394e-008 
4.6499999999998875566 0.29915842284117111216 1.1784486338616440015 -2.5358578884883717919 4.9094728510343216959e-008 
4.6749999999998959055 0.29915282120814074007 1.1782943358397988121 -2.535857896264750444 4.0758778979338663056e-008 
4.6999999999999042544 0.29908361356611740112 1.1766610179365923905 -2.5358579025645027194 3.6995777400934245303e-008 
4.7249999999999126032 0.2990847777563056531 1.176116636109239888 -2.5358579090438859716 3.8142445828214361265e-008 
4.7499999999999209521 0.29912838992759444023 1.1754828398593046845 -2.5358579147611672866 3.3356058815039443788e-008 
4.774999999999929301 0.29912720526537456278 1.1754612250891183223 -2.5358579197995894106 2.7518030881023196503e-008 
4.7999999999999376499 0.29912299757264787514 1.1767194214539240527 -2.5358579250524964088 3.5290259938407136178e-008 
4.8249999999999459988 0.29912345211675411827 1.1772545545743504647 -2.5358579305372259682 2.6714013885679964696e-008 
4.8499999999999543476 0.29911508855372603843 1.177453729785052694 -2.5358579338370845768 1.7364982710007651022e-008 
4.8749999999999626965 0.29911975588628347822 1.1772004892100929041 -2.5358579370513698592 2.1849695858904381185e-008 
4.8999999999999710454 0.29913102803311386602 1.1767537569950938803 -2.5358579410263359932 2.3335194146661715792e-008 
4.9249999999999793943 0.29913429862133966708 1.1771004953701595941 -2.5358579445906621608 2.1326203376592675137e-008 
4.9499999999999877431 0.2991194774934038958 1.1764234352092266533 -2.5358579481268281874 1.8523215037325882134e-008 
4.974999999999996092 0.29910019972209744843 1.1756683893859929402 -2.5358579500833400289 8.1988573687817921125e-009 
