0.025000000000000015266 0.59950800629929978935 0.000511193331309854615 -2.2413444288557808903 0.042891505490789683108 
0.05000000000000003747 0.57287980418813166938 0.01802703888592455117 -2.2472298855365608894 0.065163914847048434731 
0.075000000000000052736 0.42066608356239193478 -0.012737226684860269987 -2.2633290912966086417 0.10745494337020963793 
0.10000000000000007494 0.3752343784717979136 -0.055163558823240643747 -2.2905041608315053203 0.12284272889674877072 
0.12500000000000008327 0.19946827164080505046 -0.3947413607780794198 -2.3083326649566950906 0.068500994610222784575 
0.15000000000000010547 0.20587922575326261798 -2.2557968201270028885 -2.3212463698017260505 0.072904408594963651669 
0.17500000000000012768 0.30214432467758867151 -2.9856393138771690765 -2.3352520194126831221 0.07238513774825913738 
0.20000000000000014988 0.21598264848606860133 -1.7167076571143267127 -2.3485134533536231594 0.048908922417559723417 
0.22500000000000017208 0.20437751861982406121 -2.4487042052122260927 -2.3587993798969271175 0.071147347002679633965 
0.25000000000000016653 0.28927335312123481081 -2.2968844266590635605 -2.3743844000835840902 0.073865100463811186882 
0.27500000000000018874 0.27153040238010556218 -3.8860368461251164618 -2.38632531941777426 0.053784481197456379675 
0.30000000000000021094 0.27380734425867830906 -0.94161958734365802659 -2.395110526162333997 0.032613209736096826497 
0.32500000000000023315 0.27708478641198769354 -1.4283725485638960606 -2.4034100485909752898 0.046708675569484860157 
0.35000000000000025535 0.26912818405731975258 -1.2562477366288564706 -2.4094075011977182932 0.02783896866440466189 
0.37500000000000027756 0.27766020577698119487 -1.6574420195034917924 -2.4178775995997079384 0.050851272109028747281 
0.40000000000000029976 0.26316299179980034983 -2.0549841299685893681 -2.4273644761366095501 0.041667679899265390453 
0.42500000000000032196 0.32597435162483873183 -3.3075960563398059122 -2.4348762310568652367 0.036065249192838315373 
0.45000000000000034417 0.33571276609701761195 -3.3035354923475006572 -2.4404841780754740199 0.026407283972527170052 
0.47500000000000036637 0.28627238669133492355 -1.888337086605968107 -2.4469085440077016358 0.038372428014299596322 
0.50000000000000033307 0.27418616467341594412 -1.3753879841197269585 -2.4538476945093492532 0.02512331574211936272 
0.52500000000000035527 0.28825538772128661558 -0.65706926173664603752 -2.4586360517381127266 0.026035508717906243742 
0.55000000000000037748 0.31232269661805217575 -0.68479092488003678874 -2.4634060792350704894 0.024551575044020904071 
0.57500000000000039968 0.30846432188930283935 -0.8507453419558389518 -2.4681877775791707386 0.028053338941335981965 
0.60000000000000042188 0.27815005526606079167 -0.33810461958311377462 -2.474167847789365382 0.027837930204492659231 
0.62500000000000044409 0.22278708989825704578 -0.42829286659628440503 -2.4789770907796886412 0.017995785617084810587 
0.65000000000000046629 0.21310438496954889342 -0.06127850078702545833 -2.4812737095247086039 0.0098150582751716560631 
0.6750000000000004885 0.24931539832019522507 0.41770078592954296148 -2.4835940611652107535 0.013413328114792308007 
0.7000000000000005107 0.25632016331525497854 0.31758767584878333512 -2.4865323790114945979 0.016333480963131162544 
0.72500000000000053291 0.26837733143649517009 0.11654103546782235146 -2.489741399901557628 0.015827465415364453533 
0.75000000000000055511 0.29783038489389496162 0.17776161121583877733 -2.4929876198297269418 0.019085898727208814446 
0.77500000000000057732 0.31674204862324623067 0.42523272451725790955 -2.4968550809491518727 0.016447888990465717174 
0.80000000000000059952 0.31763071670990833395 0.23359658819360218374 -2.4991872505011709649 0.0088477121373822156108 
0.82500000000000062172 0.30802411229179565977 -0.3228029779928641152 -2.5013566336172723403 0.013895318546381167993 
0.85000000000000064393 0.28337321589034863978 -0.57792787918459620489 -2.503734298259331581 0.010356158445456240327 
0.87500000000000066613 0.25224063779167860133 -0.0508722130900198799 -2.5058421881211803139 0.010308424999780949061 
0.90000000000000068834 0.25311367904592008138 0.42088838421924701372 -2.5074512458958415628 0.0061889918619472310615 
0.92500000000000071054 0.26898889296239869573 0.50219651614577365262 -2.5087744259414050951 0.0081964368972053790879 
0.95000000000000073275 0.27971016970665835144 0.76059332676127267003 -2.5105116989100593194 0.0085176249882138906078 
0.97500000000000075495 0.27741216625538417384 0.82857413664461898595 -2.5120109863446531406 0.0068702084686142706957 
1.0000000000000006661 0.28483554853023024256 1.0161153844557961889 -2.5134053125683846197 0.0079252734020597015441 
1.0249999999999979128 0.29803818641321933036 1.2167108817677261268 -2.5147682589138353748 0.0062020426115743472126 
1.0499999999999951594 0.30011789164829422161 0.88164714725602610912 -2.5166857901084398463 0.013143257404111331407 
1.0749999999999924061 0.30488372358426418796 1.0895751521933929595 -2.5193797755800986238 0.012400036470785516171 
1.0999999999999896527 0.2909586736332874235 1.1867203069455098952 -2.521196201474052323 0.006726355851211936708 
1.1249999999999868994 0.27256880129969918158 0.89155957765977467133 -2.5220327611568587045 0.0028539268332526727089 
1.149999999999984146 0.2844699924888551279 1.0065009085946965417 -2.5231667391049237281 0.0085796711636603878448 
1.1749999999999813927 0.30331305390879048645 1.0811938339965094791 -2.5247415779698805238 0.0066175234056068841723 
1.1999999999999786393 0.31421208225454944074 1.0278561659847693655 -2.5258096254771889022 0.0042795073917029548966 
1.224999999999975886 0.30659095943539527163 1.1205336263943723729 -2.5264973666406147501 0.0033700464134246619317 
1.2499999999999731326 0.2855357987745353876 1.2810717978664967198 -2.5273708886892265468 0.0050492334501237943339 
1.2749999999999703792 0.28025538349171430497 1.3659998101808654702 -2.5281965667988264279 0.003778291274742660074 
1.2999999999999676259 0.29245252240435953839 1.1827605726413787934 -2.5289727049131576209 0.0034163709412091294686 
1.3249999999999648725 0.30267486214026534386 1.1118030924146951044 -2.529518743510422496 0.0025455292166778158147 
1.3499999999999621192 0.30704460191786114853 1.2740467793384560036 -2.5301001382116989902 0.0035097669900163875473 
1.3749999999999593658 0.2993783669492734445 1.2475910716186733307 -2.5307467337116946737 0.0029068130349551575368 
1.3999999999999566125 0.29134950656061131546 0.99025974532813865192 -2.5312146606122074566 0.0017096423964829553406 
1.4249999999999538591 0.29942158196682788773 0.98411818360837577391 -2.5315744565408109246 0.0021586586509438274173 
1.4499999999999511058 0.30485458115965496928 1.2178386031311045912 -2.5320047682164772418 0.0021746994600847897004 
1.4749999999999483524 0.29605919434662231193 1.2094958983509371819 -2.5323766461866270561 0.0015571066476802073678 
1.4999999999999455991 0.29069634312061409798 1.1346402858268525016 -2.5326599719266202904 0.0014070315616770356047 
1.5249999999999428457 0.29109127322551497929 1.1615532324352721982 -2.532974621260872361 0.0017709768561201323124 
1.5499999999999400924 0.29553966149255239682 1.188374375217053025 -2.5332912805384588673 0.0013446162964367469779 
1.574999999999937339 0.30505687054981306394 1.2203842795002928234 -2.5335109338263781531 0.0009146298490921219446 
1.5999999999999345857 0.30966047046612449334 1.1767860021224869627 -2.5336796846265077221 0.00092334643920661488986 
1.6249999999999318323 0.30480621312632238951 1.200805939465859451 -2.533908724540807178 0.0013844011758012463378 
1.649999999999929079 0.2944760146444588278 1.2284402044837277046 -2.5341395777816413393 0.00085132620628570413596 
1.6749999999999263256 0.28975039994317663972 1.1121264200349656459 -2.5342769626247343417 0.00055532802390891651979 
1.6999999999999235722 0.29483824333499342174 1.1814155139421842478 -2.5343810919633686929 0.00059224005201989930128 
1.7249999999999208189 0.29946423835576257977 1.2612750686945066736 -2.5345296480297125896 0.0009523005031264191074 
1.7499999999999180655 0.29971906609091619744 1.1418224079234204904 -2.5347003586221839022 0.00067051781524028492443 
1.7749999999999153122 0.30119735572460198947 1.0782205689923003433 -2.5348025980348238839 0.00032021865826981809255 
1.7999999999999125588 0.30144869108286209691 1.1055893217226160363 -2.5348555895689997008 0.00042768821470263654458 
1.8249999999999098055 0.30019326393996192959 1.2038257367695570643 -2.5349717527632109615 0.00060555777614959397943 
1.8499999999999070521 0.30000743624832870715 1.2603108994311937874 -2.5350706621839620425 0.00041551229816554177861 
1.8749999999999042988 0.29828539569490797323 1.200597705159538453 -2.5351371954928061392 0.0002526216988232604546 
1.8999999999999015454 0.29489545277611817209 1.178210516092068616 -2.5351879951571683058 0.00034515822186989965435 
1.9249999999998987921 0.29417291106502418963 1.1746161376752604077 -2.5352641673180960069 0.0003499694888056093748 
1.9499999999998960387 0.29912369697153623482 1.1473039093306400815 -2.5353260876438978855 0.00028320708981389986197 
1.9749999999998932854 0.30469742487440371059 1.146457757102914421 -2.5353681215860457421 0.00016788833957322786983 
1.999999999999890532 0.3026519750477014159 1.1735653623037212157 -2.5354065706094255361 0.00023669432869655027802 
2.0249999999998880007 0.29769515992722461739 1.1986204890629112985 -2.535453526887834208 0.00023473357802864005237 
2.0499999999998852473 0.2973484110360037902 1.1947781513978472656 -2.5355015573170067711 0.00020539957977053099848 
2.074999999999882494 0.29757828244383865979 1.1789138274495831737 -2.5355290135264501039 0.00012762524345828055237 
2.0999999999998797406 0.29772757631876894946 1.1657524476498286603 -2.5355569333652883124 0.00014105083478625407892 
2.1249999999998769873 0.29991589540008772863 1.1664129088624113351 -2.5355835858561799334 0.00013222253168348801697 
2.1499999999998742339 0.29977375670629846649 1.1611538074330902681 -2.5356112900962020085 0.00013878460005630277401 
2.1749999999998714806 0.29833588777102421075 1.1589219709979872164 -2.5356349833360902757 0.00011676830874205517351 
2.1999999999998687272 0.29939906286492851129 1.1893296321964932361 -2.5356580808396644855 0.00010448970284557784858 
2.2249999999998659739 0.30043271003265592523 1.18809066471218161 -2.5356757955776725311 7.8840240958397817504e-005 
2.2499999999998632205 0.29983812973733442453 1.1768069296829968273 -2.5356899282445026778 7.4610401551545587435e-005 
2.2749999999998604672 0.29835449301437100278 1.1932722411736786938 -2.5357067548318399375 9.1924016939732070258e-005 
2.2999999999998577138 0.2972432971499102683 1.1894743970807746258 -2.5357228090019408029 6.3536209344346243318e-005 
2.3249999999998549605 0.29831248961028422606 1.1731394574190434632 -2.5357346914182432585 6.3287313097602795301e-005 
2.3499999999998522071 0.29989476438050755025 1.1483082134826274601 -2.5357455633715657584 4.8816576456354786133e-005 
2.3749999999998494538 0.30044231542614313613 1.1583717121720240595 -2.5357560812420407714 6.0696839342613502011e-005 
2.3999999999998467004 0.30018513560797521755 1.1986052914871156982 -2.5357670240941461159 4.0653759736021711927e-005 
2.4249999999998439471 0.29853880025396700715 1.1832631036535783409 -2.5357743664792420368 3.9886980797247872314e-005 
2.4499999999998411937 0.29740596354394099876 1.1733037410299180792 -2.5357813600027152567 3.4838788264169189598e-005 
2.4749999999998384403 0.29847676841631426425 1.1908137977658308504 -2.535789321646949368 4.2211900629390272438e-005 
2.499999999999835687 0.29979138124197118875 1.1767357707359860086 -2.5357969650396947614 3.3825572466906834361e-005 
2.5249999999998329336 0.30002979119800188279 1.1609096465530224229 -2.5358021283087284203 1.9472089307532918986e-005 
2.5499999999998301803 0.29941718756202473362 1.1580018102391047563 -2.5358059227948936964 2.4107062636554374977e-005 
2.5749999999998274269 0.29876547345898940566 1.1692352363939697568 -2.5358115613957430412 2.7441141002733994729e-005 
2.5999999999998246736 0.29878164361965386941 1.1880052140023198426 -2.5358165107452790288 2.5668155079374200037e-005 
2.6249999999998219202 0.29900092923033472214 1.1910621658083710983 -2.5358205673696891935 1.3324851589736729499e-005 
2.6499999999998191669 0.29912698687314848156 1.1941707504171343857 -2.5358230632610765376 1.5584144011275871103e-005 
2.6749999999998164135 0.29905654903636941233 1.1886576409418525557 -2.5358264997315349554 1.6553934532701270783e-005 
2.6999999999998136602 0.29885568245396676446 1.1647614891107795909 -2.5358298228708253674 1.8456384987751236782e-005 
2.7249999999998109068 0.29940254031927099332 1.1588518913851175718 -2.5358328504846214813 1.1325453399850034269e-005 
2.7499999999998081535 0.29993437923084098617 1.1755846503554185922 -2.5358345871179253095 7.4878952368878599343e-006 
2.7749999999998054001 0.29921209816427135619 1.1768370642056500408 -2.5358365796482424948 1.2759645370444886085e-005 
2.7999999999998026468 0.29851558069101974402 1.1668051374060921521 -2.5358391047939505825 1.1648144907710550393e-005 
2.8249999999997998934 0.29860212696015686618 1.173244160852649598 -2.5358407941435312516 6.9195080782747108526e-006 
2.84999999999979714 0.29870410584460949099 1.1830207741880942596 -2.5358422781722187445 7.1439039583591983735e-006 
2.8749999999997943867 0.29911825214415660446 1.1865262687283162357 -2.5358436397698054243 7.8640705336214472776e-006 
2.8999999999997916333 0.29972554574177423525 1.182646292120510978 -2.5358452451538577854 7.3690431232646062387e-006 
2.92499999999978888 0.29969544138346271289 1.1737086443300965843 -2.5358464003483187632 4.7451015859109151447e-006 
2.9499999999997861266 0.29928216771405530272 1.1773936113156819872 -2.5358473250713067237 4.5363053978253837104e-006 
2.9749999999997833733 0.29894987531119199264 1.1787557394204908334 -2.5358482348075899182 5.5754624451917710715e-006 
2.9999999999997806199 0.29884639304411264593 1.1753950011094982386 -2.5358494072699691024 5.3549971726123064456e-006 
3.0249999999997778666 0.298867343152093623 1.1793142732843908682 -2.5358502400034557134 3.2219977664422553522e-006 
3.0499999999997751132 0.29881449310149538201 1.1733500482330194714 -2.5358508171159117595 2.8269818684609257628e-006 
3.0749999999997723599 0.29901698027074752329 1.1687944635363960444 -2.5358514267081107008 3.7081520784038046824e-006 
3.0999999999997696065 0.29938069841686210104 1.1731997620136056515 -2.535852114804890256 2.9843713197791534227e-006 
3.1249999999997668532 0.29944717713563295813 1.1734454294254117457 -2.5358526946239732247 2.7572518709623445755e-006 
3.1499999999997640998 0.29938172580779986998 1.1783037035225603084 -2.5358531803762680568 2.4145254955864184578e-006 
3.1749999999997613465 0.29919990831067533321 1.1833204599211624153 -2.5358536626125811608 2.3730445402681911492e-006 
3.1999999999997585931 0.29883432249620417442 1.1832434520232286701 -2.535854020826626698 1.331547434853316229e-006 
3.2249999999997558398 0.29869134340796349436 1.1825322543702134759 -2.5358543476854906729 2.0153171656152435551e-006 
3.2499999999997530864 0.29899131771656073386 1.1763336043398575637 -2.5358547251875322992 1.8953397990003048678e-006 
3.274999999999750333 0.29941467951944417125 1.1712494771360213441 -2.5358550832273158981 1.4801666205396646687e-006 
3.2999999999997475797 0.29942837835507857269 1.1730850061295139408 -2.5358553189769481584 1.1231348832939969873e-006 
3.3249999999997448263 0.29910775266225120284 1.1751518154273759009 -2.5358555468781269759 1.1380363291870584544e-006 
3.349999999999742073 0.29901947103121212512 1.1747266165047791642 -2.5358557794108773642 1.375142071332433339e-006 
3.3749999999997393196 0.2990821300378768699 1.1750478510539812405 -2.5358560315349762959 8.9995632747414504609e-007 
3.3999999999997365663 0.29904449965675927725 1.1779120016456297027 -2.5358561645265460527 6.5020621692780551451e-007 
3.4249999999997338129 0.29907767613800628759 1.1805659484701784834 -2.5358563211363778223 9.5697449299963346482e-007 
3.4499999999997310596 0.29909463279758097265 1.1800337790715851316 -2.5358565236807488752 1.0412913141746977173e-006 
3.4749999999997283062 0.29907294759248981286 1.1758692654805740219 -2.5358566733383285374 4.3147300131599741216e-007 
3.4999999999997255529 0.29922430430789570543 1.1740045685014033339 -2.5358567535468141685 4.3125081884079354676e-007 
3.5249999999997227995 0.29930876411377066448 1.1763571609345340185 -2.5358568474700726725 6.4276596990956453912e-007 
3.5499999999997200462 0.29916376786883114303 1.1770394007104614253 -2.5358569993592783298 7.3286002127962689326e-007 
3.5749999999997172928 0.29902234874500954742 1.1774221618851961058 -2.5358571006137262671 3.2443851222911358549e-007 
3.5999999999997145395 0.29896403869258852959 1.1778890715448018245 -2.5358571555401936415 2.8016466347679570909e-007 
3.6249999999997117861 0.29903574420673756373 1.1770612047874897677 -2.5358572199703601768 4.2937929454791658028e-007 
3.6499999999997090327 0.29918800321213467885 1.176716316860243472 -2.5358573177241754415 4.4661816082768386337e-007 
3.6749999999997062794 0.29922030135993188393 1.17535136394366857 -2.5358573819148317874 2.4571342324790279746e-007 
3.699999999999703526 0.2991845668916146006 1.1750056323530950753 -2.5358574253548438193 2.2489295066318360377e-007 
3.7249999999997007727 0.29913144515031875326 1.1758946463985113784 -2.5358574733300458526 2.7097115273907170976e-007 
3.7499999999996980193 0.29904177117247943141 1.1763877766837014249 -2.5358575307739661397 2.7457765699855902348e-007 
3.774999999999695266 0.2990444591273145325 1.1785327381555914528 -2.5358575761421091599 1.774839646628699633e-007 
3.7999999999996925126 0.29911289460477197277 1.1789450638181540043 -2.5358576033444313325 1.5451545619091086736e-007 
3.8249999999996897593 0.29915090231177182689 1.1771352736217948198 -2.5358576441413256397 2.2811421748850345529e-007 
3.8499999999996870059 0.29917590220431766745 1.1762692075662570801 -2.5358576791126474781 1.130617594002597641e-007 
3.8749999999996842526 0.29915893932671605571 1.1758248938642763548 -2.5358577023560138208 1.4976629225147573707e-007 
3.8999999999996814992 0.29912167965260710867 1.1764195504874686016 -2.5358577292440953599 1.1648984488013949082e-007 
3.9249999999996787459 0.29910888839598792632 1.176598938051858223 -2.5358577545085165816 1.3193596021656823069e-007 
3.9499999999996759925 0.29908813092193764493 1.1760480903288705878 -2.5358577755543514343 8.8409229614912373846e-008 
3.9749999999996732392 0.29906974369979166806 1.176872612105971827 -2.535857793993108622 1.0298664035466999174e-007 
3.9999999999996704858 0.29908256050740594789 1.1773440402105137537 -2.5358578129965541059 8.6603165344240239076e-008 
4.0249999999996788347 0.29913874115262106823 1.1768912431202007696 -2.535857829512912609 7.1836323678214743848e-008 
4.0499999999996871836 0.29920415070460465445 1.1766909235471794126 -2.5358578408433172235 5.7430565279059746063e-008 
4.0749999999996955324 0.29918076869638982052 1.1766163546735755041 -2.5358578531146966917 6.7807150393135513896e-008 
4.0999999999997038813 0.29909865957297204764 1.1766188315468419923 -2.5358578688979411808 8.6904884836162972507e-008 
4.1249999999997122302 0.29906754125990775428 1.1766897752351899165 -2.5358578814273502466 3.0565589067564101067e-008 
4.1499999999997205791 0.2990775304910668897 1.1767632414244713068 -2.5358578865273280201 3.643422959646363838e-008 
4.1749999999997289279 0.29910837770463893914 1.1768639073866826728 -2.5358578941084397584 4.1765753426474129626e-008 
4.1999999999997372768 0.29914711832779922185 1.1769576871676981078 -2.5358579050410665623 6.1769187781924428476e-008 
4.2249999999997456257 0.29914176557805000067 1.176709881864008711 -2.5358579141266925916 2.6746957273956141493e-008 
4.2499999999997539746 0.29912816735389219369 1.1767275460153965305 -2.5358579178376521313 2.0202895479214725105e-008 
4.2749999999997623235 0.2991410861700410373 1.1769468176916397795 -2.5358579233080398296 3.4949439009121653266e-008 
4.2999999999997706723 0.29913289935775805306 1.176316548172733345 -2.5358579305420496652 3.1717461770728199369e-008 
4.3249999999997790212 0.29910635787993533619 1.1763165665053343378 -2.535857935186141443 2.0319574991864178552e-008 
4.3499999999997873701 0.29908640554934839972 1.1770267488939372136 -2.5358579387039346109 1.5107073956792317959e-008 
4.374999999999795719 0.29908592012771273438 1.1769381039083224305 -2.535857942376505747 2.356933835205073821e-008 
4.3999999999998040678 0.29912286003160099002 1.1767383151270767172 -2.5358579473748155131 2.3339725738253483055e-008 
4.4249999999998124167 0.29915609530149539497 1.1765223935712745273 -2.5358579507752323501 1.2835527093462139529e-008 
4.4499999999998207656 0.29915184637540048751 1.1766487376302396939 -2.5358579527101245965 8.6952499761893477132e-009 
4.4749999999998291145 0.29913179123660260661 1.1770807793411677267 -2.5358579551913993377 1.6172872351153652393e-008 
4.4999999999998374633 0.29910835455231560287 1.1766849915876305133 -2.535857958470478124 1.4692507736270283177e-008 
4.5249999999998458122 0.29909534021056782827 1.1766107172277344706 -2.5358579606952549312 1.0091861356078414257e-008 
4.5499999999998541611 0.29910215142572899039 1.176997503327579242 -2.5358579625292239079 7.914154710024400283e-009 
4.57499999999986251 0.29911865063065662396 1.1767736178322416585 -2.5358579641786400671 8.9845552353407800207e-009 
4.5999999999998708589 0.29913559605325379387 1.1766129105748874828 -2.5358579658840394444 8.5666333218499945292e-009 
4.6249999999998792077 0.29913776676376013786 1.1766118643250547127 -2.5358579675137078446 7.6271952772153204062e-009 
4.6499999999998875566 0.29912597810039620594 1.1765783988985565323 -2.5358579688402937968 6.0100750893899830821e-009 
4.6749999999998959055 0.29911746844024272862 1.176761047650056291 -2.5358579701191645839 6.6851693864057078735e-009 
4.6999999999999042544 0.29911358842630403343 1.1768925032040629119 -2.53585797111768807 4.3043969956008880864e-009 
4.7249999999999126032 0.29911338253018759925 1.1768198880487945601 -2.535857972136491334 5.4264287429475121336e-009 
4.7499999999999209521 0.29911502293003461306 1.1766423756061314965 -2.5358579731391697187 4.8325332617887848002e-009 
4.774999999999929301 0.29911725399277938608 1.1765268533415351726 -2.5358579740030471328 3.7477755894265417972e-009 
4.7999999999999376499 0.29912740197700987688 1.1766771405041351883 -2.5358579746609071215 3.558341113014100279e-009 
4.8249999999999459988 0.29913339358841078974 1.1769545836730226362 -2.5358579753309271609 2.8518008850639974425e-009 
4.8499999999999543476 0.29912495362518670694 1.1769046929056554696 -2.535857975978220491 3.8631362746830066169e-009 
4.8749999999999626965 0.29911823997948011611 1.1767184377740753654 -2.5358579766438782421 2.5152681128304042249e-009 
4.8999999999999710454 0.29911419992843080173 1.1768096783552859375 -2.5358579770255307295 1.9384266544376437254e-009 
4.9249999999999793943 0.29911111852747696016 1.1767943388887944778 -2.5358579774764171688 2.4571549366561257049e-009 
4.9499999999999877431 0.29912073930176019676 1.1766281266599838418 -2.5358579779860792591 2.5135721600958798926e-009 
4.974999999999996092 0.29912831683649027115 1.1765422339170994448 -2.5358579783558630183 1.4541422789849837603e-009 
