0.05000000000000003747 0.59002725126361355024 0.026877887927917801236 -2.3365367322755359325 0.057077289890293592123 
0.10000000000000007494 0.45564512489048153432 -0.12813690289103107922 -2.3749616921361309529 0.14603320731615884731 
0.15000000000000010547 0.24009617100105731802 -2.4647741077694060863 -2.423226016100129776 0.12986243708013750497 
0.20000000000000014988 0.38124449673150778706 -2.8779568544884241987 -2.4818567297202931421 0.11866557929128529469 
0.25000000000000016653 0.29804335173794588298 3.9915676592663529298 -2.5233215830812314451 0.089708732305835217624 
0.30000000000000021094 0.24299005971800269332 3.8118959491536852369 -2.558201905386065178 0.05916671072940064835 
0.35000000000000025535 0.30562375022699217464 3.582793984682454802 -2.5814866636448092763 0.052560915885184043839 
0.40000000000000029976 0.25723610039776473313 0.81782174343447344711 -2.6018898443242486351 0.050265277285520673645 
0.45000000000000034417 0.32626483885798995832 1.6049410543205495649 -2.6247207211506071722 0.052403365756128333919 
0.50000000000000033307 0.36591545330565983241 -0.58801497495177756925 -2.6414891575340049279 0.016868889290795413549 
0.55000000000000037748 0.32780015515737137566 0.97291010352890217039 -2.6541966614359622234 0.030660350026283294395 
0.60000000000000042188 0.33626548300511827083 1.2275210356351347052 -2.666786016960354555 0.024380808983607893392 
0.65000000000000046629 0.31740312688176730571 1.8624247505709692341 -2.6768272671476931457 0.022187055839006594032 
0.7000000000000005107 0.29220297544781481669 1.2444776067930394259 -2.6890421834569386839 0.022157031013655785479 
0.75000000000000055511 0.29990668421027627533 -1.2862041252914160339 -2.697939914429660746 0.020605830215486505702 
0.80000000000000059952 0.29576934334962773354 2.2057026459820936459 -2.705394403349372201 0.020014004025975699191 
0.85000000000000064393 0.32352958931301784018 0.12367511045410761739 -2.7158515721824931788 0.025173230404870086674 
0.90000000000000068834 0.33437764974073097557 2.8364671115610908814 -2.7227489418510990582 0.012694345034549043422 
0.95000000000000073275 0.29704522316090548051 -1.6382949239469994929 -2.7302660301441834534 0.019183229820188076736 
1.0000000000000006661 0.30340808493523002687 -2.7150281794444151018 -2.7358636328552567996 0.0085096264311675159225 
1.0499999999999951594 0.30065255861907791424 0.68742261281480143698 -2.7406974518857483147 0.015600909106394616685 
1.0999999999999896527 0.29472794098253879413 1.1527467310788948041 -2.7460124082326884398 0.012213194513503659866 
1.149999999999984146 0.28489140711133492667 0.9179169817664840636 -2.750822202124826088 0.0097827691306821042139 
1.1999999999999786393 0.26902520860929135527 0.54901251036574527653 -2.7538549016228364152 0.009264128892997535239 
1.2499999999999731326 0.30601374770158312755 0.81669379939919573008 -2.7570291407590525878 0.0044058209890272285666 
1.2999999999999676259 0.28956412012525895028 0.90257810397841353733 -2.7592615263389812519 0.0056577645750714011114 
1.3499999999999621192 0.29110774394468524884 0.87123296404617023292 -2.7612199115706164143 0.0050029561221241053426 
1.3999999999999566125 0.28126307518374016325 0.81953471421980705891 -2.7627906905838148788 0.0030858918767493969358 
1.4499999999999511058 0.29512982733238490862 0.55347357105465677662 -2.7640521506890056713 0.0027588818313560017556 
1.4999999999999455991 0.29722343379118953965 0.69423431511491107138 -2.7652062388025693274 0.002353641871415587325 
1.5499999999999400924 0.28030181054734421009 1.0458245708689770659 -2.766026574419214068 0.0016826007453939859256 
1.5999999999999345857 0.29458210201334061873 0.96301339852550649212 -2.7667776604560714304 0.0018022068714122318599 
1.649999999999929079 0.28952350069301946434 0.68808638945999200942 -2.767348854125097013 0.0014732477693241853144 
1.6999999999999235722 0.28746063418767242581 0.53034753024584602166 -2.767816625499891714 0.00086344985801781344841 
1.7499999999999180655 0.30029329353798800417 0.83393909603438376443 -2.7682555193722571119 0.00080904189979153211688 
1.7999999999999125588 0.28764106527330463026 0.97955049875435662443 -2.7685507162731068931 0.00088143953633695827296 
1.8499999999999070521 0.28520484504947141158 0.7764774346202788502 -2.7688093876118751169 0.00048719696539610725513 
1.8999999999999015454 0.29299905290646155454 0.73362795347774245602 -2.7690466940069144997 0.00042513147102396498227 
1.9499999999998960387 0.29421438073057470941 0.79315008288329835739 -2.7692163687901549807 0.0004632565295773568995 
1.999999999999890532 0.2911235865641706444 0.79589611472787979984 -2.7693532235197850788 0.00035160082297138947616 
2.0499999999998852473 0.28866406690535945101 0.78876479350695571924 -2.7694800077602073074 0.00018526613606181146013 
2.0999999999998797406 0.29073398226184982152 0.78334877694425919525 -2.7695823921608138107 0.0002453598268169387064 
2.1499999999998742339 0.29236989280011843606 0.82403646247379724876 -2.7696539862646303298 0.00020113346439967503339 
2.1999999999998687272 0.29218552381428231079 0.78939838112448557084 -2.7697199272628147959 0.00011487818835821312128 
2.2499999999998632205 0.29002677395736753407 0.78177673172001971302 -2.7697794457701143678 0.00011027150354935397636 
2.2999999999998577138 0.28962126091207357481 0.79381893470238362731 -2.7698188084335049197 0.00012185537379877701102 
2.3499999999998522071 0.29252517217122486759 0.79012748349655792524 -2.7698523482074248747 7.7484375349324774375e-005 
2.3999999999998467004 0.29119362523819969368 0.7892828618238008076 -2.7698879072119000355 4.1283884399827532811e-005 
2.4499999999998411937 0.29179787516816102499 0.79206219963633750503 -2.7699078178347043 7.3363088492585135461e-005 
2.499999999999835687 0.2906884344948073573 0.80268220991322369873 -2.7699291100968777002 4.2398425201312577937e-005 
2.5499999999998301803 0.28961102460526005897 0.78598369386729827202 -2.7699435645266174966 3.3417799557411926117e-005 
2.5999999999998246736 0.29213210812069101419 0.77965230459518886086 -2.7699585017113665941 2.5080699551105614865e-005 
2.6499999999998191669 0.29209007819200710765 0.81157761426672836436 -2.7699684911723752023 2.7627192822005353204e-005 
2.6999999999998136602 0.29056653433898399497 0.79187647733152088936 -2.7699773426739584536 1.8796063670439869345e-005 
2.7499999999998081535 0.2905846265663771244 0.77531857092186662328 -2.7699849629219355229 1.6161881263575646672e-005 
2.7999999999998026468 0.29138059773660290874 0.79165898087901820368 -2.7699903550270867925 1.5970246544209609594e-005 
2.84999999999979714 0.2913739829961118355 0.80310828431748970679 -2.769995494458219909 7.2685663429663869255e-006 
2.8999999999997916333 0.29126742598137966844 0.79941428813876780346 -2.7699994839703117044 9.5701639466083116947e-006 
2.9499999999997861266 0.29105148871339869832 0.78302293372224274215 -2.7700026645780289059 7.8526120190084403413e-006 
2.9999999999997806199 0.29058364440761380587 0.78307589294813606529 -2.770005339492088936 5.5795990763457482055e-006 
3.0499999999997751132 0.29156866897746536171 0.79874435986498615314 -2.7700074696749408254 5.3407605851203610842e-006 
3.0999999999997696065 0.29152431180609555961 0.79890199188938326724 -2.7700093188652554765 3.684594524088492378e-006 
3.1499999999997640998 0.29072099880738500044 0.78794608505879881744 -2.7700107461004810361 3.4929443312289394825e-006 
3.1999999999997585931 0.29119349437605518416 0.78634368122614684005 -2.7700119027684304562 1.8687057737852815736e-006 
3.2499999999997530864 0.2910623028384350941 0.79362211110358737987 -2.7700130149962589599 2.8873843350580265348e-006 
3.2999999999997475797 0.29120768683177439273 0.79608793518077747287 -2.7700136343575540998 1.7800744748526177077e-006 
3.349999999999742073 0.2913613627280102758 0.79391374375716661227 -2.7700144053019810642 1.2916353229493711123e-006 
3.3999999999997365663 0.29091734786747786012 0.78961979607124033187 -2.7700149174560482201 1.1330920602294324249e-006 
3.4499999999997310596 0.29113705592819499879 0.78675249802164903823 -2.7700153530526141488 1.1512173522460225567e-006 
3.4999999999997255529 0.29128414306845257231 0.7936532313494280011 -2.7700157079640521651 7.3402350601958617138e-007 
3.5499999999997200462 0.29108711330024589214 0.79651728549035838434 -2.770015998573054361 5.8588635003194500903e-007 
3.5999999999997145395 0.29114474698731318547 0.79129050046653226502 -2.7700162654813076379 6.136452638204814434e-007 
3.6499999999997090327 0.29107513199640389079 0.79114369020299402102 -2.7700164232207793447 4.9456547319440761764e-007 
3.699999999999703526 0.29119289982060680977 0.79057968851333981775 -2.7700166147144544837 3.0107781955828573816e-007 
3.7499999999996980193 0.29122799401946314335 0.79170587712561379945 -2.7700167353648952329 2.7054654668435700213e-007 
3.7999999999996925126 0.29113542986968676818 0.79345961285672261809 -2.7700168476306283871 3.152587520266673016e-007 
3.8499999999996870059 0.29103338314650983865 0.79110932255896537768 -2.7700169321389860322 1.579978427136667021e-007 
3.8999999999996814992 0.29115770588340095237 0.79277190350921722395 -2.7700170053791652869 1.7356192903728550014e-007 
3.9499999999996759925 0.29127885734914205074 0.79292217185944313673 -2.7700170664081635863 1.3792325296528223859e-007 
3.9999999999996704858 0.2910604094758168503 0.79041460493528958864 -2.7700171135503928177 1.097398022376357932e-007 
4.0499999999996871836 0.29111976921358367898 0.79185713745385899465 -2.7700171547420637808 8.408044546416747279e-008 
4.0999999999997038813 0.29119244107525749099 0.79244683305241148119 -2.7700171863148432827 8.4494759896278267391e-008 
4.1499999999997205791 0.29113636705312145869 0.79171873428870165323 -2.7700172132552864923 6.2291138145253083697e-008 
4.1999999999997372768 0.29117374232607307061 0.79270310824851630827 -2.7700172340321698172 4.0283381133950448534e-008 
4.2499999999997539746 0.29110385026906915318 0.79223230144172074318 -2.770017253745765462 4.5626628909216331932e-008 
4.2999999999997706723 0.29114666268727690257 0.79096461207964796625 -2.7700172666233595642 3.4034210801803452179e-008 
4.3499999999997873701 0.29116650687297623845 0.79216661559778633883 -2.770017279941417776 2.4978792700702507916e-008 
4.3999999999998040678 0.29114513570472566606 0.79242220411071684349 -2.7700172890604952691 2.5754282800224835315e-008 
4.4499999999998207656 0.29116892940044636351 0.79188447491505620235 -2.770017296918004579 2.0528666456122875376e-008 
4.4999999999998374633 0.29111778335793375705 0.7919491313995288273 -2.7700173038131432612 8.4242409374233786177e-009 
4.5499999999998541611 0.29113406960462934192 0.7916760375822575746 -2.7700173092255200302 1.6160699546334161447e-008 
4.5999999999998708589 0.29116509875383472794 0.79235844756743789574 -2.7700173136608787772 9.6717650741503792918e-009 
4.6499999999998875566 0.29116590954412907566 0.79242466975022662901 -2.7700173166933410585 9.719736199440087036e-009 
4.6999999999999042544 0.29113068442478751141 0.79128874809883764652 -2.7700173204392473103 3.9545903942411204055e-009 
4.7499999999999209521 0.29113142666380514845 0.79185307117364711615 -2.770017322396452375 7.7091751377291496555e-009 
4.7999999999999376499 0.29116447734169981221 0.79249919447011585305 -2.7700173243780099597 4.3100875794462823266e-009 
4.8499999999999543476 0.29114746591493878558 0.79194988947431044224 -2.7700173261518754586 2.572403257910635217e-009 
4.8999999999999710454 0.29114511781341756436 0.79189756257487187163 -2.7700173274101458354 3.8813903641087007372e-009 
4.9499999999999877431 0.29114670184058971669 0.79200208593420107217 -2.7700173284859892497 2.482337288743908927e-009 
5.0000000000000044409 0.29113775132209063212 0.79186580154034325041 -2.7700173293383603124 2.1810119317101787669e-009 
5.0500000000000211386 0.29115529263438955088 0.79211447160476500251 -2.7700173301637227574 1.1481440964428326032e-009 
5.1000000000000378364 0.29115171820760993304 0.79206807120360034347 -2.7700173306695763387 1.8425980290803647267e-009 
5.1500000000000545342 0.29114431523773676158 0.7918994961336758287 -2.7700173311933444786 9.1152268915844098358e-010 
5.2000000000000712319 0.29114156259010248728 0.79198805228154744995 -2.7700173315900471493 8.5016410412091150261e-010 
5.2500000000000879297 0.29114654078885598976 0.79197503760504184278 -2.7700173319189156373 9.1206152797138229602e-010 
5.3000000000001046274 0.29115310096364560577 0.79203832435200749451 -2.7700173321683387861 6.207447024744524013e-010 
5.3500000000001213252 0.2911475653753883841 0.79207962098582673782 -2.7700173324083654514 4.3138119557972189299e-010 
5.4000000000001380229 0.29114204686069383721 0.79188254762653775831 -2.7700173325738792762 3.988069149388757988e-010 
5.4500000000001547207 0.29114670913398116303 0.7919616111069207598 -2.7700173327346067076 3.9559090455331122456e-010 
5.5000000000001714184 0.29115204826660345816 0.79208314605690266497 -2.7700173328362627245 2.3611286407495866603e-010 
5.5500000000001881162 0.29114549342000639598 0.7919585497229255644 -2.7700173329484973905 2.6827403186016800854e-010 
5.6000000000002048139 0.29114350338862499123 0.79198377980140355348 -2.7700173330219235446 1.5935711828128998886e-010 
5.6500000000002215117 0.29115012955192742794 0.79203639314244900227 -2.7700173330889570344 1.505413366604841771e-010 
5.7000000000002382095 0.29114635314295322921 0.79198073682393910211 -2.7700173331484494454 1.2716518427886628583e-010 
5.7500000000002549072 0.29114675943129220137 0.79198329364702280131 -2.7700173331851170033 1.1692690376503257446e-010 
5.800000000000271605 0.29114845411301965017 0.79197426954805871802 -2.7700173332248612112 7.8881737184347259131e-011 
5.8500000000002883027 0.29114530378570713243 0.79199146974767553608 -2.770017333252706937 5.2004114381920557254e-011 
5.9000000000003050005 0.29114732545387006502 0.79203724094357674801 -2.7700173332801951709 6.9973355992918794697e-011 
5.9500000000003216982 0.29114758444841459806 0.79200027095587444137 -2.7700173332962236827 4.2789540422903831121e-011 
6.000000000000338396 0.29114680638096429588 0.79196856933972314962 -2.7700173333145352572 3.814310471978238866e-011 
6.0500000000003550937 0.2911470109306640297 0.79198407010452509525 -2.7700173333280573296 2.7995469249576060678e-011 
6.1000000000003717915 0.2911468993567855601 0.7919959541786036894 -2.7700173333375599505 2.9965870684724447778e-011 
6.1500000000003884892 0.29114719726675564182 0.79200986442057430548 -2.7700173333472810633 1.6679999251245286872e-011 
6.200000000000405187 0.29114751499666302603 0.79200386365640751407 -2.7700173333546982413 1.4243379251295826707e-011 
6.2500000000004218847 0.29114648152801475556 0.79197855678693229731 -2.7700173333605495607 1.8347949187058409068e-011 
6.3000000000004385825 0.29114645038292136237 0.7919899343235463629 -2.7700173333650490726 1.0486997086570641156e-011 
6.3500000000004552803 0.29114780313555888025 0.79200945202367167841 -2.7700173333695348177 7.1840984348884865608e-012 
6.400000000000471978 0.29114736486178244279 0.79199337105050271468 -2.7700173333725919278 8.2737274576102448721e-012 
6.4500000000004886758 0.2911464917486305537 0.79198228769046818964 -2.7700173333753337346 7.0086323386567381044e-012 
6.5000000000005053735 0.29114713416576698535 0.79199859451067788907 -2.770017333377386759 3.4959048564902138294e-012 
6.5500000000005220713 0.29114683333498841966 0.79199940151177206094 -2.7700173333794286812 4.6065757207146243329e-012 
6.600000000000538769 0.2911471822062070558 0.79199761221793529842 -2.7700173333807245335 3.8833086974612817224e-012 
6.6500000000005554668 0.29114738845498266961 0.79199401685323256306 -2.7700173333819462229 2.4748682563089914864e-012 
6.7000000000005721645 0.29114668197505577663 0.79198785831327001006 -2.7700173333829831712 1.941282411235621075e-012 
6.7500000000005888623 0.29114688263507260135 0.79199545672398175 -2.7700173333837589951 2.0154312617346191777e-012 
6.80000000000060556 0.29114732134659920826 0.7919975647043958622 -2.7700173333844420043 1.3179999261501469772e-012 
6.8500000000006222578 0.29114702338808268189 0.79199562869870177018 -2.7700173333849513746 1.397977293889121358e-012 
6.9000000000006389556 0.29114703930039292912 0.79199631502881895351 -2.7700173333854203328 1.0762656998345141567e-012 
6.9500000000006556533 0.29114688911990310727 0.79199172540898987727 -2.7700173333857605051 6.8997851244374697654e-013 
7.0000000000006723511 0.29114698836981389718 0.79199329770897830549 -2.7700173333860726999 6.464195025900618355e-013 
7.0500000000006890488 0.29114721702133067316 0.79199713294207652048 -2.7700173333863311598 5.7242452889314926713e-013 
7.1000000000007057466 0.2911470916057146141 0.79199534054406073302 -2.7700173333864879233 5.1379976713430599462e-013 
7.1500000000007224443 0.29114689645272096019 0.79199293448474650248 -2.7700173333866859871 2.6854024889244073069e-013 
7.2000000000007391421 0.29114698125198779088 0.79199518922893319406 -2.7700173333868027825 3.7756193272214017496e-013 
7.2500000000007558398 0.2911471219484508266 0.79199597112023645273 -2.7700173333869160253 2.0893628616383231504e-013 
7.3000000000007725376 0.29114705034076177048 0.79199387358976047757 -2.7700173333870075076 2.0283785563149265705e-013 
7.3500000000007892353 0.29114703837154104482 0.79199401599519059225 -2.7700173333870803383 1.5885628291618034625e-013 
7.4000000000008059331 0.29114699591585352367 0.79199539638764993033 -2.7700173333871380699 1.5914581044119752788e-013 
7.4500000000008226309 0.2911470016545303352 0.79199555948931010807 -2.7700173333871824788 9.9704143083168670529e-014 
7.5000000000008393286 0.29114712492451755299 0.79199429927589004574 -2.7700173333872308845 6.4851620017001020295e-014 
7.5500000000008560264 0.29114700870443344094 0.79199330942594492466 -2.7700173333872597503 9.6918965317338366386e-014 
7.6000000000008727241 0.29114700080133065763 0.79199541580093268944 -2.7700173333872855075 6.2779514550110345049e-014 
7.6500000000008894219 0.29114705060698814476 0.79199624739842799936 -2.7700173333873094883 3.6566272985636582668e-014 
7.7000000000009061196 0.2911470309947159496 0.7919940732272976458 -2.7700173333873268078 4.4851292473644532935e-014 
7.7500000000009228174 0.29114705366086823801 0.79199400853649981613 -2.7700173333873414627 3.3998006320737369876e-014 
7.8000000000009395151 0.2911470350670103957 0.7919946483767636991 -2.7700173333873534531 2.6549519634983752639e-014 
7.8500000000009562129 0.29114702815824133886 0.79199488711054244483 -2.7700173333873636672 1.7995205529539004685e-014 
7.9000000000009729106 0.29114701787773439312 0.79199546903073869686 -2.770017333387372549 2.2182348889121424933e-014 
7.9500000000009896084 0.29114705557207809505 0.79199461590969089109 -2.7700173333873783221 1.3351223353518111603e-014 
8.000000000001005418 0.29114703982436040963 0.7919942965654696021 -2.7700173333873845394 1.1742167295611579552e-014 
8.0500000000009777068 0.29114701518485119891 0.79199471491075112972 -2.7700173333873889803 1.0025159201914975558e-014 
8.1000000000009499956 0.29114705056471501532 0.79199481883897293599 -2.7700173333873912007 7.6063063001105188334e-015 
8.1500000000009222845 0.29114703442573802716 0.79199500272020517677 -2.7700173333873943093 6.3230232603916190989e-015 
8.2000000000008945733 0.29114703476032155471 0.79199460397800858225 -2.770017333387397418 5.8657318704690926079e-015 
8.2500000000008668621 0.29114703409043501958 0.79199452765989364345 -2.7700173333873991943 4.8103210076634400011e-015 
8.300000000000839151 0.29114702626235600125 0.79199495936035702037 -2.7700173333873996384 2.9211076160051916964e-015 
8.3500000000008114398 0.29114704834481131002 0.79199488562522535329 -2.7700173333874018589 3.2065575709623383484e-015 
8.4000000000007837286 0.29114703281916032296 0.79199459616463241396 -2.7700173333874040793 2.0755491382001165482e-015 
8.4500000000007560175 0.2911470327934624347 0.79199457510412496486 -2.7700173333874045234 2.3154505692391350601e-015 
8.5000000000007283063 0.29114703869610270015 0.79199480122587306852 -2.7700173333874049675 1.371745204510219861e-015 
8.5500000000007005951 0.2911470313353176631 0.79199486330745672014 -2.7700173333874049675 1.7168262094786136509e-015 
8.600000000000672884 0.29114703557991455929 0.79199477968403653172 -2.7700173333874067438 8.9688835788318422038e-016 
8.6500000000006451728 0.29114703863602720002 0.79199471630956108648 -2.7700173333874067438 5.9151942749108961893e-016 
8.7000000000006174616 0.29114703640983297106 0.79199465925346845818 -2.7700173333874080761 1.0936754981953028663e-015 
8.7500000000005897505 0.29114702957571575448 0.79199471933920784217 -2.7700173333874071879 4.8071378768884017011e-016 
8.8000000000005620393 0.29114703809489272945 0.79199479243811787832 -2.7700173333874071879 4.9159473939571627769e-016 
8.8500000000005343281 0.29114704050794953938 0.7919947711097610199 -2.7700173333874071879 3.2795489144598005863e-016 
8.900000000000506617 0.29114703062461771976 0.7919947348014948485 -2.7700173333874071879 4.6692703964029689743e-016 
8.9500000000004789058 0.29114703411892517426 0.79199473151206944976 -2.770017333387407632 1.7723822164148358527e-016 
9.0000000000004511946 0.29114703608164599347 0.79199477016810648777 -2.7700173333874089643 2.0512650077446733074e-016 
9.0500000000004234835 0.2911470382705840243 0.7919946967589546194 -2.770017333387407632 2.4078933560677266397e-016 
9.1000000000003957723 0.29114703597012725478 0.79199471422518963326 -2.7700173333874080761 1.1972190599574123366e-016 
9.1500000000003680611 0.2911470314087848954 0.79199480468713168158 -2.7700173333874085202 1.0695730114842922494e-016 
9.20000000000034035 0.29114703737811292727 0.79199476137711877222 -2.7700173333874085202 1.1520870121798209781e-016 
9.2500000000003126388 0.29114703584535678305 0.79199471302487223223 -2.7700173333874080761 7.8480101138060146256e-017 
9.3000000000002849276 0.29114703499656485741 0.79199471239730045991 -2.7700173333874080761 6.3756981549047222977e-017 
9.3500000000002572165 0.29114703614697645673 0.79199475278291098235 -2.7700173333874080761 5.4211159153499152708e-017 
9.4000000000002295053 0.29114703462174346127 0.79199478740001238997 -2.7700173333874085202 4.7698060174459610528e-017 
9.4500000000002017941 0.29114703514146733632 0.79199472367964984798 -2.7700173333874085202 3.3047281664981763013e-017 
9.500000000000174083 0.29114703631403160422 0.79199471719383351953 -2.770017333387407632 2.7736983824046446829e-017 
9.5500000000001463718 0.29114703587805068619 0.79199475357045967527 -2.7700173333874085202 2.9234056780554970869e-017 
9.6000000000001186606 0.29114703444141176725 0.79199474770454547645 -2.7700173333874085202 1.7568199932098648373e-017 
9.6500000000000909495 0.29114703512747475145 0.79199475035005151291 -2.7700173333874080761 1.728717574328080854e-017 
9.7000000000000632383 0.29114703635857169806 0.79199474923952328798 -2.7700173333874098525 1.2894858679716605932e-017 
9.7500000000000355271 0.29114703527998153643 0.79199472234905232693 -2.770017333387407632 9.7571688028864355328e-018 
9.800000000000007816 0.2911470354720934739 0.79199473794024277673 -2.7700173333874080761 9.8471175322199225232e-018 
9.8499999999999801048 0.29114703522623869292 0.79199475791972684391 -2.7700173333874085202 8.1537266552268506119e-018 
9.8999999999999523936 0.29114703537436897873 0.79199474792082535934 -2.7700173333874098525 6.4824620868910442745e-018 
9.9499999999999246825 0.2911470357202636805 0.79199473655419516671 -2.7700173333874080761 3.3572185020288207855e-018 
