0.025000000000000015266 0.59860546115657198296 0.00050491437245498566044 -2.2424722433025485735 0.042227445023313249506 
0.05000000000000003747 0.57255819288236320386 0.017784155741859597466 -2.2491375023079887008 0.06319806060883778609 
0.075000000000000052736 0.42356613715054186597 -0.01125179050200886266 -2.2671664299381824037 0.10350960328983993541 
0.10000000000000007494 0.38048718532840669626 -0.055014814457471583609 -2.2975757006565351581 0.11866027298899781139 
0.12500000000000008327 0.20806686414507485905 -0.40087742145201143984 -2.3174607489483625145 0.064848740204131199993 
0.15000000000000010547 0.21079932548113247681 -2.1864920742801841058 -2.3312606667119473158 0.065764908260940502238 
0.17500000000000012768 0.30149110217068292306 -2.8607136153328367456 -2.3459846184502670674 0.065678044004697844205 
0.20000000000000014988 0.22110430300291689099 -1.6603199998551605443 -2.3595501703872092669 0.041030652340354238639 
0.22500000000000017208 0.20401721388750312935 -2.3023193097881256008 -2.3691325341175324404 0.05700243656796460251 
0.25000000000000016653 0.2793814847315588823 -1.9949888190600371107 -2.3850987963979948248 0.073978074852364350544 
0.27500000000000018874 0.3031992016200400486 -0.32474055546385438564 -2.3991096608388851052 0.051071104002749417861 
0.30000000000000021094 0.31368383154802415014 -3.3800070425439030508 -2.4084292241176084026 0.030510175821950751007 
0.32500000000000023315 0.2846813362567401362 0.021423062066708853379 -2.4182685883233854263 0.051209104443522349137 
0.35000000000000025535 0.28439794185910360902 -0.020435234408690994279 -2.4262701780412196939 0.025612831236378589411 
0.37500000000000027756 0.29318671597818490859 -0.80444032918192576176 -2.4341329590205815769 0.041039858340594877195 
0.40000000000000029976 0.25333182745618570975 -0.64110219564714743257 -2.4422358379545627827 0.02656557913887182959 
0.42500000000000032196 0.27375846740765558129 -0.73969551305587133427 -2.4483666617528472287 0.030205079264725934879 
0.45000000000000034417 0.29088432990449131221 -0.62060921735258567367 -2.4548155770766530992 0.026944318332457115744 
0.47500000000000036637 0.27852597373538107162 0.23982927165099532374 -2.4611537191657086865 0.027336077115515260844 
0.50000000000000033307 0.30801057450083307865 0.86545071370448400927 -2.466616416311272264 0.019169006109719555209 
0.52500000000000035527 0.3406309626741570451 1.4539859080341486219 -2.4711388515151102574 0.022665931038723885482 
0.55000000000000037748 0.3663695252402313085 1.1672308607495236465 -2.4754045385132230628 0.012559113115717685655 
0.57500000000000039968 0.37140505084943875591 0.80598955402766980782 -2.4784271528761268044 0.01791810813996724816 
0.60000000000000042188 0.31956396396007752392 0.81629415112120518039 -2.4827744784286158719 0.017005264192442956506 
0.62500000000000044409 0.29387264995801515299 0.016189822736346837218 -2.4863586633967011963 0.013869927535213235487 
0.65000000000000046629 0.29504356049656360605 -0.28325340198897719368 -2.4886412471752792364 0.0082168552213634383358 
0.6750000000000004885 0.28441650973906079658 0.21811465316083689103 -2.4910431640094765626 0.012026594641281614442 
0.7000000000000005107 0.29391117225850782457 0.49264765321528070086 -2.4932505872692480864 0.0068500970216791605069 
0.72500000000000053291 0.3159640122600412826 0.57432940286866906998 -2.494759001042604396 0.0067298783203616633145 
0.75000000000000055511 0.33055488380523467828 0.66044176517058461595 -2.4961847198931779168 0.0069336051734033262231 
0.77500000000000057732 0.33897645256364733468 0.91892356805970765166 -2.4982185808782335634 0.0093344715849384973794 
0.80000000000000059952 0.33658981736171394994 0.89102084957294913625 -2.4997399925604724125 0.004390729483000690124 
0.82500000000000062172 0.34047104755439411283 0.31006713948931141633 -2.5008494434879611212 0.0052636950623771916122 
0.85000000000000064393 0.33663254039668305539 0.11832545066017974289 -2.5019042544161322894 0.0045690786847092336107 
0.87500000000000066613 0.31916941326010800362 0.45622347509633476292 -2.5030636679846711701 0.0049235529508092987921 
0.90000000000000068834 0.31556687385126702683 0.71687258682023735634 -2.5039238990213701364 0.0030176277431937549578 
0.92500000000000071054 0.32491106475691944322 0.77556177935507875087 -2.5046659391874142031 0.0030533515081881349579 
0.95000000000000073275 0.33361547636098781711 0.67916139932788832656 -2.5053299199161815913 0.0032956168146695886435 
0.97500000000000075495 0.32302223626688014724 0.55933097572558643229 -2.5060466726460330911 0.0027204084829367831261 
1.0000000000000006661 0.3173829420146312974 0.49103118690919822509 -2.5066601163967883181 0.0027818717187422115772 
1.0249999999999979128 0.33262867059081951959 0.54543322295943252875 -2.5071861014298830739 0.0014419548929302504221 
1.0499999999999951594 0.33763464540875248732 0.69089020947073320755 -2.5075194812195116256 0.0018760202636091262256 
1.0749999999999924061 0.33789237367195340545 0.65270965436676697813 -2.5079159727829565263 0.0015931426199531893446 
1.0999999999999896527 0.33741179017016942332 0.55177416211840057958 -2.5083484336981181073 0.0020563477290442460158 
1.1249999999999868994 0.32563677534234497513 0.65173415168987847146 -2.5086815706670511084 0.0008799538921744030906 
1.149999999999984146 0.32013036316123838487 0.65000324102075757171 -2.5089377134480379539 0.0013223034765179678129 
1.1749999999999813927 0.32097301804758776589 0.5465107029349501877 -2.5091793815260015066 0.00094033546412814969246 
1.1999999999999786393 0.32847212392623298394 0.5527704048145808402 -2.5094231894773120217 0.0010955048007977967461 
1.224999999999975886 0.3376520783494838529 0.54730387134133173799 -2.5096270335179413635 0.00076845683486102638309 
1.2499999999999731326 0.33301325701229539389 0.59142165833450099921 -2.5098275251003734354 0.00083791558737113204167 
1.2749999999999703792 0.33118921841777065884 0.66363679160094868337 -2.5099698562386372203 0.0005364007466255668469 
1.2999999999999676259 0.33555251572070177168 0.68139912945899450136 -2.5101061301881961718 0.00062609476487294395217 
1.3249999999999648725 0.33125014762182608541 0.68480589204047848106 -2.5102452838774467203 0.00064037870055355531132 
1.3499999999999621192 0.32579623519975542401 0.6066240780795398857 -2.5103805557589651265 0.00042536578380394083655 
1.3749999999999593658 0.32488477595101750151 0.55715658293109326937 -2.5104630494132869067 0.00040249499137867000582 
1.3999999999999566125 0.32794545918861278677 0.55221303119257914016 -2.5105524203668068139 0.00033661656268026092292 
1.4249999999999538591 0.33033646232001961929 0.5537545444129529093 -2.5106370450583841425 0.00044841907997804483429 
1.4499999999999511058 0.33106037743855371014 0.63061086194177728981 -2.5107197881815430662 0.00020222776532373144516 
1.4749999999999483524 0.33483534895218119987 0.64885140052138956523 -2.5107683529385478316 0.00029988993629711727237 
1.4999999999999455991 0.33451333223302676112 0.62522384623662086156 -2.5108400277358051689 0.0002801409736342351498 
1.5249999999999428457 0.33031708738544945936 0.62505239902794551554 -2.510894459244140009 0.00020471236743271504642 
1.5499999999999400924 0.32828087384445786556 0.60963107894826384925 -2.5109306533325819188 0.00012571947290692433432 
1.574999999999937339 0.32841643438221013174 0.63770402032064299469 -2.5109688885531529223 0.00020941019622482798766 
1.5999999999999345857 0.33156949132806712299 0.61738166356351087405 -2.5110149970299957545 0.00017808341573384383043 
1.6249999999999318323 0.33129293776349511003 0.59129460475940287534 -2.5110466510521614047 0.00011057374459655350913 
1.649999999999929079 0.32847187568625429988 0.62600536912735371686 -2.5110721041006964782 0.00011758232219466356789 
1.6749999999999263256 0.32944714354807186352 0.59019219250448018421 -2.5111007744700417632 0.00012267120288611530247 
1.6999999999999235722 0.33028434939531237102 0.56176559401767311996 -2.5111240525850702099 8.3140242000690313742e-005 
1.7249999999999208189 0.33100214653644033369 0.59447160383757158275 -2.5111437315830764661 9.6041371863087832378e-005 
1.7499999999999180655 0.33179908074049208055 0.64134185695751866341 -2.5111627542741490338 6.7894621068607455814e-005 
1.7749999999999153122 0.33148769579675091412 0.67474740157314105904 -2.5111788592291932609 7.005437513459758373e-005 
1.7999999999999125588 0.33205711139632770879 0.63400421539994722409 -2.5111936018475660148 6.2442362627905157618e-005 
1.8249999999999098055 0.33091669351951324973 0.60179694934003447049 -2.5112084409064987511 6.2426161200603783995e-005 
1.8499999999999070521 0.32965028769477611181 0.5980148263456342983 -2.5112189188207216795 3.9921639466576458162e-005 
1.8749999999999042988 0.32993857565330769743 0.58064446712106199122 -2.5112297868720010463 4.2539940462346976396e-005 
1.8999999999999015454 0.32926920771283441081 0.59654564741365856406 -2.5112371700389783946 3.4612622821430530861e-005 
1.9249999999998987921 0.32954018176242083626 0.6095776351927076897 -2.5112478589474314106 4.6568466909084311014e-005 
1.9499999999998960387 0.3305286902599109955 0.61613351522733716958 -2.5112543814638588202 2.1714831254137154223e-005 
1.9749999999998932854 0.33124689810458557426 0.62731243384034718336 -2.5112611177369186244 3.1038124798937985374e-005 
1.999999999999890532 0.33183477841536013209 0.62799060853129562432 -2.5112672154307005279 2.4954595155122699722e-005 
2.0249999999998880007 0.33108864197756449066 0.63832267955727639563 -2.5112726192697691907 1.8125047164566231877e-005 
2.0499999999998852473 0.33096492883463274337 0.60874043750730022495 -2.5112764937942992916 2.2084136962765921138e-005 
2.074999999999882494 0.33106454037527599521 0.57796876653674389424 -2.5112810659936877222 1.4525120937279756446e-005 
2.0999999999998797406 0.32977823541315004485 0.60384466095845434896 -2.5112848754036787291 1.9938999434164474611e-005 
2.1249999999998769873 0.3295401344974679958 0.61626121528221677881 -2.5112886049143074985 1.0746548299833555296e-005 
2.1499999999998742339 0.33052779207962096342 0.61576665062494195801 -2.5112914164648003634 1.5403580787268119886e-005 
2.1749999999998714806 0.33114436147081288686 0.62008932309480069289 -2.5112938927653445376 6.7479845341082080694e-006 
2.1999999999998687272 0.33071930888103140411 0.61989861224924602823 -2.5112959616317414024 1.1088880055000553118e-005 
2.2249999999998659739 0.33012750776365323846 0.61949464882289706491 -2.5112982662010807644 9.2664269711234495706e-006 
2.2499999999998632205 0.33073426150220197606 0.60450527027207867636 -2.511300679462438179 9.869859747468865698e-006 
2.2749999999998604672 0.33108487477992443182 0.60238902793160620242 -2.5113019338727631258 3.8122148193675735201e-006 
2.2999999999998577138 0.3307738739150217766 0.61276360871638524408 -2.5113033518755329965 7.5061721705822664059e-006 
2.3249999999998549605 0.33068326876547005089 0.6142973742239727919 -2.5113048102741486467 5.6786725382442449766e-006 
2.3499999999998522071 0.33049349591005228177 0.62017057838059830299 -2.511306178098669406 4.898617973111364364e-006 
2.3749999999998494538 0.33053376356783498169 0.61635774348820770996 -2.5113069438200499306 3.5394405410214857768e-006 
2.3999999999998467004 0.3304704423170029548 0.61140643491729262937 -2.5113079618291291872 4.7319000848051626798e-006 
2.4249999999998439471 0.33043365656221623805 0.61195193176287443482 -2.5113089580715044491 3.9656091077703602547e-006 
2.4499999999998411937 0.33084467709090187304 0.60572231818944488602 -2.5113096732024531299 2.0761155325929704208e-006 
2.4749999999998384403 0.33063655424888110934 0.60976562834865222218 -2.5113102878480311198 3.6571778378403454875e-006 
2.499999999999835687 0.33046166233671264711 0.61482762745306007712 -2.511310942462841922 1.8874643542785256153e-006 
2.5249999999998329336 0.33081896883226519224 0.61504553980639120603 -2.5113114043594682023 2.411436079466022721e-006 
2.5499999999998301803 0.33076110027625343912 0.61794727291856310636 -2.5113119109117225669 1.7997804697698429346e-006 
2.5749999999998274269 0.33063484205401666438 0.61481399211958820405 -2.5113123648869599691 2.2077609616342243992e-006 
2.5999999999998246736 0.33052349088082066952 0.61376410715857243616 -2.5113127857471755355 1.4499385106946009181e-006 
2.6249999999998219202 0.33039407787427188534 0.61138537983011098653 -2.5113130899121580697 1.3140190087579665441e-006 
2.6499999999998191669 0.3305874005794648407 0.60645599886535928036 -2.5113133655219921359 1.1262183081746573854e-006 
2.6749999999998164135 0.33074020974727591504 0.61048505998580948617 -2.511313641553544862 1.152822438718320228e-006 
2.6999999999998136602 0.33079424134650908806 0.61331407089679013112 -2.5113138820047469224 1.078412462947510977e-006 
2.7249999999998109068 0.33073910950422646948 0.61395441186821431145 -2.5113141304225705674 1.04135196911672605e-006 
2.7499999999998081535 0.33054814701516438413 0.61613079374952206546 -2.5113143324555577962 7.2214946679510073497e-007 
2.7749999999998054001 0.33047790275112165492 0.61610787258316668247 -2.5113144709063770499 4.993823765799366239e-007 
2.7999999999998026468 0.33053532486128045509 0.61411781200572868045 -2.511314609394145414 7.5852485759128403625e-007 
2.8249999999997998934 0.33072125653125883371 0.60953685090067111219 -2.5113147702863458655 6.1312137723961200792e-007 
2.84999999999979714 0.3307233298963940249 0.61039924000599776743 -2.5113149002511190311 5.0468544271816750971e-007 
2.8749999999997943867 0.33051951533619361445 0.61397973036657560453 -2.5113149946675763502 3.7212172613467499661e-007 
2.8999999999997916333 0.33056818738697385518 0.61144750725701446648 -2.5113150929456327098 4.5181469058294897216e-007 
2.92499999999978888 0.33068343001495581479 0.61152907110373400101 -2.5113151834040068344 3.5476687252678104141e-007 
2.9499999999997861266 0.33070260168848703008 0.61452416896972328342 -2.511315258466731315 3.1865991918810197639e-007 
2.9749999999997833733 0.33064511458658002452 0.61491082846050681976 -2.5113153327184281061 2.9637364318493411239e-007 
2.9999999999997806199 0.33053175399336154339 0.61376689534610606724 -2.5113153849702172238 1.8676140832815386312e-007 
3.0249999999997778666 0.33063134631890506165 0.6115696599540845213 -2.5113154377272413065 2.7586205146768840659e-007 
3.0499999999997751132 0.33069952162445620525 0.61184445132601739115 -2.5113154949040157327 2.3002219474732931672e-007 
3.0749999999997723599 0.33060635373248536961 0.61344245119373941311 -2.5113155449049466839 1.7558403105742356546e-007 
3.0999999999997696065 0.33063319038336796973 0.61332434480333963833 -2.511315572709603039 9.8921520144518005131e-008 
3.1249999999997668532 0.33062757401984932404 0.61280599270001334666 -2.5113156050566645128 1.8098788334995537276e-007 
3.1499999999997640998 0.3305564333040457714 0.6117119018765744265 -2.5113156425632672253 1.409179553471407706e-007 
3.1749999999997613465 0.33056251711402800941 0.61181158408698288476 -2.5113156691438596191 9.4542483814110132095e-008 
3.1999999999997585931 0.33062260560927225761 0.6134119765354376641 -2.5113156924134081294 1.1082501322866561888e-007 
3.2249999999997558398 0.33070189859627169282 0.61416021074156756931 -2.5113157164213713024 9.2529331508780957997e-008 
3.2499999999997530864 0.33068449547012457312 0.61393349926573281827 -2.5113157358832443045 8.3586959206872249162e-008 
3.274999999999750333 0.33063845046467954525 0.6126099818459421753 -2.5113157508911059246 5.2260454980648720586e-008 
3.2999999999997475797 0.33064111603657941885 0.61184703471158063959 -2.5113157663683307597 7.9896925377240095733e-008 
3.3249999999997448263 0.3306054686066239312 0.61255147704726276014 -2.5113157829068009086 6.1410607253057641203e-008 
3.349999999999742073 0.33059196891122583084 0.61287940913001648369 -2.5113157956052662989 4.6265097967899088288e-008 
3.3749999999997393196 0.33060641533160139982 0.61292334782874724475 -2.511315803752209419 4.1844764739435516004e-008 
3.3999999999997365663 0.33060917289067470737 0.61285399252923922209 -2.5113158156441492963 4.705141257303780119e-008 
3.4249999999997338129 0.33061037492238970481 0.61278541200010527845 -2.5113158240421857847 3.2240322403393392369e-008 
3.4499999999997310596 0.33060287017319855973 0.61323038369448579221 -2.5113158318650254941 3.3551134037465183938e-008 
3.4749999999997283062 0.33065032894173457256 0.61304787835577534416 -2.5113158389110270541 3.1661957053503112805e-008 
3.4999999999997255529 0.33068778922591574032 0.61256412899058954036 -2.5113158450350416828 2.1337092468865579308e-008 
3.5249999999997227995 0.33064521731003537752 0.61277200504412521198 -2.5113158505893689032 2.586903897567923969e-008 
3.5499999999997200462 0.33061629869099157242 0.6128914016433234524 -2.5113158557199954934 2.0138738689074264581e-008 
3.5749999999997172928 0.33061268048347969284 0.61289549108696572688 -2.5113158607412175982 2.1013009087989161034e-008 
3.5999999999997145395 0.33061893632894684414 0.61305787681707002434 -2.5113158637283428121 1.0468274065667527406e-008 
3.6249999999997117861 0.33061934897993211502 0.61304147650863993757 -2.5113158674771360879 1.9056771549791450215e-008 
3.6499999999997090327 0.33060444642483216571 0.61281927648470202463 -2.5113158708977962874 1.1262646820919868764e-008 
3.6749999999997062794 0.33062100360495921825 0.61246036554073690628 -2.5113158737596901204 1.2827202312708129223e-008 
3.699999999999703526 0.33062885034300804055 0.61245072920055099175 -2.5113158760750171616 9.917726644497350964e-009 
3.7249999999997007727 0.3306207095930185913 0.61287994704455828199 -2.5113158784161746517 8.9151251950170566743e-009 
3.7499999999996980193 0.33063788019515194527 0.61315618382462189206 -2.5113158803446467005 8.7547187034766576265e-009 
3.774999999999695266 0.33064628978881999144 0.61318462090545422516 -2.5113158822153236471 6.4569716637167154714e-009 
3.7999999999996925126 0.33064177696570140608 0.61301824891359146807 -2.5113158836675539831 7.6175951685321411506e-009 
3.8249999999996897593 0.33062221830861804328 0.6129472675627146705 -2.511315885199586706 5.126002000084206673e-009 
3.8499999999996870059 0.33060288069373588993 0.6129215721901741798 -2.5113158863877580451 5.7764787263983197696e-009 
3.8749999999996842526 0.33062021344015607438 0.61249355887929002318 -2.5113158876583057122 4.6864716985202735319e-009 
3.8999999999996814992 0.33062989126516295624 0.6123761642342216982 -2.511315888621150183 3.8009931566884565918e-009 
3.9249999999996787459 0.33062312941305133096 0.61279036190880287194 -2.5113158893258837878 3.1967533016721736972e-009 
3.9499999999996759925 0.33062646253362587556 0.61305030305327457008 -2.5113158903020393886 4.7342810719672542058e-009 
3.9749999999996732392 0.33062591098588811622 0.6131762239985835139 -2.5113158910772237498 1.9144576309389083254e-009 
3.9999999999996704858 0.33062715155529154298 0.6130916384093605398 -2.5113158915785600556 2.7771949324495397105e-009 
4.0249999999996788347 0.33063086618978737574 0.61286830920765156261 -2.5113158921454834527 2.2403241558480209885e-009 
4.0499999999996871836 0.33063147390365349443 0.61276143416752903992 -2.5113158927387511099 2.8288591360791043241e-009 
4.0749999999996955324 0.3306273964153113587 0.61270406499238572184 -2.5113158932171413262 1.2800638879203101369e-009 
4.0999999999997038813 0.33061683265687791256 0.61280220354084935508 -2.5113158935217265721 1.4984015777547476012e-009 
4.1249999999997122302 0.33061935766284455962 0.61281105874559260727 -2.511315893881707062 1.787336346117632166e-009 
4.1499999999997205791 0.33062882687986849817 0.61273654600865368192 -2.5113158942726343525 1.3415807961743900454e-009 
4.1749999999997289279 0.33062972139280744077 0.61292137951520053729 -2.5113158945207589845 1.1235142502886437349e-009 
4.1999999999997372768 0.33062726885606352756 0.61305835764935556753 -2.5113158947996372383 1.1017619813933227301e-009 
4.2249999999997456257 0.33062436760453661755 0.61299647559874725911 -2.511315895025842071 9.8633514545261535486e-010 
4.2499999999997539746 0.33062855560544712752 0.61282767763248024995 -2.5113158952143974645 6.1482088009702491917e-010 
4.2749999999997623235 0.33062881082370487729 0.61272668359820869899 -2.5113158953675283058 8.7480694246790712799e-010 
4.2999999999997706723 0.33062159521930228889 0.6128342536878278457 -2.5113158955773040582 7.5849174821087623969e-010 
4.3249999999997790212 0.33062517321912709978 0.61284499258929570065 -2.5113158957159229523 5.51086710262014352e-010 
4.3499999999997873701 0.33062661619643696209 0.6128261580013141252 -2.5113158958340786597 4.9642957002738666637e-010 
4.374999999999795719 0.33062182509987070311 0.61288515841036272924 -2.5113158959493047107 5.2129349433679525029e-010 
4.3999999999998040678 0.33062381333582135934 0.6128716244536197566 -2.5113158960562009803 3.5139273812158255251e-010 
4.4249999999998124167 0.3306264850111269582 0.61290420952010049582 -2.5113158961347967768 4.1212569702085693933e-010 
4.4499999999998207656 0.3306296291850868152 0.61288090050763754935 -2.5113158962305548449 3.7187217812169148491e-010 
4.4749999999998291145 0.33063064156914728775 0.6128210576802000098 -2.5113158963014661218 2.9237452381080543597e-010 
4.4999999999998374633 0.33062675336059527131 0.61286971862849293213 -2.5113158963665473955 2.3895085541426292877e-010 
4.5249999999998458122 0.33062559571595534491 0.61286620046638617954 -2.5113158964180799515 2.4776542467149127164e-010 
4.5499999999998541611 0.33062480912447450576 0.61285923204633530048 -2.5113158964772286375 2.3581561377820695831e-010 
4.57499999999986251 0.33062369725374463059 0.61287216274026878882 -2.5113158965223418839 1.8681755102628050625e-010 
4.5999999999998708589 0.33062374026970253738 0.61285128220054063686 -2.511315896558602212 1.2862610650663405061e-010 
4.6249999999998792077 0.33062326345150200302 0.61283846733576463617 -2.5113158965960011848 1.8742732149702531713e-010 
4.6499999999998875566 0.33062463534902192253 0.61281140902507658108 -2.5113158966314994558 1.3021591822398587874e-010 
4.6749999999998959055 0.33062678165165143573 0.61286221690322451039 -2.511315896665042402 1.5265112548815989612e-010 
4.6999999999999042544 0.33062916286591403914 0.61291710458667736372 -2.5113158966865927191 6.085727237198767014e-011 
4.7249999999999126032 0.33063004135545320805 0.61288106458667968024 -2.511315896708530726 1.0403975888785352148e-010 
4.7499999999999209521 0.33062737336546343947 0.61287262142819576294 -2.5113158967261730581 7.6996594849808529858e-011 
4.774999999999929301 0.33062530547072527254 0.61285203694354128956 -2.5113158967511299835 1.1457631258860376873e-010 
4.7999999999999376499 0.33062362172406911665 0.61283529905541878069 -2.5113158967677207123 5.2251167666274688937e-011 
4.8249999999999459988 0.33062313860177511282 0.61285679102093049142 -2.5113158967806583632 4.7637046700067338655e-011 
4.8499999999999543476 0.33062514726093772399 0.61285311157590138809 -2.5113158967913968844 6.02673224557627342e-011 
4.8749999999999626965 0.33062553385120907468 0.6128620370030508635 -2.5113158968062934129 5.0884064481356932418e-011 
4.8999999999999710454 0.33062606583949888384 0.61285334354577558624 -2.5113158968148714401 4.315836863234191983e-011 
4.9249999999999793943 0.33062714089790151695 0.61284689627373856169 -2.5113158968248909808 3.5239856707141396535e-011 
4.9499999999999877431 0.33062656892964009669 0.61288252858786018695 -2.5113158968335849153 4.4282786066870431306e-011 
4.974999999999996092 0.33062675367905580703 0.61287886156794935122 -2.5113158968415865147 1.9308514503040510206e-011 
