0.025000000000000015266 0.5987660923105029287 0.00050602937814894083379 -2.2422725388403854652 0.04234505743244340592 
0.05000000000000003747 0.57261510390505021562 0.017827254352721283448 -2.2488015392799338699 0.063544608005073263679 
0.075000000000000052736 0.42305387990961851319 -0.011511520008636810797 -2.2664974556244961157 0.10420225512065241225 
0.10000000000000007494 0.37956293954493808274 -0.055053853710769984353 -2.2963483230100152355 0.11938845997309757707 
0.12500000000000008327 0.20655045716764949826 -0.39990190935918890069 -2.315877990373735873 0.065475513456876188734 
0.15000000000000010547 0.20992347634117039523 -2.1988283399849732902 -2.3295341218763776503 0.066972850741919429107 
0.17500000000000012768 0.30156865931861626118 -2.8825278475454658711 -2.3441453081973699923 0.066797983881858050137 
0.20000000000000014988 0.22010481980239374189 -1.6702113037007078056 -2.3576648220736178274 0.042263859664445499464 
0.22500000000000017208 0.20374035246735541782 -2.3279641762165681484 -2.3673736102995346364 0.059354082012954029191 
0.25000000000000016653 0.28160081965315875152 -2.0437118288702569302 -2.3833884719702105315 0.074600394679668668996 
0.27500000000000018874 0.29840747210978618709 -0.37976424802254460378 -2.3969393864306547393 0.050642631192101571214 
0.30000000000000021094 0.30552788757130855402 -3.4582451334043504687 -2.4060179624191282421 0.030319700457918583036 
0.32500000000000023315 0.2811759946966907453 -0.19910043928964826776 -2.4155575988223163542 0.051143810752395157948 
0.35000000000000025535 0.28145547195128062246 -0.094682016668693746997 -2.4234266416618179818 0.026697502599975764942 
0.37500000000000027756 0.29528768216551337655 -0.69660721958647475738 -2.4316755956526066029 0.044589972353230623858 
0.40000000000000029976 0.2525582532414193393 -0.58104625124583486606 -2.4400809438148542974 0.026861903780586022378 
0.42500000000000032196 0.26827517441045506397 -0.80474758422771819344 -2.446078152998251376 0.031536515609207116384 
0.45000000000000034417 0.2786161116249694647 -0.72872682710222835833 -2.4526179655083084619 0.027320306985696925922 
0.47500000000000036637 0.26242307007764981153 0.22668021870603505263 -2.4589678672686003935 0.027602485386831389358 
0.50000000000000033307 0.29954114974634538093 0.90357515322440540295 -2.4644380402860579515 0.020537460334170924009 
0.52500000000000035527 0.33978722794861443424 1.4695385824179578727 -2.4690076518303567532 0.023735080454023522317 
0.55000000000000037748 0.36081598147964860646 1.203239447607543422 -2.4736170028417743261 0.015167611234306217771 
0.57500000000000039968 0.37067764378438378126 0.70336134143644357675 -2.4767606632424490343 0.015828938487069135754 
0.60000000000000042188 0.32827232248163229489 0.7180987703372153641 -2.4808038272564849613 0.018625377719904696872 
0.62500000000000044409 0.29331655596386313478 0.12225862167980094952 -2.4846884470003169909 0.014760341305361242975 
0.65000000000000046629 0.29730800799239270882 -0.11387472782606655741 -2.4871818002340915221 0.010918915490379123984 
0.6750000000000004885 0.29272377383442443888 0.2217176230391023628 -2.4899636782779781541 0.011523703313285194386 
0.7000000000000005107 0.2913401742167050501 0.26935605746504387437 -2.4919970617657738465 0.0074020107228160341231 
0.72500000000000053291 0.30246534065788904799 0.38105914787994199511 -2.4933892910426234124 0.0057487948404576398945 
0.75000000000000055511 0.31823386898382949317 0.60902979633939913207 -2.4948353871124213654 0.0077256296704064563938 
0.77500000000000057732 0.33560469643224088987 0.87494648306923739067 -2.4968380306772135491 0.0094251275656011147125 
0.80000000000000059952 0.33988112059248071217 0.90988498210427004587 -2.4985537337912253619 0.0054293110152187915377 
0.82500000000000062172 0.34245482469567706252 0.45961674277317898785 -2.4997529222172518715 0.0063398876143819903745 
0.85000000000000064393 0.33407724046876030588 0.16731265168870135263 -2.5010647131069108084 0.005119879366934711705 
0.87500000000000066613 0.31462714370343347614 0.30165724498408408305 -2.5021737537222374925 0.0048337380827904079597 
0.90000000000000068834 0.31572943265681546743 0.63761038350478038694 -2.5031320005865405065 0.0036713137820947234526 
0.92500000000000071054 0.32757972434589821553 0.85911297274942977076 -2.5038991758352246997 0.0030953417564556135778 
0.95000000000000073275 0.33950462608329307068 0.74058232484482633406 -2.5045572507016204966 0.0034370538754909182866 
0.97500000000000075495 0.33019089082926489365 0.54434782712512397307 -2.5053711272823786516 0.0034973331570354363428 
1.0000000000000006661 0.314952313281924412 0.49327099697231158171 -2.5061077754208853641 0.0030805722729431504574 
1.0249999999999979128 0.32543106755050360546 0.54501800872296246592 -2.5066825962456955601 0.0017997370987627647147 
1.0499999999999951594 0.33644709201261535636 0.63821616875017816994 -2.5070387837533139042 0.0018682661382187649296 
1.0749999999999924061 0.33980261384688648096 0.66289848967975939509 -2.5074399392682127363 0.0016984928855556986633 
1.0999999999999896527 0.33800372092975422555 0.5911801047077250848 -2.5078934935185075439 0.0023569084160840036296 
1.1249999999999868994 0.32278349394480304602 0.61501882923391104629 -2.5083308549652048036 0.001288620272803958763 
1.149999999999984146 0.31515615136386621042 0.65595692570725938619 -2.5085934822620088447 0.0013033182526485398173 
1.1749999999999813927 0.3206320194319687289 0.56878156516187017289 -2.5088712156825718758 0.0012067910018151762914 
1.1999999999999786393 0.33041747499786722209 0.52643904457281731624 -2.5091438720939063245 0.0011815355678469567895 
1.224999999999975886 0.33955052353135212195 0.53146744463699180372 -2.5093622842534699657 0.00081988387918106625692 
1.2499999999999731326 0.33608316367529827984 0.59708774879449355577 -2.5095759618197557295 0.0010264112374253210169 
1.2749999999999703792 0.33170011379516955996 0.67700513407352480577 -2.5097563152942603537 0.00063724408250898111929 
1.2999999999999676259 0.33465587327221169023 0.6841667928925740938 -2.5099064394349075435 0.00074101470387951046733 
1.3249999999999648725 0.33280286250580271012 0.7078011733096702951 -2.5100709129213747417 0.00076036026311907835545 
1.3499999999999621192 0.32759781677526489396 0.62451858301294316256 -2.5102273099928846811 0.00050263639967226142208 
1.3749999999999593658 0.32264522308156762254 0.51716535028789645256 -2.5103111170589271772 0.00040094002842208360891 
1.3999999999999566125 0.32247942561261422334 0.52573416900584379885 -2.5104110023022823128 0.00041560527332236353766 
1.4249999999999538591 0.32753128385428620373 0.54969976740216086597 -2.5105051799313611305 0.0005204509830295222508 
1.4499999999999511058 0.33172065485671448082 0.62791054157745262998 -2.5106172959196779715 0.00034322556220043828369 
1.4749999999999483524 0.33688688739715272336 0.66533541709533483566 -2.5106718817411088907 0.00027638957417196522142 
1.4999999999999455991 0.33732698387714560306 0.6426066635309138908 -2.5107460092204734181 0.00032523381648710586629 
1.5249999999999428457 0.33181120022821519733 0.63810496679540640308 -2.5108083101157125938 0.00024665141859943855293 
1.5499999999999400924 0.32783227736505909933 0.59576752261508325592 -2.5108539183170530684 0.00016542928641566310966 
1.574999999999937339 0.32733686353680380154 0.6205095149270380972 -2.5108992081279764008 0.00026019783706322796579 
1.5999999999999345857 0.33140971381147987795 0.634008039765579956 -2.5109534260092845059 0.00019786872477640129976 
1.6249999999999318323 0.33220648073281261459 0.58557591663338393051 -2.5109907953369563494 0.00014886873616434668404 
1.649999999999929079 0.32812358544634873114 0.61037873629728112146 -2.5110216607342539241 0.00013477708005324567637 
1.6749999999999263256 0.32792989437194264291 0.6041483940472350822 -2.5110533584663579099 0.00013835398932701239755 
1.6999999999999235722 0.32942496380370839271 0.57584165280555854594 -2.5110797388757761794 0.000111880240228812367 
1.7249999999999208189 0.3311437997802132438 0.59194294945369851924 -2.5111063028005755626 0.00012037786372653871275 
1.7499999999999180655 0.33258859915140204233 0.62808725138647325537 -2.5111285743947884264 7.7941582536669812785e-005 
1.7749999999999153122 0.33164343981468158429 0.67166822488835153937 -2.5111472680260882306 9.1647624336844917101e-005 
1.7999999999999125588 0.33145490941151012354 0.63393125013507900523 -2.511165953098210224 7.5768889874775941537e-005 
1.8249999999999098055 0.33075236754495246361 0.5961418056814568045 -2.5111821058205610058 7.1301822425313534444e-005 
1.8499999999999070521 0.33016319810830246917 0.60828217711830878667 -2.5111952938791497481 4.9122084055175825872e-005 
1.8749999999999042988 0.33110011368912317664 0.5915744548271282266 -2.5112082754409277285 5.8984486223234922552e-005 
1.8999999999999015454 0.33001377733415476756 0.59882023292433883555 -2.5112183611103491288 4.2290439196443824405e-005 
1.9249999999998987921 0.32897652626429102485 0.60662115333420896235 -2.5112309381811690479 6.1697501947123841782e-005 
1.9499999999998960387 0.32959179035195923513 0.60164128232725000434 -2.5112393475886447547 2.0039163825945684216e-005 
1.9749999999998932854 0.33051952214813989928 0.61993204978875182665 -2.5112459958353228195 3.870312944830600903e-005 
1.999999999999890532 0.33165547127830319329 0.63090459797453446456 -2.5112544184688538884 3.4166128771005825897e-005 
2.0249999999998880007 0.33150456066553890544 0.64602836360013160544 -2.5112609993258350194 2.47778699698433909e-005 
2.0499999999998852473 0.33113087767160226393 0.61942927110496570631 -2.5112661913431661986 2.7768925449442647237e-005 
2.074999999999882494 0.33091559051765140342 0.57533229295767973621 -2.5112720784995734569 1.8573311719519357786e-005 
2.0999999999998797406 0.32975619209116785457 0.59485646373717493418 -2.511275926516181034 2.0522284887205454541e-005 
2.1249999999998769873 0.32968464189797824782 0.6134498874122344958 -2.5112808141821112429 1.878418467190396421e-005 
2.1499999999998742339 0.33074805211620195156 0.61748329447200356324 -2.5112843264178756897 1.7247965824016066078e-005 
2.1749999999998714806 0.33139817462800780223 0.62295176382465067277 -2.5112877523310257466 1.1221111398488503455e-005 
2.1999999999998687272 0.33089770024735132292 0.61843985726612682452 -2.5112902925130988763 1.2873554707613367896e-005 
2.2249999999998659739 0.32994855340220657913 0.61990649730379343563 -2.5112931164866814093 1.119990027711601997e-005 
2.2499999999998632205 0.33046694755638639229 0.60784867771747375098 -2.5112958729288963333 1.3894161610862197555e-005 
2.2749999999998604672 0.33108278530383034033 0.6038222067842602403 -2.5112979774051864545 5.0307025759345650004e-006 
2.2999999999998577138 0.33075952536851349617 0.61353804380165644083 -2.5112993330637922718 8.6036758555933216688e-006 
2.3249999999998549605 0.33052217659312205233 0.60992770475141833142 -2.5113013807477480022 8.12020149802037021e-006 
2.3499999999998522071 0.33018675389940077558 0.61508074391042610873 -2.5113031257560951559 7.2873000541525007349e-006 
2.3749999999998494538 0.33035146595827413751 0.61625946762617433983 -2.5113042667952525377 4.1106797415806380945e-006 
2.3999999999998467004 0.33079119058887757054 0.61313271680307901423 -2.5113053884742990718 5.9666464837114771059e-006 
2.4249999999998439471 0.3308387107307039221 0.61634110225931781901 -2.5113066267926176245 4.6162765770698897591e-006 
2.4499999999998411937 0.33102896470325060552 0.60900781780258750331 -2.5113075946504861413 3.9205687916339120153e-006 
2.4749999999998384403 0.33068993764396920065 0.60919933375024049038 -2.5113084427423562062 4.3108368876073064872e-006 
2.499999999999835687 0.33028973096051200686 0.61232641571111112722 -2.5113093330229854239 3.0710997209343730106e-006 
2.5249999999998329336 0.3306504516527451476 0.61159915830428479566 -2.5113098884560725033 2.6742564575636075488e-006 
2.5499999999998301803 0.33077129779456104774 0.61787136999509717494 -2.5113105581826569157 2.582784575287708845e-006 
2.5749999999998274269 0.33061222563754566472 0.61676515330937919934 -2.5113110733344536918 2.6133214523312503697e-006 
2.5999999999998246736 0.33041533707840659018 0.61387463543954445822 -2.5113116936485480046 2.5050882280328996314e-006 
2.6249999999998219202 0.33027298132940863251 0.61126820577165663639 -2.5113121099708983763 1.5727633642489485779e-006 
2.6499999999998191669 0.33054573553161931132 0.60701517095314028172 -2.5113124747338528842 1.6129869260819903134e-006 
2.6749999999998164135 0.33084410897911109561 0.61095358619131201472 -2.5113128352787503772 1.5224143855106575391e-006 
2.6999999999998136602 0.33098256603234926798 0.61259314879178683455 -2.5113131367423333629 1.3251762106098282804e-006 
2.7249999999998109068 0.33085998984764714015 0.61354964178037085798 -2.5113134545783832863 1.5205631910152265685e-006 
2.7499999999998081535 0.33050330276063488721 0.61663675825232966421 -2.5113137545286416952 1.0185306561156529253e-006 
2.7749999999998054001 0.3303885293588991745 0.61530461213882459148 -2.5113139260889134619 6.952439683743962569e-007 
2.7999999999998026468 0.33050728730278272627 0.61416813923381419205 -2.5113141294490759492 1.0997628057498745689e-006 
2.8249999999997998934 0.33074520187606393229 0.61092010564761944913 -2.5113143473194008415 7.8296713066888227213e-007 
2.84999999999979714 0.33076771815032685042 0.61006637319950896003 -2.5113144998450755985 6.4737646010022018448e-007 
2.8749999999997943867 0.33047389165561497082 0.61331298607908113496 -2.5113146384043387727 5.9000461805244826567e-007 
2.8999999999997916333 0.33046739378863965175 0.61195314579601156613 -2.511314768871712122 5.8565703192924251856e-007 
2.92499999999978888 0.33065489615699317216 0.61155173077474156429 -2.5113148954211887975 5.4866555072872246214e-007 
2.9499999999997861266 0.33073923832928381339 0.61357190382422988062 -2.511315008691688444 4.551599075117822177e-007 
2.9749999999997833733 0.33071593167648888345 0.61471256878104374444 -2.511315102417543077 3.8893664588359998814e-007 
2.9999999999997806199 0.33054485198728078554 0.61465311545041312336 -2.5113151753472995331 2.6302175578493420473e-007 
3.0249999999997778666 0.330567060584088801 0.61168759882225098856 -2.5113152385049963833 3.6104803077462875066e-007 
3.0499999999997751132 0.33070430807629613845 0.61135214971933904415 -2.5113153236994967266 3.4664108562365315785e-007 
3.0749999999997723599 0.33068659904629238433 0.61372128289428606873 -2.5113153950485260779 2.9253574302630033389e-007 
3.0999999999997696065 0.33068823302428906885 0.61388338434350775419 -2.5113154419989434096 1.2761573800901097329e-007 
3.1249999999997668532 0.33062209040131951276 0.61283609640893754733 -2.5113154759952878159 2.3175945570728321835e-007 
3.1499999999997640998 0.33050228427347960736 0.61137134099422840716 -2.5113155293184856731 1.9738254846644001664e-007 
3.1749999999997613465 0.33050112867272218864 0.61137976747859612558 -2.5113155673072844465 1.5867462271525109978e-007 
3.1999999999997585931 0.3305786562008696805 0.61292521530123811324 -2.5113156020868379059 1.5021376596565010991e-007 
3.2249999999997558398 0.33070337279874817416 0.6141694709428534571 -2.5113156351259577903 1.4620601899499606866e-007 
3.2499999999997530864 0.33072266881806161587 0.61470274297152238674 -2.5113156624957317931 1.0872605552064685801e-007 
3.274999999999750333 0.33065359333936533703 0.61301543144349923686 -2.5113156861544765341 9.5417660953932447856e-008 
3.2999999999997475797 0.3306434022146552687 0.6114401119677828067 -2.5113157057916617454 8.7824497835068046782e-008 
3.3249999999997448263 0.33062510894522106897 0.61238826777177279848 -2.5113157284300564598 1.0456860229633298143e-007 
3.349999999999742073 0.33061744110207363923 0.61314933819433659057 -2.5113157466962139353 6.805609052050286408e-008 
3.3749999999997393196 0.33062055741372303741 0.61279940606945004777 -2.5113157608603531301 6.3226647506813909666e-008 
3.3999999999997365663 0.33059587118876304634 0.61254359605756592 -2.5113157765493605567 7.1535686273337014555e-008 
3.4249999999997338129 0.33058167671201149629 0.61281065221261243892 -2.5113157903807916682 4.5477264314792842195e-008 
3.4499999999997310596 0.33057789274928045531 0.61330150564362795329 -2.5113157990424657129 4.625205762768605407e-008 
3.4749999999997283062 0.33064302709151538462 0.61321346996210135405 -2.5113158101409762679 4.6447350341595812499e-008 
3.4999999999997255529 0.330705011253276282 0.61285457131568654709 -2.5113158187349391426 3.5237596922540969311e-008 
3.5249999999997227995 0.33065547077666590514 0.61271863541532123332 -2.5113158279547316276 4.1645964421308380757e-008 
3.5499999999997200462 0.33060481375898359557 0.61253130116370457792 -2.5113158356894484946 2.9558432567562269084e-008 
3.5749999999997172928 0.33060066818705935443 0.61262377640128418133 -2.5113158419650449815 2.7139300668933297079e-008 
3.5999999999997145395 0.33062508339171298166 0.6131103322129585198 -2.5113158466454255091 1.8828452573445183185e-008 
3.6249999999997117861 0.33064517316019703674 0.61331578204558645506 -2.5113158520689560227 2.6137113910365277134e-008 
3.6499999999997090327 0.33062153994000376134 0.6130734872738744512 -2.5113158573090781367 2.0619445811933206001e-008 
3.6749999999997062794 0.33061713552735427779 0.61255273138351440387 -2.5113158616841220194 1.8825182793841667001e-008 
3.699999999999703526 0.33061620585861883903 0.61225726509671352105 -2.5113158652225866518 1.5130664870534799901e-008 
3.7249999999997007727 0.33060478558418598949 0.61265062827327965156 -2.511315868489359282 1.283278027353209242e-008 
3.7499999999996980193 0.33063434771159788683 0.61311745967263076018 -2.5113158714535943616 1.3684914376645404718e-008 
3.774999999999695266 0.33065272705592313462 0.61321866376413225463 -2.5113158740948153813 9.5103879448863157304e-009 
3.7999999999996925126 0.3306408298018247427 0.61308104305711996762 -2.5113158763626075576 1.2608910649886435797e-008 
3.8249999999996897593 0.33061978436034716866 0.6129589381125137848 -2.5113158788598406446 8.2255577502640467872e-009 
3.8499999999996870059 0.33060106699904040495 0.61297131112780245399 -2.51131588054790722 8.2481336019083106797e-009 
3.8749999999996842526 0.33062015133352329332 0.61262469659119256349 -2.51131588249134996 7.8920948575824984105e-009 
3.8999999999996814992 0.33063872400117561012 0.6123648814512551164 -2.5113158839928466648 5.7467574662675379599e-009 
3.9249999999996787459 0.33063175384232862397 0.61268448314995027637 -2.5113158849411183482 4.1512719022993818421e-009 
3.9499999999996759925 0.33062503044473029457 0.61291892868875208489 -2.5113158864009843541 8.1727139316574390915e-009 
3.9749999999996732392 0.3306179705238934674 0.6130973992202077838 -2.5113158877830659144 3.4974741357509065313e-009 
3.9999999999996704858 0.33062343984923664442 0.61319326403857210561 -2.5113158885457735892 4.2095061351973025553e-009 
4.0249999999996788347 0.33063576747793205213 0.61299134398922927591 -2.5113158893931930571 3.2358779264106940383e-009 
4.0499999999996871836 0.33063735859114345983 0.61282662205613980255 -2.5113158901839458537 3.9921526077485921718e-009 
4.0749999999996955324 0.33062672321838187939 0.61271475878394787706 -2.5113158909820123554 2.8571374946026336291e-009 
4.0999999999997038813 0.33060817533021408243 0.61274641825541031892 -2.5113158915349118594 2.2283060763718390527e-009 
4.1249999999997122302 0.33061140826419893601 0.61273582297735340596 -2.5113158920526843509 2.7703849827582572826e-009 
4.1499999999997205791 0.33062935079335747934 0.61263642172466603597 -2.5113158926945255978 2.3461664264519799834e-009 
4.1749999999997289279 0.33063480428281871726 0.61290443312681008869 -2.5113158930519317025 1.4902053843676448062e-009 
4.1999999999997372768 0.33063308072028119167 0.61314002044475968134 -2.5113158934805270839 1.959164270493304752e-009 
4.2249999999997456257 0.33062634287243053421 0.61307420740426177286 -2.5113158938450248492 1.5310972260061375822e-009 
4.2499999999997539746 0.330626753028559206 0.61288673573259389027 -2.5113158941589399653 1.1109100891173335911e-009 
4.2749999999997623235 0.33063086200113694924 0.61269986968924772253 -2.5113158944076992007 1.4137944792989863888e-009 
4.2999999999997706723 0.33062426615642898087 0.61278725495263197676 -2.5113158947380802566 1.1855241498019733088e-009 
4.3249999999997790212 0.33062355561970346862 0.61284292230823900205 -2.511315894943022542 9.3698117025866645554e-010 
4.3499999999997873701 0.33062313633607681718 0.61279260219496956008 -2.5113158951521761253 8.1644122884727193614e-010 
4.374999999999795719 0.33061690593450543396 0.61286348839924131848 -2.5113158953225811487 7.6471656145936859666e-010 
4.3999999999998040678 0.33062063248950618322 0.61286990762446424963 -2.5113158954880527851 6.7909086382198107626e-010 
4.4249999999998124167 0.33062792106466193376 0.61291314180784550736 -2.5113158956402745758 7.4177401403446785839e-010 
4.4499999999998207656 0.33063314757674605593 0.61292686754120906389 -2.511315895789865138 5.5016352593767372099e-010 
4.4749999999998291145 0.33063365583977150086 0.61284782024521811117 -2.5113158958969910017 4.6093303797714204065e-010 
4.4999999999998374633 0.3306276676774302925 0.61286330976912706259 -2.5113158960005663722 4.1399096739676155504e-010 
4.5249999999998458122 0.33062530945835838514 0.61283589096697055343 -2.5113158960862773661 4.1097385252677684576e-010 
4.5499999999998541611 0.33062502367253543412 0.61284153374782424084 -2.5113158961839809891 4.4205354346415510537e-010 
4.57499999999986251 0.33062428120231934781 0.61288732667926215658 -2.5113158962674093644 3.0139612156110503505e-010 
4.5999999999998708589 0.33062369835174237886 0.61284767848532428758 -2.5113158963210509 2.0041432067843683507e-010 
4.6249999999998792077 0.33062124760303607252 0.61284103992495853053 -2.5113158963819031122 3.2336935450303755198e-010 
4.6499999999998875566 0.33062188504375822351 0.61281861019235550625 -2.5113158964391075756 2.0536293081679882425e-010 
4.6749999999998959055 0.33062567872285264503 0.61284591728368320585 -2.511315896491747246 2.7470044939254325083e-010 
4.6999999999999042544 0.33063035297131820878 0.61291779788040123833 -2.5113158965380510956 1.2393144909469900504e-010 
4.7249999999999126032 0.33063246707350069098 0.61289247860370776877 -2.5113158965692221614 1.5862522402611409999e-010 
4.7499999999999209521 0.33062816654224830293 0.61288093431107248943 -2.5113158966005726391 1.3867279999208640041e-010 
4.774999999999929301 0.33062449421082612533 0.61284840295417086775 -2.5113158966392332694 1.9288454468222059309e-010 
4.7999999999999376499 0.33062346790733865287 0.61282037209683326573 -2.511315896669199077 8.6449631875499317532e-011 
4.8249999999999459988 0.33062339336963103564 0.61286423430797876133 -2.5113158966903488256 9.3237211131074230532e-011 
4.8499999999999543476 0.33062556500622364286 0.61286008675966829884 -2.5113158967094899587 9.3528005003736043003e-011 
4.8749999999999626965 0.33062584185126026037 0.61285810254434847089 -2.5113158967341875361 1.0791712155579472471e-010 
4.8999999999999710454 0.33062547898495403542 0.61285442189338623642 -2.5113158967511237663 6.5310637743091180725e-011 
4.9249999999999793943 0.33062627639039920968 0.61284007199889312112 -2.5113158967660798027 5.7597460397897243324e-011 
4.9499999999999877431 0.33062615277524259882 0.6128791085322997656 -2.5113158967798341337 7.2439578094295526126e-011 
4.974999999999996092 0.33062720634777609252 0.61288551648367151081 -2.5113158967950321987 4.9579701321813590042e-011 
