0.025000000000000015266 0.59844506281644349599 0.00050380206345152292458 -2.2426712184714587828 0.042110250540147289855 
0.05000000000000003747 0.57250150411687328322 0.017741175170729983623 -2.2494714560858537489 0.062853445036648483701 
0.075000000000000052736 0.4240759788332235658 -0.010994420021921136321 -2.2678284809794728716 0.10282201982059896439 
0.10000000000000007494 0.3814055221603650514 -0.054970547797668078971 -2.2987880689767856701 0.11793992670632134911 
0.12500000000000008327 0.20957496888251866962 -0.40180288452611190309 -2.3190235862875385742 0.06423250720962719873 
0.15000000000000010547 0.21167378671487863118 -2.1741776498270706242 -2.3329614747260407626 0.064584442575402745135 
0.17500000000000012768 0.30142969196965296863 -2.8391079527259730497 -2.3477921117986126909 0.064589469298301255273 
0.20000000000000014988 0.22213559169500493584 -1.6505054960465197489 -2.3614011019179987905 0.039866165310215077866 
0.22500000000000017208 0.20443586208477915189 -2.2769015418990536936 -2.3708602283939268496 0.054754411716385918696 
0.25000000000000016653 0.27710270276614640261 -1.9483336810546636464 -2.3867364497464524931 0.073010983870066242796 
0.27500000000000018874 0.30725233713948052472 -0.27456350962583075948 -2.401202183310628957 0.051875741330633065584 
0.30000000000000021094 0.32189418318545076625 -3.3081254990920698766 -2.4108119270503181042 0.030572934414732591546 
0.32500000000000023315 0.28868973875247933014 0.20934444856602807405 -2.4207919431731061977 0.050094141591025369287 
0.35000000000000025535 0.28654040479242792738 0.0031127439886988739204 -2.4288621165433750271 0.02527706442991580621 
0.37500000000000027756 0.29106699771889960049 -0.92718718383613829559 -2.4364227723706513018 0.03802737059383942686 
0.40000000000000029976 0.25259866031098188177 -0.73580310985410191105 -2.4443181601953072324 0.026088431417805833801 
0.42500000000000032196 0.27676138457013998995 -0.75153679028285635955 -2.4503560571668798751 0.027676529860339856709 
0.45000000000000034417 0.29837090530205390149 -0.61249195678520695907 -2.4563626160761788952 0.024583151385868168282 
0.47500000000000036637 0.28074159314244079289 0.11367262285547885536 -2.4622319237460073005 0.025862377299217129134 
0.50000000000000033307 0.30969402659837669267 0.7149228278835684236 -2.4680471773872505459 0.021344244866136990318 
0.52500000000000035527 0.34743739529566119995 1.390584319519815093 -2.4728131003618956107 0.020919243906847108383 
0.55000000000000037748 0.3702044934034525725 1.2144593317248637554 -2.4767668935179290024 0.012443877365236747853 
0.57500000000000039968 0.37075013482399260534 0.87908852347499599755 -2.4800388229553167463 0.017892032896821116056 
0.60000000000000042188 0.31337025702594817345 0.81342963528400269446 -2.4842003949388744566 0.015049600518522759235 
0.62500000000000044409 0.29717757154483942506 -0.0012556687790237219815 -2.4874731908187497353 0.013188789701043401523 
0.65000000000000046629 0.29981085461774964473 -0.26988362819021904926 -2.4897384315553301448 0.0071805411133609772095 
0.6750000000000004885 0.28470836775143010255 0.29145276049063262302 -2.4918769690622997182 0.011384224724080876934 
0.7000000000000005107 0.30014802184530670059 0.62525679639847864255 -2.4942004204144652135 0.0073399143954470825318 
0.72500000000000053291 0.32420989311007508693 0.70191347040244067568 -2.4958974654172525476 0.0072497398265525684127 
0.75000000000000055511 0.33402456749158276894 0.69292824318552914686 -2.4972578118118313739 0.0060837465199998263035 
0.77500000000000057732 0.33646534872072303424 0.83600908416307950777 -2.4991967454845767094 0.0087408212004097870368 
0.80000000000000059952 0.33155280207614212795 0.83886654045853259465 -2.500611165557815152 0.0040435135995127114913 
0.82500000000000062172 0.33737357780398724572 0.27790892784495402346 -2.5016886231809114527 0.0043287301569780852958 
0.85000000000000064393 0.33918660330119221324 0.13831854785878272551 -2.5024983140882910426 0.0040975967833434857879 
0.87500000000000066613 0.32646347524575330956 0.60978435334972758142 -2.5036948374087888425 0.0050331403271675805369 
0.90000000000000068834 0.3196522560465601126 0.83063446234602433815 -2.5046077494061114166 0.003040602954459790605 
0.92500000000000071054 0.3243592853258608355 0.76419865815112197893 -2.5052631736941788354 0.0023657144205348245095 
0.95000000000000073275 0.33070027648749339422 0.59503692904280736098 -2.5058758117929338383 0.0032239291492571959565 
0.97500000000000075495 0.31938549699802637472 0.50824228444018282325 -2.5065317816623844394 0.0022676396386468334471 
1.0000000000000006661 0.31528739840377967285 0.47800939788577512246 -2.5070582369038545423 0.0022969548891379211984 
1.0249999999999979128 0.33238583716523462108 0.51135858941003953237 -2.5075357262871351693 0.0015551287273629645861 
1.0499999999999951594 0.33645272260183195501 0.71105177131441832383 -2.5079214700538785543 0.0018852069471217180237 
1.0749999999999924061 0.33793189272359497322 0.67470496411017932825 -2.5082988275550195389 0.0014312263246222620833 
1.0999999999999896527 0.33964990171183001566 0.55958901365571867004 -2.5086512439556347687 0.0015205150307321399841 
1.1249999999999868994 0.32960659744271203486 0.70131414992651130991 -2.5089353297012819688 0.00091000298960671561696 
1.149999999999984146 0.32550641107420325016 0.65715607657218644277 -2.5092090466493126577 0.0012813263778722286824 
1.1749999999999813927 0.32191108466655632414 0.5396714679880630916 -2.5094219986826002966 0.00075383403102365781085 
1.1999999999999786393 0.3251389020511317729 0.55841303308054779375 -2.5096308811813203832 0.00096554146381359841258 
1.224999999999975886 0.33442962291359823457 0.52845055140272589878 -2.5098306694789536131 0.00076439659007880903473 
1.2499999999999731326 0.33082023813019356684 0.56919863455999020196 -2.5100088848572412736 0.00062454139882408817117 
1.2749999999999703792 0.33062745580599989248 0.64875183035287231625 -2.5101278355419660571 0.00052491956330099254126 
1.2999999999999676259 0.33558830249587129346 0.68618850364390993057 -2.5102567719101118726 0.00056667339742703947986 
1.3249999999999648725 0.33098435915126339646 0.68683469100847349686 -2.5103847057668624565 0.0005160848681620095 
1.3499999999999621192 0.32629535447220647804 0.61129117377410080447 -2.5104910064531118508 0.00036155620783800219899 
1.3749999999999593658 0.32683468609120530646 0.58718450858954029936 -2.5105787693635015501 0.00040048814356155154051 
1.3999999999999566125 0.33052794553326519944 0.56261793984419861125 -2.5106588339055098125 0.00030125070659230726534 
1.4249999999999538591 0.33131203115748764088 0.5478422601631911526 -2.510731185364586171 0.00032544977270977090483 
1.4499999999999511058 0.33026292403837953504 0.62365356222808265851 -2.5107962650418511608 0.00020157909463696009546 
1.4749999999999483524 0.33326155419001185498 0.63770512891470465533 -2.5108466864808076657 0.00025331104639277106849 
1.4999999999999455991 0.33276226057816810089 0.62116949781603181258 -2.510906904661069472 0.00024781487987069047638 
1.5249999999999428457 0.32995686205886914921 0.6164122359947209473 -2.5109577512832861323 0.00018673033612618596274 
1.5499999999999400924 0.32912257685157675358 0.61080821165655585503 -2.5109905273009545112 0.00010300498470360038949 
1.574999999999937339 0.32867965701785978316 0.64573525586752977823 -2.5110199523055394266 0.0001499140792660603105 
1.5999999999999345857 0.3312851544444986307 0.61369871852934976264 -2.5110591989744093233 0.0001681156587595814835 
1.6249999999999318323 0.33135827506702042466 0.59939881686270524153 -2.5110872244871722536 9.2966542549880677227e-005 
1.649999999999929079 0.32920556451262672493 0.63630454483781462294 -2.5111123798255019501 0.00011123869549776500571 
1.6749999999999263256 0.33023260208264532123 0.58672460160793704631 -2.5111358926118576562 9.1945282403033156467e-005 
1.6999999999999235722 0.33035155803680560371 0.55889273624608859503 -2.5111554654183056989 6.6928281437468714523e-005 
1.7249999999999208189 0.33053726549532558288 0.59311099643962450489 -2.5111710379361054102 8.1037410332307591534e-005 
1.7499999999999180655 0.33124553879926449396 0.63772636974564689272 -2.5111877855457387376 5.5879852272973621773e-005 
1.7749999999999153122 0.33123809139057025508 0.66901158502288582408 -2.5112019998602748139 6.6005252179978345095e-005 
1.7999999999999125588 0.33229543094799185443 0.63382873163216280066 -2.5112157134277972581 4.7633562792015467322e-005 
1.8249999999999098055 0.33126767425408865098 0.60496497737480492418 -2.5112270214430969517 4.8325715429878109337e-005 
1.8499999999999070521 0.32961092770390787443 0.59815623498170744643 -2.5112353950388239809 3.4758991051855966015e-005 
1.8749999999999042988 0.32951701564725688343 0.58624804100562200038 -2.5112453380120753899 3.6810935471464561813e-005 
1.8999999999999015454 0.32925962841242745194 0.60028397232813801576 -2.5112516818256742646 2.6973014010361770026e-005 
1.9249999999998987921 0.33003861664187528202 0.60904775437982916486 -2.5112599170088447664 3.5174583662908096948e-005 
1.9499999999998960387 0.33064787511018728372 0.61993311355119007366 -2.5112657638734821042 2.3015290602387360983e-005 
1.9749999999998932854 0.33108726070776628436 0.62473005997099517739 -2.5112719085049319823 2.3479974512840825416e-005 
1.999999999999890532 0.33175441587035287005 0.61798585018849372386 -2.5112761672542007751 1.7776017189806246751e-005 
2.0249999999998880007 0.33088733613387788512 0.63251581999744865836 -2.5112810089088553056 1.7314832861479005914e-005 
2.0499999999998852473 0.33087224136700688071 0.6114414711873608077 -2.5112842428805706163 1.6181250340312210671e-005 
2.074999999999882494 0.3312129269263937581 0.58592632829267499162 -2.5112876624486371036 1.1363158833378244215e-005 
2.0999999999998797406 0.33001824190610923315 0.60820292086546934307 -2.5112910777739707591 1.7856027148640635184e-005 
2.1249999999998769873 0.32975584654281747676 0.61660932340789431638 -2.5112942903964725616 7.9978429585188391042e-006 
2.1499999999998742339 0.33051162294487140825 0.6151661109460125898 -2.5112965237747038039 1.1840524114792754637e-005 
2.1749999999998714806 0.33097332095103004779 0.61865459915699494431 -2.5112982460750132852 4.5113284902748546933e-006 
2.1999999999998687272 0.3305976147649597463 0.61876004657527861053 -2.5113000559853597693 9.7952638075121073826e-006 
2.2249999999998659739 0.32999127239231995645 0.6173158367071590602 -2.5113020013242564055 7.3862651428902509882e-006 
2.2499999999998632205 0.33054722959085253153 0.6018986182833749865 -2.5113039467228772672 7.1958019898769646656e-006 
2.2749999999998604672 0.33102418430713520525 0.60067524403228622631 -2.5113049421232420677 4.0019307386315961252e-006 
2.2999999999998577138 0.33092615333498753838 0.61391695695134473887 -2.5113061825465625709 5.1348539105871975977e-006 
2.3249999999998549605 0.33092014693760390953 0.61936262352861548575 -2.5113071553730770269 4.0460799403335596404e-006 
2.3499999999998522071 0.33075950989330654695 0.62341327312304595232 -2.5113082576928258405 4.1102059715253652034e-006 
2.3749999999998494538 0.33069761926450830236 0.616030592488932216 -2.5113089737410376756 3.2513615566990522664e-006 
2.3999999999998467004 0.33033335280817505142 0.60968797842031119405 -2.5113098191477831733 3.4085491353730160494e-006 
2.4249999999998439471 0.33017542812603861702 0.60923125498648811327 -2.5113105340529471299 2.9325716338767765112e-006 
2.4499999999998411937 0.33066927926495992551 0.60429983665015374328 -2.5113110993570977314 1.565183203889357505e-006 
2.4749999999998384403 0.33055742685595507213 0.60995583695257016288 -2.5113115871950810742 2.83045184017749199e-006 
2.499999999999835687 0.33050736260932794819 0.61555294428968332365 -2.5113120761062059927 1.4079078136440344802e-006 
2.5249999999998329336 0.33087585679688635842 0.61619277249842607791 -2.5113124835818965153 2.0736292036107282129e-006 
2.5499999999998301803 0.33077990264670081855 0.61845181253482128803 -2.5113128804724818011 1.2143264292395449526e-006 
2.5749999999998274269 0.33071661456672452051 0.61420808937273418948 -2.5113132203513588436 1.6589077716272112056e-006 
2.5999999999998246736 0.33062096055805301198 0.61321069229909641596 -2.5113135289064274502 1.0978448566608559278e-006 
2.6249999999998219202 0.33045105975679650578 0.61203191808009216324 -2.5113137870802400009 1.0377812130348022268e-006 
2.6499999999998191669 0.33060677576381675147 0.60695798347262375216 -2.5113139843432494835 7.5567425761530244123e-007 
2.6749999999998164135 0.33068004177345688976 0.61035365394044338583 -2.5113141984788076577 9.4443508777128069712e-007 
2.6999999999998136602 0.33067689253643617331 0.61383706869184351262 -2.5113144011884180884 8.4429123053067192518e-007 
2.7249999999998109068 0.33066349748205098313 0.61375714510693113457 -2.5113145828506957535 7.0964054389986340276e-007 
2.7499999999998081535 0.33056258361584173189 0.61478656302864942429 -2.5113147246953517744 5.323690077961336717e-007 
2.7749999999998054001 0.33052093296293993951 0.61544512406955986794 -2.5113148449902871207 4.1126129609570337499e-007 
2.7999999999998026468 0.33054469806772407425 0.61436419430545763376 -2.5113149422156872959 5.0816138748976405292e-007 
2.8249999999997998934 0.33071145541863788964 0.61013326369079368128 -2.5113150589295183401 4.7091992808993831676e-007 
2.84999999999979714 0.33073535451465319035 0.61093235380545607427 -2.5113151666761384107 4.1916380223340519967e-007 
2.8749999999997943867 0.33057555154041556866 0.61432523349300649507 -2.5113152412823338544 2.4468689090229019766e-007 
2.8999999999997916333 0.33061461124390773003 0.61167275155352540672 -2.5113153087301696154 3.1181784464291437512e-007 
2.92499999999978888 0.33066798177438422313 0.6116371595934571026 -2.5113153744120810806 2.6327579333949800308e-007 
2.9499999999997861266 0.33066024619598821666 0.61430617420544442187 -2.5113154294685120504 2.2735196529773429316e-007 
2.9749999999997833733 0.33060661326059453957 0.61406192331928366457 -2.5113154867581379825 2.2847672800336071673e-007 
2.9999999999997806199 0.33051907526071799825 0.6131077970908848096 -2.511315528724188173 1.4751349231532052502e-007 
3.0249999999997778666 0.33065281430597165402 0.61174813034243957777 -2.5113155699516918062 1.9016748644283422551e-007 
3.0499999999997751132 0.33070943585748086013 0.61239830164885356023 -2.5113156062997608053 1.540412689558564999e-007 
3.0749999999997723599 0.33059248270603436293 0.61388178971082119073 -2.5113156421646225525 1.1115709226650593035e-007 
3.0999999999997696065 0.3306280518947659619 0.61329950323599646822 -2.5113156629427293431 1.0261191848444696773e-007 
3.1249999999997668532 0.33064212618265048649 0.61270858628880975338 -2.5113156921401400545 1.1949572458425379152e-007 
3.1499999999997640998 0.3305751644062065453 0.61185514002480667628 -2.5113157160550430014 9.9584679263553125232e-008 
3.1749999999997613465 0.33056981487458397817 0.61187901090927299119 -2.5113157349939103646 6.4155438975759874551e-008 
3.1999999999997585931 0.33062126438828060015 0.613350679316760794 -2.5113157528432377141 8.0804372488512474416e-008 
3.2249999999997558398 0.3306901652426715299 0.61376599740477388867 -2.5113157686127736135 5.6273543548346387307e-008 
3.2499999999997530864 0.33066808947759057657 0.61343778886995758981 -2.5113157835451986877 7.0075012695698389067e-008 
3.274999999999750333 0.33063773897284559622 0.61270662534962416768 -2.5113157950174267441 3.506827938763664074e-008 
3.2999999999997475797 0.33064841504555814167 0.61237503936950843375 -2.5113158061853932956 5.4094014060208252349e-008 
3.3249999999997448263 0.33060833259517458105 0.61284749553843131942 -2.5113158167107938468 3.9577389965305328191e-008 
3.349999999999742073 0.33059253093714413563 0.61279554185135842737 -2.5113158268978037491 3.7390695997296081719e-008 
3.3749999999997393196 0.33060505528029576761 0.61290214306577961434 -2.5113158323746040956 2.6010479508047704659e-008 
3.3999999999997365663 0.33061240062177704724 0.61285325260521450463 -2.5113158404665090195 3.1210972323725098503e-008 
3.4249999999997338129 0.33061586068760312473 0.61256686208853050601 -2.5113158464523115398 2.5856173571591572879e-008 
3.4499999999997310596 0.33060013137493149404 0.61311779102073127312 -2.5113158526459571362 2.0487896542158566519e-008 
3.4749999999997283062 0.33064057194820722918 0.61299436308012411612 -2.5113158569402509457 2.3633899029636940978e-008 
3.4999999999997255529 0.33067854032862104008 0.61251417857406742495 -2.5113158617562447716 1.3821977204769519078e-008 
3.5249999999997227995 0.33064716313957442928 0.61295369908767238787 -2.5113158652705487306 1.6669937257225452823e-008 
3.5499999999997200462 0.33063139543919384256 0.61310442069639592422 -2.5113158686330088187 1.2998943132395497552e-008 
3.5749999999997172928 0.33062588501707351751 0.61295305396860044755 -2.511315872319230369 1.584856683167463102e-008 
3.5999999999997145395 0.33061698246793158606 0.61294818028749331607 -2.5113158746885959616 8.2824079875649329763e-009 
3.6249999999997117861 0.3306080873659521524 0.61287154682565692099 -2.5113158773243617894 1.1496148934795875567e-008 
3.6499999999997090327 0.33059755378203914411 0.61276276772655469127 -2.5113158792361565119 6.2011456409145629906e-009 
3.6749999999997062794 0.3306187559617427274 0.61252537103786774964 -2.5113158812843225931 9.8536747876246673142e-009 
3.699999999999703526 0.33062954777594361078 0.61259072515694645844 -2.5113158830078079475 6.6609801018265276186e-009 
3.7249999999997007727 0.33062496447891720486 0.61289512836883508484 -2.5113158845993903689 5.964541546057614435e-009 
3.7499999999996980193 0.33063774594079942126 0.61303171711518000819 -2.5113158859526496514 5.9925581397561291858e-009 
3.774999999999695266 0.33064353169753796235 0.61314404361263252774 -2.5113158872321426074 4.0576243563989699938e-009 
3.7999999999996925126 0.33064433168103529725 0.61304230404232185059 -2.5113158881152304325 4.563385535830908674e-009 
3.8249999999996897593 0.33062695363992150588 0.61297686875964485509 -2.5113158891038356302 3.665090188106921507e-009 
3.8499999999996870059 0.33060673065085588451 0.61292205328331128555 -2.5113158900400489593 4.1892961932684691368e-009 
3.8749999999996842526 0.33062020784434520415 0.61249695840363149735 -2.5113158908766175514 2.761876066729080581e-009 
3.8999999999996814992 0.33062458729023858073 0.61244472578835740251 -2.5113158914816020584 2.4051533502240447073e-009 
3.9249999999996787459 0.33061928792592926163 0.61281034413866009025 -2.5113158919754368092 2.4450130534016877878e-009 
3.9499999999996759925 0.33062668797779476426 0.61303446362496882838 -2.5113158926214778077 2.5329582775008728177e-009 
3.9749999999996732392 0.33062683294284872515 0.6131425659400119299 -2.5113158930965981952 1.5755820750430395428e-009 
3.9999999999996704858 0.33062679879997253218 0.61299095509706325036 -2.5113158934744812534 1.7402101780653086163e-009 
4.0249999999996788347 0.33062873877412218837 0.61282608515382075431 -2.5113158938525943498 1.5071095680621070349e-009 
4.0499999999996871836 0.33063008945716043652 0.61280980343824986711 -2.5113158942180442423 1.6999248402951997821e-009 
4.0749999999996955324 0.33063053337422787514 0.61276388702391992869 -2.5113158945463061045 8.904556400306357299e-010 
4.0999999999997038813 0.33062289898289548562 0.61284060342932189513 -2.511315894749492017 9.7243964082663927794e-010 
4.1249999999997122302 0.33062192956631997198 0.61284429948245278119 -2.5113158949809388787 1.0375338090731623718e-009 
4.1499999999997205791 0.33062642467716452099 0.61277113772231339706 -2.5113158952108518562 9.0032305512779776164e-010 
4.1749999999997289279 0.33062628065425386792 0.61287640161036038844 -2.5113158954049463745 7.688645183649522466e-010 
4.1999999999997372768 0.33062476550159014543 0.61297117746544715899 -2.5113158955778800419 6.5726766674007893898e-010 
4.2249999999997456257 0.33062367979956597264 0.61295407523256018045 -2.511315895725727998 6.2443505689237103333e-010 
4.2499999999997539746 0.33062881590615467164 0.61282541341603558038 -2.5113158958406551768 3.857469548985421288e-010 
4.2749999999997623235 0.33062832855062818105 0.61277583445204641954 -2.511315895938345033 4.9648673174891098906e-010 
4.2999999999997706723 0.33062208307154794529 0.61288056546083891085 -2.5113158960668111597 5.2791772741899092725e-010 
4.3249999999997790212 0.33062687309623961518 0.61285599672812418603 -2.5113158961709305395 3.4242419195380385784e-010 
4.3499999999997873701 0.33062803152269903961 0.61283601397288656187 -2.5113158962426012089 3.2471760447697558377e-010 
4.374999999999795719 0.33062313765397977061 0.61287693020710842795 -2.5113158963116140043 2.8017500740374967658e-010 
4.3999999999998040678 0.33062407312142511051 0.61285300699559175364 -2.5113158963786479383 2.3369431606870100098e-010 
4.4249999999998124167 0.33062521003015044041 0.61288249024648433494 -2.5113158964278703422 2.402956860629310133e-010 
4.4499999999998207656 0.33062811984158929635 0.61286163566110984924 -2.5113158964895583303 2.4279365028409784017e-010 
4.4749999999998291145 0.33062966932163795342 0.61282590940482961628 -2.511315896534199954 1.846755991486581094e-010 
4.4999999999998374633 0.33062661255425374041 0.61288245176745959064 -2.5113158965789161847 1.5668184375557547045e-010 
4.5249999999998458122 0.3306258652911750473 0.61288324183900011466 -2.5113158966083859447 1.2313922265893595739e-010 
4.5499999999998541611 0.3306249257117379603 0.61286744892465927492 -2.5113158966409856454 1.3494242381746683451e-010 
4.57499999999986251 0.33062384231216196406 0.6128636028017926396 -2.511315896670772041 1.405846526600380337e-010 
4.5999999999998708589 0.33062435394798989075 0.61284652679170559253 -2.5113158966977784381 7.6189038300002030474e-011 
4.6249999999998792077 0.33062436476868894975 0.61283503838913788719 -2.5113158967171997915 9.8635569530478025077e-011 
4.6499999999998875566 0.33062528665189216959 0.61281791999715162778 -2.511315896739886977 8.7516666050535022548e-011 
4.6749999999998959055 0.33062640738362542026 0.61286960759704156576 -2.5113158967608701921 8.7943694585710508927e-011 
4.6999999999999042544 0.3306280566069904614 0.61290746106857985076 -2.5113158967726967319 3.1864002992984297575e-011 
4.7249999999999126032 0.33062881916082786926 0.61287308850109556424 -2.5113158967865745197 6.8696848306711561613e-011 
4.7499999999999209521 0.33062709578035681668 0.61286839253634983748 -2.5113158967983166825 4.6018087667193006503e-011 
4.774999999999929301 0.33062601971274918622 0.61285435424307843633 -2.511315896813049342 6.2243488883982633695e-011 
4.7999999999999376499 0.33062437632055602377 0.61284429707997334358 -2.5113158968222442091 3.4606094865183039075e-011 
4.8249999999999459988 0.3306235192538961587 0.61285861875734259918 -2.5113158968312006003 2.9504385690916060839e-011 
4.8499999999999543476 0.33062511907412578394 0.612854941012037302 -2.5113158968373903157 3.2241622165163219996e-011 
4.8749999999999626965 0.33062534023655060222 0.6128629893150049357 -2.5113158968455713271 2.8305973088522105406e-011 
4.8999999999999710454 0.33062590018920157142 0.61285161203728344415 -2.5113158968510997937 2.8000978451359569502e-011 
4.9249999999999793943 0.33062698237596305217 0.61284685838507790834 -2.5113158968573903174 2.1403661751603897453e-011 
4.9499999999999877431 0.33062646860568700724 0.61287871458520626344 -2.5113158968626829726 2.4750636827777045879e-011 
4.974999999999996092 0.33062655702917348455 0.61287386218645023561 -2.5113158968670514781 1.0090048508703015771e-011 
