0.025000000000000015266 0.59912030244487179953 0.00050849191664645645994 -2.2418306086971813151 0.04260528417328790507 
0.05000000000000003747 0.57274109862595290465 0.017922488630248145647 -2.2480552883296440747 0.064313865506453557486 
0.075000000000000052736 0.42191835896543011808 -0.012091326781243694199 -2.2650010118528287606 0.10574413882137817522 
0.10000000000000007494 0.3775086382985026745 -0.055120899588732563679 -2.2935944131498939846 0.12101869333165325704 
0.12500000000000008327 0.20318516548069567862 -0.39757469799398104104 -2.3123244142185637173 0.066892639864435318731 
0.15000000000000010547 0.20799215248339775197 -2.2260348803902925141 -2.325642704726236687 0.069730656939840374164 
0.17500000000000012768 0.30179804195127712951 -2.9312669229246224312 -2.3399829708447867915 0.069377632297558597396 
0.20000000000000014988 0.21802910866611971419 -1.692243199911199536 -2.3533899417142558619 0.045234086490502395383 
0.22500000000000017208 0.20364930128235897433 -2.3851518458539144873 -2.3633809388917019767 0.064841931362046342779 
0.25000000000000016653 0.28595096914102285934 -2.158633481436686985 -2.3793297205132195593 0.074800218218837893902 
0.27500000000000018874 0.28604001151765839905 -3.6926110277368873192 -2.3919639778623191795 0.0511315596614361767 
0.30000000000000021094 0.28852822934963701096 -0.5976746565625264962 -2.4007119304176485208 0.03019865358790181642 
0.32500000000000023315 0.27614110758810056501 -0.76944699890355461314 -2.4093499197401229139 0.047564376199202382245 
0.35000000000000025535 0.2711768297336518696 -0.52995771560915527765 -2.4161158014916290782 0.027456612449872599274 
0.37500000000000027756 0.29020903455958946271 -0.74205752193304741482 -2.4250263724874692173 0.0527523696119623145 
0.40000000000000029976 0.25547781383642986786 -0.60786654412717977536 -2.4353158182098892937 0.039039727641875181241 
0.42500000000000032196 0.26706670463909232272 -1.2320256692412394628 -2.4424426123692355439 0.035042288526236892165 
0.45000000000000034417 0.28886981155309660041 -1.4483272532742821337 -2.4501437835503918627 0.038193845144487634236 
0.47500000000000036637 0.27884433423013349485 -0.93312814653121645136 -2.4579725353854908754 0.03130655934350910774 
0.50000000000000033307 0.28570783038801617071 -0.72197451436815507364 -2.4641210634196268892 0.026014516612349984637 
0.52500000000000035527 0.29560363420483981578 -3.7386940279549989441 -2.4683383879427918117 0.021617707121602533493 
0.55000000000000037748 0.31416556857154326332 -0.98151568336356875832 -2.4745008169287978639 0.030487736651699716417 
0.57500000000000039968 0.31623586840297857048 -1.4797533058621294977 -2.4793439562197203685 0.019334211465420862025 
0.60000000000000042188 0.29203219731930807335 -1.1010421405224271041 -2.4827621680545646221 0.011893251415505384089 
0.62500000000000044409 0.29992842607645919806 -1.3107068878468624007 -2.4861508131840732716 0.022867496387619236364 
0.65000000000000046629 0.31257939819133429005 -1.6567199782507389116 -2.4906198324643811226 0.015695823808125217158 
0.6750000000000004885 0.28643399784363737792 -1.1916727902546631057 -2.4936261724471489032 0.013919650891053630612 
0.7000000000000005107 0.27903359332643018487 -0.77726770452249993593 -2.4960350231494059514 0.0095446157761146441234 
0.72500000000000053291 0.29357533626603848909 -0.69712400676365737784 -2.4979223551350382415 0.0094097096733857191891 
0.75000000000000055511 0.30520663065858816276 -0.96017589186230756226 -2.4998868088836290191 0.0092676936192244430135 
0.77500000000000057732 0.31492928591484237177 -1.0097126447652602366 -2.5023273688335776477 0.013251750618544033342 
0.80000000000000059952 0.31870997684208329792 -0.64202288068797153109 -2.5046079662261200305 0.0081157738055596950755 
0.82500000000000062172 0.32318917501170257855 -0.86558120212891331846 -2.5063613872456782516 0.0093064861757395419412 
0.85000000000000064393 0.31156518071840871853 -1.0570337813657479931 -2.5080435099974147661 0.0063380030300989390057 
0.87500000000000066613 0.28728985906473897272 -0.5165334003490767989 -2.5093831738532892395 0.0061972690811455295734 
0.90000000000000068834 0.29286661408483660729 -0.37061162246415563226 -2.5103826161553595142 0.0036710789324037001839 
0.92500000000000071054 0.31098518071440800492 -0.7518863402092053061 -2.5114124612211012888 0.0060220709912693244636 
0.95000000000000073275 0.31143308735476793458 -1.0962255376252814099 -2.5123596587394083635 0.0034210278942380378808 
0.97500000000000075495 0.30782129304876543197 -1.1131565969981345177 -2.5133400143371664726 0.0053776148898096341397 
1.0000000000000006661 0.30392111397940591022 -0.74952607465698184441 -2.5143047237864331045 0.0041444414398850663167 
1.0249999999999979128 0.31193340008103853656 -0.73850242625528306206 -2.5152134723215349155 0.0038401316013730937837 
1.0499999999999951594 0.32407919554383074479 -0.82961836962928825479 -2.5156962478581825771 0.0014739830868387912566 
1.0749999999999924061 0.32387301875149759889 -0.52600126926581669551 -2.5161218097347433087 0.0022172246094480907962 
1.0999999999999896527 0.31719664901058092221 -0.63574955119585530028 -2.5165921889972442393 0.0027023808762459810423 
1.1249999999999868994 0.30707486002201905828 -1.0647081483880569408 -2.5171962516230088625 0.0023055706975841122781 
1.149999999999984146 0.30606820259213113333 -1.195323471616716926 -2.5174903409988949043 0.0011648338120165936064 
1.1749999999999813927 0.3115582112532551684 -1.031709643991769898 -2.5178071065852889454 0.0015380814363508670678 
1.1999999999999786393 0.3115145746275514993 -0.80555889938873281864 -2.5181535261796983427 0.0019069658249360828175 
1.224999999999975886 0.31599012468374954032 -0.80207370274391576181 -2.5185133731640432231 0.0012136674018826704591 
1.2499999999999731326 0.31858091236021102155 -0.75591570003592467586 -2.518695075725356336 0.00091207406617507087113 
1.2749999999999703792 0.31319186690630146375 -0.6250754913390191847 -2.5189318906304745127 0.0011809816047805737124 
1.2999999999999676259 0.31434290078277177249 -0.79114096116164378536 -2.5192105900461689849 0.0014544207750600509667 
1.3249999999999648725 0.31872635281915157046 -0.96547270168537391299 -2.5194703533348605795 0.00090107998083874079037 
1.3499999999999621192 0.31629430281434184336 -0.92192081554638960483 -2.5196358708800277171 0.0009283615980858332976 
1.3749999999999593658 0.30907493959503362646 -0.78287239586689749693 -2.5198581158524508972 0.00095741879321640382949 
1.3999999999999566125 0.30381600783686751877 -0.69950602186581756214 -2.5200186494194158904 0.00066184002631214746727 
1.4249999999999538591 0.30706586712333394651 -0.74385290288168137707 -2.5201428891943500332 0.00049603319366489748588 
1.4499999999999511058 0.31172271924589994851 -0.75072702819451042622 -2.5202551579245628943 0.00067396486538540741756 
1.4749999999999483524 0.3118837289432926374 -0.76381496946148874638 -2.5203894215042068616 0.00043428708724731749551 
1.4999999999999455991 0.31401866833600761142 -0.84786365082269510296 -2.5204629653412338186 0.00041391811456491467381 
1.5249999999999428457 0.31434503317664064248 -0.82608702510495968241 -2.5205584770737843314 0.00042092054569241793083 
1.5499999999999400924 0.31143573405121327546 -0.74505292509484899455 -2.5206466053204419353 0.00045984265219229883024 
1.574999999999937339 0.31134299518263813811 -0.70729278472844714365 -2.5207309990381152609 0.00029077160628578492107 
1.5999999999999345857 0.31315436065670559929 -0.72847199015923758125 -2.5207902944272966295 0.00031833788972967413033 
1.6249999999999318323 0.31440830574243755491 -0.82987311493210236257 -2.5208600651277741633 0.00032467311665037760322 
1.649999999999929079 0.31182040991525072915 -0.86927458533110413264 -2.5209219566254970069 0.00026170904412081707775 
1.6749999999999263256 0.30960615426979898324 -0.82050405857793684561 -2.5209603398182460765 0.00010375653402555435527 
1.6999999999999235722 0.3134980895547913593 -0.82037542613589498064 -2.5209908637940769971 0.00021195570937009372493 
1.7249999999999208189 0.31701136964501513971 -0.81363284578233496802 -2.5210348409552736371 0.00017613293847937847893 
1.7499999999999180655 0.31622035681790211514 -0.73240726918128640222 -2.5210661405474241725 0.00013862352247986014847 
1.7749999999999153122 0.31446529272193363136 -0.69704649303385624037 -2.5210928525489522123 0.00012547060967183922106 
1.7999999999999125588 0.31319580668960511627 -0.76144680756919480569 -2.5211300237357310294 0.00020835225893985420491 
1.8249999999999098055 0.31256365404759045568 -0.83880102913334109171 -2.5211628405392754182 0.0001035845279463605686 
1.8499999999999070521 0.31131589745049420559 -0.83347333864621431232 -2.5211849786322781952 0.00011447558061092587842 
1.8749999999999042988 0.31059854833969241517 -0.78877988423904887849 -2.5212056598419652076 8.7944158620364778242e-005 
1.8999999999999015454 0.3117473017432964566 -0.79840668094063804716 -2.5212264473547434385 9.3826326507868111756e-005 
1.9249999999998987921 0.31184779147488034257 -0.79685390492507268689 -2.5212401369686037178 4.9031683936886405917e-005 
1.9499999999998960387 0.31159280549219164902 -0.74794485558061230002 -2.5212538008838265569 8.1442167571904225789e-005 
1.9749999999998932854 0.31248753103627041616 -0.73851808789201378591 -2.5212689564729573455 5.9996002608533668542e-005 
1.999999999999890532 0.3135162186739107737 -0.77654715736989055053 -2.5212820223365319805 5.9451617650530503927e-005 
2.0249999999998880007 0.31453130218317576494 -0.80806403532093296072 -2.5212916067536799147 4.0363768629582751177e-005 
2.0499999999998852473 0.31342933851289095371 -0.78700105231545702811 -2.521303218771531629 6.7137883436473082483e-005 
2.074999999999882494 0.31152967103689649386 -0.75892504277605898899 -2.52131512492931531 4.3755488852269804956e-005 
2.0999999999998797406 0.31225457600147754622 -0.79120231215616265708 -2.521323554781576437 3.2624176299959221426e-005 
2.1249999999998769873 0.31302801636718730061 -0.81104498130266500233 -2.5213284128468025358 2.4569887219176420366e-005 
2.1499999999998742339 0.31265643495970657506 -0.79612914455855432472 -2.5213355424102199542 3.4849265267303678796e-005 
2.1749999999998714806 0.31293102782990156463 -0.79836030778208411096 -2.5213409891709597233 2.0377056219423479846e-005 
2.1999999999998687272 0.31347269498187541048 -0.79759058500387580715 -2.5213453288007707798 1.9655637229420970882e-005 
2.2249999999998659739 0.313959878743291676 -0.78391212989512160103 -2.5213499806566077588 2.7727731815558487343e-005 
2.2499999999998632205 0.31376051327935805535 -0.75635919500733383991 -2.521355824753199304 2.2969305016510163734e-005 
2.2749999999998604672 0.31306554727206986621 -0.74763397556818211864 -2.5213595131024799656 1.6541474260826218121e-005 
2.2999999999998577138 0.3128815354402851856 -0.78461476223045201195 -2.5213637298934101771 2.0473844043521851238e-005 
2.3249999999998549605 0.31231809092440410147 -0.80519076084358753853 -2.5213674543907020897 1.5707165505202208637e-005 
2.3499999999998522071 0.31151927169666138173 -0.80170935973202506197 -2.521370007945102909 7.6249963783883028151e-006 
2.3749999999998494538 0.31158991942843111689 -0.79924443227969355075 -2.5213712307606925833 8.1345298019832839166e-006 
2.3999999999998467004 0.31240117673007083976 -0.78633498914641597466 -2.5213739238481593929 1.3327159470750991061e-005 
2.4249999999998439471 0.31317019289581732311 -0.77137029335621121184 -2.5213762359172910976 1.0711500247930051075e-005 
2.4499999999998411937 0.31309027266348909979 -0.75909003227997695618 -2.5213783011448787086 7.4493105529118175569e-006 
2.4749999999998384403 0.31303677257838857795 -0.76870647404756220489 -2.521379710073905045 8.1112202658745899761e-006 
2.499999999999835687 0.31338021092962697889 -0.79380619699463705885 -2.5213815954031026934 7.7031517765967929228e-006 
2.5249999999998329336 0.31298689248218047876 -0.79332190331904239855 -2.5213829918881645042 6.8136055848253762265e-006 
2.5499999999998301803 0.31253184895149116462 -0.78794323503250951468 -2.5213843686344432626 5.5068715572462720838e-006 
2.5749999999998274269 0.31265918884130960986 -0.79148702178463348211 -2.5213853683609537271 4.7956677301537984514e-006 
2.5999999999998246736 0.31281442669161874104 -0.78763125894574570474 -2.5213863006084911156 3.290998289836925259e-006 
2.6249999999998219202 0.31289756659757944623 -0.7839549395999092507 -2.5213869497449490353 3.7580493037485048815e-006 
2.6499999999998191669 0.31279531636834190245 -0.78118988700047209406 -2.5213878319665528061 4.0275918886405851784e-006 
2.6749999999998164135 0.31293870705911680519 -0.78305537826937599011 -2.521388619820480681 3.8119795299505719825e-006 
2.6999999999998136602 0.31333871091266757292 -0.78796236242190120791 -2.5213893021801458971 2.294151157183949034e-006 
2.7249999999998109068 0.31312550968850777489 -0.7831232113669277517 -2.5213898800948908452 3.7268456732662237497e-006 
2.7499999999998081535 0.31273928981118720438 -0.77751268091552250272 -2.521390615655680012 2.774067470820296556e-006 
2.7749999999998054001 0.31268908238174208947 -0.77906094070138331986 -2.521391117642486801 2.1043865448135362048e-006 
2.7999999999998026468 0.31258880509609876519 -0.78498037124260022779 -2.5213914309286753479 1.0036260452009307679e-006 
2.8249999999997998934 0.31242695447671203768 -0.7882042118371733741 -2.5213917452179952505 2.0213004151206123541e-006 
2.84999999999979714 0.31239065024248985347 -0.78536689190574671127 -2.5213920990395060073 1.2672415369808425772e-006 
2.8749999999997943867 0.31268071811347025735 -0.78740310781197453416 -2.5213923841632595035 1.5281462372692149603e-006 
2.8999999999997916333 0.31304040823664325277 -0.78954982325738432003 -2.52139268908044345 1.3233618292946353585e-006 
2.92499999999978888 0.31297985090564373056 -0.78090477437581284903 -2.521393007125837471 1.6889628043511305316e-006 
2.9499999999997861266 0.31284467750329286728 -0.77408461097873693113 -2.5213932872260547136 8.8302386911839872292e-007 
2.9749999999997833733 0.31290514516665707268 -0.77842317698396712444 -2.5213934577811856208 9.0783641175653791829e-007 
2.9999999999997806199 0.31294366156762809528 -0.7864248309804181547 -2.5213936314020379825 6.7594714434308760224e-007 
3.0249999999997778666 0.3129017588649613546 -0.7893350536146501728 -2.5213938034475797956 9.1086632666892019896e-007 
3.0499999999997751132 0.31277769930935173104 -0.78721990776116479438 -2.5213939406726275649 4.7574431662678334716e-007 
3.0749999999997723599 0.31275605429802999513 -0.78708729604115301726 -2.5213940641174574786 6.803827820268064638e-007 
3.0999999999997696065 0.31285580282794095419 -0.7867510156584862635 -2.5213941855832380234 4.7330438810691304671e-007 
3.1249999999997668532 0.3128235177271417311 -0.78131407580992595641 -2.5213942969857168208 5.4706242792067747824e-007 
3.1499999999997640998 0.3128046460326498468 -0.7795434905035232287 -2.521394398354967592 4.979428711448406315e-007 
3.1749999999997613465 0.31290398747179781758 -0.78430424369333351375 -2.5213945135340765091 5.2226024106348093063e-007 
3.1999999999997585931 0.31291601034015514848 -0.78593478321689591581 -2.5213946001652134399 3.2883633081039130771e-007 
3.2249999999997558398 0.31279480706725182326 -0.78397513887241343511 -2.5213946665477777742 2.8180429014002766842e-007 
3.2499999999997530864 0.31268049324174146397 -0.78317069671224126548 -2.5213947175867921224 2.5675650853647548002e-007 
3.274999999999750333 0.31274014978908154516 -0.78359116727633126853 -2.5213947826502103311 3.1111867710470244515e-007 
3.2999999999997475797 0.3128243167615519793 -0.78401845668682090817 -2.5213948280961933079 1.5354596791083583968e-007 
3.3249999999997448263 0.3127469300198361668 -0.78339860737095046161 -2.5213948671623334086 1.973503947992060824e-007 
3.349999999999742073 0.3127255541615530654 -0.78381239511107625439 -2.5213949087228959556 2.3898889813768777055e-007 
3.3749999999997393196 0.31280268390365578712 -0.78521302049724606142 -2.5213949651259630613 2.4245397877787533556e-007 
3.3999999999997365663 0.31283986745708031174 -0.78492149464125038349 -2.5213950029489753391 1.5344631677606311836e-007 
3.4249999999997338129 0.31287590241777701872 -0.78416272300912637228 -2.521395036702295922 1.3456269078946009045e-007 
3.4499999999997310596 0.31289587278115343905 -0.78347334895318654358 -2.5213950568367433647 9.3920977037400111475e-008 
3.4749999999997283062 0.31289766446606015471 -0.78344412407307140178 -2.5213950804007758677 1.1137143054342169985e-007 
3.4999999999997255529 0.31285941160003516437 -0.78403850403504060651 -2.521395101081838952 9.4096221611829055466e-008 
3.5249999999997227995 0.31276499345591246559 -0.78356914274287370326 -2.5213951219457158004 9.3799139326815770826e-008 
3.5499999999997200462 0.31277763577668615813 -0.78445724166009633826 -2.5213951396310396724 8.9632040197009782869e-008 
3.5749999999997172928 0.31285411790133477172 -0.7859731961759739427 -2.5213951591607872693 7.8932095717887192507e-008 
3.5999999999997145395 0.31283488657332736427 -0.78506192234020599763 -2.5213951730419985608 7.1235794352559607719e-008 
3.6249999999997117861 0.31279381965315827818 -0.78361749764910904048 -2.5213951901521589605 7.2950883270916435627e-008 
3.6499999999997090327 0.31279133810499765156 -0.78292293048394923094 -2.5213952022332830616 5.3002536468737881057e-008 
3.6749999999997062794 0.31281255584977663009 -0.78343419077377818294 -2.5213952119396920715 3.7228539716866149054e-008 
3.699999999999703526 0.31282687621660426602 -0.78405951139864171751 -2.5213952210175665236 5.2528239386452150524e-008 
3.7249999999997007727 0.31281118952327724436 -0.7834806433820447058 -2.5213952303929128007 2.7629248951033040613e-008 
3.7499999999996980193 0.31281136876692772208 -0.78397980972805658695 -2.5213952358923426011 3.4500283619557629079e-008 
3.774999999999695266 0.31281090717667187073 -0.78472613924125667051 -2.5213952433724458047 3.3823743731302425186e-008 
3.7999999999996925126 0.31278558947380347144 -0.78410842340680653173 -2.5213952508164263477 3.6240215255773765889e-008 
3.8249999999996897593 0.31277838480725417281 -0.78384127921541235651 -2.5213952574461382383 2.4564692709162313948e-008 
3.8499999999996870059 0.31280364154906226126 -0.78423240788577608384 -2.5213952626691562564 2.9197437709267740403e-008 
3.8749999999996842526 0.31284853379121424499 -0.78479078324454432103 -2.5213952683630114215 2.1334196422383372441e-008 
3.8999999999996814992 0.31285583789888626871 -0.78445740030177424362 -2.5213952723728181304 1.9346408813293746618e-008 
3.9249999999996787459 0.31282600684177847006 -0.78336715650904353847 -2.521395275566534977 8.5051543721381303277e-009 
3.9499999999996759925 0.31283510910862449839 -0.78352348368308044613 -2.5213952777278714201 1.5961364173781557651e-008 
3.9749999999996732392 0.31284684589248096254 -0.78412162159392218008 -2.521395281139687139 1.3964522252411878725e-008 
3.9999999999996704858 0.31282205687120628879 -0.78412297238984418613 -2.521395284191413122 1.5745635003560672032e-008 
4.0249999999996788347 0.31280342572981817417 -0.78418923267257056864 -2.5213952869434708148 1.0322498538924618039e-008 
4.0499999999996871836 0.31279964225876316641 -0.78437825385011605839 -2.521395289576978449 1.4265196575681982355e-008 
4.0749999999996955324 0.31280768805168385205 -0.78457382495423233504 -2.5213952918595432529 7.5951071608029553995e-009 
4.0999999999997038813 0.31281206169577674414 -0.78423415797287243656 -2.521395293370853441 7.0715169320886117861e-009 
4.1249999999997122302 0.31280712796178583579 -0.78366018104235268815 -2.521395294811295873 7.0514435204385986305e-009 
4.1499999999997205791 0.31282004288754572396 -0.78378530646079380695 -2.5213952965177925947 8.1775067977622932592e-009 
4.1749999999997289279 0.31282758575462904505 -0.78396769725690540476 -2.5213952976739779643 3.5193880363298394703e-009 
4.1999999999997372768 0.3128134021032016876 -0.78384148855402757672 -2.5213952985942817975 5.3240346361289724308e-009 
4.2249999999997456257 0.31280728541349284155 -0.78390958455108805669 -2.5213952997331681161 5.5836328369826878166e-009 
4.2499999999997539746 0.31281207031446772726 -0.78419051426502262014 -2.52139530100428777 5.6979349046530868839e-009 
4.2749999999997623235 0.31281757996386855281 -0.78436986945013398298 -2.5213953018312920129 3.131858237948432017e-009 
4.2999999999997706723 0.31281620085110534157 -0.78418270884263663323 -2.5213953027014994746 4.5136555244159357557e-009 
4.3249999999997790212 0.31281292743125127531 -0.78401770611557042301 -2.5213953034475649062 2.9200522845299432506e-009 
4.3499999999997873701 0.31282182494848903564 -0.78415204570296381803 -2.5213953040929339977 2.7334588511824813977e-009 
4.374999999999795719 0.31282672783971443575 -0.78412409427182794275 -2.5213953045139030351 2.0476518337053267479e-009 
4.3999999999998040678 0.31282215692664905315 -0.7839894015105821623 -2.521395305054003444 2.5206776221938643147e-009 
4.4249999999998124167 0.31282385855031524802 -0.78405461733470993568 -2.5213953054444133706 1.4229992205070753506e-009 
4.4499999999998207656 0.31282617654313454869 -0.78409307780804837762 -2.5213953058242015715 2.125933892050968767e-009 
4.4749999999998291145 0.31282175559722907865 -0.7840425879576387036 -2.5213953062642953107 2.3253801472796276834e-009 
4.4999999999998374633 0.31281210160125338948 -0.78403192857344072841 -2.5213953067824710352 2.0794814129830521515e-009 
4.5249999999998458122 0.31280610165162958669 -0.78407130160811255859 -2.5213953070569590231 8.6278830908079109248e-010 
4.5499999999998541611 0.31281157021436201138 -0.78418243787375918608 -2.5213953072793424681 1.1409583045071975909e-009 
4.57499999999986251 0.31281551710820126866 -0.78418895278757072553 -2.5213953075009700733 1.1596878436799005678e-009 
4.5999999999998708589 0.31281478613495294905 -0.78403584736252784904 -2.5213953077386581647 8.3905439468522246431e-010 
4.6249999999998792077 0.31281820513971125841 -0.78397524455573630586 -2.5213953078842634703 8.2256631459434836086e-010 
4.6499999999998875566 0.31281986475840428685 -0.78400117038066474695 -2.5213953080879418778 9.031482471958002232e-010 
4.6749999999998959055 0.31281661880941297182 -0.7840151135827707618 -2.5213953082608462353 8.4069317538098884166e-010 
4.6999999999999042544 0.31281294411444965364 -0.78401511316975469601 -2.5213953084155598106 5.982854525932866035e-010 
4.7249999999999126032 0.31281495074880638629 -0.78404170551301644032 -2.5213953085523810316 7.6002311364222619097e-010 
4.7499999999999209521 0.31282173423610531993 -0.78418380879361215818 -2.5213953087055593905 5.6716704309726402938e-010 
4.774999999999929301 0.31282056720742656974 -0.78421852187478569007 -2.5213953087925409235 3.7841702787102505581e-010 
4.7999999999999376499 0.31281538443445511266 -0.78407738438460050645 -2.5213953088761518195 3.8106534589015129095e-010 
4.8249999999999459988 0.3128167222541088921 -0.78405484746493470105 -2.521395308960656223 4.5317192232736035467e-010 
4.8499999999999543476 0.31281900774497045647 -0.78410227252136410758 -2.521395309046482236 2.6967361027432195282e-010 
4.8749999999999626965 0.31281994310408239857 -0.78406749108855244845 -2.5213953090898431064 2.7726697974657533562e-010 
4.8999999999999710454 0.31281952414332131474 -0.78399905054236818103 -2.5213953091622234304 3.2999767028337683659e-010 
4.9249999999999793943 0.31281777583087105876 -0.78401730238264066841 -2.5213953092321648164 3.5399606936670714825e-010 
4.9499999999999877431 0.31281813752126730321 -0.78413496424787698658 -2.5213953092920378118 1.8545362676571509859e-010 
4.974999999999996092 0.31281658802104511663 -0.78412316701679030118 -2.5213953093313428155 2.4293058632281072096e-010 
