0.025000000000000015266 0.59899136786080020567 0.00050759492954429927258 -2.2419917222792271616 0.042510420140807407552 
0.05000000000000003747 0.57269515586426722464 0.017887791422573767752 -2.2483277924512394819 0.064033040360483267639 
0.075000000000000052736 0.42233264145233551101 -0.011879142318673097112 -2.2655491330956727403 0.10518056313347413921 
0.10000000000000007494 0.37825900614367502506 -0.055099556985659048358 -2.2946044525606295039 0.12042133384511477523 
0.12500000000000008327 0.20441354895154625892 -0.39845021917697298619 -2.3136281277273629264 0.066371135426336824725 
0.15000000000000010547 0.20869512051949537512 -2.2161319247156576751 -2.3270727890176265973 0.068711520230412548305 
0.17500000000000012768 0.30170510997452143487 -2.9134233927453152546 -2.3415153405947553011 0.068420657904638304547 
0.20000000000000014988 0.21876327009124943435 -1.684188355857942021 -2.3549652340127811279 0.044111706994851722363 
0.22500000000000017208 0.20359874858834625666 -2.3642362845494000467 -2.3648537054625395903 0.062802392038769833116 
0.25000000000000016653 0.2844822274418496999 -2.1155757758763700238 -2.3808558076112209534 0.074896008880601785962 
0.27500000000000018874 0.2907502932376904714 -3.6223072060912304693 -2.3937995614621634388 0.050727437961374133302 
0.30000000000000021094 0.29447963883413202923 -0.48720754353434159167 -2.4026327288044044828 0.030113097800365938583 
0.32500000000000023315 0.2774670107950608644 -0.55233259148902935642 -2.4115942351385322162 0.049130709839425565355 
0.35000000000000025535 0.27521077473711230699 -0.32634156530890578995 -2.4189019490744070318 0.028134464333673395858 
0.37500000000000027756 0.29540656084739874698 -0.64255548226436665082 -2.4277362709092398241 0.050152686993023290474 
0.40000000000000029976 0.25303464108021195278 -0.55354661821427220136 -2.4371456402935480767 0.031396652562326814173 
0.42500000000000032196 0.26147113826525292257 -1.0395257334561489593 -2.4431193194800400192 0.031369302162535570022 
0.45000000000000034417 0.26916987769750672088 -1.1536622125568201103 -2.4497030161305533014 0.028559403441009371949 
0.47500000000000036637 0.24142871432318685487 -0.61499353825023306275 -2.4560248396314547925 0.027940508423982081398 
0.50000000000000033307 0.2777051604319273892 -0.64196653705119499644 -2.4617022265987138496 0.025832886380888767791 
0.52500000000000035527 0.319955619277490666 -0.41224762876460407934 -2.4676392196896248521 0.029614820664188024057 
0.55000000000000037748 0.3394221966469464502 -0.50643426538346569821 -2.4733591478310632539 0.025635832745688071077 
0.57500000000000039968 0.34198428009326359289 -0.88107135011374082545 -2.4790823335789777815 0.025121920474294671954 
0.60000000000000042188 0.28413945233917187183 -0.72756760861764480097 -2.4831321445772833734 0.01197923466496235434 
0.62500000000000044409 0.26834119370974701679 -1.005215566574189312 -2.4860468059860312273 0.018621430310970327193 
0.65000000000000046629 0.29595535705177872243 -1.0054788602456476987 -2.4906129967687982152 0.021710641007003546321 
0.6750000000000004885 0.29738593798606949292 -0.98915636058920508589 -2.4944330346103056328 0.011704760158066351491 
0.7000000000000005107 0.29490342876164488128 -1.1659044791599657565 -2.4962888879778453166 0.0081752247700878962616 
0.72500000000000053291 0.2918125350405055829 -0.96221126238760046334 -2.4981499260629855819 0.0089545079732070414352 
0.75000000000000055511 0.29163116391005761141 -0.96957087091855376215 -2.50005259872052088 0.0089836792641957881334 
0.77500000000000057732 0.29622742503475169018 -1.1910063370493713109 -2.5022066814902643728 0.011187349414342708659 
0.80000000000000059952 0.30088455300222782807 -0.78515198577876688102 -2.5046631383700317386 0.009885808845512248158 
0.82500000000000062172 0.32299320659972102776 -0.61387646571729148626 -2.5062998183817701836 0.0071199769872018403225 
0.85000000000000064393 0.32950326026156911974 -1.017916389457463211 -2.507797525387968296 0.006504567494045365543 
0.87500000000000066613 0.30767521604926612033 -0.98813879795376635684 -2.509178236198905676 0.0059984793390937349994 
0.90000000000000068834 0.30463850485692256509 -0.70004701149880232958 -2.5103724315205160345 0.0052083614361148316413 
0.92500000000000071054 0.31837941963665977729 -0.56790694961058263424 -2.5113906901221989543 0.004558936109112511105 
0.95000000000000073275 0.32302686468585939394 -0.79331344132785219792 -2.5124055265496134659 0.0046739676571562905477 
0.97500000000000075495 0.31956710889804756937 -1.0763214932055473749 -2.5132635303117196734 0.0035875394927435801454 
1.0000000000000006661 0.30476599461906811461 -0.92167451275059475435 -2.5141584781381736136 0.0043152706370086684265 
1.0249999999999979128 0.29282108127798861519 -0.86280057211382377158 -2.5149308079601020438 0.0032982669733073112679 
1.0499999999999951594 0.30019007073406278607 -1.0933883336416190257 -2.5155898563046346084 0.0024168736254450606978 
1.0749999999999924061 0.3127909503133209923 -0.87089580053003723403 -2.5160872769115179004 0.002774412089102846167 
1.0999999999999896527 0.32242289882434693737 -0.50194753225898147697 -2.5167426309058282818 0.0028909755884307217384 
1.1249999999999868994 0.32336415145636621116 -0.5747079323156930597 -2.5172663170626257134 0.0018845142990257250822 
1.149999999999984146 0.31624005180176106844 -0.69433199858778915647 -2.5175398996694822173 0.0011581838569451378095 
1.1749999999999813927 0.30841142670597859743 -0.72483981406438857675 -2.5179259633754824677 0.0022021595465631558196 
1.1999999999999786393 0.30159779714210604995 -0.83195827741064098948 -2.5183844976018772144 0.0019208233973288968855 
1.224999999999975886 0.30291208716597117778 -0.99161716602031324541 -2.5186729223652957188 0.00089637646437570775264 
1.2499999999999731326 0.30865913161432684264 -0.97542050855763684503 -2.5188963071477616928 0.0012322287968400749691 
1.2749999999999703792 0.31167535540740975986 -0.79336201977981191114 -2.5191684335023336594 0.0013066690859379085851 
1.2999999999999676259 0.31555933033791189191 -0.72398360119149940406 -2.5194391275611707215 0.0010371128001473715104 
1.3249999999999648725 0.31688833019392176338 -0.66670511862018011495 -2.5196264120269988851 0.00091652854989796278106 
1.3499999999999621192 0.31744223752356348633 -0.66375845927625598542 -2.5197985344157602938 0.00056950229598106132545 
1.3749999999999593658 0.31765784604497437904 -0.83898978525619649638 -2.5199502342563966373 0.00088874960115125300163 
1.3999999999999566125 0.31109884640576096482 -0.90338636520261472729 -2.5201003927012561867 0.00048424106919678231104 
1.4249999999999538591 0.30951650123485846544 -0.86003330649047837753 -2.5202154071107498723 0.00061740425682700779408 
1.4499999999999511058 0.31299973936173258737 -0.81679164187741926106 -2.5203461783401768237 0.00061379181399496478104 
1.4749999999999483524 0.31094294557600571371 -0.72965448995496329232 -2.5204638651164996688 0.00039553765598721577802 
1.4999999999999455991 0.31111698058502595954 -0.72262913954223995106 -2.5205389939344127193 0.00041455932837175388716 
1.5249999999999428457 0.31462833150046670694 -0.7823828754233198568 -2.5206451020971956112 0.00052347815000284149238 
1.5499999999999400924 0.3131162438332055209 -0.84776341801920396257 -2.5207370564053892537 0.00028011878281206483484 
1.574999999999937339 0.31041530997569743988 -0.85806295154340905817 -2.5207770375530902385 0.00018799727464799767269 
1.5999999999999345857 0.31123478737934268112 -0.74836470050025016842 -2.5208374505179214076 0.00032493457123715369225 
1.6249999999999318323 0.31384072357223952165 -0.70730076551812914865 -2.5209029007710372916 0.00029395739800587935729 
1.649999999999929079 0.31408500969805497327 -0.75887134938740419265 -2.5209531898241106518 0.00017479245172499657704 
1.6749999999999263256 0.31241796841714447597 -0.75555411013698459133 -2.5209972959840607487 0.00022312755208601125936 
1.6999999999999235722 0.31214230462838410407 -0.78053155320921052684 -2.5210360794123451988 0.00017106294767459386485 
1.7249999999999208189 0.31153669642610393176 -0.84892738145603896527 -2.5210786881488607136 0.0001827228699248898444 
1.7499999999999180655 0.31115850440262921017 -0.85801581814120875258 -2.5211088212723615776 0.0001287754918825297155 
1.7749999999999153122 0.31210843118862718892 -0.78724172686532822851 -2.5211350497030120543 0.00011163963817956440319 
1.7999999999999125588 0.31326021422273997441 -0.7304197253245771071 -2.5211637036012590762 0.00014268415968389229378 
1.8249999999999098055 0.31558012432718585139 -0.76886429398074573882 -2.52118796882836671 9.1997448568969478633e-005 
1.8499999999999070521 0.31603895428648814958 -0.78663126127769988916 -2.5212056495165722225 7.7899131469760067039e-005 
1.8749999999999042988 0.31344871970648024995 -0.75169197979764712514 -2.521226815471185656 0.00010855008776215856593 
1.8999999999999015454 0.31209467540216173642 -0.7776529107812866215 -2.521243459050103386 5.2573561773318516798e-005 
1.9249999999998987921 0.31141529696703096342 -0.82534977475841808658 -2.5212585100947926264 8.7264679154670175268e-005 
1.9499999999998960387 0.31073356250995415317 -0.82639314041187472704 -2.5212741816204653489 6.0060562997029520857e-005 
1.9749999999998932854 0.31178129522722569655 -0.79317866757052679638 -2.5212870699206471059 4.9965788887971088823e-005 
1.999999999999890532 0.31299405708602956455 -0.76026255098886508232 -2.5212959001005375015 5.0825769397512588247e-005 
2.0249999999998880007 0.31356968503247689695 -0.76356400627791920499 -2.5213083983859649884 4.5182320327934894779e-005 
2.0499999999998852473 0.31377936301395653595 -0.7710475502593241437 -2.521315571637470665 3.6767496805140600772e-005 
2.074999999999882494 0.31312148002639983435 -0.76732736180217986366 -2.52132314066292329 2.8421829304424568415e-005 
2.0999999999998797406 0.31235426240585872915 -0.78504455225598634982 -2.5213306748773858246 3.9904779502665414586e-005 
2.1249999999998769873 0.31219989575917556079 -0.80261650303396370187 -2.5213378181588761429 3.1794801485982597457e-005 
2.1499999999998742339 0.31260368921808762144 -0.7959556987584037735 -2.5213445973416739321 2.4462021081237674355e-005 
2.1749999999998714806 0.31257037186543773499 -0.77932970806659529472 -2.5213486918683534199 1.8844320807134961069e-005 
2.1999999999998687272 0.31222865614776323939 -0.77690071069400379322 -2.5213533427691041666 2.4760831321157495365e-005 
2.2249999999998659739 0.31300375385849743548 -0.79433460776926068103 -2.5213586760605832815 1.9691035269685950101e-005 
2.2499999999998632205 0.31367573845422869194 -0.7940565603358678004 -2.5213614166498903302 1.1715673766766605723e-005 
2.2749999999998604672 0.31338046485800197249 -0.77602927359342532831 -2.521364763923215957 1.7032353262866586538e-005 
2.2999999999998577138 0.31322569401339206419 -0.77768267936605228741 -2.521368320242130423 1.5546325384256566587e-005 
2.3249999999998549605 0.31291860034839541482 -0.78353214259265313579 -2.521370892609690717 8.8455641174081875297e-006 
2.3499999999998522071 0.31252670265336685018 -0.78142225568771261912 -2.5213732756172166916 1.4584223582842382999e-005 
2.3749999999998494538 0.31249872178504867204 -0.78811663797144126953 -2.5213759133513740096 7.9739059089971719166e-006 
2.3999999999998467004 0.31253010703979106077 -0.79303403253251203431 -2.5213775408005321133 8.341716925445034065e-006 
2.4249999999998439471 0.31288161130770847373 -0.78640623406081699986 -2.5213793872286487385 9.2451280331136999324e-006 
2.4499999999998411937 0.31299294750617878691 -0.77703162427113170452 -2.5213812790609857473 7.3741497285425129746e-006 
2.4749999999998384403 0.31248505413213439885 -0.77581819904036386504 -2.5213826636866087938 5.7038275978409626595e-006 
2.499999999999835687 0.31252404414332884963 -0.78443523289387662167 -2.5213836882306415177 4.6026784428273939968e-006 
2.5249999999998329336 0.31298193685223651972 -0.78852547411136197919 -2.5213848241222494018 5.321039888538680156e-006 
2.5499999999998301803 0.31295198895673687067 -0.78711133907333075133 -2.5213860569349049179 6.60082091773932756e-006 
2.5749999999998274269 0.31273209941484580998 -0.78421378611695968797 -2.5213871236070168891 2.6287426550758379985e-006 
2.5999999999998246736 0.31280918292390663682 -0.77948387813726971451 -2.5213877231245955812 3.5960589149160856204e-006 
2.6249999999998219202 0.31290209043272620981 -0.78270956910848554777 -2.5213885663042328034 4.4336752925904998626e-006 
2.6499999999998191669 0.31266466726801706022 -0.7855506373622245242 -2.5213894761939004141 3.015458861023107828e-006 
2.6749999999998164135 0.31271540175868878242 -0.78268541856656170808 -2.5213898721876661924 1.7543458471845914078e-006 
2.6999999999998136602 0.3131081301946423423 -0.7869252897622005527 -2.5213903957653656107 2.5826208236292161964e-006 
2.7249999999998109068 0.31299425667068664358 -0.78941525260760492255 -2.5213909125059670302 2.4012066078112194611e-006 
2.7499999999998081535 0.31276516020790195993 -0.78409674389934269634 -2.5213913718218186055 1.8757379431660688455e-006 
2.7749999999998054001 0.31284585681453042083 -0.78058231990004811607 -2.5213917998143182686 1.9801392838709270996e-006 
2.7999999999998026468 0.31285365757775368545 -0.78194780779597883313 -2.5213921490237010126 1.433689924700756721e-006 
2.8249999999997998934 0.31288376088046704337 -0.78603121154679633786 -2.5213924617189200639 1.3319399535050093968e-006 
2.84999999999979714 0.31283566067965984381 -0.78380955894333259604 -2.5213927607124508867 1.6076898251694981936e-006 
2.8749999999997943867 0.31262452682020575034 -0.78068184595321699071 -2.5213930365404015888 8.7435065661068279122e-007 
2.8999999999997916333 0.31263775761953982446 -0.7869403964105088356 -2.5213932599412576252 1.1142442137068966797e-006 
2.92499999999978888 0.31278724127600565641 -0.78875158066406281243 -2.5213934361920560256 7.7317538664146698169e-007 
2.9499999999997861266 0.31287077204743557468 -0.78194147944547642837 -2.5213936507362286754 1.0046689397170635486e-006 
2.9749999999997833733 0.3128960446620579483 -0.77945549849941020426 -2.5213938272839628851 7.3780160312353588469e-007 
2.9999999999997806199 0.31284489977261709104 -0.78292100838301936783 -2.5213939613934561734 4.7662863235605809578e-007 
3.0249999999997778666 0.31278736456264666366 -0.78533390902078947793 -2.5213940857091152736 7.3486334559647484572e-007 
3.0499999999997751132 0.31271824376730827932 -0.78459489121339065498 -2.5213942372240190082 6.325110230181388358e-007 
3.0749999999997723599 0.31272190270825489522 -0.7861862450297418814 -2.5213943548411594797 4.3842360995903610728e-007 
3.0999999999997696065 0.31287301630568248312 -0.78697531547775112504 -2.5213944380769031106 3.9715836430793309603e-007 
3.1249999999997668532 0.31297662302805734358 -0.78198712252195590189 -2.5213945252978673395 3.731696802864908979e-007 
3.1499999999997640998 0.31292923164436836636 -0.78039591651831008434 -2.5213946051016646877 3.8914125226186462089e-007 
3.1749999999997613465 0.3127907427142078145 -0.78335222977396024024 -2.5213946752515785654 2.7740628038609169851e-007 
3.1999999999997585931 0.31274817167639007431 -0.78498053544663048964 -2.52139474125903984 2.8939903784206047816e-007 
3.2249999999997558398 0.312838401943499822 -0.78697845371060970443 -2.5213947944824255387 2.7115511075344448579e-007 
3.2499999999997530864 0.31280803925696148982 -0.78703791356995622674 -2.5213948524654861139 2.1127950788104312829e-007 
3.274999999999750333 0.31276075518594964597 -0.78396147106758773404 -2.521394898420299846 2.6383279724009475355e-007 
3.2999999999997475797 0.31285321756554668182 -0.78200735928693965171 -2.5213949498010066463 1.721154375408861763e-007 
3.3249999999997448263 0.31285115034984023463 -0.78157649104180715316 -2.5213949789293548243 1.1155940747518422009e-007 
3.349999999999742073 0.31278573098304002231 -0.78228693463187548574 -2.5213950029998302149 1.4823206350382791944e-007 
3.3749999999997393196 0.31281781538207525939 -0.78416975939458510858 -2.5213950432196226004 1.9100333253482713099e-007 
3.3999999999997365663 0.31282586924333116718 -0.78582362014378293047 -2.5213950751324420985 9.7857509784485606658e-008 
3.4249999999997338129 0.31276562030448196161 -0.78602630398020290059 -2.5213950900994936966 7.1372928522092159772e-008 
3.4499999999997310596 0.3127391196263831219 -0.78463123503878184906 -2.521395112904030178 1.2740221209329201656e-007 
3.4749999999997283062 0.31279996056339537391 -0.78345766903029245842 -2.52139513659923864 9.614699895839823186e-008 
3.4999999999997255529 0.31288020908148295174 -0.78317831696647000062 -2.5213951557731446584 7.0116121103382931681e-008 
3.5249999999997227995 0.31288482268346101689 -0.78301626228538534491 -2.5213951686127047402 6.6305531574885738998e-008 
3.5499999999997200462 0.31284195171300888116 -0.78351706092463668796 -2.521395183214785618 6.2719835602648025839e-008 
3.5749999999997172928 0.31279882530158514831 -0.78460519035736286941 -2.5213951974210830898 6.7146191544242718921e-008 
3.5999999999997145395 0.31278244507359975746 -0.7853718845438089069 -2.5213952080774819642 3.6718651686779459392e-008 
3.6249999999997117861 0.31280417013731476317 -0.78498399469106239223 -2.5213952175014346935 4.7975246112004692056e-008 
3.6499999999997090327 0.31282719193308405892 -0.783540849697264008 -2.5213952274504043416 4.6010879682425135626e-008 
3.6749999999997062794 0.31285880547953864861 -0.78327641603462117015 -2.521395235416711067 2.938187166067051172e-008 
3.699999999999703526 0.31286270617523215254 -0.78408508543717836403 -2.5213952430489228185 4.0316251134076394342e-008 
3.7249999999997007727 0.31279489556762640756 -0.78388738789047796018 -2.5213952512407860063 3.5428273290402773362e-008 
3.7499999999996980193 0.31276357367811247201 -0.78398168536683443541 -2.5213952569743498522 1.674428893842377231e-008 
3.774999999999695266 0.31280215434074037928 -0.78480324522726374603 -2.5213952612378829343 2.8187269290838856622e-008 
3.7999999999996925126 0.31282621610105992849 -0.78445052252619951183 -2.5213952668831520754 1.9257645952111227895e-008 
3.8249999999996897593 0.31282740556795768372 -0.78361544359512658176 -2.5213952709566003207 2.0297638134729118086e-008 
3.8499999999996870059 0.31281503384014863745 -0.78343837457671994251 -2.5213952745101746444 1.4545394208149671723e-008 
3.8749999999996842526 0.31280381364262638266 -0.78375351453802277746 -2.5213952784702424736 1.9563955611103710003e-008 
3.8999999999996814992 0.31281592616608128177 -0.78435559864826442933 -2.521395281715874237 1.3536387625280377311e-008 
3.9249999999996787459 0.31282429764344527046 -0.78450627783355697531 -2.5213952848314744593 1.1824264894074627938e-008 
3.9499999999996759925 0.31282044635278338784 -0.78420683325100593031 -2.5213952869312277194 1.1258059992632145015e-008 
3.9749999999996732392 0.31281817791622490432 -0.78410517954125791285 -2.5213952894286291162 1.098964935625038122e-008 
3.9999999999996704858 0.31281550479925801511 -0.78407125816278733232 -2.5213952918080857479 9.1611299745991381166e-009 
4.0249999999996788347 0.31281163773301778885 -0.7838474173329481598 -2.5213952931608916153 6.5708911204210699495e-009 
4.0499999999996871836 0.31281541823440495165 -0.78374256581090817608 -2.5213952949809694815 8.2957630931436827693e-009 
4.0749999999996955324 0.31283602423683098959 -0.78420499352247030611 -2.5213952965770065617 7.0722751931381716439e-009 
4.0999999999997038813 0.31284073055111200068 -0.78448117596509980842 -2.521395297731408025 4.3007223140463820249e-009 
4.1249999999997122302 0.31281268785337995597 -0.78408248423491866408 -2.5213952990777337426 7.2664459353644115791e-009 
4.1499999999997205791 0.31279868720523346104 -0.78402449475075264296 -2.521395300189399169 3.7311218242426590712e-009 
4.1749999999997289279 0.31280782169281440286 -0.78412611780590024679 -2.5213953011017999906 4.5682605760333229944e-009 
4.1999999999997372768 0.31281844597479341319 -0.78390314203485522704 -2.5213953020507515745 4.6293668360004172284e-009 
4.2249999999997456257 0.31282593965867011576 -0.78398954755082539414 -2.5213953029702032005 2.8595611204121262204e-009 
4.2499999999997539746 0.31281846085274767066 -0.78414811652388283214 -2.5213953034287137633 2.7428907686904454396e-009 
4.2749999999997623235 0.31280852761318450606 -0.78409978740556385279 -2.5213953040947099105 2.7253579484318805779e-009 
4.2999999999997706723 0.31280974755930002207 -0.78409358709117005226 -2.5213953046734052243 2.9098622588985476546e-009 
4.3249999999997790212 0.31281131486127089492 -0.78401692896973607105 -2.5213953052606377092 2.3666104945383738594e-009 
4.3499999999997873701 0.31282070302729642064 -0.78399384496025148472 -2.5213953056727866908 1.5692633619817912541e-009 
4.374999999999795719 0.31283176759886061058 -0.78406492950900052996 -2.5213953060640759141 2.2031924125970939047e-009 
4.3999999999998040678 0.31282283968138901997 -0.78409317849691362312 -2.5213953065273413401 2.0231129410620634306e-009 
4.4249999999998124167 0.3128078570385893209 -0.78412954841508941684 -2.521395306870356734 8.3532500532526481789e-010 
4.4499999999998207656 0.31280903030459317193 -0.7841300239997642807 -2.5213953070310908267 1.3112687620370269906e-009 
4.4749999999998291145 0.3128199967834786599 -0.78412656576877448611 -2.5213953073788535342 1.5032657266084953035e-009 
4.4999999999998374633 0.31282257493737974929 -0.78409491897565453122 -2.5213953076421500299 9.326669545849884189e-010 
4.5249999999998458122 0.31281904581559694112 -0.78402558294944058037 -2.5213953078034423427 8.122256658696717638e-010 
4.5499999999998541611 0.31281940519239886944 -0.78404335509342582 -2.5213953080287732078 1.0745030752667637927e-009 
4.57499999999986251 0.3128172329064526358 -0.78406653637256074063 -2.5213953082061735245 6.7021260183745848731e-010 
4.5999999999998708589 0.31281546526737386005 -0.78407869243656924674 -2.5213953083528841681 7.0733521160229095302e-010 
4.6249999999998792077 0.31281988585431080852 -0.78406899433726473525 -2.5213953085104425789 7.0567186611909631017e-010 
4.6499999999998875566 0.31281996094078867721 -0.78402481612928709431 -2.5213953086346014842 4.8946968528394474739e-010 
4.6749999999998959055 0.31281516322111035944 -0.78411573366053788359 -2.521395308745082886 5.0824711347656393804e-010 
4.6999999999999042544 0.31281079603422495827 -0.784149582354046637 -2.5213953088391090063 4.4367951296157170551e-010 
4.7249999999999126032 0.31280922047835579836 -0.78401634673176312518 -2.5213953089387595163 3.7764117186666399645e-010 
4.7499999999999209521 0.31281615726081118956 -0.78405345522449088058 -2.5213953090183451877 4.3699261813147219686e-010 
4.774999999999929301 0.3128239970678222126 -0.78414890060175868047 -2.5213953090847778249 1.6908840674102153667e-010 
4.7999999999999376499 0.31282286460883207413 -0.78404642079343611627 -2.5213953091515608484 4.5243812928324384723e-010 
4.8249999999999459988 0.31281788812413663381 -0.78397754077240922044 -2.5213953092297338721 2.6980288686387285837e-010 
4.8499999999999543476 0.31281479757220487237 -0.78406025784247446175 -2.5213953092818726098 1.7767896733923199608e-010 
4.8749999999999626965 0.31281498959850134733 -0.78411526430144817823 -2.521395309314086397 2.0806730116054616471e-010 
4.8999999999999710454 0.31281678496529646827 -0.78410162716677100914 -2.5213953093668521888 2.1769652092990040773e-010 
4.9249999999999793943 0.31281763080534247257 -0.78411200696119287556 -2.5213953094057939275 1.5897260917504289002e-010 
4.9499999999999877431 0.31281821676625365392 -0.78412419792463727841 -2.5213953094359546903 1.3305892661438247167e-010 
4.974999999999996092 0.31281808633991875501 -0.78407315983547443139 -2.5213953094672008071 1.5078314198305128855e-010 
