0.025000000000000015266 0.59812496288566530112 0.00050158550833029683091 -2.2430669915901773059 0.041877108627092714255 
0.05000000000000003747 0.57238878682820115706 0.017655566669047578765 -2.2501333839250903246 0.062169966527667458456 
0.075000000000000052736 0.42508845784718846117 -0.010486677499562169213 -2.2691320774015451001 0.10146189091429981544 
0.10000000000000007494 0.3832246004886387114 -0.054866683473362098944 -2.3011684506024900898 0.11652226484764870162 
0.12500000000000008327 0.21256626988839735781 -0.40350753911191239443 -2.3220905898044139626 0.063030786541188515981 
0.15000000000000010547 0.2134182184259944548 -2.1496220478864906944 -2.3362877750418848954 0.062303126889600789207 
0.17500000000000012768 0.30135372816645561445 -2.7965117866076960595 -2.3513146204083863466 0.062502248424558606854 
0.20000000000000014988 0.22428503062366583753 -1.6311072090406635304 -2.3650041719723264855 0.037731052671709307267 
0.22500000000000017208 0.20567710057903884624 -2.2267780917678181574 -2.3742307819500148014 0.050590102365620337466 
0.25000000000000016653 0.27261809202897774318 -1.8608457756930283367 -2.3898313863893809739 0.070184863845078701572 
0.27500000000000018874 0.31269667770029757614 -0.18858885247507983784 -2.405084771374598418 0.054239042431017125967 
0.30000000000000021094 0.33789643053087731195 -3.1827603254186165316 -2.4154141055571276553 0.030022312956900901182 
0.32500000000000023315 0.29779659114521128682 0.48432989393349878959 -2.4252175204219983407 0.046064704511314294444 
0.35000000000000025535 0.29082746148535704167 -0.023754948396568442703 -2.4335105636372160731 0.026370376523296216315 
0.37500000000000027756 0.28680682307421945243 -1.1827382587567107919 -2.4407508078165220944 0.032855239656360522849 
0.40000000000000029976 0.24646957681570696996 -1.0034359412716045146 -2.44806209196174418 0.023574405526211272138 
0.42500000000000032196 0.27831607150090775793 -0.91444531992308197843 -2.4536740987389529245 0.022794227401743999417 
0.45000000000000034417 0.30603562055550764809 -0.66108081788772032894 -2.4589030017807371742 0.022280790410246199829 
0.47500000000000036637 0.28479959030509233164 -0.11764761530497613862 -2.4641013208767281739 0.01881558277000222254 
0.50000000000000033307 0.30475258789047182661 0.22764603728130872184 -2.4685829386848712197 0.01914629343604291184 
0.52500000000000035527 0.33504564630465233366 0.69912541775086389784 -2.4734864467255177622 0.018723791975182754038 
0.55000000000000037748 0.36580308633075070412 0.72659300861370024194 -2.4777030269450905919 0.016691840220713499016 
0.57500000000000039968 0.37160548620585925894 0.85932128823247466709 -2.4816615006966804557 0.017020939947398588954 
0.60000000000000042188 0.3157263866325471513 1.0495853279148308346 -2.4860288255528870671 0.014905310008517903136 
0.62500000000000044409 0.29846951632301088608 0.39975558125931476283 -2.4887736812375091944 0.0096293776799235251962 
0.65000000000000046629 0.30345928198949212451 0.1532303263480414568 -2.490932420908759326 0.0078386883355200803747 
0.6750000000000004885 0.30474980492427528045 0.52192161426814409619 -2.4928099191460777462 0.0082643554439966616237 
0.7000000000000005107 0.32100838257238567541 0.70017308728004556961 -2.4948713730920131226 0.0081593822032984680837 
0.72500000000000053291 0.33653301881873221024 0.70064116194246905955 -2.4971012741247191613 0.0088579157995045745833 
0.75000000000000055511 0.33797548396561616357 0.63826600711529912768 -2.4985922963724980228 0.0048785117077983549544 
0.77500000000000057732 0.32668877035286214561 0.6565700786818460255 -2.500262770147067215 0.0076188062776338374635 
0.80000000000000059952 0.31997475797067165271 0.56635601674491220514 -2.5015702332624640825 0.0037654342686300277393 
0.82500000000000062172 0.32761520436758867492 0.29971074460875402057 -2.5026365458631474326 0.0040649846581076801155 
0.85000000000000064393 0.32928769902915527856 0.33355614245758080649 -2.5034356199502818541 0.0035324643635525503939 
0.87500000000000066613 0.33021256383618402541 0.6629088112173934233 -2.5043510449036183729 0.0033363602386780972717 
0.90000000000000068834 0.33333269153491490444 0.91052028449980915159 -2.5052024994979058548 0.0037320834750133105584 
0.92500000000000071054 0.3343969670694563745 0.86083983294780341833 -2.5059435417224040776 0.0022379276461333892125 
0.95000000000000073275 0.33478734284938255206 0.59556114385848368808 -2.5065812075800084635 0.0031454931543043449828 
0.97500000000000075495 0.32232197317109939627 0.44726161993208468637 -2.5072473153263907797 0.0019657897857124598424 
1.0000000000000006661 0.31340926808334945708 0.37190802948469814382 -2.5075792227156323833 0.00098167355909065286135 
1.0249999999999979128 0.3216229092524882649 0.34887339112292792276 -2.5078638115689320109 0.0015619313232799381021 
1.0499999999999951594 0.3249359757076705213 0.59971890094335555954 -2.5083695326250565749 0.0021522236328542759115 
1.0749999999999924061 0.33127051856579414757 0.78518248754399833089 -2.5087694944392930907 0.0013798980575689143244 
1.0999999999999896527 0.34153453447652598607 0.72509737191780332388 -2.5090877155315527425 0.00099471719218553397712 
1.1249999999999868994 0.33954964009166255234 0.69246384400898097766 -2.50927901382523455 0.00074795569827973483294 
1.149999999999984146 0.33498005364965111053 0.60894572993747209111 -2.5094928417250046415 0.00096111487260067878045 
1.1749999999999813927 0.32896053173269218517 0.53319992438373575716 -2.5097270344421209742 0.00090720300512315773817 
1.1999999999999786393 0.32512855242926669286 0.56210389669910620913 -2.509910200989452278 0.00063888669159712122795 
1.224999999999975886 0.3277448288226204598 0.56275725861714775977 -2.5100820907652772185 0.00073748037895224761301 
1.2499999999999731326 0.32826885532847860372 0.58282787116063350386 -2.5102333287551688024 0.0004615879316030274248 
1.2749999999999703792 0.32831252208869188269 0.62422206405034852406 -2.5103406132373016213 0.00044906827389871946431 
1.2999999999999676259 0.33075785018553871542 0.6343447687622671971 -2.5104511277075842735 0.00047986498683330873916 
1.3249999999999648725 0.33070822643889019599 0.64154816852581797448 -2.5105546820267434782 0.0003317984975787707856 
1.3499999999999621192 0.32842053961922645922 0.64084635165428838199 -2.5106403644708694678 0.00036628124796622929483 
1.3749999999999593658 0.3290593402012060853 0.61112396924453205038 -2.5107200794601696181 0.00030039510870975833076 
1.3999999999999566125 0.33357900942497814567 0.55692326445303819149 -2.5107937920786875807 0.00028639685946251782454 
1.4249999999999538591 0.33299682503044819581 0.58340130733051798195 -2.5108556900128053968 0.00021866397654628184433 
1.4499999999999511058 0.33019038899083030802 0.64954050173807265089 -2.5109013717366361895 0.00017637014709373066267 
1.4749999999999483524 0.33218863126065206748 0.6310083587044427178 -2.5109500008867673415 0.0001923930778081764186 
1.4999999999999455991 0.33142331118683193703 0.62180620517958840043 -2.5109904635501676395 0.00015581087987861675791 
1.5249999999999428457 0.3287822200575479803 0.61716513770333181199 -2.5110310480375184206 0.00017609557140531385323 
1.5499999999999400924 0.32880616391252731612 0.57744479081271393728 -2.5110694577309056186 0.00011981118583827586122 
1.574999999999937339 0.32857912719090243137 0.59299183341224825927 -2.511091757063351082 7.8321114588069174248e-005 
1.5999999999999345857 0.32977885918044680391 0.61176494759360722231 -2.5111174429216891468 0.00012766624406277261687 
1.6249999999999318323 0.33115918435203467451 0.61646407171703765382 -2.5111415210414307353 6.6242897295390110179e-005 
1.649999999999929079 0.33135569122743741 0.64143111808023645093 -2.5111590571400799199 8.0032711195508675849e-005 
1.6749999999999263256 0.33217798499626222108 0.63092500356846514808 -2.5111794767013306817 9.1669400262759290188e-005 
1.6999999999999235722 0.33134633683738712318 0.60587196726441083783 -2.5111992256468940177 4.9744753104494880149e-005 
1.7249999999999208189 0.32984978942141846003 0.59723085618657667517 -2.5112084338002018669 4.4991246970959515084e-005 
1.7499999999999180655 0.32997188463935528402 0.6013349529336260435 -2.511219534591138558 4.1449155887295323212e-005 
1.7749999999999153122 0.33066556996623980291 0.61354415334011058736 -2.5112315292051672344 5.4691017055189504199e-005 
1.7999999999999125588 0.33112408302121409953 0.61177246041165433965 -2.5112431873434055696 3.7195017166538480303e-005 
1.8249999999999098055 0.33080327976873225015 0.61415129017844238835 -2.5112508524049292902 2.7977542872116011209e-005 
1.8499999999999070521 0.3304278278852255113 0.61729196045530132508 -2.511257276796119875 2.8709336126247602663e-005 
1.8749999999999042988 0.32995377120656349534 0.6120729076249696865 -2.5112654387084427654 3.0162090724604376896e-005 
1.8999999999999015454 0.32992473007333861235 0.61335429225808646425 -2.5112704643590011422 1.6981067152228231538e-005 
1.9249999999998987921 0.33112823847080402606 0.61393190179520551464 -2.511275473682829773 2.0267427865616012214e-005 
1.9499999999998960387 0.33102603470313735068 0.62254472182011288961 -2.5112801888299838282 2.117953884729989819e-005 
1.9749999999998932854 0.33035550292179216569 0.6170222848726393261 -2.5112850123112679945 1.5704555475880096783e-005 
1.999999999999890532 0.33078037544415667126 0.59596333677176771548 -2.5112883698184464976 1.27166117056547996e-005 
2.0249999999998880007 0.33053594770991873153 0.60602692325817797414 -2.511291346320856821 1.1060339700083006924e-005 
2.0499999999998852473 0.33045584054712684452 0.61403910601115263557 -2.5112940239132015563 1.178860805294662123e-005 
2.074999999999882494 0.33092677957830585189 0.6098211827959356679 -2.5112965612017337236 8.419980523340439091e-006 
2.0999999999998797406 0.33067710541738204455 0.62211293045020421566 -2.5112989063794866063 1.0659145551124678063e-005 
2.1249999999998769873 0.33057930563024146009 0.62127957054907323453 -2.511301112545454739 7.1693569363222104656e-006 
2.1499999999998742339 0.33089460399214204456 0.61012721851658147099 -2.5113027065251092296 5.6301405032553607005e-006 
2.1749999999998714806 0.33100498015690688058 0.61180876109208803815 -2.5113039881573837597 5.7911996225807082473e-006 
2.1999999999998687272 0.33056988681925225659 0.61687535099689605467 -2.5113054531141809633 5.5759290516646547697e-006 
2.2249999999998659739 0.329912801658128918 0.6130952480006627292 -2.5113067201329797307 4.7006615152612291923e-006 
2.2499999999998632205 0.32994521366800266815 0.60184156370572816641 -2.511307813458404592 3.9853154403659689329e-006 
2.2749999999998604672 0.33036368288762940626 0.60281494916557820662 -2.5113086187986088937 3.4729479707848920438e-006 
2.2999999999998577138 0.33078515563753341233 0.61331482800226544416 -2.5113096287694056663 3.8365702749690812801e-006 
2.3249999999998549605 0.33114989192588473177 0.62090111078045140403 -2.5113103000889220873 2.0758654467942688464e-006 
2.3499999999998522071 0.33124236042879978692 0.62416384402901559092 -2.511310842623201367 2.3583258741740974417e-006 
2.3749999999998494538 0.33112250035503076884 0.61609598278750843381 -2.5113114625751027376 2.6197524628305120199e-006 
2.3999999999998467004 0.3305490862477845071 0.60992072008002418126 -2.5113119963838528292 1.7692420352951283572e-006 
2.4249999999998439471 0.33016910028237406172 0.60986190214735302995 -2.5113124754423492568 2.2037823273837401523e-006 
2.4499999999998411937 0.3304272915430912505 0.60660169691110477075 -2.511312907034745745 1.071965876187087084e-006 
2.4749999999998384403 0.33037642603639166827 0.60980653682989560682 -2.5113131724994048888 1.3041052270288793167e-006 
2.499999999999835687 0.33032020788629723462 0.61400117917686081181 -2.5113134734609388055 1.2477575879919013422e-006 
2.5249999999998329336 0.33066875732523487441 0.61372642824868262057 -2.5113137841607269252 1.0341019707592601388e-006 
2.5499999999998301803 0.33077863806724189244 0.61589017934790291076 -2.5113140195072167771 1.1225191657386841033e-006 
2.5749999999998274269 0.33077408054301515872 0.61564420299386946045 -2.5113142836575690353 8.0259670748896064073e-007 
2.5999999999998246736 0.33080559352813893037 0.61349266789194245586 -2.5113144424169404623 6.4196589426349893204e-007 
2.6249999999998219202 0.3307138377344957525 0.611294533952332797 -2.5113145960879563745 5.9511632706331281609e-007 
2.6499999999998191669 0.33062241119732871386 0.60973496509601565752 -2.5113147338687777932 5.2890519185474837347e-007 
2.6749999999998164135 0.3306068340414645701 0.61262947118019750459 -2.5113148748977223157 6.2491167572929424587e-007 
2.6999999999998136602 0.33064727271646604523 0.61498724495710921367 -2.5113150229342928732 5.1121792118304590781e-007 
2.7249999999998109068 0.33059721561598587325 0.61425708191406291903 -2.5113151110930918009 2.9857220204318634531e-007 
2.7499999999998081535 0.33050389223450676868 0.61246607164117583544 -2.5113151935839574946 3.3574163424694071525e-007 
2.7749999999998054001 0.33048882947918095665 0.61133105778886431825 -2.5113152738949899856 3.2594686364875431964e-007 
2.7999999999998026468 0.33052169097017952692 0.6117173590150104534 -2.5113153472567297797 2.7075142459570788549e-007 
2.8249999999997998934 0.33067097491450669899 0.61174499294978368358 -2.5113154102878487706 2.4398422371140816039e-007 
2.84999999999979714 0.33075862098240099707 0.61381355555139116564 -2.5113154690735570718 2.4339784966643472484e-007 
2.8749999999997943867 0.33070801008725203562 0.61540633056083293706 -2.511315521709836851 1.7245300598297753392e-007 
2.8999999999997916333 0.33069804172608346926 0.61288452853067465487 -2.5113155605252770464 1.5106687810732669064e-007 
2.92499999999978888 0.3306322561172766461 0.61257697224823315363 -2.5113156009068973162 1.8192909974958646786e-007 
2.9499999999997861266 0.33057440776231178381 0.61357365423414866878 -2.5113156359496087155 9.4344603446410005282e-008 
2.9749999999997833733 0.33059694270805678462 0.61206485319886072549 -2.511315658401855444 1.0707747308881863916e-007 
2.9999999999997806199 0.33056821788977230892 0.61142057554368112182 -2.5113156909131744143 1.4535013321855050858e-007 
3.0249999999997778666 0.33059591422444695175 0.61188281370979180629 -2.5113157199640108175 8.5005211288998400604e-008 
3.0499999999997751132 0.33065421931643290687 0.61276428543375371927 -2.5113157373866674682 7.0092002209930297244e-008 
3.0749999999997723599 0.33063352972237225469 0.61408157304119648234 -2.5113157548800693064 6.456593700386729471e-008 
3.0999999999997696065 0.33064537673614735613 0.61439425826851923329 -2.511315767790973652 5.1396286571324805829e-008 
3.1249999999997668532 0.33066942130400595046 0.61346057569196466019 -2.5113157845418232483 7.4177543280533461575e-008 
3.1499999999997640998 0.33062351335618322956 0.61212540758723332779 -2.5113157996913413328 5.5210554337838714447e-008 
3.1749999999997613465 0.33056562691483470928 0.61194390963991984744 -2.5113158116521878682 3.8975181086613848401e-008 
3.1999999999997585931 0.33058869769034654462 0.61246393787455888358 -2.5113158203231500387 3.326358257191890092e-008 
3.2249999999997558398 0.33065236442848011666 0.61259593810501389299 -2.5113158275608693515 2.7113876071962368046e-008 
3.2499999999997530864 0.33065185818938708229 0.6129885098257995546 -2.5113158357401030862 4.0212607171087236447e-008 
3.274999999999750333 0.33064292990437615938 0.61317762505421846697 -2.5113158440449789843 2.4749446824823073717e-008 
3.2999999999997475797 0.33064556052750848636 0.61318048749504427963 -2.5113158500425858399 2.5125397630991555148e-008 
3.3249999999997448263 0.33061897069271267702 0.61325052733493623514 -2.5113158551186303136 1.8666140379406082933e-008 
3.349999999999742073 0.33061672059023838877 0.61282848029541114876 -2.5113158604983754074 2.0081438294606973031e-008 
3.3749999999997393196 0.33062379262209679043 0.61270445900660286398 -2.5113158640604598126 1.4913690642043123267e-008 
3.3999999999997365663 0.33061937857995521428 0.61274795369910939336 -2.5113158678033182802 1.1781042809696787012e-008 
3.4249999999997338129 0.33061573076637490454 0.6125591418311671088 -2.5113158709817446912 1.6532328633648166378e-008 
3.4499999999997310596 0.3305978962325142323 0.61281896002818025959 -2.5113158746759709494 1.1048332350508792141e-008 
3.4749999999997283062 0.33061303762520843907 0.61288886945307441412 -2.5113158769866856801 9.7438002477401701479e-009 
3.4999999999997255529 0.33064625006145575981 0.61270080763703727023 -2.5113158792675673858 8.5295731519112484875e-009 
3.5249999999997227995 0.33064272271591144126 0.61298501236655955626 -2.511315881360236979 7.7630066285826274032e-009 
3.5499999999997200462 0.33064097330036107403 0.61317373294277977003 -2.5113158828425170555 5.5985532385487672701e-009 
3.5749999999997172928 0.3306466056466667025 0.61298585923074033754 -2.5113158845929364205 7.4345335754523642647e-009 
3.5999999999997145395 0.33063227009491330532 0.61282857362402376467 -2.5113158860662609939 5.7452667759872836524e-009 
3.6249999999997117861 0.33061137805858914485 0.61279927916267951105 -2.5113158874889927041 4.912424065884039036e-009 
3.6499999999997090327 0.33060740195544408015 0.61274984142041521995 -2.5113158884922435199 3.5940818104699263297e-009 
3.6749999999997062794 0.33061691348266497581 0.61272443162440237696 -2.5113158893581348785 3.5861579024248511215e-009 
3.699999999999703526 0.3306156978049255013 0.6128748161409860451 -2.5113158902108807524 3.4369622485902013229e-009 
3.7249999999997007727 0.33061867196467986663 0.61289826089236387752 -2.5113158909893145143 2.7204064329221542081e-009 
3.7499999999996980193 0.33063208144544292688 0.6128073493125609783 -2.5113158917010434124 3.3901185195102328708e-009 
3.774999999999695266 0.33063515867549397864 0.61287268983558906843 -2.5113158924455465382 2.1061246514580005373e-009 
3.7999999999996925126 0.33063805235979992769 0.61288756130254962162 -2.5113158928442467221 1.5649023817231331219e-009 
3.8249999999996897593 0.33063521605556517313 0.61294583405178315605 -2.5113158932478070184 1.8827920715664403913e-009 
3.8499999999996870059 0.33062427344321021483 0.613010902159866089 -2.5113158937225481537 1.642761660939271623e-009 
3.8749999999996842526 0.33062353409016559391 0.61281119156000940507 -2.5113158940801723062 1.4734941569881458147e-009 
3.8999999999996814992 0.33062209122604496736 0.61272332865165912708 -2.5113158944417697249 1.3267900635074713945e-009 
3.9249999999996787459 0.33062046280373019735 0.6128254770086590808 -2.5113158947025264744 9.7871404304252273187e-010 
3.9499999999996759925 0.33062463801119285067 0.61285292427104787194 -2.5113158949672995668 1.063841139021057626e-009 
3.9749999999996732392 0.33062367911030166034 0.61289134250253818337 -2.5113158951910490302 7.7789964570971687366e-010 
3.9999999999996704858 0.33062290418338896592 0.61288673747916544432 -2.5113158953600982493 6.3944654979229312401e-010 
4.0249999999996788347 0.33062524481012695032 0.61282688398548901265 -2.5113158955401502226 8.1129007660448029092e-010 
4.0499999999996871836 0.33062767300809609017 0.61284081571234316765 -2.5113158957176926478 6.637810999303023781e-010 
4.0749999999996955324 0.33063070922495618742 0.61288747660355868963 -2.5113158958719772329 5.2876023813155448144e-010 
4.0999999999997038813 0.33063058283770019319 0.61290602809563998754 -2.5113158959752999166 3.3438994439561250652e-010 
4.1249999999997122302 0.33062758122613578049 0.61287659944187045102 -2.5113158960573480627 3.9830471139446598994e-010 
4.1499999999997205791 0.33062373040529569046 0.61285962093860635314 -2.5113158961670478675 4.6431490833817964896e-010 
4.1749999999997289279 0.33062328052553852098 0.61285085025957619642 -2.5113158962694752674 3.2156946741861371283e-010 
4.1999999999997372768 0.3306252736249287727 0.61281820506794326686 -2.5113158963313666483 2.4817001934842871308e-010 
4.2249999999997456257 0.33062467690689506528 0.61283868912764705161 -2.5113158963957347147 2.4262685546692000426e-010 
4.2499999999997539746 0.33062612864444756999 0.6128529803397383402 -2.5113158964568640386 2.7077681083437033842e-010 
4.2749999999997623235 0.3306262398600562924 0.61285635989886788622 -2.5113158965094513064 1.4968810742614520343e-010 
4.2999999999997706723 0.33062352809492639993 0.61289929386295827207 -2.5113158965474142725 1.7415845187471773916e-010 
4.3249999999997790212 0.33062669551991180628 0.61288762550751496594 -2.511315896593971253 1.9029942031882405503e-010 
4.3499999999997873701 0.33062891404466770995 0.61286541431031582583 -2.5113158966313737785 1.1325332998487507322e-010 
4.374999999999795719 0.33062578788937380114 0.61286129141077505533 -2.5113158966573387865 1.2603111754713550955e-010 
4.3999999999998040678 0.33062446931683636686 0.61283580898112088864 -2.5113158966927962013 1.246170010767764738e-010 
4.4249999999998124167 0.3306250758768175535 0.61284691708001259869 -2.5113158967124098453 6.1118915084245907658e-011 
4.4499999999998207656 0.330626604054439166 0.6128480533227359528 -2.5113158967313551351 8.9867456950222242897e-011 
4.4749999999998291145 0.33062768103256273688 0.61284080584426436911 -2.511315896753810506 8.933622988729463185e-011 
4.4999999999998374633 0.3306266885633629693 0.61288351646011596241 -2.5113158967725701665 6.6474963387150078821e-011 
4.5249999999998458122 0.33062539608448054951 0.61289498150786059227 -2.5113158967881719086 5.5917722533478726082e-011 
4.5499999999998541611 0.33062450892582445627 0.61286280603043008508 -2.5113158967994726467 3.7975185366530275996e-011 
4.57499999999986251 0.33062481006687521878 0.61285122992427198962 -2.5113158968095286028 5.3532316035281690193e-011 
4.5999999999998708589 0.33062581411240310469 0.61286060117927043667 -2.5113158968225923751 3.9790468826956366881e-011 
4.6249999999998792077 0.33062633814351050088 0.61284966499992066247 -2.5113158968307089935 3.4741277334927260337e-011 
4.6499999999998875566 0.33062626083168822344 0.61283335138052086322 -2.5113158968396858128 3.6494031612836604622e-011 
4.6749999999998959055 0.3306255170102766483 0.61286479744940736136 -2.511315896848064444 2.7877590087586968885e-011 
4.6999999999999042544 0.33062598386668773376 0.61288188417909561512 -2.5113158968526860804 1.5832655828326502918e-011 
4.7249999999999126032 0.33062674301857286618 0.61286279809813548614 -2.5113158968577105057 2.3040303063753490873e-011 
4.7499999999999209521 0.33062619511770774405 0.61286807480769689427 -2.5113158968633642054 2.385726875462270276e-011 
4.774999999999929301 0.33062624835339238238 0.61286086569829489878 -2.511315896869156461 1.9275385250446926742e-011 
4.7999999999999376499 0.33062586497284118803 0.61284198973824177692 -2.5113158968721966957 1.0670446079377806734e-011 
4.8249999999999459988 0.33062500355667989727 0.61285225672283472065 -2.5113158968753750422 1.2909799174685763567e-011 
4.8499999999999543476 0.33062569233755156883 0.61286769250583650326 -2.5113158968785214142 1.3126536592599536542e-011 
4.8749999999999626965 0.33062612243563499481 0.61287390656326568017 -2.5113158968813622529 9.9266431931592058609e-012 
4.8999999999999710454 0.33062575812441513667 0.6128636295742492246 -2.5113158968837745455 9.8609480025431409027e-012 
4.9249999999999793943 0.33062574214052192767 0.61285290518660429093 -2.5113158968858524389 7.1496126996761937372e-012 
4.9499999999999877431 0.33062576825742728825 0.61285706654072247268 -2.5113158968877136168 8.4619059935646115259e-012 
4.974999999999996092 0.33062591954589037879 0.61285532626227956499 -2.5113158968896192036 5.9450616060501002057e-012 
