0.025000000000000015266 0.59883041005490356135 0.00050647613702672553138 -2.2421924522538256852 0.042392219793767879632 
0.05000000000000003747 0.57263793091440506888 0.017844526931383691837 -2.2486665887710479694 0.063683770287140575861 
0.075000000000000052736 0.42284829828332543 -0.011616076781208128921 -2.2662279124318045476 0.10448074445292966639 
0.10000000000000007494 0.37919157939174841232 -0.055067985834792776423 -2.2958531311051117996 0.11968195823619298679 
0.12500000000000008327 0.20594157065322779565 -0.39949746936041408141 -2.3152392465833164792 0.065729224491398494101 
0.15000000000000010547 0.20957276724438894666 -2.2037685098604780087 -2.3288361886365960274 0.067463883556592108004 
0.17500000000000012768 0.30160429110842695843 -2.8913125498819143289 -2.3434005026303448282 0.067254983207520921407 
0.20000000000000014988 0.21971443238259300013 -1.6741893441561064293 -2.3569007814169000703 0.042777079327754367888 
0.22500000000000017208 0.20367029039973025273 -2.3382842064100599622 -2.3666607317899197582 0.060321829798064975636 
0.25000000000000016653 0.28245705742254900716 -2.063801281561686185 -2.3826820250051481409 0.0747512753277664449 
0.27500000000000018874 0.29631711420450224104 -0.4031365730838550876 -2.3960530794438259505 0.050584748953111005609 
0.30000000000000021094 0.30231233225735376635 -0.35539716983773750325 -2.4050499999258470041 0.030237786541869010604 
0.32500000000000023315 0.27995602193384672152 -0.29542667274169481795 -2.4144354517689241568 0.050760393683959431632 
0.35000000000000025535 0.27991859846040251236 -0.14407596995995280986 -2.4222009472779797434 0.027261031172404401324 
0.37500000000000027756 0.29593675700286142805 -0.66364558293974607039 -2.4306235765474450972 0.046135473409187124916 
0.40000000000000029976 0.25221533980442811806 -0.56619030816270310424 -2.4392277309403884722 0.027335157848298562155 
0.42500000000000032196 0.2656634125791509371 -0.85574050602581575031 -2.4451312144835464224 0.031559698050221206278 
0.45000000000000034417 0.27326042736002426059 -0.81895614794095639155 -2.4515833799312640728 0.026477691810638352699 
0.47500000000000036637 0.24997398888118502192 0.090956992409618520057 -2.4575718907701760152 0.026014504480137572856 
0.50000000000000033307 0.28569629728176282324 0.74294048111979404947 -2.4628657662035116083 0.021582680693408424349 
0.52500000000000035527 0.33810926223945098057 1.4562580236586633031 -2.4677958699137998444 0.025169771089334394554 
0.55000000000000037748 0.36350035859423884821 1.3334238634796471423 -2.4726162797852162534 0.017959025561744421801 
0.57500000000000039968 0.37085083139783220352 0.69937073080888390031 -2.4763239898691979946 0.014619559771668073911 
0.60000000000000042188 0.33209954724199747256 0.59516858084869694867 -2.4795502598973744313 0.016770001514052362834 
0.62500000000000044409 0.29877259263768979336 0.10021228302590179382 -2.4836064484921007711 0.017188771678789668829 
0.65000000000000046629 0.3006724730525139333 0.05797334444202717485 -2.4864280042437649776 0.011620749547839278812 
0.6750000000000004885 0.29730831595074680429 0.3683638547354805004 -2.4893172604519868685 0.011855240154902338748 
0.7000000000000005107 0.29823524988965932625 0.23803319421087054675 -2.4913043078753305259 0.0073145135555099279057 
0.72500000000000053291 0.29910344372946101599 0.27753382603532306128 -2.4927407844839755136 0.0060502233924653930561 
0.75000000000000055511 0.30635278350791306234 0.48396025155658528583 -2.4941764509444888098 0.0077453951801076141234 
0.77500000000000057732 0.32672681668925634968 0.77674476077121512585 -2.4962422300419198073 0.0098844991371019146065 
0.80000000000000059952 0.33944287801666589433 0.95245535375256562549 -2.4979649381947441888 0.0052233354104872873475 
0.82500000000000062172 0.34597674020782170912 0.57026187026651620204 -2.4991581260615358673 0.0067969204597494881775 
0.85000000000000064393 0.33472269908421559137 0.24377089249766437096 -2.5005909040859100045 0.005711061933967793644 
0.87500000000000066613 0.31379425717555797792 0.28991881725968626782 -2.5017565602841611572 0.0049760376717140428898 
0.90000000000000068834 0.31451860595995045911 0.61354107406793378932 -2.5028323367053180171 0.0043511451346252899217 
0.92500000000000071054 0.32446866365255622178 0.89961182587091537144 -2.5035778168278399747 0.0025782801089078151262 
0.95000000000000073275 0.34016497636419751327 0.73631389663243496102 -2.5041823881415972153 0.003522970414355098244 
0.97500000000000075495 0.3370247151775556671 0.4981023605305774371 -2.5050133053096841351 0.0037435844846373444658 
1.0000000000000006661 0.31738351294661082402 0.48666042921979246749 -2.5058369218632488007 0.0033768042793975660242 
1.0249999999999979128 0.32150849174208778747 0.57127707937727889576 -2.5064352239251146415 0.0019922849530298269126 
1.0499999999999951594 0.33308122619458074842 0.66925901635424323022 -2.5068288394964750587 0.0019704123175961416048 
1.0749999999999924061 0.34085405076855213036 0.65800247180214743725 -2.5072427632935792019 0.001823861118744083765 
1.0999999999999896527 0.3398080000087476682 0.57753205776551186368 -2.5076843276959266404 0.0020924394625143707439 
1.1249999999999868994 0.32121246547117165981 0.6015243134860419616 -2.5081187114533030069 0.0016431775464044568423 
1.149999999999984146 0.31253300778271458915 0.66090894281320422543 -2.5084389297386477935 0.0013368954566173054353 
1.1749999999999813927 0.31955292400646140294 0.59548955097654143742 -2.5087134711928373854 0.0013527413026953166979 
1.1999999999999786393 0.33046435850078009766 0.52057992492840132748 -2.5090174605778052808 0.0012545995794207844779 
1.224999999999975886 0.34026145857872325262 0.51894145378984513073 -2.5092487542102044351 0.00086444813734975979504 
1.2499999999999731326 0.33770967368000487374 0.59282822819261360436 -2.5094538109094273182 0.00096547172216705117506 
1.2749999999999703792 0.33277134633793520324 0.66855561724577472482 -2.5096454068196676346 0.00077625042461611118254 
1.2999999999999676259 0.33372023425863128754 0.68730826378176157476 -2.5098027150873796209 0.0007652047364909690284 
1.3249999999999648725 0.33267843209930525461 0.71653694395899003577 -2.509993117328622958 0.00089781703526898746451 
1.3499999999999621192 0.3297068121975174626 0.63371613557139472306 -2.5101528611066661334 0.00045052309144340073983 
1.3749999999999593658 0.32352389517319046774 0.51916661660523288901 -2.5102411035790606064 0.00047368858696097244313 
1.3999999999999566125 0.32064832197695386506 0.52561932357150475958 -2.5103475920354894058 0.00042940470311200431208 
1.4249999999999538591 0.32505373368755147157 0.55290339369474650333 -2.5104380358406426232 0.00049356287290169224141 
1.4499999999999511058 0.33040966111728575783 0.617451888627342238 -2.5105563688172836123 0.00044766225797781617661 
1.4749999999999483524 0.33693906598389045115 0.65075035310161510882 -2.5106299720727460745 0.00029041409009070471388 
1.4999999999999455991 0.33818237069213458179 0.6401541696025141448 -2.510701538643982822 0.00034922611806504109478 
1.5249999999999428457 0.33272565971851775224 0.64880264718996949469 -2.5107704443777731917 0.00025913794834314424383 
1.5499999999999400924 0.32821019661829570202 0.60227277684131930169 -2.5108150887017277597 0.00017323814519294789883 
1.574999999999937339 0.32725357200919508172 0.6145113545346008177 -2.5108634116214325616 0.00026857956348411528898 
1.5999999999999345857 0.33154659670854574882 0.64088561879256333853 -2.5109209545681592246 0.00022816230262458084624 
1.6249999999999318323 0.33287741548232696598 0.59488783377322551615 -2.5109640970043418662 0.00016850175787543349008 
1.649999999999929079 0.328713667360853945 0.60629961680924648881 -2.5109982047419632245 0.00015571144143663201323 
1.6749999999999263256 0.32747758104467905582 0.60137199964299570265 -2.5110316267959200687 0.00012971784204367917321 
1.6999999999999235722 0.32811749672851148185 0.57328122960271377107 -2.5110570874790214546 0.0001238792169402907887 
1.7249999999999208189 0.3303382347976800415 0.5845383740512387627 -2.511087206452233378 0.00013134369709596145962 
1.7499999999999180655 0.3326780032291605238 0.62268730716981957052 -2.5111108320128794347 8.7834887781956943477e-005 
1.7749999999999153122 0.33184680284982093212 0.67814760937526397111 -2.5111308518887214269 9.8548119576850299077e-005 
1.7999999999999125588 0.33140981968086424825 0.64313315043731422715 -2.5111533488149202498 9.8585054274455757796e-005 
1.8249999999999098055 0.33076047543247194538 0.59215768019124892518 -2.5111703810503782641 5.9178624385903618344e-005 
1.8499999999999070521 0.33057275764163490672 0.60226178299416799344 -2.5111826870806788214 5.6939207152569591491e-005 
1.8749999999999042988 0.33164261520115512205 0.59438818597803655397 -2.5111970077027425674 6.4770456436719873062e-005 
1.8999999999999015454 0.33028733357589706854 0.6066789609521732185 -2.5112087049177520548 4.9327652170023745181e-005 
1.9249999999998987921 0.32911605402526000752 0.60957942927757546858 -2.5112222084024660163 6.9441320802414040116e-005 
1.9499999999998960387 0.32943974700926498267 0.59380734496758558194 -2.5112328594929924641 2.3854988838722129303e-005 
1.9749999999998932854 0.32987574936029478989 0.6128700459271602119 -2.5112383998893812453 3.5481900390824969258e-005 
1.999999999999890532 0.33119182075735670301 0.63053164237728165364 -2.5112478595134395398 4.0925174937828863214e-005 
2.0249999999998880007 0.33165234016254158123 0.65068822841004070323 -2.5112547241439044932 2.6263409108939941009e-005 
2.0499999999998852473 0.33135725019252681989 0.62614588363469303456 -2.5112610420871019912 3.3084730240744362182e-005 
2.074999999999882494 0.33079858662712996464 0.57449025197587000324 -2.5112675198093605822 2.0638543298638321481e-005 
2.0999999999998797406 0.32960912812542125794 0.58848120777097168155 -2.5112715884175385028 2.0180535994437740773e-005 
2.1249999999998769873 0.32971296828808843715 0.60989915973505193225 -2.5112768401468072987 2.4274153604334142083e-005 
2.1499999999998742339 0.33083927274540819718 0.61950750561675638206 -2.511281017124332493 1.628957377652972638e-005 
2.1749999999998714806 0.33166219856045559 0.62819185692415158151 -2.5112842947786240266 1.301498029308563788e-005 
2.1999999999998687272 0.33123419996852432323 0.62009576925751297427 -2.5112872970628319358 1.4290678301482753073e-005 
2.2249999999998659739 0.3299771082729669458 0.61832950297392774708 -2.5112905773376690277 1.4117320255413058814e-005 
2.2499999999998632205 0.33021758742058582303 0.6063072314459451162 -2.5112935423032118898 1.3888619689078730921e-005 
2.2749999999998604672 0.33086925359047031359 0.6036153364731680071 -2.511295940368561741 7.2756113731526632059e-006 
2.2999999999998577138 0.33075803064112913043 0.61391035865540144467 -2.5112974015356681612 7.7653574417292838282e-006 
2.3249999999998549605 0.3305519737099986699 0.60783281411300482677 -2.5112994831843860055 9.2284769917944244706e-006 
2.3499999999998522071 0.33000858429145529804 0.61449438910062759156 -2.5113014516276388477 8.8091399851284251884e-006 
2.3749999999998494538 0.33018120665787531465 0.6181180869423626989 -2.5113029620334463843 5.3232079557457602842e-006 
2.3999999999998467004 0.33086136087194079058 0.61346807046614015846 -2.5113041267979205884 6.0553380311860040565e-006 
2.4249999999998439471 0.33104569918583914845 0.61722742857559231844 -2.5113054926765294717 5.0358126488741679225e-006 
2.4499999999998411937 0.33123000684873027399 0.61014158218307490422 -2.5113064601571180035 4.1574519713018672472e-006 
2.4749999999998384403 0.33075395275874985845 0.60869597154267007788 -2.5113074552624570224 5.2298395218704195206e-006 
2.499999999999835687 0.3301932879600985582 0.61053288056128640626 -2.5113084782798900108 3.5322855910874586676e-006 
2.5249999999998329336 0.33055096442747583518 0.6100250764135416448 -2.5113091171658505907 3.0870619917089969966e-006 
2.5499999999998301803 0.33077250020130655184 0.61875061830439193056 -2.5113099169842221237 3.0837118884159784522e-006 
2.5749999999998274269 0.33065738308081776831 0.61781688139071377908 -2.5113104122772216265 2.2525904285639408186e-006 
2.5999999999998246736 0.33040983286298813981 0.61413206019105726075 -2.5113110670088452103 3.3268710962975644114e-006 
2.6249999999998219202 0.33020078447262207755 0.6119566520748748184 -2.511311618092789022 1.7773607224627069413e-006 
2.6499999999998191669 0.33044104979288668744 0.60704888767658349291 -2.5113119980718212609 1.7403758553024694002e-006 
2.6749999999998164135 0.33080111941094386685 0.61037532230564539582 -2.5113124197819463035 1.8734002813943812868e-006 
2.6999999999998136602 0.33107932583322730036 0.61156692443820970251 -2.5113127651296163201 1.4094487157313631955e-006 
2.7249999999998109068 0.33096702240066405709 0.6132514409974689773 -2.5113130992550822818 1.7310158942988729083e-006 
2.7499999999998081535 0.33049651540263369487 0.61724976452223745405 -2.5113134462507167299 1.1562960755850294577e-006 
2.7749999999998054001 0.33034770916042377475 0.6151022603303505365 -2.5113136377009444011 7.9053474430643611437e-007 
2.7999999999998026468 0.33051287678753499266 0.61452736303347221813 -2.5113138692546499442 1.2662423177323147511e-006 
2.8249999999997998934 0.33079013726138944973 0.61173232986867953631 -2.5113141231572915224 9.5364371636065555289e-007 
2.84999999999979714 0.33080142410983576218 0.60999585182305904318 -2.5113142985823944109 7.4829339425418872674e-007 
2.8749999999997943867 0.33045849302950103255 0.61324001157116359018 -2.5113144616014428934 6.4889785947357560089e-007 
2.8999999999997916333 0.33041746241092595504 0.61174025259647124564 -2.5113145882425857991 5.7789386291095172314e-007 
2.92499999999978888 0.33059433779026026201 0.61111851463059585488 -2.51131473417515938 6.9788989065831684787e-007 
2.9499999999997861266 0.33071702317433798735 0.61308227380743085533 -2.511314873622741306 5.8053494254913580547e-007 
2.9749999999997833733 0.33074926449274316687 0.61462578193843087071 -2.5113149885226775382 4.3329021870621846523e-007 
2.9999999999997806199 0.33056154579746360733 0.61541022257418143138 -2.5113150646041755287 2.8376734383800527272e-007 
3.0249999999997778666 0.33054252490308383416 0.61201006590179685141 -2.5113151351329521255 3.9700690987029759734e-007 
3.0499999999997751132 0.33070164370421029076 0.61109671834713363836 -2.5113152296463789881 4.0559350104765430044e-007 
3.0749999999997723599 0.33073705741196007812 0.61351295292975971396 -2.5113153096878964021 3.335051165111243947e-007 
3.0999999999997696065 0.33074173287355523865 0.61388338658171526241 -2.5113153712649154414 2.0231583202796071239e-007 
3.1249999999997668532 0.33063124422737610875 0.61319094664007067763 -2.5113154114607074696 2.2931146341506080158e-007 
3.1499999999997640998 0.33048501198398649858 0.611337498106999222 -2.5113154695169619401 2.3961302201739902622e-007 
3.1749999999997613465 0.33046867622740527803 0.61110027081061679688 -2.5113155122678385567 1.7005617648794966186e-007 
3.1999999999997585931 0.33053537534851534785 0.61287133613778133068 -2.5113155519284164896 1.8466982545374787267e-007 
3.2249999999997558398 0.33068545164994100904 0.61417556777700266224 -2.5113155901121779756 1.6340701949831881824e-007 
3.2499999999997530864 0.33073140854893018359 0.61494873815018624708 -2.5113156222477970303 1.3469082747193169168e-007 
3.274999999999750333 0.33066212167499259289 0.61298811247182694029 -2.5113156518545141083 1.2530180909404235041e-007 
3.2999999999997475797 0.3306468228191570824 0.6110543376631771828 -2.5113156753914442909 8.9403805461284751363e-008 
3.3249999999997448263 0.33063001440391581731 0.61232589916913304773 -2.5113156975162298501 1.143223922470957388e-007 
3.349999999999742073 0.33063378619747535447 0.61338102271027350465 -2.5113157197727913328 8.6985517303710615257e-008 
3.3749999999997393196 0.33064508679704202043 0.61310401094145161593 -2.5113157367829255229 7.3466954922142717615e-008 
3.3999999999997365663 0.3306109357830669393 0.61263864367074893913 -2.511315755064603028 8.6286491571530693644e-008 
3.4249999999997338129 0.33057422913427170208 0.6126906444660954465 -2.5113157721908856423 5.9116395742066065075e-008 
3.4499999999997310596 0.33055216004657661522 0.6131609967151113727 -2.5113157820918421415 4.8753112456516979001e-008 
3.4749999999997283062 0.33062269637908392461 0.61306106431548124114 -2.5113157943260064897 5.3413902849493127563e-008 
3.4999999999997255529 0.33070126272003647072 0.61287307137229729559 -2.5113158038114469228 3.8471571019880810449e-008 
3.5249999999997227995 0.33065917125447641389 0.61274593448452141509 -2.5113158148196581543 5.4358441385972056928e-008 
3.5499999999997200462 0.33060741701971857465 0.61246165108373462616 -2.5113158248099232139 3.6902146630767167089e-008 
3.5749999999997172928 0.33059903328179973681 0.61266811027875545115 -2.5113158319534609753 3.0260811487017420057e-008 
3.5999999999997145395 0.3306267929581397369 0.61319404574195157664 -2.5113158374205970524 2.2820404805961783688e-008 
3.6249999999997117861 0.33065505126157557214 0.61343944438099651251 -2.5113158436042106736 2.8853345019008896164e-008 
3.6499999999997090327 0.33063428643503489646 0.6131561250270590735 -2.5113158494591272252 2.4226952028181378819e-008 
3.6749999999997062794 0.33062532588331383643 0.61247079898741918491 -2.511315854691353433 2.4356734028162623488e-008 
3.699999999999703526 0.33060836753313366243 0.61214062778962707867 -2.511315859376141546 1.8797974745581798428e-008 
3.7249999999997007727 0.33058817148770391903 0.6125374127184145534 -2.5113158629315979198 1.3621720163142977243e-008 
3.7499999999996980193 0.33063002372181898858 0.61307335169584797896 -2.5113158666011217157 1.8273052734593284982e-008 
3.774999999999695266 0.33065824292499118586 0.61328212965736661477 -2.511315869782586141 9.9281145411699633434e-009 
3.7999999999996925126 0.330645084721722049 0.61318020806896755825 -2.5113158720214738828 1.3742690479806395377e-008 
3.8249999999996897593 0.33062083607876507907 0.61304976862532423176 -2.5113158750879884806 1.1657358381368206546e-008 
3.8499999999996870059 0.33059719345775046007 0.61298393682939888993 -2.5113158773504915544 9.810187898879140663e-009 
3.8749999999996842526 0.33061399695446108682 0.61258490321515446375 -2.5113158796590342448 1.0062676724341604379e-008 
3.8999999999996814992 0.33063832737330584033 0.61230290561781841596 -2.5113158815005718338 6.3656617447383167977e-009 
3.9249999999996787459 0.33063925386151787889 0.61261241894854656653 -2.5113158824131920355 4.3494739219330648053e-009 
3.9499999999996759925 0.33063097446193590034 0.61289801677981448069 -2.5113158841287557266 9.9166594161673602301e-009 
3.9749999999996732392 0.33061554152734007328 0.61312271225030978705 -2.5113158858389352801 4.6101870230157790639e-009 
3.9999999999996704858 0.33061938672437335418 0.61325921412012462941 -2.5113158868317655426 5.4516537525220706311e-009 
4.0249999999996788347 0.33063695623474287366 0.61303357404369829275 -2.5113158879261687773 4.1144968708335669882e-009 
4.0499999999996871836 0.33064205998712131729 0.6128051605002345914 -2.5113158887341642256 3.7477951723454636105e-009 
4.0749999999996955324 0.33062823255851764293 0.61272657135479169366 -2.5113158896559992783 4.1653246407822438555e-009 
4.0999999999997038813 0.33060342502751066673 0.61277286079447612632 -2.5113158904083245915 2.4935832011650422986e-009 
4.1249999999997122302 0.33060571140714761773 0.61268608973666183193 -2.5113158909865007651 3.3942719481088185228e-009 
4.1499999999997205791 0.33062679789229554306 0.6125528160854106785 -2.5113158917639810674 2.9624828675465112223e-009 
4.1749999999997289279 0.33063607850688936374 0.61289500223842818816 -2.5113158922442662124 1.9546482162780106692e-009 
4.1999999999997372768 0.33063700749997992911 0.61320220905485112173 -2.5113158927354621852 2.1497646903682308588e-009 
4.2249999999997456257 0.33062802336222324451 0.61311681996611289147 -2.5113158931593329015 1.8550653433351974088e-009 
4.2499999999997539746 0.33062617881310518708 0.61289650901880565748 -2.5113158935329531474 1.4335079628185837711e-009 
4.2749999999997623235 0.33063179953830207358 0.61268501334684932758 -2.5113158938465405257 1.6814922050624535332e-009 
4.2999999999997706723 0.33062631364345146379 0.61275878798538929715 -2.5113158942395314988 1.5379806883483685435e-009 
4.3249999999997790212 0.33062538165288263281 0.61284361026865663558 -2.5113158945134741451 1.1496650036924832586e-009 
4.3499999999997873701 0.3306231011242903306 0.61281230628154004236 -2.5113158947586602388 1.015271054573630369e-009 
4.374999999999795719 0.33061366960124322079 0.61286892029956885342 -2.5113158949675811193 8.727184739962006011e-010 
4.3999999999998040678 0.33061640563733146747 0.61284389726126053954 -2.5113158951392064999 7.5359645474791793901e-010 
4.4249999999998124167 0.33062608024984091459 0.6128904391890601655 -2.5113158953393210915 1.0445944220365956486e-009 
4.4499999999998207656 0.33063441692258777049 0.61295025744126063749 -2.5113158955390582072 6.9438953557813939601e-010 
4.4749999999998291145 0.33063563647658800182 0.61287138197129642503 -2.5113158956661818522 5.274492010373936003e-010 
4.4999999999998374633 0.33062892869819704433 0.61285307400247668319 -2.5113158957889787359 5.5351836671455766392e-010 
4.5249999999998458122 0.33062623793222611912 0.6128176531105176128 -2.5113158958931331988 4.0582560991621267359e-010 
4.5499999999998541611 0.33062537329333319125 0.61284233105445384826 -2.5113158959961152661 5.8773652494344236082e-010 
4.57499999999986251 0.3306247116473575165 0.61290475614264927628 -2.5113158961196431207 4.2047026097351177551e-010 
4.5999999999998708589 0.33062460465529242004 0.612855930951571648 -2.5113158961837362959 2.4545225831762630552e-010 
4.6249999999998792077 0.33062111021639867259 0.61284206375945682321 -2.5113158962569874788 3.7614976180330135487e-010 
4.6499999999998875566 0.33061999436131661589 0.61281042552250475364 -2.5113158963250072908 2.6365847170722949762e-010 
4.6749999999998959055 0.33062340198493944676 0.61283007526921640107 -2.5113158963870700902 3.1689311236302911476e-010 
4.6999999999999042544 0.33062995430992336843 0.61291673611428432178 -2.5113158964485351454 1.9400720929698461533e-010 
4.7249999999999126032 0.33063380704300171509 0.61289533743490132167 -2.5113158964847714927 1.6515743668018655411e-010 
4.7499999999999209521 0.33062893519558367306 0.6128829122333201429 -2.5113158965261761502 2.1043718135783401003e-010 
4.774999999999929301 0.33062450175766555649 0.61285092176059563496 -2.5113158965734632133 2.1582686778576729849e-010 
4.7999999999999376499 0.33062360431753068379 0.61281862727459490703 -2.5113158966106299275 1.1612261938356295378e-010 
4.8249999999999459988 0.33062358357583349067 0.61287357894518801338 -2.5113158966350641599 1.1110455613049604192e-010 
4.8499999999999543476 0.33062585501144625688 0.61287176631299467022 -2.5113158966605984013 1.1903142969654877919e-010 
4.8749999999999626965 0.33062626835416486504 0.6128552704445497934 -2.5113158966886004464 1.3389292943490092818e-010 
4.8999999999999710454 0.33062559104119260134 0.61283918625824773674 -2.5113158967131345989 9.4176079701815609896e-011 
4.9249999999999793943 0.33062554958942497185 0.61282565640266761786 -2.511315896731683317 7.0581121270147272625e-011 
4.9499999999999877431 0.33062523516174480154 0.61288343866826722195 -2.5113158967481186146 7.8501192686383709455e-011 
4.974999999999996092 0.33062728027309318257 0.61289664756996997674 -2.5113158967651991738 7.0119310632789551333e-011 
