0.025000000000000015266 0.59857336287699658417 0.00050469169513702935581 -2.242512096594270421 0.042203972746565385221 
0.05000000000000003747 0.57254683740116152357 0.017775550196318740115 -2.2492044534176978132 0.063128983292439447284 
0.075000000000000052736 0.42366829839282688086 -0.011200128316499635694 -2.2672993918806447766 0.1033716824728821565 
0.10000000000000007494 0.38067132436155609598 -0.055006376486943286963 -2.2978193696333275575 0.11851558045764529203 
0.12500000000000008327 0.20836914935794975667 -0.40106648658599475255 -2.317774901263511822 0.064724657517498007664 
0.15000000000000010547 0.2109743314543572057 -2.1840273785533153017 -2.331602871842333613 0.065526639921804075151 
0.17500000000000012768 0.30147754097195750278 -2.8563758833643064783 -2.3463486381287990135 0.065457853890545647513 
0.20000000000000014988 0.22130808667305046367 -1.6583509553462094654 -2.3599230730366649311 0.040792356441585769788 
0.22500000000000017208 0.20408975388585234856 -2.2972173602493937139 -2.3694804944233527344 0.056544309989252673765 
0.25000000000000016653 0.27892837802992981322 -1.9854954377683764477 -2.3854318473824100977 0.073811621071252248028 
0.27500000000000018874 0.30407330373847174521 -0.31431853885792176984 -2.3995349223813602357 0.051203674574246849094 
0.30000000000000021094 0.31532596199716744767 -3.36511373424371385 -2.4089086942282271764 0.030536637778058664527 
0.32500000000000023315 0.28544810213822818801 0.061711066067323461226 -2.4187897113195915288 0.051070118571381481476 
0.35000000000000025535 0.284867555455039001 -0.012441880296100826797 -2.4268063126914682925 0.025486631005166397734 
0.37500000000000027756 0.29275639693692584453 -0.82829500009912604419 -2.4346015909721483439 0.040395967418863053255 
0.40000000000000029976 0.25333393927689745739 -0.65731186356632720358 -2.4426615553508863599 0.026515760301084163875 
0.42500000000000032196 0.27455407678493676249 -0.73665213201121693132 -2.4487898990476111294 0.029755374529731704047 
0.45000000000000034417 0.29273984384376194878 -0.61395924207963026298 -2.4551648057170409878 0.026500994396644616397 
0.47500000000000036637 0.27953481470790481067 0.21762378029299478399 -2.4614252911229725918 0.027241497244521156729 
0.50000000000000033307 0.30872262096197700121 0.84140149950603182472 -2.4669607703744755867 0.019304793085915449014 
0.52500000000000035527 0.3418259581598638297 1.4527150755983710972 -2.4715051344582361637 0.022341702131723630009 
0.55000000000000037748 0.36734281547551034253 1.1746984786777256993 -2.4757111915258747104 0.012564601476446994599 
0.57500000000000039968 0.37126805462985384976 0.81971900774037809168 -2.4787726108342948983 0.017835008925550267789 
0.60000000000000042188 0.31807418045138508012 0.81835798697192185802 -2.4830796528136600543 0.016660170995458620236 
0.62500000000000044409 0.29470566194496622403 0.0039861425095690794507 -2.4866169435516374264 0.013759547187231661175 
0.65000000000000046629 0.2954470272319656976 -0.28876491168913343 -2.4888835624514715761 0.0078780742847486262548 
0.6750000000000004885 0.28390745324675720207 0.23522366385141113554 -2.4912209826277451619 0.011996695449863608099 
0.7000000000000005107 0.29537103337229614342 0.5302192431133928574 -2.493465614106769479 0.0068926820907402614608 
0.72500000000000053291 0.3180064326776971817 0.6044077018431884829 -2.4950113859650238091 0.0068664150259946897525 
0.75000000000000055511 0.33162120368892789024 0.66609775627700373857 -2.4964177362397554916 0.0067570274408351744394 
0.77500000000000057732 0.3387626687685980631 0.91126369647457339251 -2.4984459100583857882 0.0092447251716019744616 
0.80000000000000059952 0.3356417423978063086 0.88444365234625921257 -2.4999332570748671323 0.0042695956219608536403 
0.82500000000000062172 0.3399795804260075105 0.29319227283599147427 -2.5010321385046383469 0.0050306218603247427473 
0.85000000000000064393 0.33727655739083278741 0.11962233244006259536 -2.5020375563371541894 0.0045233086836344018819 
0.87500000000000066613 0.32052185399024063495 0.49203492396177872514 -2.503212562668442942 0.0049537671581101234974 
0.90000000000000068834 0.31597865290901228086 0.73703558142696168343 -2.5040764170517286757 0.0029787617467445163914 
0.92500000000000071054 0.32446748139605607886 0.76800214208906192326 -2.5047982001268671581 0.0029248495835372122394 
0.95000000000000073275 0.3328180172690508587 0.66323381596384578529 -2.5054544904124544935 0.0032697428001904893513 
0.97500000000000075495 0.32216334941333196751 0.55345105994385723758 -2.5061555120575667033 0.0026279804750467769016 
1.0000000000000006661 0.31737721490571479954 0.49067404323761210083 -2.5067517704103892129 0.0026884091564867555225 
1.0249999999999979128 0.33314010455206993777 0.54240207848875443553 -2.507267643425537873 0.0014431856798809610323 
1.0499999999999951594 0.33746127282395693703 0.69689837155799649882 -2.5076079168294445054 0.0018755734285204569197 
1.0749999999999924061 0.33778299075630052739 0.6498487522778333414 -2.5080004361378023248 0.0015591519505966974345 
1.0999999999999896527 0.3376519701736029333 0.54946248301043665307 -2.5084180717381459047 0.0019525715577434774387 
1.1249999999999868994 0.32630357839851209523 0.66569916042541521506 -2.5087387857372154265 0.00087417749920792441748 
1.149999999999984146 0.32125414387396517002 0.65137436164584050502 -2.5089986319022674621 0.0013094495219895772864 
1.1749999999999813927 0.32106687003586259488 0.54398149664164618944 -2.5092326442596792901 0.00090184627446104469618 
1.1999999999999786393 0.32782619205715585187 0.55529085181366166779 -2.509470367890106246 0.0010704508871957226206 
1.224999999999975886 0.33708721949940645413 0.54412069517199090907 -2.5096728303827759987 0.0007673471525382976775 
1.2499999999999731326 0.33250270109631030468 0.58747179709670060976 -2.5098684762573659768 0.00078591476921612034908 
1.2749999999999703792 0.33117357277042286379 0.66115910775577990677 -2.5100048553447584787 0.00053437497904212764594 
1.2999999999999676259 0.33564346206709699816 0.68244383700036548301 -2.510139789236594865 0.00061369359656128930763 
1.3249999999999648725 0.33104782706015273286 0.68306334286040248926 -2.510276603574388421 0.00061403529238289943862 
1.3499999999999621192 0.32575776873736134176 0.60616138979965550337 -2.5104055535950697831 0.00041063830800072898724 
1.3749999999999593658 0.32532979879435808268 0.56574063165731869329 -2.5104892212913756389 0.00040206804435562794884 
1.3999999999999566125 0.3286623418690349796 0.55527995007739716637 -2.5105760337302438501 0.00032552410937749018784 
1.4249999999999538591 0.33063411942421827572 0.55208088625586060338 -2.5106581898089519456 0.00042554949384178951139 
1.4499999999999511058 0.33088358076592722101 0.629484240664406558 -2.5107367441461043711 0.0001969140184067865037 
1.4749999999999483524 0.33445133609548888254 0.64567597918844421567 -2.5107859659783478001 0.00029452211132015282662 
1.4999999999999455991 0.33406193782744331155 0.62365984354767400877 -2.5108553381899874068 0.00027125865223166193297 
1.5249999999999428457 0.33021772455043435501 0.62361692699024251496 -2.5109087113614085851 0.00019965865963182604054 
1.5499999999999400924 0.32846773659512545906 0.61123894853706861596 -2.5109438419868124193 0.00012062115130565651704 
1.574999999999937339 0.3284996861103771093 0.63993162648056090003 -2.51098030887641821 0.00019590995822250543631 
1.5999999999999345857 0.33152427119551913792 0.61539360277517918263 -2.5110249970933580244 0.00017768451648255786826 
1.6249999999999318323 0.33124274259360164674 0.59323289184940120045 -2.5110559659230649032 0.00010556151131583968602 
1.649999999999929079 0.32861712019294259113 0.62818720497832458705 -2.5110810824120086693 0.00011561818534593422826 
1.6749999999999263256 0.32967723645505436769 0.58780231616227696101 -2.5111086020260868779 0.00011613647892493225158 
1.6999999999999235722 0.33033655241652976065 0.56061385982667066852 -2.5111311357685921486 7.9435579404917423894e-005 
1.7249999999999208189 0.33091440963166413036 0.59491733819687420137 -2.5111499240190142679 9.2919611308971483753e-005 
1.7499999999999180655 0.33165543524560919808 0.64207654721151063981 -2.5111683916099400982 6.5207145888492666478e-005 
1.7749999999999153122 0.33143784691018446376 0.67459970566173799167 -2.5111840695688294467 6.8606294238346944244e-005 
1.7999999999999125588 0.33214976776413124293 0.63382715929526844967 -2.5111985365483833199 5.9569436095312827315e-005 
1.8249999999999098055 0.33097023996808688784 0.60202165193714307634 -2.5112126835314363404 5.9126684949243695194e-005 
1.8499999999999070521 0.32959599173533210559 0.59699774669516325609 -2.5112226694922883397 3.9131242805419672634e-005 
1.8749999999999042988 0.32980202669826463868 0.58094578342386937742 -2.5112332833408519406 4.0449592399065496665e-005 
1.8999999999999015454 0.3292258051846062572 0.597153739438954001 -2.5112403810837191642 3.3307924729568700738e-005 
1.9249999999998987921 0.329670999321221736 0.60963045671212112708 -2.5112506221911008453 4.4077549202117938102e-005 
1.9499999999998960387 0.33061584246949649035 0.61781193257778477257 -2.5112569632113719287 2.2012022583882360767e-005 
1.9749999999998932854 0.33126302495960863181 0.62749212801303011489 -2.5112635728611349961 2.9255131725551351802e-005 
1.999999999999890532 0.33182566798555124254 0.6262926354934738038 -2.5112692302433070601 2.3336045008458584124e-005 
2.0249999999998880007 0.33102459921295923628 0.63711930040298492273 -2.5112745167152832337 1.781511264244815224e-005 
2.0499999999998852473 0.33094733889249311476 0.60829884981570747637 -2.5112782432886757711 2.0848031369698157472e-005 
2.074999999999882494 0.33109469863590773597 0.57905717690955127441 -2.5112825453205149806 1.3807733815031292266e-005 
2.0999999999998797406 0.32980045587283457476 0.60501672825326202609 -2.5112863139015613179 1.9651195436616209649e-005 
2.1249999999998769873 0.32955921446468855462 0.61649095505279649654 -2.5112898869851836281 9.830675866644899625e-006 
2.1499999999998742339 0.33051421268071479176 0.6156744646859292347 -2.5112925814315465445 1.4731595541134624385e-005 
2.1749999999998714806 0.33111007103637379867 0.61982620513391328831 -2.5112948681964115671 6.1676959381016851686e-006 
2.1999999999998687272 0.33069945636338521355 0.61996141724153808195 -2.5112968896539138441 1.0845375079810432102e-005 
2.2249999999998659739 0.33012354979883806738 0.61918477004677974218 -2.5112991214321320754 8.9276117516033634195e-006 
2.2499999999998632205 0.33072407005166543081 0.60372712781773396618 -2.5113014378669733517 9.1380769763999851918e-006 
2.2749999999998604672 0.33107212831934079711 0.60193163483917266898 -2.5113026044805089043 3.8611440777834663899e-006 
2.2999999999998577138 0.33079682322604814226 0.61286191464582506772 -2.51130399921260139 6.9992197880359701426e-006 
2.3249999999998549605 0.33072619157221044839 0.61534315549943918722 -2.5113053438181047738 5.3372010974542040236e-006 
2.3499999999998522071 0.33054372089221040198 0.62109043811841335714 -2.5113066608888066078 4.6660969023606446905e-006 
2.3749999999998494538 0.33056610758472648737 0.61635160757281537425 -2.511307400637782461 3.477581476884584561e-006 
2.3999999999998467004 0.33042898369466444652 0.61098638197716870213 -2.5113083854599791422 4.4375620282831677573e-006 
2.4249999999998439471 0.33037337143385325788 0.6112283923769037397 -2.5113093219766988717 3.7734361074979532582e-006 
2.4499999999998411937 0.33081422304577468019 0.60532527246536016463 -2.5113100001890882318 1.894105380507509142e-006 
2.4749999999998384403 0.33062299985049542483 0.60988502710240599658 -2.5113105860681828041 3.5040351793433732443e-006 
2.499999999999835687 0.33048178121604127044 0.61505554708255172347 -2.5113111988092593485 1.7490089345683342395e-006 
2.5249999999998329336 0.33083832629298015604 0.61540323012335185204 -2.5113116539738324917 2.36902748243696826e-006 
2.5499999999998301803 0.33075867083791188339 0.61804459702246949959 -2.5113121327240857106 1.6433360417338568339e-006 
2.5749999999998274269 0.33064824800683623174 0.61459061585317142917 -2.5113125631352324341 2.0943216766508371084e-006 
2.5999999999998246736 0.33054383872939879785 0.61373275943850980063 -2.5113129560818112651 1.3551580374572905286e-006 
2.6249999999998219202 0.33040796336301175851 0.61151881291477028224 -2.5113132501914634531 1.2593002131498996179e-006 
2.6499999999998191669 0.33059362808071340867 0.6064172561526601779 -2.5113135078018093971 1.0375798818713707408e-006 
2.6749999999998164135 0.3307242482322367283 0.61040029345979096576 -2.5113137696751057781 1.1027683174293313585e-006 
2.6999999999998136602 0.33076510945757964244 0.61344357389888493071 -2.5113140016497803586 1.0319775432755717812e-006 
2.7249999999998109068 0.33072213326312971393 0.6139632725658692447 -2.5113142360894760152 9.6115276239192845867e-007 
2.7499999999998081535 0.33055443171136089653 0.61593279922073684851 -2.5113144225020502809 6.7804436237679635589e-007 
2.7749999999998054001 0.33048995341796028047 0.61608859446815489314 -2.511314557510450296 4.7467479238168524226e-007 
2.7999999999998026468 0.33053720881143661137 0.61415277696781511718 -2.5113146856857841982 7.0324329661260983705e-007 
2.8249999999997998934 0.33071769643413878592 0.60950571004307085854 -2.5113148372602038805 5.8406074988710191433e-007 
2.84999999999979714 0.33072210914161659367 0.61048882680031679726 -2.5113149629081963354 4.8480847537600759844e-007 
2.8749999999997943867 0.3305315902495508662 0.61406986285681652848 -2.5113150514733137975 3.364562033734681825e-007 
2.8999999999997916333 0.33058314500253882517 0.61142259264032650101 -2.5113151427484536882 4.2221749696294559517e-007 
2.92499999999978888 0.33068243082991494175 0.61156853922383103139 -2.511315227760875235 3.3437715369249030654e-007 
2.9499999999997861266 0.33069295667934756056 0.61458516705405630276 -2.5113152984506870169 2.9889082941441493375e-007 
2.9749999999997833733 0.33063383995323475384 0.61478872667508233096 -2.5113153687716351925 2.7758345286391797002e-007 
2.9999999999997806199 0.33052823095941175069 0.61361211141933702518 -2.5113154179902834606 1.7810946613474887976e-007 
3.0249999999997778666 0.33063959069452342199 0.61158321936844939337 -2.5113154687739065452 2.5687354810648469666e-007 
3.0499999999997751132 0.33070041592458737645 0.61194602872385928105 -2.5113155209004207613 2.1286682541741595377e-007 
3.0749999999997723599 0.33059875771934371658 0.61348300237394071122 -2.5113155676718053044 1.5896884655315711231e-007 
3.0999999999997696065 0.33063039983088426954 0.61328240898986363661 -2.5113155936461284412 1.0018872454701114041e-007 
3.1249999999997668532 0.33063087722682882319 0.6127983477697510617 -2.5113156254669957157 1.6701791114993831984e-007 
3.1499999999997640998 0.3305632366368724262 0.6117541227106555457 -2.5113156598431647382 1.3150459907132505771e-007 
3.1749999999997613465 0.33056771826414299564 0.61186265825821217756 -2.5113156845326818356 8.6652655054521242e-008 
3.1999999999997585931 0.33062394228713565258 0.61345830523017608193 -2.5113157065362416986 1.0421611892192114464e-007 
3.2249999999997558398 0.33069890526383566298 0.61408567295651583784 -2.5113157286853464711 8.3892703680753726026e-008 
3.2499999999997530864 0.33067917175242017569 0.61378638681760688822 -2.5113157471686995414 8.084183614801615298e-008 
3.274999999999750333 0.33063771379074807788 0.61259201294252352277 -2.5113157611676091285 4.7091240352000950859e-008 
3.2999999999997475797 0.33064245220861482322 0.61195191246193214596 -2.5113157757136055359 7.5150310566311770233e-008 
3.3249999999997448263 0.33060450878909330985 0.61261305499939555652 -2.5113157909259848921 5.5786628136870673277e-008 
3.349999999999742073 0.33059073388667220561 0.61285922538854809005 -2.5113158030264703946 4.3830353535466825843e-008 
3.3749999999997393196 0.33060582307468172614 0.61293696756947702031 -2.5113158104163071371 3.8388396268458761144e-008 
3.3999999999997365663 0.3306109059751477508 0.61286796455832270869 -2.5113158215307032073 4.3194824046380917723e-008 
3.4249999999997338129 0.33061309816696343722 0.61274581505688408001 -2.5113158293095576568 3.1022534060703598467e-008 
3.4499999999997310596 0.33060348022329860695 0.61321798353465439835 -2.5113158368381651719 3.0256558288746234933e-008 
3.4749999999997283062 0.33064898094619521451 0.6130208783269888162 -2.5113158431684574623 2.9757043140757165955e-008 
3.4999999999997255529 0.33068526525158464802 0.61252711486028399435 -2.5113158489791418404 1.9490583590168103353e-008 
3.5249999999997227995 0.3306449561895768996 0.61280997990081698124 -2.5113158540531417273 2.3713948467864534395e-008 
3.5499999999997200462 0.33061945503947348657 0.61294996274600932473 -2.5113158587870105798 1.8619380494361897265e-008 
3.5749999999997172928 0.33061515667469587587 0.61292215468383870469 -2.5113158635293006959 1.9706506958813983186e-008 
3.5999999999997145395 0.33061807493213651865 0.61303942925170729072 -2.5113158663167864937 9.8003944325385143074e-009 
3.6249999999997117861 0.33061609029721888975 0.61299728995317548375 -2.511315869811125534 1.7417503828114388213e-008 
3.6499999999997090327 0.33060250029783017078 0.61279352393422659162 -2.5113158728824922505 9.9595014353487654748e-009 
3.6749999999997062794 0.33062135506264161977 0.6124642093938443832 -2.5113158755593136817 1.2202700045693768529e-008 
3.699999999999703526 0.33062983396223166732 0.61248697364001569721 -2.5113158777299515734 9.0738317149842510739e-009 
3.7249999999997007727 0.33062209235913830874 0.61289329965878081019 -2.5113158798907733171 8.258121603587425354e-009 
3.7499999999996980193 0.33063794742289143169 0.61313427448688451182 -2.5113158816869693979 8.0889296983348784077e-009 
3.774999999999695266 0.33064543010501029618 0.6131807439234991941 -2.5113158834170210554 5.8460633033140314928e-009 
3.7999999999996925126 0.3306423264094617287 0.61302263905230414132 -2.5113158847281948916 6.8947557908021575131e-009 
3.8249999999996897593 0.33062302800789600266 0.61295248215569886341 -2.511315886133559161 4.7959768657006784443e-009 
3.8499999999996870059 0.33060344770527122504 0.61291696061370892767 -2.5113158872685179546 5.4124460442677217358e-009 
3.8749999999996842526 0.33062025579071324666 0.61248070980003355146 -2.5113158884318016462 4.190256356353693025e-009 
3.8999999999996814992 0.33062845349423686248 0.61238608154700402419 -2.5113158893041487296 3.4544822501129479356e-009 
3.9249999999996787459 0.33062208150014765762 0.61280198391860118967 -2.5113158899650644962 3.067861406313986893e-009 
3.9499999999996759925 0.3306268256567007624 0.61305891630482534094 -2.5113158908633281818 4.1696676676724368996e-009 
3.9749999999996732392 0.33062651095125983325 0.61317664803387472716 -2.511315891560496727 1.821593730108453494e-009 
3.9999999999996704858 0.33062719860382261405 0.61306683311073162379 -2.5113158920349891723 2.5442365026550177585e-009 
4.0249999999996788347 0.33063020237215678954 0.61285460591102902672 -2.5113158925573459967 2.0645121908508367096e-009 
4.0499999999996871836 0.33063096453440293798 0.6127666196458914083 -2.5113158930997152574 2.5742653718313740465e-009 
4.0749999999996955324 0.33062800413362081198 0.61271256655680195191 -2.5113158935381827419 1.1484214418276274956e-009 
4.0999999999997038813 0.33061828373336676901 0.61281199683960962954 -2.5113158938167741141 1.3830339292973719651e-009 
4.1249999999997122302 0.33062020476632730803 0.61281887007169399961 -2.5113158941478812558 1.6137523994188906016e-009 
4.1499999999997205791 0.33062834127765705627 0.61274584846990232112 -2.5113158944998263955 1.2289334853026934369e-009 
4.1749999999997289279 0.33062880001315692047 0.61291690111934093999 -2.5113158947370375351 1.0521277896447431362e-009 
4.1999999999997372768 0.33062653817476850282 0.61304242637712735853 -2.5113158949887344207 9.7349979884858664935e-010 
4.2249999999997456257 0.33062418506492974313 0.61298553844907832655 -2.511315895195583181 9.0645364394408193619e-010 
4.2499999999997539746 0.33062877121404565806 0.61282193543170926375 -2.5113158953663075046 5.5746276511332722703e-010 
4.2749999999997623235 0.33062860851830627729 0.61273573023659266834 -2.5113158955064274203 7.8399991337264065437e-010 
4.2999999999997706723 0.33062151098215419864 0.61284471010113006351 -2.5113158956968479885 7.0548299457548349728e-010 
4.3249999999997790212 0.33062563186607168975 0.61284599244591630995 -2.5113158958275221266 4.9570731997671961296e-010 
4.3499999999997873701 0.33062705280768261984 0.61283039457941901329 -2.5113158959336043807 4.5577364892663574861e-010 
4.374999999999795719 0.33062227236155278254 0.61288573049160477435 -2.5113158960378383355 4.636728658031158665e-010 
4.3999999999998040678 0.33062398578794582882 0.61286822584955147342 -2.5113158961351174092 3.1990616810698779394e-010 
4.4249999999998124167 0.33062610501560402154 0.61290069156646587167 -2.5113158962063706348 3.7065409478155695434e-010 
4.4499999999998207656 0.33062918879647279491 0.61287528534825164162 -2.5113158962940342889 3.4155012367442147157e-010 
4.4749999999998291145 0.33063036774037057874 0.6128196649394282991 -2.5113158963588606554 2.6705521822089317883e-010 
4.4999999999998374633 0.33062670504174940245 0.6128717007849214804 -2.5113158964187323186 2.1655572304049495585e-010 
4.5249999999998458122 0.3306256913683137677 0.61287078662869287626 -2.5113158964646515869 2.1710723112998977707e-010 
4.5499999999998541611 0.33062481061213022659 0.61286223330029143685 -2.5113158965176292092 2.1172963182986429883e-010 
4.57499999999986251 0.33062367188241814642 0.61286997175063817611 -2.511315896558866001 1.7512643682890888168e-010 
4.5999999999998708589 0.3306238548297293911 0.61285047191364538932 -2.511315896592876129 1.160514847746689445e-010 
4.6249999999998792077 0.33062355515880526013 0.61283770668186388075 -2.5113158966258550819 1.6521625008576939414e-010 
4.6499999999998875566 0.33062487389461170384 0.61281199143071218849 -2.5113158966583495335 1.2041183321647646776e-010 
4.6749999999998959055 0.33062675397027424529 0.6128647008175064359 -2.5113158966889086443 1.3580362592731349236e-010 
4.6999999999999042544 0.33062892202037902356 0.61291542702439127943 -2.5113158967076634198 5.3571017196741051838e-011 
4.7249999999999126032 0.3306297342872125955 0.6128785725164638265 -2.5113158967279054501 9.5617784433224577522e-011 
4.7499999999999209521 0.33062729674220708853 0.61287146881926157782 -2.511315896743979259 6.9392249573507174317e-011 
4.774999999999929301 0.33062546890845034842 0.61285289743844895138 -2.5113158967665962784 1.0166174949748381309e-010 
4.7999999999999376499 0.3306237318451807905 0.61283793674598852075 -2.5113158967812916345 4.8025700829966544361e-011 
4.8249999999999459988 0.33062317106672711731 0.61285676742200956291 -2.5113158967931936694 4.246289642949343441e-011 
4.8499999999999543476 0.33062511945864891949 0.61285280821959697839 -2.5113158968028117535 5.3899769125502593967e-011 
4.8749999999999626965 0.33062548486742326936 0.61286220408638414359 -2.5113158968160651519 4.4647716843563404846e-011 
4.8999999999999710454 0.33062609743131343709 0.61285267020832279172 -2.5113158968238948887 4.0015677590095966618e-011 
4.9249999999999793943 0.33062717747888803466 0.61284741285449861881 -2.5113158968330271392 3.1596654776637014464e-011 
4.9499999999999877431 0.33062656238772802908 0.61288255316272066686 -2.511315896840871531 3.950481252831105315e-011 
4.974999999999996092 0.33062669774737868389 0.61287756454081510071 -2.511315896847925444 1.6573757356299655616e-011 
