0.025000000000000015266 0.59828489686691777028 0.00050269244433729515231 -2.242869467014896312 0.041993472299947022519 
0.05000000000000003747 0.5724450359736065197 0.017698312269284671716 -2.2498034126399377719 0.062510750565175979276 
0.075000000000000052736 0.42458341554217665648 -0.010739388868994559356 -2.2684836749469070583 0.10213946284540204035 
0.10000000000000007494 0.38231798289054347295 -0.054921141773117798657 -2.2999855967626587905 0.11722729772031198481 
0.12500000000000008327 0.21107477015001610554 -0.40267927187114249676 -2.3205667767576469984 0.063626594181928688987 
0.15000000000000010547 0.21254677742126837359 -2.1618870167373178681 -2.3346370224786099357 0.063430745314902572951 
0.17500000000000012768 0.30138403341515312972 -2.8177082033041274123 -2.3495685375896022684 0.063531210182285288712 
0.20000000000000014988 0.22319652563413541757 -1.6407678429057053204 -2.3632187456606050802 0.038767313715831523691 
0.22500000000000017208 0.20499112412295691921 -2.2517183883314570991 -2.37255897215783218 0.052615905962682625596 
0.25000000000000016653 0.27482863158136017212 -1.9036504129217570735 -2.3883108127064969217 0.071729802602409714618 
0.27500000000000018874 0.31044526008483469548 -0.22919349509157804778 -2.4031996656071661356 0.052977727094264966123 
0.30000000000000021094 0.33001775093337448741 -3.242599400139566157 -2.4131463310464131844 0.030418269105093809906 
0.32500000000000023315 0.29307325146438317764 0.36322250071275408168 -2.4231040412349700297 0.048227659617572748996 
0.35000000000000025535 0.28854007265079406608 -0.0027832242637515491879 -2.4312632198225845315 0.025569142215671376156 
0.37500000000000027756 0.28896677505500212302 -1.0547436251048782907 -2.4386156135177152748 0.035381832541971379447 
0.40000000000000029976 0.2501156457634486352 -0.86002698237066788067 -2.4462598395607408897 0.025010733270695785502 
0.42500000000000032196 0.27793686322949234802 -0.81633419387082695184 -2.4520885801107761282 0.025041534738297864526 
0.45000000000000034417 0.30287123214202804622 -0.63413919056897027904 -2.4576510251776579885 0.022917208277740960115 
0.47500000000000036637 0.28153229640716170845 -0.011701658128686509563 -2.4630491538141452423 0.022090826858203384264 
0.50000000000000033307 0.30626052496413352921 0.49247237739908134024 -2.4684610476998520845 0.02281058356748370472 
0.52500000000000035527 0.34786232754998275274 1.1276030504706078261 -2.4738898148403092314 0.020866109019130781033 
0.55000000000000037748 0.37448402223081500573 1.1520738395690592881 -2.4777969272687117019 0.012403431592696686353 
0.57500000000000039968 0.37010020661992315549 1.0111755436012026532 -2.4810834437757525173 0.017694986443710699481 
0.60000000000000042188 0.31215907596009262459 0.86635450754999132617 -2.4854154026476109607 0.014514878173901664057 
0.62500000000000044409 0.29644263031531675745 0.076542544434485826343 -2.4882479675098343463 0.011333574317324722827 
0.65000000000000046629 0.30558972174141124656 -0.15760295561024217914 -2.490544959538074643 0.0072354348427439056993 
0.6750000000000004885 0.29357634842068985881 0.3390764740838868585 -2.4925506075851666665 0.010615482202691187488 
0.7000000000000005107 0.30538541593881407543 0.635858170727826022 -2.4948804161253930189 0.0076661906973226109224 
0.72500000000000053291 0.3284967544820832086 0.72665030503009819807 -2.4967068000286878338 0.0074240933104706948245 
0.75000000000000055511 0.33498937605596307288 0.72636156642702398578 -2.4981171145055736105 0.0059161973478317935252 
0.77500000000000057732 0.33145867386189614701 0.72866712243375852953 -2.499950265339146771 0.0077524457563231171514 
0.80000000000000059952 0.32669078529992012783 0.71195668646854148864 -2.50125189632406153 0.0039221365942401663005 
0.82500000000000062172 0.33240121239262460096 0.33688592744501200116 -2.5023112538372402902 0.004027698516543629613 
0.85000000000000064393 0.33794442598249313514 0.20855729772508369013 -2.5030173382949492122 0.0033438878907402543733 
0.87500000000000066613 0.33310020813196317135 0.65522468254599719462 -2.5040842818390811608 0.004654580974941500103 
0.90000000000000068834 0.3268496090950350208 0.93438857172711720089 -2.5050563687682227965 0.0034457767821013209932 
0.92500000000000071054 0.32776367183181165377 0.81444373994858609844 -2.5057228926342163255 0.0021173657226210484614 
0.95000000000000073275 0.33055867136312216958 0.54187513651813834503 -2.5063002707535000368 0.0030288312676989559424 
0.97500000000000075495 0.31765043951904742281 0.42688203072045749487 -2.5069173438298899548 0.0018550055034262354428 
1.0000000000000006661 0.31110230027242391504 0.41361128737486585472 -2.5073377796981337617 0.001817380238485866422 
1.0249999999999979128 0.32620971271787063683 0.44754627701321347821 -2.5077644063306476774 0.0017330334836002554699 
1.0499999999999951594 0.3333898992579029108 0.70522828295033268553 -2.5082208650864767918 0.0019096967072201752238 
1.0749999999999924061 0.33839311139587091581 0.76501648599483262903 -2.5085916770049814239 0.0013933228279050585349 
1.0999999999999896527 0.34306430975161156249 0.62756499507913854341 -2.5088993507288139817 0.0010526193596771713738 
1.1249999999999868994 0.33517869864629795673 0.69148526139470878338 -2.5091190128953724248 0.00086280409549242917822 
1.149999999999984146 0.33005136133218720973 0.64338272976234422984 -2.5093868326993109541 0.0012738944598825277001 
1.1749999999999813927 0.32398964334258362197 0.53952520249501501048 -2.5096180182350544818 0.00072309593834649814673 
1.1999999999999786393 0.32280344511484565517 0.55975563770857961199 -2.5097909036765848612 0.00075369054461680120346 
1.224999999999975886 0.3305586262424436983 0.52979900476532293396 -2.5099771214894732729 0.00076833663398781027257 
1.2499999999999731326 0.32946813805664965091 0.55058952479257938784 -2.5101424750149372578 0.00053930520737453606882 
1.2749999999999703792 0.32902888649336803351 0.62454798191087113057 -2.51025250047375037 0.0004712920533948445896 
1.2999999999999676259 0.33424630160153756542 0.67561352060197032987 -2.5103710648410237916 0.00050931721071655609075 
1.3249999999999648725 0.33207773871937878996 0.69573508508813586282 -2.5104851110072390341 0.0004330957692625946368 
1.3499999999999621192 0.3276270202358956829 0.63700967862340607262 -2.5105766282943200451 0.00031297067198593605999 
1.3749999999999593658 0.3284602286584049069 0.59088806994844400577 -2.5106605709765661416 0.0003931541584859943989 
1.3999999999999566125 0.33192456830221778175 0.56142721199993961267 -2.510739175607485052 0.00028660940994436134117 
1.4249999999999538591 0.33111460937671233218 0.56009081108315150743 -2.5108064340400884085 0.00024451430948328436088 
1.4499999999999511058 0.32965369007356315478 0.61538959038561769077 -2.5108554573837231771 0.00019220353582642801652 
1.4749999999999483524 0.33264278565548305311 0.63105774238872092141 -2.5109040533642477122 0.00019667543895589520192 
1.4999999999999455991 0.33196414966066084551 0.62802454819731656777 -2.5109535751701588246 0.00023101847635488879191 
1.5249999999999428457 0.32951707388421791478 0.60864432558700276577 -2.5110052411641770043 0.00018126648046002164405 
1.5499999999999400924 0.32950110637578128303 0.59546651003734130114 -2.5110372367858437848 9.2332553891214357565e-005 
1.574999999999937339 0.32897121832951897735 0.63885618013408140836 -2.5110593191249424017 0.00010834445146081094651 
1.5999999999999345857 0.33081173211858388994 0.62061849368804455906 -2.511093417669652883 0.00014994580313090286202 
1.6249999999999318323 0.33158085973650575085 0.60588635610999619363 -2.5111165278665201761 7.0001468030816898038e-005 
1.649999999999929079 0.33011641104407474234 0.64361035537837107956 -2.511139956107132587 0.00010968830930389835484 
1.6749999999999263256 0.33061927063808305149 0.60317426947755403699 -2.5111634525966000098 8.8813083919128297476e-005 
1.6999999999999235722 0.3302131010099189079 0.56395201754412394024 -2.5111803165135406779 4.5266000037113388889e-005 
1.7249999999999208189 0.32995873775545425666 0.58660653445098642766 -2.5111912584234366008 6.2220887752527668981e-005 
1.7499999999999180655 0.33092511156289478036 0.62235747668654206599 -2.5112062396197223357 5.332275222335096604e-005 
1.7749999999999153122 0.33116008562698401319 0.64913398726175386422 -2.5112192127227901395 5.8404162059018242033e-005 
1.7999999999999125588 0.33190758002649206615 0.63338954473407316215 -2.5112318627404266458 4.049154465979915745e-005 
1.8249999999999098055 0.33158681173788639995 0.61420855266070306655 -2.5112408100616963047 3.8128009876900971682e-005 
1.8499999999999070521 0.33014667532434621711 0.60559487944194623221 -2.511248075416601111 2.852255086852986099e-005 
1.8749999999999042988 0.32942114257172594449 0.59658229807295415359 -2.5112566770505173608 3.3979026753281963943e-005 
1.8999999999999015454 0.32952488755385955788 0.60492009751755748681 -2.5112626953290821952 2.250164268851542347e-005 
1.9249999999998987921 0.33042640960176788978 0.60933455551244153359 -2.5112689313777289968 2.5367862465804042149e-005 
1.9499999999998960387 0.3303907767541503504 0.61777971867939518447 -2.511273970694835711 2.1427257599305347599e-005 
1.9749999999998932854 0.33058290585586946886 0.61781709427389508438 -2.5112795590672760682 2.0722510317171613384e-005 
1.999999999999890532 0.33150074390196926366 0.60763885094447755986 -2.5112831903801535738 1.3238093385083195974e-005 
2.0249999999998880007 0.33087479255570123593 0.62306412084997953027 -2.511287085100404326 1.5251963794215163728e-005 
2.0499999999998852473 0.33077435662062110167 0.61727712852337135452 -2.5112899659941936292 1.2599608798090276322e-005 
2.074999999999882494 0.33125000471431415017 0.60032160912938226094 -2.5112927335888479696 9.1586453735769141619e-006 
2.0999999999998797406 0.33044162527944465069 0.61326481230437224212 -2.5112954382338448234 1.3915160167448250062e-005 
2.1249999999998769873 0.33015781806473287752 0.61524274742242968106 -2.5112983134147621733 8.4653326762747889493e-006 
2.1499999999998742339 0.33062227862135579182 0.61259642019083626607 -2.5113002316686006132 8.5539526082785745251e-006 
2.1749999999998714806 0.33084353944851668805 0.61729237178584484003 -2.5113016610247345106 3.8442831732222763007e-006 
2.1999999999998687272 0.33045281779251711729 0.61628244669708021064 -2.5113030664568603001 7.7105741432394149585e-006 
2.2249999999998659739 0.32980094068783216699 0.61330869447835800745 -2.5113046587697338552 5.7384732225806044987e-006 
2.2499999999998632205 0.33016733139160414634 0.60256206426338987381 -2.511306210742068501 5.806374946043855522e-006 
2.2749999999998604672 0.33084425375656889567 0.60118788854277671607 -2.5113071432844291664 3.9798127232760997972e-006 
2.2999999999998577138 0.33105959270891077706 0.61394917483522171153 -2.5113082477843531315 3.8027524686502720516e-006 
2.3249999999998549605 0.33115666745273614202 0.62315969473587773386 -2.5113089331602402865 2.7714524605591908046e-006 
2.3499999999998522071 0.33107497606929031653 0.62490376316032780757 -2.5113097213798396545 3.243921153441650549e-006 
2.3749999999998494538 0.33087445525710174055 0.61522311323857603593 -2.5113104175009808294 3.017970832744728538e-006 
2.3999999999998467004 0.33031636784883283697 0.60922974751969805052 -2.511311124023363206 2.628671700489639431e-006 
2.4249999999998439471 0.33006167445305079067 0.60836219000284164071 -2.5113117004851930325 2.1955820489189226335e-006 
2.4499999999998411937 0.33046884192585113116 0.60376809006621312559 -2.5113121105358517937 1.2592316550747605061e-006 
2.4749999999998384403 0.33043948457628419257 0.60933067959639297673 -2.5113125084843570534 2.0622422036246997355e-006 
2.499999999999835687 0.33046820751914274261 0.61565618218913087389 -2.511312910652941266 1.3522583174833666005e-006 
2.5249999999998329336 0.33085160952227476994 0.61632853339532311931 -2.5113132344747715052 1.3786462615482363737e-006 
2.5499999999998301803 0.33082991131627376147 0.61836323714717211786 -2.5113135608127024057 1.2104467546435782477e-006 
2.5749999999998274269 0.33079583862905415081 0.61487161255244293656 -2.5113138330869078096 1.1091799054156786225e-006 
2.5999999999998246736 0.33072709929305771359 0.61237749981977807057 -2.5113140584913336006 8.3698199956323002509e-007 
2.6249999999998219202 0.33051368301006606165 0.61163482265831348172 -2.5113142674946167254 8.4438629929483912009e-007 
2.6499999999998191669 0.33056826957577867265 0.60854571930973233584 -2.5113144290268434311 5.743391440894253561e-007 
2.6749999999998164135 0.33065380148538181526 0.61113079274136694607 -2.5113145955269269294 7.5945148419215881851e-007 
2.6999999999998136602 0.33064605972144334167 0.61423944512624439884 -2.5113147615642184007 6.145585834431965565e-007 
2.7249999999998109068 0.33060777941091062937 0.6136144787108922527 -2.5113148893622674329 5.0618696232698155742e-007 
2.7499999999998081535 0.33054611767042441084 0.6132365788758032954 -2.5113150042306191523 4.368219620109443936e-007 
2.7749999999998054001 0.33052945491536878109 0.61374743835177747453 -2.5113151045529789052 3.5018051261162161393e-007 
2.7999999999998026468 0.33055302876012671032 0.61380331864305559542 -2.5113151790755661175 3.3516560638566421085e-007 
2.8249999999997998934 0.33070439711096866198 0.6115468821510495756 -2.5113152598411536687 3.3814922745937693254e-007 
2.84999999999979714 0.33075574019710279883 0.61231724581497282145 -2.5113153458533448159 3.414666342135855173e-007 
2.8749999999997943867 0.33063525191715387175 0.61446311213754867264 -2.511315408628445045 2.0704838799671816436e-007 
2.8999999999997916333 0.33062653615590659184 0.61213226253019803469 -2.5113154609579284582 2.1497779764781766618e-007 
2.92499999999978888 0.33063052200721049223 0.61190198093249004163 -2.5113155088946776949 1.9210364789389679288e-007 
2.9499999999997861266 0.33062833489929022157 0.6135297654571826298 -2.5113155461775233945 1.3829442560788684034e-007 
2.9749999999997833733 0.33060809656124995337 0.61291847794333986776 -2.5113155883942219759 1.9944073039882307326e-007 
2.9999999999997806199 0.33052935489113033363 0.61251662886513846829 -2.5113156293527785223 1.2975655955038335143e-007 
3.0249999999997778666 0.33063095658400959431 0.61203494560547688774 -2.5113156583386224696 1.2120999670622798383e-007 
3.0499999999997751132 0.3307101005309240338 0.61280766179583479047 -2.5113156830070755277 1.0340903079235126564e-007 
3.0749999999997723599 0.3306186237854479848 0.61438708851920020848 -2.5113157094917455403 8.2515123390663457912e-008 
3.0999999999997696065 0.33063225866899154104 0.61382556715697078609 -2.5113157237576579917 7.7496927821258921438e-008 
3.1249999999997668532 0.33065575581498302116 0.61271925283011419161 -2.5113157487529873535 9.5778629265619544304e-008 
3.1499999999997640998 0.33058046932626183878 0.61184127001536381396 -2.5113157664315264306 6.9980969878580983668e-008 
3.1749999999997613465 0.3305488331777481914 0.61171444079286019235 -2.5113157802698693466 4.2983134511909296487e-008 
3.1999999999997585931 0.3306089175053702478 0.6127490599861543652 -2.5113157926099209938 5.8231105900398779917e-008 
3.2249999999997558398 0.3306812175965745948 0.61336353878521299166 -2.511315804007278274 3.7077829322492354151e-008 
3.2499999999997530864 0.33066741491058571079 0.61340329947233396268 -2.5113158148041856421 5.3763426429203856374e-008 
3.274999999999750333 0.33064515200827171437 0.61302334382089584963 -2.5113158244251985174 2.8990390033846836469e-008 
3.2999999999997475797 0.33064915642691600217 0.61287264875007219089 -2.5113158328510811756 3.5660399738579385853e-008 
3.3249999999997448263 0.33061724744443027335 0.61303832204554542518 -2.5113158393536374469 2.5607673264120055091e-008 
3.349999999999742073 0.33060477800862103637 0.6127012434636939231 -2.5113158468847776028 2.9150394579950597479e-008 
3.3749999999997393196 0.33060842797869122167 0.61278819992886657264 -2.5113158517257363478 1.9201535506546364925e-008 
3.3999999999997365663 0.33061017705148276757 0.6128070929419451307 -2.5113158568747229182 1.9266644847268871158e-008 
3.4249999999997338129 0.33061103203631070357 0.61243574445282167318 -2.5113158611752086635 1.9231551831098631842e-008 
3.4499999999997310596 0.33059378915702775092 0.61289453497223744805 -2.5113158658333301076 1.5498776649497303605e-008 
3.4749999999997283062 0.33062739920117800718 0.6130101609545915986 -2.5113158689551453584 1.5895668123829416385e-008 
3.4999999999997255529 0.33066905953834968557 0.61267972150250815666 -2.5113158726244093621 1.0776243271319302092e-008 
3.5249999999997227995 0.33065060580476518526 0.6130461369680649808 -2.5113158749142119319 9.9893563712374879287e-009 
3.5499999999997200462 0.3306421108136449738 0.61319037850611490814 -2.511315877089376869 8.5087814264681369123e-009 
3.5749999999997172928 0.33063967351557832508 0.61293422008866116357 -2.5113158796391159555 1.1539473323390830016e-008 
3.5999999999997145395 0.33061994684676110356 0.61282900728901978926 -2.5113158816987746214 7.1381506126684009385e-009 
3.6249999999997117861 0.33060536729141831724 0.61280203798576571295 -2.5113158836306297417 7.4687096557706070038e-009 
3.6499999999997090327 0.3306000017428891713 0.61276975108201936493 -2.5113158847948073848 3.4251717478306636409e-009 
3.6749999999997062794 0.33061227626729638995 0.61264460064833414776 -2.5113158860975599573 6.6144026511850493925e-009 
3.699999999999703526 0.33062140803349282514 0.6126996762450380718 -2.5113158873513725666 4.8930996827811749963e-009 
3.7249999999997007727 0.33062552401600892038 0.61286667932828042815 -2.5113158885320303604 4.0354179166126994731e-009 
3.7499999999996980193 0.33063653766294304193 0.61292595588506437743 -2.5113158894909739516 4.4994010680225771858e-009 
3.774999999999695266 0.33064150461308250417 0.61302144719073980994 -2.5113158904187837805 2.6419784548210591759e-009 
3.7999999999996925126 0.33064508593314884122 0.61301085767060536913 -2.5113158909913453343 2.7207860401661200037e-009 
3.8249999999996897593 0.33063200995461095033 0.61302020282598912448 -2.5113158916035343005 2.3990238794043072984e-009 
3.8499999999996870059 0.33061315554361758728 0.61295886355634798814 -2.5113158922630183234 2.9247656730052530115e-009 
3.8749999999996842526 0.33061979706801558621 0.61261094419850281589 -2.5113158928704559791 2.0661536661114478831e-009 
3.8999999999996814992 0.33062261244563123652 0.61256111153767778266 -2.5113158933237271775 1.5875728656741242531e-009 
3.9249999999996787459 0.33061908741970641445 0.6127845674365450801 -2.5113158936220356665 1.4975818533617301306e-009 
3.9499999999996759925 0.33062467785294741285 0.61292433820894620666 -2.5113158940583706347 1.6017884850963964029e-009 
3.9749999999996732392 0.33062500024927260478 0.61305345169051950194 -2.5113158943732147854 1.2077715562629553411e-009 
3.9999999999996704858 0.33062564742839994913 0.61295901576766331775 -2.5113158946417697415 1.0342351432955243695e-009 
4.0249999999996788347 0.33062793459717165767 0.61280964660215730966 -2.5113158948961080696 1.0825218139081391899e-009 
4.0499999999996871836 0.33062953907371528395 0.61284399793118438105 -2.5113158951348713011 9.8532113446489795277e-010 
4.0749999999996955324 0.33063208833806645437 0.61285224083958789176 -2.5113158953618279767 7.5765741748475410118e-010 
4.0999999999997038813 0.33062737720113971607 0.61286248964573086795 -2.5113158955077126144 5.5712139861000121841e-010 
4.1249999999997122302 0.33062313476969923398 0.61286083282941739014 -2.5113158956534857857 6.4665514595515052138e-010 
4.1499999999997205791 0.33062423701335974524 0.61281745905565732091 -2.5113158957961783102 5.9063769949158721972e-010 
4.1749999999997289279 0.3306250695931358119 0.6128260549950081959 -2.5113158959324288766 4.744757138173769193e-010 
4.1999999999997372768 0.33062432620623410928 0.61286705434339028287 -2.5113158960428099142 4.8258136951876255786e-010 
4.2249999999997456257 0.33062358128296465143 0.61291083316263295089 -2.5113158961513342149 3.9753968735071169206e-010 
4.2499999999997539746 0.33062775592882215348 0.61286092908443479121 -2.5113158962268360419 2.4903531533958547184e-010 
4.2749999999997623235 0.33062773641464332508 0.61282801018653543235 -2.5113158962849668754 2.7030586442157550581e-010 
4.2999999999997706723 0.33062352945396411563 0.61290113644337007592 -2.5113158963617250308 3.4772414617075387734e-010 
4.3249999999997790212 0.33062759821494741574 0.61287987508040198126 -2.5113158964375288384 2.4128600715198893486e-010 
4.3499999999997873701 0.33062845575308297263 0.6128419833765079705 -2.5113158964836990172 2.0026644103021060457e-010 
4.374999999999795719 0.3306235882726163422 0.61285207278418873944 -2.5113158965312663007 1.876850150238883798e-010 
4.3999999999998040678 0.33062364579724790037 0.61283650276134660206 -2.5113158965743522799 1.4195692280711237125e-010 
4.4249999999998124167 0.33062502991729675328 0.61286075739130929652 -2.5113158966017392615 1.2683647494219655328e-010 
4.4499999999998207656 0.33062739329195200977 0.6128517201619033683 -2.5113158966407631567 1.7061880402393292879e-010 
4.4749999999998291145 0.33062898111756239272 0.61284035321333285573 -2.5113158966720647847 1.1003095903012563169e-010 
4.4999999999998374633 0.33062690098493646707 0.61289747249883053115 -2.5113158967013049505 1.155081762153127264e-010 
4.5249999999998458122 0.33062570715293698731 0.61289423849076685169 -2.5113158967219848527 6.9456641241881212495e-011 
4.5499999999998541611 0.33062494627858640683 0.6128613220990206667 -2.5113158967391031595 6.499273075185484378e-011 
4.57499999999986251 0.3306244141210347709 0.61285879019528166634 -2.5113158967565949453 9.8820110985595354479e-011 
4.5999999999998708589 0.33062497736906926171 0.61284965982214034685 -2.5113158967774946717 5.4879110525079801827e-011 
4.6249999999998792077 0.330625119038548132 0.6128307915245924109 -2.5113158967889686046 5.2760026194997899426e-011 
4.6499999999998875566 0.33062534291512785112 0.61282505727607083923 -2.5113158968022850637 5.5334959505584297564e-011 
4.6749999999998959055 0.33062578878900783508 0.61287132787469500439 -2.5113158968154563055 5.1518293040249597557e-011 
4.6999999999999042544 0.3306271577907267667 0.61289605096783972282 -2.511315896823478333 2.2003540339618361442e-011 
4.7249999999999126032 0.33062789435508199709 0.61287252588231277972 -2.5113158968315101305 4.0697927900750248008e-011 
4.7499999999999209521 0.33062688305434478897 0.61286928613520208486 -2.5113158968396400716 3.112265212333930899e-011 
4.774999999999929301 0.33062647807548495305 0.61285325559015590979 -2.5113158968482611755 3.2658743106224800694e-011 
4.7999999999999376499 0.33062522302055263879 0.61284250743529777861 -2.5113158968534916582 2.1343159705835981298e-011 
4.8249999999999459988 0.33062416597410299035 0.61285955012726422986 -2.511315896859509067 2.1641397559349156826e-011 
4.8499999999999543476 0.33062534032910612103 0.61286338286102093331 -2.5113158968638096269 1.7677204554304177009e-011 
4.8749999999999626965 0.33062551275785795335 0.61286655348059360104 -2.5113158968681918992 1.63170179141889997e-011 
4.8999999999999710454 0.33062546550815352653 0.61285473988050553906 -2.5113158968715802999 1.5526028374936632738e-011 
4.9249999999999793943 0.33062627323722326711 0.61284602200237725533 -2.511315896875383924 1.4023208976465024707e-011 
4.9499999999999877431 0.33062622190137286315 0.61286685892050274393 -2.5113158968788509284 1.5165772884931024971e-011 
4.974999999999996092 0.33062635083945413061 0.61286810623214704741 -2.5113158968815363359 6.2970319518749270299e-012 
