0.025000000000000015266 0.59931398539793312441 0.00050984066067431832447 -2.2415880524097273607 0.042748088529655108025 
0.05000000000000003747 0.57281028611000761597 0.017974677583451226237 -2.2476440723146327016 0.064737464801870134301 
0.075000000000000052736 0.42129399411059320624 -0.01241251447064894986 -2.2641702516396873257 0.10659575555847924933 
0.10000000000000007494 0.37637586562911373722 -0.055146280111417311787 -2.2920606480152403428 0.12192465497101322158 
0.12500000000000008327 0.20133266229640331413 -0.39619730589198587367 -2.3103437965089219652 0.067688478164846049845 
0.15000000000000010547 0.20693639613158465451 -2.2409070134116468864 -2.3234646827497327237 0.071295336727679958777 
0.17500000000000012768 0.30195835319869029911 -2.9582938290389488856 -2.3376430083966552864 0.070855205278493413323 
0.20000000000000014988 0.21697541239543818858 -1.7044188206833621457 -2.3509806239649262416 0.047012413579769520011 
0.22500000000000017208 0.20390584789847318592 -2.4167777046899256987 -2.3611225478057233929 0.067970790611411535664 
0.25000000000000016653 0.2878359029069713082 -2.2260328766287491575 -2.3769268105559908655 0.074401612088817237201 
0.27500000000000018874 0.27876721618528876867 -3.79218055847901514 -2.3891666383529983619 0.052198239530168041855 
0.30000000000000021094 0.28042481037489458418 -0.76852620772278346095 -2.3978741574262114611 0.03089518220662443998 
0.32500000000000023315 0.27550428642246116429 -1.1023049444594918977 -2.4061807801936199169 0.045961226971005395003 
0.35000000000000025535 0.26708295692192829396 -0.89332563839154932595 -2.4122122703143649147 0.025496274345691596203 
0.37500000000000027756 0.27575518167271168002 -1.1433603116025623514 -2.4204899857746093872 0.050312824961579176442 
0.40000000000000029976 0.24772675753938050436 -1.1213678665551736202 -2.4306427728065118643 0.046944854428829854709 
0.42500000000000032196 0.29234311718569266914 -1.8532141698867516943 -2.4409657014201844305 0.055547452702853737649 
0.45000000000000034417 0.33057957706019425181 -1.5803855423256516488 -2.449719507325255563 0.029905239994210554288 
0.47500000000000036637 0.28990562113716406012 -0.090098135082368746573 -2.4564952426266124519 0.034910962499139837345 
0.50000000000000033307 0.256864582559227006 -0.0011098486757369352418 -2.4620021941392651321 0.01750546152816566392 
0.52500000000000035527 0.26707650904658264412 -0.50183541403788367585 -2.4662779630888236326 0.031822334519913363093 
0.55000000000000037748 0.30899661585039978062 -1.4050510110484761839 -2.4723695764586586243 0.022615305281192082248 
0.57500000000000039968 0.31739879905830037377 -1.7507920020110214754 -2.4772265795010963707 0.025891450584918276889 
0.60000000000000042188 0.29754974474566620035 -1.3745064890525702239 -2.4809756992315197266 0.011239465544316845635 
0.62500000000000044409 0.31800234291702650369 -1.813963402209151532 -2.4840928803372763767 0.021555116321386860734 
0.65000000000000046629 0.29545415230660093675 -1.8514321769131456552 -2.4882857505716780011 0.016068564855274525272 
0.6750000000000004885 0.26215219500370595673 -1.3359940055131218628 -2.4911404253166358203 0.015579439480064174658 
0.7000000000000005107 0.28930329911697272305 -1.1202172035329578392 -2.4940255773680677365 0.0097606530487597022161 
0.72500000000000053291 0.30477653820142885932 -0.9705365319612861974 -2.4959008740673702675 0.011052696602196532966 
0.75000000000000055511 0.30248008462370745697 -1.3803977001221583443 -2.4983438843222156578 0.012062095157434851722 
0.77500000000000057732 0.30551198945015500819 -1.4764999382832186825 -2.5009921615031909248 0.014038545550478077548 
0.80000000000000059952 0.29914952489823914972 -0.69783141245236546268 -2.5032617600421427362 0.0073574851942069044441 
0.82500000000000062172 0.31643956377933102342 -0.77145251838452266746 -2.5049028339082606287 0.010199518511439980076 
0.85000000000000064393 0.32862718047456690451 -1.009413450965740644 -2.5067618533158535499 0.0072423510253410358639 
0.87500000000000066613 0.31011531516244833506 -0.40543815099743563124 -2.508204132694003885 0.0066274844646128693373 
0.90000000000000068834 0.30718085704632464017 -0.33491525895677426439 -2.5093382160136714631 0.0055987958270787251125 
0.92500000000000071054 0.30703777680195437627 -0.89320585427658216737 -2.5106519100962345625 0.0060824858130877424225 
0.95000000000000073275 0.29685606182480639426 -1.1769955337898814207 -2.5116016962785407962 0.0040232859947144511414 
0.97500000000000075495 0.29703081141088144568 -1.0450295365243642554 -2.5124312811591735795 0.0043218679408724355873 
1.0000000000000006661 0.30126986951797729564 -0.81056316809537709567 -2.5133803997938244379 0.0047052401326414501972 
1.0249999999999979128 0.31289133446389671978 -0.80661294846081887933 -2.5143510731640938971 0.0042078440876592518999 
1.0499999999999951594 0.32310991638979130736 -0.62649142590694895105 -2.514895786438826164 0.0023470016671476964971 
1.0749999999999924061 0.32201956231580375345 -0.38711560078357870607 -2.5154672666820561133 0.0024646792975346184726 
1.0999999999999896527 0.31603482321236181507 -0.6110873010793629323 -2.5160477352389447603 0.0035423876550930151301 
1.1249999999999868994 0.3131416013430780021 -0.98198724253621016977 -2.5166636620470246299 0.0022669749843257647193 
1.149999999999984146 0.31634265355888957494 -1.158962268162942566 -2.5170457285362899391 0.0018460267559194567643 
1.1749999999999813927 0.30712461449025979521 -0.93232702130487710157 -2.5174593390962347605 0.0019121755830328187546 
1.1999999999999786393 0.2999227267796725771 -0.72407710959907090054 -2.5178449145628376549 0.0020351385822284353069 
1.224999999999975886 0.31290866918501675231 -0.85746389008867829329 -2.5181847151965772724 0.0011781265424839657777 
1.2499999999999731326 0.31539802580177556113 -0.74230835248876725352 -2.518453988453992487 0.0016654601291845199697 
1.2749999999999703792 0.30823360352319922884 -0.60080249157913334646 -2.5187764941804560159 0.0014021833331669714302 
1.2999999999999676259 0.31755433835292184996 -0.83302921749041414223 -2.5190613384030577926 0.001229307395359857712 
1.3249999999999648725 0.32265767533095845998 -0.89782006204868514132 -2.5192667466446612146 0.00098623921175247999948 
1.3499999999999621192 0.31369881905871893624 -0.74247899640928349818 -2.5194653517521357067 0.0010109807045827492143 
1.3749999999999593658 0.30730835211598811485 -0.70967459366207108484 -2.5196697615697334349 0.00080293266249601758823 
1.3999999999999566125 0.30555007512585397045 -0.72007671701787812069 -2.5198145469251600481 0.00076520728191771351934 
1.4249999999999538591 0.30921669272823865127 -0.79417016550984742551 -2.5199700950703665114 0.00070078174933728225836 
1.4499999999999511058 0.31174758246827954933 -0.90999219124436470096 -2.5201038247151497096 0.00067897046663681923182 
1.4749999999999483524 0.30882029136388111645 -0.85466185442267006422 -2.5202371043283635643 0.00056665425151164905849 
1.4999999999999455991 0.31068500250990899181 -0.78705192480287289314 -2.5203453812331160222 0.00057601679480466809382 
1.5249999999999428457 0.31537212142817450111 -0.80493699081849023891 -2.5204659052544871045 0.00046244424385363520728 
1.5499999999999400924 0.31697955943432720716 -0.74608710264395439182 -2.5205459239409586658 0.00047699689286141656788 
1.574999999999937339 0.31641230018888927278 -0.67654400471866726896 -2.520620655921334663 0.00019822949905344685803 
1.5999999999999345857 0.31565757386913573246 -0.71982285168687687449 -2.5206876454943425436 0.00046017430265340964705 
1.6249999999999318323 0.31479483952701353688 -0.82760963044789359611 -2.5207717017158408623 0.0003586287510672830697 
1.649999999999929079 0.30944486883617383643 -0.85107309286235854895 -2.5208349585138916105 0.00026528100728492333936 
1.6749999999999263256 0.30656929412838707094 -0.8243402274760625037 -2.5208764069794042939 0.00015968228838946293838 
1.6999999999999235722 0.31189598059883338887 -0.84054040794832540762 -2.5209257607498600784 0.00031901814719480594586 
1.7249999999999208189 0.31424141171387542926 -0.79784770263068072182 -2.5209793824077912916 0.00019791334091649270908 
1.7499999999999180655 0.31374499042796155646 -0.7451549318488960294 -2.5210198073786354023 0.00019986353617638350508 
1.7749999999999153122 0.31415931998961282856 -0.72238137362714338607 -2.5210551338371018915 0.00016254439988711534494 
1.7999999999999125588 0.31331346767094303551 -0.69963226687875634813 -2.5210881536134066572 0.00014920880743569633247 
1.8249999999999098055 0.31436534811089045238 -0.79620779732124424832 -2.5211166286194290898 0.00012157059877985241863 
1.8499999999999070521 0.31388771667285869649 -0.84811318345349762104 -2.5211409435131257872 0.00015281652599756465906 
1.8749999999999042988 0.31008701453321990682 -0.77577692734429937182 -2.521169665839864571 9.7572039467465855795e-005 
1.8999999999999015454 0.3096546502187721428 -0.80137039850680702457 -2.5211902819031792866 0.00010763446875641562107 
1.9249999999998987921 0.31094083496038760206 -0.82425120055382050666 -2.5212075256689288061 7.4603006899153507104e-005 
1.9499999999998960387 0.31164705500932921023 -0.77171738556037383638 -2.5212269130227324965 0.00011824291220857101987 
1.9749999999998932854 0.31363883688824933937 -0.76317624538621842145 -2.521247524535137341 6.587109877259040105e-005 
1.999999999999890532 0.31588968919403109803 -0.77832062115684841341 -2.5212597260389308929 6.4679681075198417633e-005 
2.0249999999998880007 0.31590957037187306078 -0.79361014702082188776 -2.521270294967395742 4.3096954077187840789e-005 
2.0499999999998852473 0.3128410354169629537 -0.77197991136173738091 -2.5212832008136492057 7.7025688539179558456e-005 
2.074999999999882494 0.31126123174599495957 -0.75031761107823280454 -2.5212945370785946331 4.2967599570128717657e-005 
2.0999999999998797406 0.31251129086165091442 -0.79107601602258248441 -2.5213046638119687159 4.5901058275270737526e-005 
2.1249999999998769873 0.31259812216292393039 -0.81445611306756293679 -2.521313096879867377 4.0682193788059100681e-005 
2.1499999999998742339 0.31238403793295937971 -0.80811814377551083322 -2.5213211406479096865 4.2348071514534835354e-005 
2.1749999999998714806 0.3123178133856047145 -0.78992870026829287156 -2.5213282667459240294 2.5278034376023004814e-005 
2.1999999999998687272 0.31205723440764981946 -0.77772610478702053349 -2.5213344687395582433 3.4627315430854368171e-005 
2.2249999999998659739 0.31332125030569085711 -0.78886422872612937951 -2.5213409429464004319 2.9457020962201822334e-005 
2.2499999999998632205 0.31359102431852109438 -0.76170048516858768206 -2.5213464284857325381 2.4346702535776942411e-005 
2.2749999999998604672 0.31287957653938330838 -0.75096797125505698745 -2.5213504366116339384 1.5689501420067493225e-005 
2.2999999999998577138 0.31340701386421426777 -0.791522637938558149 -2.5213545225727691523 2.6733759592223192881e-005 
2.3249999999998549605 0.31274433424929792835 -0.79751056369455131101 -2.5213593218818934893 1.5066308440902606122e-005 
2.3499999999998522071 0.31161208619411623344 -0.78942674311962157674 -2.5213624358687982685 1.8382810674497614877e-005 
2.3749999999998494538 0.31216510544336706356 -0.78901833434693768865 -2.5213651487459705081 1.1258239701985722702e-005 
2.3999999999998467004 0.3129723501473613001 -0.78534593373988659248 -2.521368704778045533 1.8525595476780328495e-005 
2.4249999999998439471 0.3131316762546518806 -0.79033214634564097345 -2.5213713119236240701 9.6818336451630387696e-006 
2.4499999999998411937 0.31281934269266681303 -0.77922543846185576832 -2.5213735242044212903 1.1888081202957666402e-005 
2.4749999999998384403 0.31281768638297885454 -0.77141042830149486598 -2.5213754840055968565 8.092214375908761691e-006 
2.499999999999835687 0.31331355032043856079 -0.78794131034353798171 -2.5213775676322573993 9.8571892384906925058e-006 
2.5249999999998329336 0.3134370560914788717 -0.79374870538633124362 -2.5213788792154239182 6.5150336747142294637e-006 
2.5499999999998301803 0.31319747264020941779 -0.78319061410978751958 -2.5213807395872205319 8.8887385949064727893e-006 
2.5749999999998274269 0.31264412411438691208 -0.77583982891736480436 -2.5213821992177622988 7.3967376966933695226e-006 
2.5999999999998246736 0.31230191101256971065 -0.78371736831144145352 -2.5213835733624914148 4.6040626617895588694e-006 
2.6249999999998219202 0.31246494055031076575 -0.79155887933527657729 -2.5213844994830032498 5.3387551441126709958e-006 
2.6499999999998191669 0.31233611665626354048 -0.7829869959227282461 -2.5213856359952164787 5.6612165760303967237e-006 
2.6749999999998164135 0.31266607258267536951 -0.78268855572875950521 -2.5213865887566577761 4.1865590462809224563e-006 
2.6999999999998136602 0.31341623259414486125 -0.7917439152264967861 -2.5213874276954189035 2.9231593860980301679e-006 
2.7249999999998109068 0.31313315409291203606 -0.78437124816958037066 -2.5213880624662161622 4.3739380815627002162e-006 
2.7499999999998081535 0.31270344071547362397 -0.77294012192328565014 -2.5213888923075513659 3.3662759451507876928e-006 
2.7749999999998054001 0.31278583139080240461 -0.77597373883462572586 -2.5213895323040818042 2.7889704216074937874e-006 
2.7999999999998026468 0.31270225629336384499 -0.78596513455942129678 -2.5213899964375752205 2.1924703029179103628e-006 
2.8249999999997998934 0.31266080415542635285 -0.79045292689565593847 -2.521390535196192495 2.7610237046190899486e-006 
2.84999999999979714 0.31268383231584906401 -0.78654603778854759177 -2.5213910533516821211 2.2113247011967539324e-006 
2.8749999999997943867 0.31276184820285618526 -0.78600744330949079419 -2.5213914299178301626 1.9702833843232026576e-006 
2.8999999999997916333 0.31297356439119156102 -0.78909666197435013313 -2.5213918090840041764 1.5112366432795311134e-006 
2.92499999999978888 0.31294656543208548838 -0.78196101378927118652 -2.521392172622686445 1.781107357660015365e-006 
2.9499999999997861266 0.31287189398138520735 -0.77655271132952896629 -2.5213924443288777688 1.3072113655178426901e-006 
2.9749999999997833733 0.31291551694176555909 -0.78304986846934032663 -2.5213927069909001233 1.1407013578572294135e-006 
2.9999999999997806199 0.31291326121567680785 -0.78719287355545186635 -2.5213929613604331159 1.3062146313207780594e-006 
3.0249999999997778666 0.3128555898969352933 -0.78580517540598493476 -2.5213932108857544101 1.191626802854097179e-006 
3.0499999999997751132 0.31270910228680615095 -0.78324794031523681248 -2.5213934156499768768 7.6912141828473812208e-007 
3.0749999999997723599 0.31273730382711156794 -0.78365230638569827182 -2.5213935922363424069 1.021586808151458907e-006 
3.0999999999997696065 0.31282445202851821842 -0.78592090039450812622 -2.5213937702699262822 7.4821523823751015249e-007 
3.1249999999997668532 0.31269001835173920734 -0.7824887711755592612 -2.5213939158147740116 5.6843930331276965484e-007 
3.1499999999997640998 0.31274525077994325128 -0.78203683414832991794 -2.5213940270313655034 6.3814443338042685774e-007 
3.1749999999997613465 0.31286889746329255013 -0.78623131423894654368 -2.5213941633040111157 7.1186048765051605203e-007 
3.1999999999997585931 0.31280836864754990589 -0.78555217096148055589 -2.5213942818477974583 3.5782689091765767089e-007 
3.2249999999997558398 0.31285739203957996235 -0.78383244399863116758 -2.5213943721760556649 5.5964455039428201993e-007 
3.2499999999997530864 0.3128637222771758486 -0.78236069016901466089 -2.521394463849992551 4.2895143821191632896e-007 
3.274999999999750333 0.31280605809286066155 -0.78259268206677123914 -2.5213945618427593409 4.0043329701305366622e-007 
3.2999999999997475797 0.31285224563233227091 -0.78455831629346761691 -2.5213946182313744515 2.5673089298279888514e-007 
3.3249999999997448263 0.31280181060263012593 -0.78329121733220952173 -2.5213946846926242884 3.4714923542870530415e-007 
3.349999999999742073 0.31272826978470141812 -0.7843006206777671796 -2.5213947491211881058 3.0380876783973845111e-007 
3.3749999999997393196 0.31278001357664630966 -0.78644835826035741633 -2.5213948107850430169 2.7824141199558353925e-007 
3.3999999999997365663 0.31288138013598254528 -0.78545844206464776605 -2.5213948486064525767 1.5418731303041491501e-007 
3.4249999999997338129 0.31292116273326558984 -0.78457406223554504443 -2.5213948959849208364 2.2269807611903016298e-007 
3.4499999999997310596 0.31285012187299066078 -0.78257779589622467054 -2.5213949324044042655 2.082567639133227223e-007 
3.4749999999997283062 0.31282796785288607966 -0.78248289003198545633 -2.5213949738726779692 1.7105983519365458326e-007 
3.4999999999997255529 0.31281235570150506264 -0.78420731159528478393 -2.52139500520556048 1.4597173145364210901e-007 
3.5249999999997227995 0.31273496139475703837 -0.78358673587195659671 -2.5213950380695866471 1.516568149279720603e-007 
3.5499999999997200462 0.31277581726123954153 -0.78454521262191923014 -2.5213950599545915665 9.9421127282210941505e-008 
3.5749999999997172928 0.3128322001516162798 -0.78544448628338092711 -2.521395086248512829 1.2543778468521746571e-007 
3.5999999999997145395 0.31282148704463991207 -0.78420986472854559146 -2.5213951058913264269 1.0899118476729525623e-007 
3.6249999999997117861 0.31282196770272024944 -0.78354674378216848663 -2.5213951295321277435 7.335299221330186756e-008 
3.6499999999997090327 0.31278301988750278895 -0.78290216268101975317 -2.5213951406303460878 7.3936234899977373188e-008 
3.6749999999997062794 0.31280718402305718318 -0.7837836983100587851 -2.5213951588775391777 9.1172613901706890058e-008 
3.699999999999703526 0.31287060010428352497 -0.78502645183426111863 -2.5213951760030921534 8.6502443000601414774e-008 
3.7249999999997007727 0.31281766614044653751 -0.78431025429246059577 -2.5213951916511621043 3.9807061422341681901e-008 
3.7499999999996980193 0.31278834806180833006 -0.78401142891764630249 -2.52139519755738295 5.3408078539412454028e-008 
3.774999999999695266 0.31282266726153235004 -0.7840939703665856797 -2.5213952097419722875 4.7019884387098294957e-008 
3.7999999999996925126 0.31281909401981078389 -0.78390457855455464298 -2.5213952203153544573 6.0192183490696485768e-008 
3.8249999999996897593 0.31282087697945393234 -0.78367389180395630177 -2.5213952291247219151 2.6698849743916050829e-008 
3.8499999999996870059 0.31284255296287100112 -0.78382194818807826575 -2.5213952360492952742 4.1948000358858398374e-008 
3.8749999999996842526 0.31284333301608369116 -0.78498128443786829855 -2.5213952437396596196 3.2671242187476938465e-008 
3.8999999999996814992 0.31280820114214974437 -0.78479814779430934202 -2.5213952497200180503 2.8481600088058162023e-008 
3.9249999999996787459 0.31278676743742572786 -0.78363069779634120238 -2.5213952554372434101 2.5479533631608765626e-008 
3.9499999999996759925 0.31281516132916603601 -0.78390808433167602498 -2.5213952613580650208 3.1439195766766656385e-008 
3.9749999999996732392 0.31282942930418300431 -0.78401261152032208912 -2.5213952661276950451 1.8649101762736767205e-008 
3.9999999999996704858 0.31282494614093064866 -0.78353708635811503136 -2.5213952696352426308 1.5424697361442570854e-008 
4.0249999999996788347 0.3128158189198270156 -0.78373329324175700084 -2.5213952738168385892 2.2874558747825847233e-008 
4.0499999999996871836 0.3127913931172223716 -0.78415418518843438278 -2.521395277500021237 1.622622316168291038e-008 
4.0749999999996955324 0.31280685086429532715 -0.7845873803362762855 -2.5213952806298216558 1.1853425878232137116e-008 
4.0999999999997038813 0.31282964900615078951 -0.78456018580368946935 -2.5213952827399213064 1.3010943788155213812e-008 
4.1249999999997122302 0.31281364901873126572 -0.78391342925972717914 -2.5213952857515282702 1.2882199811442533317e-008 
4.1499999999997205791 0.31281788100879132086 -0.78383856631681347871 -2.5213952882410541889 1.2695557183154588715e-008 
4.1749999999997289279 0.31282425001199881676 -0.78407383240830197391 -2.5213952904810525979 8.6701263605685101101e-009 
4.1999999999997372768 0.31281002587749995314 -0.78380999415816199338 -2.5213952920535831481 9.4604486170766481695e-009 
4.2249999999997456257 0.3128158231622465979 -0.78387578585462236447 -2.5213952940296087135 6.4359077458430833081e-009 
4.2499999999997539746 0.3128267061623055123 -0.78438424452164756673 -2.5213952952700888765 7.480284502644481042e-009 
4.2749999999997623235 0.31282822804916921022 -0.78443226004314781097 -2.5213952965662764782 5.8947420514875177447e-009 
4.2999999999997706723 0.31282105821213607166 -0.78402846173429030507 -2.5213952980610145893 7.7908121998399618325e-009 
4.3249999999997790212 0.31280717183896478151 -0.78381314205633723091 -2.5213952992751917925 4.1075207513980838476e-009 
4.3499999999997873701 0.3128132419536134301 -0.78402829134846729886 -2.5213953000987068265 4.5197628694280181286e-009 
4.374999999999795719 0.31282684484464345909 -0.78417292056650900189 -2.5213953010684200251 4.7132410050371101975e-009 
4.3999999999998040678 0.31282348033339385518 -0.78412960664091846397 -2.5213953019984192139 4.5234693311074579492e-009 
4.4249999999998124167 0.31281063495071748104 -0.78414530107544955229 -2.5213953027314688349 2.6820150067625066e-009 
4.4499999999998207656 0.31280521121605275869 -0.78407710408838893201 -2.5213953033568210493 3.2892964046561751573e-009 
4.4749999999998291145 0.31281579139534537726 -0.78409773099430002397 -2.5213953039876035866 3.1502103976148976459e-009 
4.4999999999998374633 0.31281720572874227582 -0.78398803452991105978 -2.5213953045641348538 2.5192538147977755341e-009 
4.5249999999998458122 0.3128124997578445865 -0.78377062066020819486 -2.5213953050476143325 1.9767685361092225015e-009 
4.5499999999998541611 0.31282572000959762981 -0.7841208161411925559 -2.5213953054903019968 2.597496687820530992e-009 
4.57499999999986251 0.31282522705754506331 -0.78427887785338712412 -2.5213953059280007629 1.6617500040195067308e-009 
4.5999999999998708589 0.31280993569791665232 -0.78399687628522818361 -2.5213953062706568886 1.6589510102919104829e-009 
4.6249999999998792077 0.31281238830077479074 -0.78412662094991114614 -2.5213953066022938287 1.7648608166909181156e-009 
4.6499999999998875566 0.31281886742924153166 -0.78422361687357144966 -2.5213953069812280461 1.6361876749954420236e-009 
4.6749999999998959055 0.31281912793813382301 -0.78405683243733304 -2.5213953072228632024 9.285587078671741295e-010 
4.6999999999999042544 0.31281677888892006623 -0.7839701888235384164 -2.5213953074164101587 1.0988251029852411762e-009 
4.7249999999999126032 0.31281510938081052986 -0.78396916925993465064 -2.521395307648258477 1.0866249831707000985e-009 
4.7499999999999209521 0.31282157330714110977 -0.78411781593461293838 -2.5213953078833695187 9.9509406338316603284e-010 
4.774999999999929301 0.31282380080403981992 -0.78415706399300222351 -2.5213953080337048185 8.4350350213718873235e-010 
4.7999999999999376499 0.31281790395961162066 -0.7840825133596438512 -2.5213953082178242049 7.8941984548859499283e-010 
4.8249999999999459988 0.31281511336899647802 -0.78409811246320004763 -2.5213953083747835393 7.3959397707584578376e-010 
4.8499999999999543476 0.31281531860908962095 -0.78408133812805058671 -2.5213953085039224611 5.2838481222894436249e-010 
4.8749999999999626965 0.31281532747938151084 -0.78405245589894922986 -2.5213953086096330125 5.877259347649292109e-010 
4.8999999999999710454 0.31281299739889883993 -0.78398559801411749071 -2.5213953087321216984 5.3658356062360697582e-010 
4.9249999999999793943 0.31281541328877776609 -0.78404161595607613222 -2.5213953088249789758 4.5987678756612815554e-010 
4.9499999999999877431 0.31282143709435278334 -0.78420735181283585113 -2.5213953089143936737 3.1680503559056365884e-010 
4.974999999999996092 0.312817370307032383 -0.78409350062946536752 -2.521395308989369255 4.8479744080072705773e-010 
