0.025000000000000015266 0.59889476514453476863 0.00050692332890206470708 -2.2421122483800579595 0.042439449402148693435 
0.05000000000000003747 0.57266079385389867529 0.017861818479702418205 -2.2485313140696683298 0.063823244077725133083 
0.075000000000000052736 0.42264232779318722244 -0.011721015451098493187 -2.2659572465210136016 0.1047600542104129423 
0.10000000000000007494 0.37881926648241048827 -0.055081261605785303281 -2.2953554993210141255 0.1199767392387784265 
0.12500000000000008327 0.20533135691354539865 -0.39908479885799996723 -2.3145972526368372435 0.065984672831018414962 
0.15000000000000010547 0.20922185549327515508 -2.2087117169055385801 -2.3281340276986823845 0.067959476285292627629 
0.17500000000000012768 0.30164259386664366014 -2.9001312387277229377 -2.3426504318524679071 0.067717244222675651577 
0.20000000000000014988 0.21932963993544879466 -1.678179698041290191 -2.3561309651171633561 0.043301989400444773626 
0.22500000000000017208 0.20362382120461830493 -2.3486391445655572241 -2.3659422714454212411 0.061303993713354827666 
0.25000000000000016653 0.28328896093168165482 -2.0842424767249680961 -2.3819620631233369146 0.07484776571183052174 
0.27500000000000018874 0.29414326597299178534 -0.42728800437818786895 -2.3951577424834691321 0.050592720230440278717 
0.30000000000000021094 0.29913828734860009595 -0.40713364435022247889 -2.4040820032522161043 0.0301682817060061996 
0.32500000000000023315 0.27885866322980379373 -0.39571224115900488494 -2.4133012914865767939 0.050202143572159144136 
0.35000000000000025535 0.27816264813260072053 -0.20667587703187684234 -2.4209196911400874264 0.027768456146686576469 
0.37500000000000027756 0.29623905773366260297 -0.64181726397058058708 -2.4295193612219141421 0.047726691466823831234 
0.40000000000000029976 0.25215707227755901343 -0.55626882086509599201 -2.4383894058022566043 0.028337021421530619869 
0.42500000000000032196 0.26327498801120935434 -0.92045446585550849683 -2.4442307518802390831 0.031389103757924863292 
0.45000000000000034417 0.26919765926029270986 -0.93714636996238764866 -2.4506179645101648923 0.02597911381525863303 
0.47500000000000036637 0.23903503007226467592 -0.14689946474505033436 -2.4562510723840116356 0.023580293775348291213 
0.50000000000000033307 0.26602957681969308101 0.28726894471301755996 -2.4607341435992258205 0.017605040373607605542 
0.52500000000000035527 0.31310304443133057939 0.93750271837506671258 -2.4650101284676004809 0.024293404054192800634 
0.55000000000000037748 0.34672462484114086045 1.1190383629251123843 -2.4699918600868322471 0.021375365037350598646 
0.57500000000000039968 0.36582175525742710587 0.74798865992761442989 -2.4750296290297626456 0.021727033645982971738 
0.60000000000000042188 0.33472717367406146227 0.59848147380992045008 -2.478535147993748744 0.011568552130870922781 
0.62500000000000044409 0.30962116561781982682 0.0051087911284660725286 -2.4813807030360508499 0.015533099376651740911 
0.65000000000000046629 0.31679416437174373611 0.063069547609348353134 -2.4849315675084873156 0.017259837264410972379 
0.6750000000000004885 0.30420566775815366389 0.53172301185154324799 -2.4884465883975628309 0.012590287559849103194 
0.7000000000000005107 0.30161095225163137012 0.40939726930470965449 -2.4903007852053291593 0.0052857730024233129731 
0.72500000000000053291 0.30508367953787518534 0.43254110158310243861 -2.4914214308086548577 0.0066877085735979821535 
0.75000000000000055511 0.30843007362146956929 0.56328276401711274701 -2.493280058448223091 0.0099218355348661517457 
0.77500000000000057732 0.32161614653656678264 0.57183976869195196624 -2.4955678936332432727 0.010357393547428830893 
0.80000000000000059952 0.33149587384885881303 0.69029856882614071267 -2.4974295878169092688 0.0057674523633294795186 
0.82500000000000062172 0.34744156466814180018 0.57020779403257415563 -2.4985449447836565184 0.0061163670540073161383 
0.85000000000000064393 0.34088804248120258 0.44423459717783586598 -2.4999681735296386265 0.0063395641921300104754 
0.87500000000000066613 0.31652049422673145251 0.54652065932485704991 -2.5011899019944729972 0.0048457185769549852503 
0.90000000000000068834 0.31572119970962325697 0.64294809376376427235 -2.5022547272483364189 0.0048652317055647206073 
0.92500000000000071054 0.31759891219487607072 0.75248906078957633614 -2.5031448792071104847 0.0029709190307327972003 
0.95000000000000073275 0.32530267294506337583 0.63548449270596374383 -2.5037661210519752686 0.0037602127734740410821 
0.97500000000000075495 0.33079777033054164059 0.42851971868218885486 -2.5047065730195621214 0.0040294931846455135996 
1.0000000000000006661 0.32240875717534234202 0.50927589067983425331 -2.5054529686870652405 0.002972943837637625087 
1.0249999999999979128 0.32972124673741037837 0.57788177409014462871 -2.5060321301863459631 0.002267403870496108656 
1.0499999999999951594 0.33851399191381603693 0.58608279666080242976 -2.506529747736371494 0.0024646304210302937346 
1.0749999999999924061 0.33838436083522316355 0.65126539306160702303 -2.5069958555086624408 0.0019850713005635741738 
1.0999999999999896527 0.33693325649021943491 0.66433230297384471275 -2.5074978671257550644 0.0022521260065619455593 
1.1249999999999868994 0.32453090169491882744 0.66779143020736653202 -2.5078720446518816267 0.0012986624901674282545 
1.149999999999984146 0.31830750307212879457 0.58521511178251961471 -2.5081980922621629482 0.0017543544830256581693 
1.1749999999999813927 0.32009123184457999312 0.51045003291921831057 -2.5085508000409881824 0.001483148903321260129 
1.1999999999999786393 0.32584731533604738285 0.54083084249772717111 -2.5088428768946995362 0.0011269918754339637492 
1.224999999999975886 0.33552676333775433015 0.55790333551921533761 -2.5090757184611174324 0.0010968340395482872613 
1.2499999999999731326 0.33404143177306738766 0.64167666657599164992 -2.5093228605708222112 0.0010265572376434517823 
1.2749999999999703792 0.3324366443670521698 0.65613595666263080375 -2.50952164588566351 0.00094350423312805945745 
1.2999999999999676259 0.33500732115150300139 0.59135040376003056295 -2.5097117214423039222 0.00073022665141301158331 
1.3249999999999648725 0.33106658815204492718 0.65818020774858088107 -2.5098743533228646818 0.00081284244491423753975 
1.3499999999999621192 0.32878452765499893706 0.64224084322599106489 -2.5100330955251233256 0.00052324924305671509893 
1.3749999999999593658 0.3267531911917044285 0.58956632138280296029 -2.5101452863173285834 0.00066398688173837348576 
1.3999999999999566125 0.32746385498274116488 0.57745963758504414987 -2.5102936748657640464 0.0005827323892023503378 
1.4249999999999538591 0.33124966788097559567 0.54586942330870502627 -2.5103931238503065515 0.00036526368640814549458 
1.4499999999999511058 0.32933464559725306176 0.63362046849160458262 -2.5104686853032291971 0.00033454921649429315324 
1.4749999999999483524 0.32982701124253804847 0.6642241724830072469 -2.5105564050164499434 0.00048381424832158670879 
1.4999999999999455991 0.33239152668761862142 0.5990528429404392563 -2.5106555995901547185 0.00039563853577082925455 
1.5249999999999428457 0.3316094235575245408 0.57752129651759065432 -2.5107266719126646315 0.00025598226116719510542 
1.5499999999999400924 0.32923270049691516492 0.57221667607063420036 -2.5107701957983912244 0.0001576818203733094427 
1.574999999999937339 0.32794517373326109722 0.64756068701489144512 -2.5108200975658454546 0.00032507435233801386561 
1.5999999999999345857 0.33253129007903708958 0.67897069568750179069 -2.5108905387787836538 0.00026555284940427533119 
1.6249999999999318323 0.33404651139014546191 0.62817709326293935668 -2.5109304125965046239 0.00013359618753030607567 
1.649999999999929079 0.33017466202016182431 0.61403938248565470559 -2.5109613309559395411 0.00016230418207359957475 
1.6749999999999263256 0.32978262818190468009 0.56954021846875135804 -2.5110046637313176987 0.00019912179536998078069 
1.6999999999999235722 0.32884999907369877326 0.55773411694508912007 -2.51103646148227444 0.00011935436680356893279 
1.7249999999999208189 0.32808441937648197273 0.58471483487408737467 -2.5110669329355399526 0.00014831919391983299167 
1.7499999999999180655 0.3299092807173790165 0.61663466293024871145 -2.5110897290120992587 7.1461401026099222308e-005 
1.7749999999999153122 0.33137994743169330025 0.67135307488779882856 -2.5111116192125391144 0.00011694484217953568766 
1.7999999999999125588 0.33305545188536433976 0.64553665156344852694 -2.5111344891375617649 0.00010341534801693713901 
1.8249999999999098055 0.33165497559081941192 0.62048979047246022311 -2.5111563530427933877 8.2710589701222734442e-005 
1.8499999999999070521 0.3299527911906274813 0.6215515355088240268 -2.5111693833594856962 5.9295786172162317021e-005 
1.8749999999999042988 0.33133652106802335968 0.57140709967760650034 -2.511185815236519403 6.8357440403765969117e-005 
1.8999999999999015454 0.33022019300185634361 0.57326400208797845259 -2.5111978448437666245 5.6854675247803061083e-005 
1.9249999999998987921 0.32854226342823839024 0.60456842949060407566 -2.5112111990127750083 5.7155401938604650266e-005 
1.9499999999998960387 0.32961618242410767321 0.61879883839543126101 -2.5112219885475988157 4.941257981681317432e-005 
1.9749999999998932854 0.3309992190731671502 0.63437047018726278047 -2.5112314715694661338 3.3105369765289021386e-005 
1.999999999999890532 0.33167535654970742298 0.63265798425733943411 -2.5112402989958937383 4.7478606722543626785e-005 
2.0249999999998880007 0.33152544195955363504 0.64048989841877301821 -2.5112485110357787299 2.6584504843965475317e-005 
2.0499999999998852473 0.33169580071406978838 0.61338169059526670424 -2.5112546489890590351 3.4919357782802220821e-005 
2.074999999999882494 0.33092787247857746724 0.57517758652786354912 -2.5112613533580656622 2.4184039281094894488e-005 
2.0999999999998797406 0.32886033205079978625 0.59280719872573195417 -2.5112670467189683876 2.5518614711088833037e-005 
2.1249999999998769873 0.32897600402664095576 0.60501014508918382617 -2.5112717935566366556 2.1040530261630383045e-005 
2.1499999999998742339 0.33049214406906318731 0.61530128345002788048 -2.5112769783138588764 2.4298142106995567358e-005 
2.1749999999998714806 0.33154064684119383122 0.63120722464934897467 -2.5112807613403349549 1.2481893717561968091e-005 
2.1999999999998687272 0.33147992997502079282 0.63304037310854988085 -2.5112839157818549474 1.6287542841102240469e-005 
2.2249999999998659739 0.33055799260401358408 0.62820234426278687145 -2.5112876450491228297 1.6182027441885666274e-005 
2.2499999999998632205 0.33087423076701977243 0.59681770055345306769 -2.5112906460934900643 1.1653392928587999117e-005 
2.2749999999998604672 0.33098967257427452937 0.58735378365865120731 -2.5112928696625917979 1.0610732217047902449e-005 
2.2999999999998577138 0.33025340411065678969 0.61005421265729897762 -2.5112954392093089773 1.2126520934876792375e-005 
2.3249999999998549605 0.33033787678540826871 0.61575053152964187575 -2.5112978509289751727 8.6744150592382712202e-006 
2.3499999999998522071 0.33020747919573856244 0.62196098772233621155 -2.5112994974938893655 7.2987047398274084982e-006 
2.3749999999998494538 0.33023612366897647785 0.62128260345356767225 -2.5113009681111515548 6.7187920499503101996e-006 
2.3999999999998467004 0.33081671058438411048 0.61273133627227549525 -2.5113025804492412618 8.0696300346190058496e-006 
2.4249999999998439471 0.33092829467977885605 0.61260978567515478321 -2.5113042250441788283 6.2427954984673285623e-006 
2.4499999999998411937 0.33094811478564639673 0.60916716725343678096 -2.5113053725286054174 4.0709533542444796008e-006 
2.4749999999998384403 0.33062381312716065951 0.61009750466612244768 -2.5113061922006916227 4.8864002437529780468e-006 
2.499999999999835687 0.33036427585249700245 0.60701967118880184593 -2.5113074520524549804 5.186165254725301561e-006 
2.5249999999998329336 0.33070380186983600046 0.60614715276253472442 -2.5113082273201379202 3.0378948422529031686e-006 
2.5499999999998301803 0.3307695496503578747 0.62066869156801995899 -2.51130905413563843 3.6204192212293276549e-006 
2.5749999999998274269 0.33068034635319437653 0.62427022151426048158 -2.5113097112685873746 3.0477921161172247567e-006 
2.5999999999998246736 0.33052761342748743223 0.61777605006074620686 -2.5113103682570896424 2.6435709748550538596e-006 
2.6249999999998219202 0.33038921877056576237 0.60931184310392705328 -2.5113109391215311383 2.9756515566852769446e-006 
2.6499999999998191669 0.33054202256825987449 0.60327783893736675047 -2.5113115302056017164 1.905321647149960046e-006 
2.6749999999998164135 0.33058920059152679949 0.60910785717909943227 -2.5113119131726264754 1.9252521580863311903e-006 
2.6999999999998136602 0.33076453034459663005 0.61232387288363154809 -2.5113122839206827308 1.517723396613642387e-006 
2.7249999999998109068 0.33087569076127293366 0.6141492629903948508 -2.5113126774083167625 2.0659534026839765105e-006 
2.7499999999998081535 0.33059319109521373425 0.61735986820051014234 -2.511313066243145542 1.3835875741714178735e-006 
2.7749999999998054001 0.33046994265712886785 0.61460034919783335106 -2.5113133507181992776 1.1953755854770539055e-006 
2.7999999999998026468 0.33051258218786894183 0.61448131372026015828 -2.5113135677204394547 1.0136681771858938756e-006 
2.8249999999997998934 0.33070387217137031666 0.6136038092233992991 -2.5113138212831991325 1.1356872631293760753e-006 
2.84999999999979714 0.33082084307809750401 0.61019614143977474185 -2.5113140395937976201 1.0005657424555180449e-006 
2.8749999999997943867 0.33057939721117512999 0.61060512381649967306 -2.5113142616112127392 8.1700238010262283379e-007 
2.8999999999997916333 0.33052200759571143118 0.61129609726930367319 -2.5113143921768217304 5.9742149166634220559e-007 
2.92499999999978888 0.3306119190280484843 0.61278364965190279534 -2.5113145503952924997 7.7920670965222434307e-007 
2.9499999999997861266 0.33063603571628136235 0.61391280154104899136 -2.5113147046236541371 6.4371513468599337609e-007 
2.9749999999997833733 0.33066378633342508042 0.61430099165296980779 -2.5113148365273652018 5.1066107690969621333e-007 
2.9999999999997806199 0.33055707495061326107 0.61473596724843548866 -2.5113149318873464466 3.9482279407168064786e-007 
3.0249999999997778666 0.33057404698168668666 0.61203504541401454464 -2.5113150160033206326 4.4912780553611481727e-007 
3.0499999999997751132 0.3306635730820557395 0.61168616666926223235 -2.5113151284996537704 5.0410819772360675049e-007 
3.0749999999997723599 0.33065542900126071446 0.61385277440867380694 -2.5113152125765090261 2.6043590999816427576e-007 
3.0999999999997696065 0.33073073010820702722 0.61273084037824432357 -2.5113152667373048743 2.7366282205045504908e-007 
3.1249999999997668532 0.330679016064038378 0.61136012952502216677 -2.5113153364416107571 3.6708268510242441617e-007 
3.1499999999997640998 0.33054409403637213805 0.61156115505568942048 -2.5113154051030859293 2.2872513222077033061e-007 
3.1749999999997613465 0.33053032708023738495 0.61309608478028476686 -2.5113154444049499148 1.6980058572311414761e-007 
3.1999999999997585931 0.33056164064186105422 0.61466390412305671465 -2.5113154891565869775 2.2031064062123268853e-007 
3.2249999999997558398 0.33068293612703991702 0.61415304828570627116 -2.5113155378662792572 2.2326889874168040498e-007 
3.2499999999997530864 0.33072521035444069071 0.61351621956162583071 -2.5113155778505178439 1.5050906539762425022e-007 
3.274999999999750333 0.33063428381000375955 0.61234628673063862259 -2.5113156066257484866 1.1603168297713322512e-007 
3.2999999999997475797 0.33059505497171953747 0.61081095379447269966 -2.5113156329516548304 1.2923445464825018002e-007 
3.3249999999997448263 0.33057351550799740636 0.61182291167706637225 -2.5113156645041412318 1.4036090848745597901e-007 
3.349999999999742073 0.33059769741280536914 0.61327829026595548356 -2.5113156891570569407 1.0379766149352663381e-007 
3.3749999999997393196 0.3306537391773404222 0.61328731870114372438 -2.511315709679415864 7.9124893022283475859e-008 
3.3999999999997365663 0.33066920559762852383 0.61344964001320556601 -2.5113157269700980834 8.6815066744363555672e-008 
3.4249999999997338129 0.33064879012676701153 0.61401364431637495134 -2.5113157468095943514 7.8048505567142269327e-008 
3.4499999999997310596 0.33059044147386257295 0.6137605518467201815 -2.5113157617106183217 7.3283997410247330612e-008 
3.4749999999997283062 0.33061425079732564836 0.61206495473012401121 -2.5113157772100076492 6.1871945565731901338e-008 
3.4999999999997255529 0.33066161822395373493 0.61107785010243209634 -2.5113157876873559715 3.8307995843996138633e-008 
3.5249999999997227995 0.33061085247750859883 0.61210835173118371966 -2.5113157972342108337 5.1350451510977166389e-008 
3.5499999999997200462 0.33058573040029354262 0.61309277642343085191 -2.5113158103724040338 6.0998589149629581609e-008 
3.5749999999997172928 0.33060555684492948236 0.61358211477686386282 -2.511315820328169135 3.2626644037295969689e-008 
3.5999999999997145395 0.33064866297477901735 0.61385568779317389865 -2.5113158260271641886 2.5797722835721455383e-008 
3.6249999999997117861 0.33067929235142273781 0.61346821593047851096 -2.5113158330148461772 3.4899280478379118845e-008 
3.6499999999997090327 0.33063289382880622913 0.61298425726800165325 -2.5113158405396305284 3.1435786214557001419e-008 
3.6749999999997062794 0.3306129221570554555 0.61220823889940956253 -2.5113158467172822519 2.7043238435466903267e-008 
3.699999999999703526 0.33061003237364328111 0.61166123559863416759 -2.5113158517103499889 1.9120747040029637275e-008 
3.7249999999997007727 0.33058407683176710412 0.61223991016298995316 -2.5113158555206172018 1.7549829700768449429e-008 
3.7499999999996980193 0.33061787941214593189 0.6129751097595064202 -2.5113158604277927566 2.5233583147593527916e-008 
3.774999999999695266 0.3306584738865939177 0.61360610436325491168 -2.5113158648622251334 1.3639787286904792954e-008 
3.7999999999996925126 0.33065709940088816587 0.61386765069226156832 -2.5113158673089217565 1.240992580370773564e-008 
3.8249999999996897593 0.33063671990447096594 0.61333200719739866535 -2.5113158701909963355 1.3425645860027658459e-008 
3.8499999999996870059 0.33061007254491764362 0.61268118739971322295 -2.5113158733291536251 1.4239582608780235748e-008 
3.8749999999996842526 0.33060959274531964702 0.61209649144221345285 -2.5113158760179734585 1.018971295346449635e-008 
3.8999999999996814992 0.33061432474007529381 0.61210064917751783042 -2.5113158780504205581 8.6136973581661525434e-009 
3.9249999999996787459 0.33062016536687705015 0.6126985080663210903 -2.5113158795798016243 7.093782949566774072e-009 
3.9499999999996759925 0.3306341446417232488 0.61302622614486312891 -2.5113158816877048096 1.0691722837725876393e-008 
3.9749999999996732392 0.33063057687578273347 0.6132968908595505253 -2.5113158834752984383 5.14458547951557123e-009 
3.9999999999996704858 0.33062846864944595016 0.61334896513174064214 -2.5113158844140825998 4.9186148791386635081e-009 
4.0249999999996788347 0.33063039699002211291 0.61307633085761736869 -2.5113158857948900682 7.5339577188529015815e-009 
4.0499999999996871836 0.33063283337706123044 0.61278313828774433336 -2.5113158872678207345 4.9736389043365086944e-009 
4.0749999999996955324 0.33063314409126742799 0.61246059681615094838 -2.5113158880890122937 3.310601712048819351e-009 
4.0999999999997038813 0.33061384839456547935 0.61258455603458294991 -2.5113158888770472643 3.8108350121513027439e-009 
4.1249999999997122302 0.3306118790645635741 0.61276854409406877888 -2.5113158897385972068 4.2806157437928552324e-009 
4.1499999999997205791 0.33062707619237136081 0.61276513921125541628 -2.5113158905992922776 3.1672827062063264977e-009 
4.1749999999997289279 0.33062876545465108569 0.61310719860281115423 -2.5113158911868520562 2.5826854551495129166e-009 
4.1999999999997372768 0.33063102935735333432 0.61321850403978683808 -2.5113158917766988942 2.5418362805667576404e-009 
4.2249999999997456257 0.33062702878338584567 0.61296547015068558739 -2.5113158922845597587 2.459781443845115745e-009 
4.2499999999997539746 0.33062234322829886501 0.61273537392729349182 -2.5113158928124081903 2.0999162465063244798e-009 
4.2749999999997623235 0.33062633581824130147 0.61261596987173649875 -2.5113158932075552165 1.7003895797689115331e-009 
4.2999999999997706723 0.33062575221452217278 0.61278781583498853625 -2.5113158935876609412 1.5705963355013943337e-009 
4.3249999999997790212 0.33063144485331491529 0.61286167096423949108 -2.5113158939011497317 1.5644010112836389819e-009 
4.3499999999997873701 0.33063365124380372784 0.61286265310370557913 -2.5113158942416489161 1.4433471059555981403e-009 
4.374999999999795719 0.33062256985431709433 0.61298715820500249141 -2.5113158945468825323 1.355551210549659605e-009 
4.3999999999998040678 0.33061624060979882822 0.61294000956292771232 -2.5113158947849001379 6.8217297615479123261e-010 
4.4249999999998124167 0.33061735510494572043 0.61288150191231616226 -2.5113158949319758229 9.5833975505924915419e-010 
4.4499999999998207656 0.33062670369948071736 0.61280844196911177235 -2.5113158951760672366 1.1149710060961100134e-009 
4.4749999999998291145 0.33063341674834578754 0.6127491897398664733 -2.5113158953852230404 7.8779311560002238857e-010 
4.4999999999998374633 0.33062932361683544658 0.61283958519768488848 -2.5113158955182495191 4.8749956792755601896e-010 
4.5249999999998458122 0.33062761224732223342 0.61285917481659779593 -2.511315895656817343 7.1427047494586671779e-010 
4.5499999999998541611 0.33062649670896271381 0.61292321808726324406 -2.5113158957797758752 5.2129526899188817725e-010 
4.57499999999986251 0.33062559238776284554 0.61294241321165043868 -2.5113158959167760642 6.4144917705213773889e-010 
4.5999999999998708589 0.33062619805977427889 0.61283286997786545758 -2.5113158960091110927 2.6367745840488855409e-010 
4.6249999999998792077 0.33062282382221475086 0.6128528309106912042 -2.5113158960927157715 4.4544083513366097372e-010 
4.6499999999998875566 0.33062168074624315173 0.61284095638300151165 -2.5113158961774164624 4.0053020487541718491e-010 
4.6749999999998959055 0.3306234576738066866 0.61281007537136411578 -2.5113158962672996743 3.5440181630885636799e-010 
4.6999999999999042544 0.3306274819266712961 0.61285167005714391575 -2.5113158963246640099 2.4134386183971213032e-010 
4.7249999999999126032 0.33063178907380780247 0.61285779028894016296 -2.5113158963829365078 2.294885401784900515e-010 
4.7499999999999209521 0.3306285102473897064 0.61289650479639401492 -2.5113158964322925826 2.6869930802797442244e-010 
4.774999999999929301 0.3306244037876175379 0.61288664973449258344 -2.5113158964886479474 2.1372513631352983959e-010 
4.7999999999999376499 0.330623842033252624 0.61285938019568386714 -2.5113158965277899703 1.7949357598223584555e-010 
4.8249999999999459988 0.33062455034121640551 0.61287900848780074714 -2.511315896565626371 1.5281262671052918952e-010 
4.8499999999999543476 0.3306266057093241173 0.61284913358599890643 -2.5113158966037283371 1.8388042314105699775e-010 
4.8749999999999626965 0.33062585223019652636 0.61285497116144749263 -2.5113158966353892332 1.1214592894893588297e-010 
4.8999999999999710454 0.33062539772083210377 0.61284727085991663742 -2.511315896657829061 1.0692551072580803112e-010 
4.9249999999999793943 0.33062613266907281417 0.61280953971368512523 -2.5113158966821562679 1.20135742263147733e-010 
4.9499999999999877431 0.33062501802755694946 0.61284761758934258591 -2.5113158967113498043 1.2188400758309555283e-010 
4.974999999999996092 0.33062652151463772787 0.61288606520603794436 -2.5113158967298461199 5.6481060712413929256e-011 
