0.025000000000000015266 0.59866968565675882097 0.000505360050748505929 -2.2423924491826214833 0.042274439741352934363 
0.05000000000000003747 0.57258093052865721706 0.017801381000660282394 -2.2490033588826827682 0.063336447146033217348 
0.075000000000000052736 0.42336152471437293876 -0.011355398113053360998 -2.2668996747340823816 0.10378605346004442234 
0.10000000000000007494 0.38011819792446682742 -0.055031062410015763042 -2.2970865602442800402 0.11895059991215070627 
0.12500000000000008327 0.20746129744416139107 -0.40049327760252140251 -2.316830051599290119 0.065098172142163165943 
0.15000000000000010547 0.21044914762997998792 -2.1914240714710864211 -2.3305731642776219559 0.066244747728725156266 
0.17500000000000012768 0.30152016538613801711 -2.86941412849083477 -2.3452527551953372686 0.066122196297624058481 
0.20000000000000014988 0.22070056918916083899 -1.6642673037532023095 -2.3588002263469354247 0.041515515205546339728 
0.22500000000000017208 0.2038891947232109314 -2.3125503954148731722 -2.368432849158613962 0.057931093504689480655 
0.25000000000000016653 0.28028005478069339951 -2.0142245132067317925 -2.3844238938276607342 0.074269205035924684699 
0.27500000000000018874 0.30136321763165507814 -0.34616662677321763386 -2.3982499572981792468 0.050851937823975616737 
0.30000000000000021094 0.31040717874302770074 -3.4105586699191463573 -2.407467014250212145 0.030442433524924466387 
0.32500000000000023315 0.28320899279905531465 -0.063073500620329958632 -2.4172037391634293435 0.051339107502489045309 
0.35000000000000025535 0.28335618412256169396 -0.042667054915631386081 -2.4251673551941386187 0.025960937787834079127 
0.37500000000000027756 0.29405196901869412596 -0.75846176614994798015 -2.4331751740541309736 0.042396194842316575757 
0.40000000000000029976 0.25313705689429044643 -0.61293951230064092073 -2.4413758609065032701 0.02663557454137043673 
0.42500000000000032196 0.27184751723373040688 -0.75530438900654917056 -2.4474814722768241104 0.030946581142721130836 
0.45000000000000034417 0.28652565559804948903 -0.64648047170009537155 -2.4540302573198218283 0.027563212371778021692 
0.47500000000000036637 0.2747452191072980443 0.26924064561934368811 -2.4604777531938606394 0.027501315677431071444 
0.50000000000000033307 0.30617494563074282299 0.90414557168558040701 -2.4658597499699221878 0.019268041229429096889 
0.52500000000000035527 0.33902073528752729725 1.4512759914619781654 -2.4703552024721546765 0.023218845365863462898 
0.55000000000000037748 0.36397308797731120489 1.1612190147686187736 -2.4747422643797958308 0.012862892228941609496 
0.57500000000000039968 0.37153306893568022184 0.77196579533854248201 -2.4777295839710737901 0.017806827522081545429 
0.60000000000000042188 0.32281525564984964172 0.80101400682680234944 -2.4821025826443383622 0.017679774710879121724 
0.62500000000000044409 0.29252065155942846841 0.053824619215092628366 -2.4857753703596259243 0.014081379630296885636 
0.65000000000000046629 0.29519821629537035257 -0.25206840843931732632 -2.4881195792903025854 0.0091495549368235066373 
0.6750000000000004885 0.28645588037503733059 0.19049004224129773011 -2.4906553043963111094 0.011878047289752838994 
0.7000000000000005107 0.29121033543513802355 0.40470089280345822313 -2.492786943707244518 0.00693245420410004351 
0.72500000000000053291 0.31117864470142919675 0.50851232165352666659 -2.4942277740600351521 0.0063879038901413272983 
0.75000000000000055511 0.32749412207131661789 0.64931286495320561514 -2.4956853173040762783 0.007252594002965928946 
0.77500000000000057732 0.33879298892805354004 0.91737023451319532619 -2.4977085716008611271 0.0094649661736487082642 
0.80000000000000059952 0.33822915397720443309 0.89948683129128614855 -2.4993166298848001894 0.0047425200859130085471 
0.82500000000000062172 0.34127501708135099534 0.35849647417372365599 -2.5004551621414154994 0.0057301211370131355585 
0.85000000000000064393 0.33536549871321968963 0.12374825758674401488 -2.5016062900843927252 0.004665243344103125675 
0.87500000000000066613 0.31682555197136197389 0.3846045124821898531 -2.5027334924112181191 0.0048696534724164851002 
0.90000000000000068834 0.31538037691641568339 0.68088801903854023756 -2.5036057023262374699 0.0031736585653455982349 
0.92500000000000071054 0.32617706362802645348 0.7996647136400606426 -2.5043786870854138904 0.0032296327767215387249 
0.95000000000000073275 0.33558674404517740975 0.70785644693950255935 -2.5050520836672753866 0.0033615888816684435375 
0.97500000000000075495 0.32504622093713136932 0.56352737712130374081 -2.5058063971856681107 0.0029480683107365557132 
1.0000000000000006661 0.31671154033007992146 0.49115933861713412245 -2.5064563492920064469 0.0029352794066236295722 
1.0249999999999979128 0.33071965423463317579 0.54492328780189036586 -2.5070042832253016662 0.0015102069404710810521 
1.0499999999999951594 0.33775210778505926346 0.6729070866045954169 -2.5073331625471597661 0.0018711598189119322492 
1.0749999999999924061 0.3383395347006494247 0.66378800754203481915 -2.5077347369814204647 0.0016453050661627897748 
1.0999999999999896527 0.33727650842174367041 0.56383178480230877749 -2.5081889573086479928 0.0022520490861517986937 
1.1249999999999868994 0.32448355362106834354 0.62538925947665646721 -2.5085569712569073531 0.00093961141334756106708 
1.149999999999984146 0.31798105655983693874 0.64853159253200598489 -2.5088068365728108944 0.001341044808703340625 
1.1749999999999813927 0.3208764222385845355 0.55369255152586549507 -2.5090647843738240752 0.0010227070509100212939 
1.1999999999999786393 0.32957046351757551816 0.54471517816937020662 -2.5093195086494124446 0.0011419026588349806897 
1.224999999999975886 0.33859890570416883993 0.54853864467491386669 -2.5095277418431223282 0.00077694319036505910241 
1.2499999999999731326 0.33413084006134918802 0.59767695991010905132 -2.5097368122748275887 0.00093967695654054259492 
1.2749999999999703792 0.33119517325517011663 0.66879383615304299759 -2.5098931877194319284 0.00055227365871430330723 
1.2999999999999676259 0.33527498309749431682 0.68009677986254812865 -2.5100330828514789694 0.0006583311080552588148 
1.3249999999999648725 0.33183770307571269775 0.69185554428801432358 -2.5101780952307999328 0.00068782206285936326514 
1.3499999999999621192 0.3261512532280358978 0.61063816356192934798 -2.5103250861220010037 0.00046099943189569425259 
1.3749999999999593658 0.32390575639934016117 0.53827229396795661653 -2.5104061798892187696 0.00040011751528621426928 
1.3999999999999566125 0.3261303092636592682 0.54338812091284838246 -2.5105009314497950257 0.0003666145134775488615 
1.4249999999999538591 0.32956905072123365841 0.55564243467166818391 -2.5105899986331121632 0.00048682379149949615025 
1.4499999999999511058 0.33142727099340540953 0.63219310901064296182 -2.5106830207344503769 0.0002313020171567045126 
1.4749999999999483524 0.3356550758309149729 0.65642402000887878355 -2.5107307715207780596 0.00030004581276986901734 
1.4999999999999455991 0.33556245706480780644 0.63005841257229255881 -2.510805927220161049 0.00029950130921334614876 
1.5249999999999428457 0.33066634598818944735 0.6281376343699484055 -2.5108630796068069913 0.00021929579407582193624 
1.5499999999999400924 0.32793579325204752495 0.60453502264357439344 -2.5109023223084894205 0.00013736230966787497812 
1.574999999999937339 0.32812468323538518389 0.6322763802189107496 -2.5109437142599939641 0.00023535306428671513303 
1.5999999999999345857 0.33161492647911772202 0.62312983817086053939 -2.510992867396667716 0.00017972726086437322969 
1.6249999999999318323 0.33152306402631948057 0.58738674626648335053 -2.5110261155643032183 0.00012388513377477669434 
1.649999999999929079 0.32820374921412648339 0.62080838147740646793 -2.5110529614672856269 0.00012209680856810597505 
1.6749999999999263256 0.32889289925082654253 0.59669757738553141913 -2.5110834893633291465 0.00013399544854979556657 
1.6999999999999235722 0.33010406803354430672 0.56592274962140198813 -2.5111083148619388616 9.2451951502886816161e-005 
1.7249999999999208189 0.33115121990633789029 0.59301432319114877334 -2.5111301430486490105 0.00010352854148449182293 
1.7499999999999180655 0.33211894115455464771 0.63742680530476658607 -2.511150334126666106 7.2499855260632861632e-005 
1.7749999999999153122 0.33156960347513109166 0.67370536918212553523 -2.5111674485842887528 7.5899240331019800958e-005 
1.7999999999999125588 0.3318229579983065225 0.63410825035454254639 -2.5111830275545115043 6.6954907181687771736e-005 
1.8249999999999098055 0.33083072272181179851 0.60120484335361479289 -2.5111989503023779413 6.8997879676786400709e-005 
1.8499999999999070521 0.32981689654323997907 0.60193477325213451401 -2.5112105413204184323 4.1932851392890363245e-005 
1.8749999999999042988 0.3303186489464119413 0.58219784783292727326 -2.5112220980514816659 4.8299714005172965077e-005 
1.8999999999999015454 0.32945008005306680721 0.59573609064495047782 -2.5112302384165317015 3.6875798923402818182e-005 
1.9249999999998987921 0.32924855225866356268 0.60896260127665502448 -2.5112417161116549202 5.2027349355924867131e-005 
1.9499999999998960387 0.33024075629325444492 0.61149316988796642569 -2.5112487523872548678 2.1121801315485191219e-005 
1.9749999999998932854 0.33111153546210891907 0.6256007584847294023 -2.5112556809957049531 3.4609218616587615082e-005 
1.999999999999890532 0.33183010429859843837 0.63039978723065837052 -2.5112627007568995019 2.8531054184119984885e-005 
2.0249999999998880007 0.33124431588511887847 0.64107045313567989631 -2.5112684601160055742 1.9485432289572869087e-005 
2.0499999999998852473 0.33100576692628796982 0.61144129015654602455 -2.5112726726632113028 2.4398868762506977442e-005 
2.074999999999882494 0.33100592392995958901 0.57643473805058720316 -2.5112778090881788806 1.6073838295088991668e-005 
2.0999999999998797406 0.32976891507307354301 0.60093657419218826643 -2.5112816563189164221 2.0415511215496296246e-005 
2.1249999999998769873 0.32955475257165278702 0.61558312116386026958 -2.5112857901694405349 1.3166950278410499846e-005 
2.1499999999998742339 0.33057779135658538205 0.61604499046397664941 -2.5112888362529814934 1.6556131705472515529e-005 
2.1749999999998714806 0.33121466004185495802 0.62065742117825462021 -2.5112917264267817785 8.2110438263946243715e-006 
2.1999999999998687272 0.33075993152057486801 0.61937737431416839406 -2.5112939205484843264 1.163607644293825263e-005 
2.2249999999998659739 0.33008917767820700195 0.61993589439321250545 -2.5112963763902009795 9.8520621970273524539e-006 
2.2499999999998632205 0.33069899752646458868 0.60618197214116953386 -2.5112989684091626685 1.1614461241080124067e-005 
2.2749999999998604672 0.33111128296618835831 0.60329256033902167733 -2.5113004841780171006 3.8264436726385361412e-006 
2.2999999999998577138 0.33074637963166869659 0.61292156751786663893 -2.5113019055928473833 8.3849798413000531741e-006 
2.3249999999998549605 0.33060474067758538474 0.61229046065834979995 -2.5113036131346477831 6.4571717690414150024e-006 
2.3499999999998522071 0.33038976538366082725 0.61798630645687135932 -2.51130509521178924 5.5725277434551649691e-006 
2.3749999999998494538 0.3304712159680889827 0.61628552021496607605 -2.5113059504377583941 3.6784120983931743323e-006 
2.3999999999998467004 0.33057956699494311925 0.61225598329646624407 -2.5113070268719783762 5.3035565604467221063e-006 
2.4249999999998439471 0.33056850859852610069 0.61364514124086133595 -2.5113081331337068214 4.3120504876459518146e-006 
2.4499999999998411937 0.33090179598481123113 0.60678978065699384903 -2.511308943417824846 2.6210843587902173605e-006 
2.4749999999998384403 0.33066052287511255026 0.60946659855305618247 -2.5113096238834939911 3.9230120989124128941e-006 
2.499999999999835687 0.3304050267608605318 0.614126339544615929 -2.5113103726119780923 2.2622455257119150894e-006 
2.5249999999998329336 0.33076565189092960173 0.61403182184654359066 -2.5113108519820404041 2.4755244732610957894e-006 
2.5499999999998301803 0.33077122795275099021 0.61781958518757995602 -2.511311418030950815 2.1302575624432042348e-006 
2.5749999999998274269 0.33061555594771102617 0.61542369084956793923 -2.5113119148518951995 2.435504323611032974e-006 
2.5999999999998246736 0.3304794991335695542 0.61374219619221459521 -2.5113124039621403938 1.7238924835484102847e-006 
2.6249999999998219202 0.33035950331996871698 0.6111968326998670209 -2.5113127349219119822 1.4136448521347220422e-006 
2.6499999999998191669 0.3305766482739704859 0.6066888661235122493 -2.5113130474973432982 1.3182677269467104821e-006 
2.6749999999998164135 0.3307783273060018181 0.61071898782865463584 -2.5113133542266692366 1.273332917429694124e-006 
2.6999999999998136602 0.33085896611109283372 0.61304715388509511964 -2.5113136152405073354 1.1736860076326112593e-006 
2.7249999999998109068 0.33077787843897360487 0.61383533630672026948 -2.5113138915058383915 1.2192487713266746716e-006 
2.7499999999998081535 0.33053138815361954306 0.61638562859797119131 -2.5113141298094867615 8.2513930342268426556e-007 
2.7749999999998054001 0.33044738230288372982 0.61594666493013794373 -2.5113142770045180363 5.6187676274880174846e-007 
2.7999999999998026468 0.33052868356734460553 0.61411202509739237776 -2.511314439072161786 8.7953696610368154971e-007 
2.8249999999997998934 0.3307303260676439649 0.60987462893703103806 -2.5113146197030489226 6.7199185668649858467e-007 
2.84999999999979714 0.33073381872549006966 0.61021489850142096589 -2.511314758126373281 5.5280276218227088961e-007 
2.8749999999997943867 0.33049620897190717939 0.61375851203702236347 -2.5113148677455625624 4.5659528198145642108e-007 
2.8999999999997916333 0.3305310196659548283 0.61163175794324986523 -2.5113149803039873653 5.0952529452122099539e-007 
2.92499999999978888 0.3306810767143520402 0.61146286484021483698 -2.5113150830181032447 4.0876289108564452754e-007 
2.9499999999997861266 0.33072171054276972013 0.61422386229574443828 -2.5113151688294923503 3.6039068415335219772e-007 
2.9749999999997833733 0.33067146182565992918 0.61501352854324686792 -2.5113152509566769588 3.3931819168478510912e-007 
2.9999999999997806199 0.33053851226225694493 0.61410843302773343577 -2.5113153110575967553 2.0869443177881863538e-007 
3.0249999999997778666 0.33060931360908107912 0.61157726858735261821 -2.5113153674191290854 3.1337570639920329818e-007 
3.0499999999997751132 0.33069994990780465782 0.61165982926763728944 -2.511315435592456069 2.6926654038801528194e-007 
3.0749999999997723599 0.33063003745153657364 0.61347619260151664555 -2.5113154929900232126 2.1585534372475529388e-007 
3.0999999999997696065 0.33064482342792939074 0.61346723370967626288 -2.5113155259834805122 9.9799166930560506453e-008 
3.1249999999997668532 0.33062155265936649107 0.6127964742365806794 -2.5113155590329356848 2.0721935884202674349e-007 
3.1499999999997640998 0.33053768723898707682 0.61161198127448146433 -2.5113156030194194734 1.614367887038090629e-007 
3.1749999999997613465 0.33054528387319348504 0.61166340520113460233 -2.5113156340266669098 1.1588062069952066574e-007 
3.1999999999997585931 0.33061465272471007859 0.61323379497534546978 -2.5113156605794366705 1.2406152480950010663e-007 
3.2249999999997558398 0.33070722245594935673 0.61425227363619738785 -2.5113156883394607277 1.1238090262340490105e-007 
3.2499999999997530864 0.33069824721289858838 0.61427324380329417775 -2.511315710166710069 9.0294682657405431522e-008 
3.274999999999750333 0.33064145458379451403 0.61272514178268711049 -2.5113157278312887577 6.5556533675726842765e-008 
3.2999999999997475797 0.33063974746340468736 0.6116555745951095524 -2.5113157450573706519 8.7255944535417393399e-008 
3.3249999999997448263 0.33061072541303299088 0.61244779646916724936 -2.5113157643724881574 7.5592820665244234494e-008 
3.349999999999742073 0.33059765530792961652 0.61294021487163241613 -2.5113157786463733423 5.2853431283868486185e-008 
3.3749999999997393196 0.33060857634769003077 0.61286140049898252258 -2.5113157886973165311 4.8899237061010942212e-008 
3.3999999999997365663 0.33060380481648643514 0.6127809016380774132 -2.5113158021110253415 5.6202073759900622809e-008 
3.4249999999997338129 0.33060182121100584185 0.61284570199303300964 -2.5113158121441410131 3.5204402192048783876e-008 
3.4499999999997310596 0.33059827190576279721 0.61325279307538893558 -2.5113158204020957776 4.0127873286165597527e-008 
3.4749999999997283062 0.3306512325207848213 0.61311944126586015447 -2.5113158290910155834 3.6592188681581308232e-008 
3.4999999999997255529 0.33069434622493198983 0.61267548681226768892 -2.5113158360137610714 2.5763644550409206218e-008 
3.5249999999997227995 0.33064732349486303242 0.61271452132524450995 -2.5113158427011530449 3.0831690843911612497e-008 
3.5499999999997200462 0.33061024404577449287 0.61274836109422181618 -2.5113158487003808261 2.3357655903426090389e-008 
3.5749999999997172928 0.33060791637706010704 0.61281020756647308634 -2.5113158542637119552 2.3879781867894077443e-008 
3.5999999999997145395 0.3306213733681138689 0.61308783852853165897 -2.5113158578225553974 1.2617788342310699847e-008 
3.6249999999997117861 0.33062777988661606887 0.61314195848637609298 -2.5113158621272426707 2.2162540126051625218e-008 
3.6499999999997090327 0.33060926023476217006 0.61289963503870958927 -2.5113158662910457508 1.4494872561440248668e-008 
3.6749999999997062794 0.33061916444937922144 0.6124775211856628987 -2.5113158696110549073 1.438446740124244023e-008 
3.699999999999703526 0.3306254738966393214 0.61236858199543808823 -2.5113158722803494705 1.1819278027615533042e-008 
3.7249999999997007727 0.3306166032469590732 0.61282275879187531054 -2.5113158750133948161 1.04121041536958365e-008 
3.7499999999996980193 0.33063735620484757671 0.61318081584057970712 -2.5113158772554773357 1.025459674784076033e-008 
3.774999999999695266 0.33064851928958371996 0.61319359271327011918 -2.5113158794279670794 7.8446977347290668672e-009 
3.7999999999996925126 0.33064077331129049231 0.61301801665986166423 -2.5113158812054678926 9.3095346831504211432e-009 
3.8249999999996897593 0.33062089975731123737 0.61293833220813387364 -2.511315883038733876 5.9504653997982248092e-009 
3.8499999999996870059 0.33060218243579714281 0.61293944110829079452 -2.511315884357682382 6.6035027460747271517e-009 
3.8749999999996842526 0.33062025792685950654 0.61254088058340994127 -2.5113158858697430809 5.8177228787301206513e-009 
3.8999999999996814992 0.33063322911990777886 0.61236476795676486606 -2.511315887037146144 4.602321840314301142e-009 
3.9249999999996787459 0.33062569048626372359 0.61275520130931948604 -2.5113158878393742057 3.468343798749508065e-009 
3.9499999999996759925 0.33062538887783760044 0.61301169324466653343 -2.511315888985999667 6.0190328794479984456e-009 
3.9749999999996732392 0.33062374092173324458 0.61315788521425507174 -2.5113158899590022344 2.2521021447160053726e-009 
3.9999999999996704858 0.33062662148282107033 0.61314124198692576684 -2.5113158905256538489 3.2736411262421124255e-009 
4.0249999999996788347 0.33063262162146794809 0.61290950848310943311 -2.511315891192247296 2.6201844411128394466e-009 
4.0499999999996871836 0.33063305510651480601 0.61276757584698826609 -2.5113158918843718759 3.3617136224257683181e-009 
4.0749999999996955324 0.33062651228324835273 0.61269405667719267772 -2.5113158924665053284 1.6884585812631193343e-009 
4.0999999999997038813 0.33061360516052018532 0.61277958188372227966 -2.5113158928404137882 1.7520479028838751631e-009 
4.1249999999997122302 0.33061697695178710044 0.61279175105547178948 -2.5113158932598902418 2.1529436252816017791e-009 
4.1499999999997205791 0.33062961668596452247 0.61270957134477432859 -2.511315893740584837 1.643832564485658733e-009 
4.1749999999997289279 0.330631791512549289 0.61292101725075798235 -2.5113158940156643517 1.2559630362766284219e-009 
4.1999999999997372768 0.33062913348451139495 0.61308868029997576343 -2.5113158943554876323 1.4228905311551805952e-009 
4.2249999999997456257 0.33062485918047251898 0.61302296751549945064 -2.5113158946283702377 1.164189448315749554e-009 
4.2499999999997539746 0.33062788802980258573 0.61284734848205268953 -2.5113158948586336017 7.6217728603011888251e-010 
4.2749999999997623235 0.33062946690105932124 0.61271231402864068105 -2.5113158950423613014 1.0740351754976033782e-009 
4.2999999999997706723 0.33062218201694570929 0.61281366711295404137 -2.511315895295581857 8.8783625633058461009e-010 
4.3249999999997790212 0.33062417203598370996 0.61284360996913989084 -2.5113158954535585998 6.8527485741489451963e-010 
4.3499999999997873701 0.33062543280950390523 0.61281344970972451147 -2.511315895602078907 5.9375243060816346383e-010 
4.374999999999795719 0.33062050298904094303 0.61288001978641604151 -2.5113158957393544313 6.3793914851193931084e-010 
4.3999999999998040678 0.3306231539394712815 0.61287638433490387868 -2.5113158958692451961 4.441880180725275316e-010 
4.4249999999998124167 0.33062732436033892558 0.61290972249323916188 -2.5113158959672934323 5.0946388542229716211e-010 
4.4499999999998207656 0.33063079442362830473 0.61289555708456300298 -2.5113158960811809983 4.3753247209340375397e-010 
4.4749999999998291145 0.33063143137664846583 0.61282812913919015863 -2.5113158961655499546 3.5276110002944418562e-010 
4.4999999999998374633 0.33062689935186473367 0.61286681307430013188 -2.5113158962435133681 2.9378050734278691026e-010 
4.5249999999998458122 0.33062538209998032501 0.61285531163316742109 -2.5113158963077473196 3.1609586132435104492e-010 
4.5499999999998541611 0.33062486315457151331 0.61285181248999054393 -2.5113158963808737134 2.9539641901928619722e-010 
4.57499999999986251 0.33062383997607197594 0.61287698658909384175 -2.5113158964363511139 2.1870431267536118777e-010 
4.5999999999998708589 0.33062355955630262638 0.61285144012228931487 -2.5113158964779871418 1.5449963182711217292e-010 
4.6249999999998792077 0.33062253967692784018 0.61284032728058335238 -2.5113158965248807419 2.3950670695073418344e-010 
4.6499999999998875566 0.33062390575191463737 0.61281248008887767575 -2.5113158965676212198 1.5287776177554191081e-010 
4.6749999999998959055 0.33062668720876087214 0.61285571778066749715 -2.5113158966079152101 1.9437387370139299169e-010 
4.6999999999999042544 0.330629668881655292 0.61291920812916478312 -2.5113158966368906988 7.8463169375928973531e-011 
4.7249999999999126032 0.33063080616277890078 0.6128868225764498856 -2.5113158966623725377 1.2411799693987496265e-010 
4.7499999999999209521 0.33062758063182207113 0.61287547028495137358 -2.5113158966840289921 9.4867972159243819422e-011 
4.774999999999929301 0.33062495845847478249 0.61285008390659256872 -2.5113158967140574163 1.4401466301645247931e-010 
4.7999999999999376499 0.33062349249871658685 0.61282925012994393654 -2.511315896735202724 6.3004519941507306542e-011 
4.8249999999999459988 0.33062316275497322104 0.61285785568430373171 -2.5113158967508466546 6.1347013493453535858e-011 
4.8499999999999543476 0.33062524280864408199 0.61285457319074654325 -2.511315896764160005 7.3291018063552873838e-011 
4.8749999999999626965 0.33062562679279244859 0.61286145770429434343 -2.5113158967828086432 6.7981353956838375206e-011 
4.8999999999999710454 0.33062588804561687805 0.61285508076461547855 -2.5113158967934543497 4.9688358285150981091e-011 
4.9249999999999793943 0.33062694366634082233 0.61284494175593673404 -2.5113158968053741482 4.373870120743591639e-011 
4.9499999999999877431 0.33062653542010700392 0.61288123962906848607 -2.5113158968160154139 5.524687951424533118e-011 
4.974999999999996092 0.33062690562317775811 0.61288171540529234882 -2.5113158968263964432 2.7169571969283749843e-011 
