0.025000000000000015266 0.59902358746832140568 0.00050781901339847640431 -2.2419514880820070601 0.042534110795113308501 
0.05000000000000003747 0.57270662794788584904 0.017896458580938162664 -2.248259788969990236 0.064103128961703212396 
0.075000000000000052736 0.42222921750407504948 -0.011932043614500342787 -2.2654125292334770236 0.10532114595890169906 
0.10000000000000007494 0.37807177406458974955 -0.055105221009475124916 -2.2943528716317649341 0.12057018234445630867 
0.12500000000000008327 0.20410694998940945299 -0.3982345069346995281 -2.3133034411621258286 0.066500841187414727607 
0.15000000000000010547 0.20851944716849996064 -2.2186066975111158328 -2.3267168939461781996 0.068964533764252294867 
0.17500000000000012768 0.30172731077487846552 -2.9178713012168628893 -2.3411342880097865127 0.068657837884300465525 
0.20000000000000014988 0.21857744126532194229 -1.6861974203977516673 -2.3545736804565668976 0.044387672011207301992 
0.22500000000000017208 0.20360236424882760531 -2.3694524469748130535 -2.3644878521722598741 0.063308083531917483389 
0.25000000000000016653 0.28486344901798243967 -2.1262018671404030457 -2.3804798418245556313 0.074888090804590787264 
0.27500000000000018874 0.28958976568959027276 -3.640209856960796575 -2.3933431502164435045 0.050804692422510268346 
0.30000000000000021094 0.29296033744046529046 -0.51447096467057373825 -2.4021509872577402334 0.030114087010260644217 
0.32500000000000023315 0.27707615834518511955 -0.60588429439681612543 -2.4110277028775910502 0.048738349973247024893 
0.35000000000000025535 0.27418320421571851231 -0.37289501618659481874 -2.4182099400907342002 0.028094899798614021702 
0.37500000000000027756 0.29461177871961907737 -0.65520885270377027254 -2.4270989603436015081 0.050935468291204169522 
0.40000000000000029976 0.25360871935182627279 -0.55808451487785182277 -2.4367218945175572742 0.032930754600954917355 
0.42500000000000032196 0.26177179712820047852 -1.0840825045290722883 -2.4428513462021235192 0.031678610827092952562 
0.45000000000000034417 0.27168742046611099594 -1.231319804504805937 -2.4496287871620729959 0.030717653915172647011 
0.47500000000000036637 0.24937831096284532317 -0.76255576932776958365 -2.4565769628351721288 0.031394122346985124661 
0.50000000000000033307 0.28922408283149320107 -0.81744070383565725635 -2.4628056969484335426 0.027543944645142485333 
0.52500000000000035527 0.31924041865627816872 -0.48445465947557958541 -2.4683963659574184035 0.024158541817295334231 
0.55000000000000037748 0.33204719129390114496 -0.50748062712439878652 -2.4734431947936235119 0.027772253821846049765 
0.57500000000000039968 0.332782584589700281 -0.95470620910565795469 -2.4795418618236619857 0.023662871219729129241 
0.60000000000000042188 0.28649950367093690584 -0.86478540972925754815 -2.4829932250810378136 0.010788442695024437826 
0.62500000000000044409 0.28602447853853490978 -1.0079666739309485202 -2.4861335871834517874 0.020978542957155916354 
0.65000000000000046629 0.30841264452649147509 -1.0356580048735410937 -2.4907953117124943532 0.020837692276317407863 
0.6750000000000004885 0.29884411679825395591 -1.0687584978390924917 -2.4945552182208317049 0.011604331315070517266 
0.7000000000000005107 0.29107368468045152765 -1.0946756121862635247 -2.4963705419022379495 0.0085098906668698310468 
0.72500000000000053291 0.28627925888866112558 -0.79585526301964992779 -2.4981398930186933249 0.0075277803212995377316 
0.75000000000000055511 0.29143790322884605137 -0.92701336435253300916 -2.4999483490208525005 0.010540050066299346682 
0.77500000000000057732 0.29921783221340558789 -1.2719218005331613952 -2.5023965112526003196 0.011311526488156729148 
0.80000000000000059952 0.30192456876079848405 -0.83083895255620854314 -2.504604956001406979 0.008140763975528863064 
0.82500000000000062172 0.31704677090187810551 -0.66035878026092764692 -2.5061809042333269559 0.008267252670150151625 
0.85000000000000064393 0.31984430881205977437 -0.93713388982904510804 -2.5078285954446961625 0.0069583565660688460539 
0.87500000000000066613 0.30414131077137501746 -0.71593578573956018207 -2.5091930573263376836 0.0051901706516136606254 
0.90000000000000068834 0.3095913663165111851 -0.45312598127307696094 -2.5103213599418539026 0.0057312996551224454703 
0.92500000000000071054 0.32477111694491139771 -0.434872794839338217 -2.5114310441803167073 0.005033829099652236197 
0.95000000000000073275 0.32236165628187440912 -0.73834600170497610705 -2.5124994044440991381 0.0041706463768805927816 
0.97500000000000075495 0.31134868034905621714 -1.1560566502490430274 -2.5132840964200351408 0.0040795420612502594424 
1.0000000000000006661 0.29495314563143337772 -1.0271732127408135238 -2.5142260427120421973 0.0039492152556006134348 
1.0249999999999979128 0.28995735088982355077 -0.87348104551093785908 -2.5149324096570464526 0.0032078030025343606986 
1.0499999999999951594 0.30566379592856701697 -1.0421279278102397736 -2.5155887065538107272 0.0025787473853715815915 
1.0749999999999924061 0.31756757193830231767 -0.76698914263806150515 -2.5160975729469985396 0.0025793692057496926499 
1.0999999999999896527 0.32330196603723732052 -0.40513975724981937665 -2.5166959618412718669 0.0026132878156195893903 
1.1249999999999868994 0.32242441032945734491 -0.54878531183465861787 -2.517196672894470133 0.0022162471723241074228 
1.149999999999984146 0.31542055258675333329 -0.777403062231308839 -2.5175533259836408995 0.0013588864918738926494 
1.1749999999999813927 0.31157954889838623824 -0.86129831603333784074 -2.517938483482091705 0.0020119871361167170933 
1.1999999999999786393 0.30611067015087622956 -0.88617864319172723331 -2.5183619365765514964 0.0018968081628681682151 
1.224999999999975886 0.3043299530341537773 -0.94871643258085824879 -2.5186523641898448389 0.0010316440454008668406 
1.2499999999999731326 0.30699618639980613688 -0.89090944120216419844 -2.5189106441004387449 0.0011680650733172494391 
1.2749999999999703792 0.30826870146729601352 -0.75696879931171356937 -2.5191283671584177029 0.0011123091768321983173 
1.2999999999999676259 0.31202179235120902634 -0.73743665947538716843 -2.5193828291334710023 0.0010932519588553839263 
1.3249999999999648725 0.31572274724019372405 -0.65958120163613453979 -2.5196121401204409906 0.0010993988819831652329 
1.3499999999999621192 0.31909565881127771592 -0.70359595220023085638 -2.5197912556703419007 0.00057855200404174889593 
1.3749999999999593658 0.31815522613596564083 -0.87775197890038536563 -2.5199332048053402211 0.00077728982239001081795 
1.3999999999999566125 0.30920251903822509876 -0.81702716713462564257 -2.5200832693233241599 0.00057353090152977709293 
1.4249999999999538591 0.30834152947701787273 -0.75862247510812896856 -2.5202110800822858927 0.00070100203405764260553 
1.4499999999999511058 0.3129273209215232554 -0.81345149739713806802 -2.5203500902007056617 0.00054416582370223976275 
1.4749999999999483524 0.31073570474167694355 -0.77021037685006898954 -2.5204507399923086197 0.00036932279459199262531 
1.4999999999999455991 0.31079252016644443035 -0.76378690352360245619 -2.5205269609098857053 0.00043082674693982925436 
1.5249999999999428457 0.31330130676053280503 -0.82722809546904441103 -2.5206318553973603436 0.00052240088305251664719 
1.5499999999999400924 0.31183451941061252066 -0.8608069934075299745 -2.5207231454424761097 0.00025343409027699640877 
1.574999999999937339 0.31242251929721331916 -0.82812661097532935806 -2.5207671276952212658 0.00027990633586808596079 
1.5999999999999345857 0.31488115459323384737 -0.70559541112919199612 -2.5208354050372783206 0.00027637963586070934605 
1.6249999999999318323 0.31615098951872244726 -0.67354223399544732587 -2.5208940242173123458 0.00030139006557848926644 
1.649999999999929079 0.3150353344100103592 -0.76126003560940835868 -2.5209454726750184506 0.00019776132008246860637 
1.6749999999999263256 0.31165249233267250384 -0.7932209117513882024 -2.5209952542505869033 0.00022609597240895625003 
1.6999999999999235722 0.31001381695591800902 -0.80646003366985685723 -2.5210325745143231657 0.00015189539093834897592 
1.7249999999999208189 0.31012128302719649264 -0.8615256329758824716 -2.521069090887793962 0.00018611986020349979148 
1.7499999999999180655 0.31123140112572228455 -0.86769039932927705117 -2.5211011341727882495 0.00011160399413463876789 
1.7749999999999153122 0.31220591016950199892 -0.76899434114393794282 -2.5211287097409220692 0.00015203472971862523502 
1.7999999999999125588 0.31285709199919942147 -0.6971820749337882539 -2.521160776756266042 0.00013890339060725458435 
1.8249999999999098055 0.31526507841601375537 -0.75623234683448325999 -2.5211857133105985973 9.2099037310701742571e-005 
1.8499999999999070521 0.31584179456060196278 -0.78378207879643913003 -2.5212014487282092823 7.3555043396108331214e-005 
1.8749999999999042988 0.31354817894536540779 -0.74580238897790840369 -2.5212230812329154972 0.00011388315413124851586 
1.8999999999999015454 0.31247603000795465267 -0.78782109496486163458 -2.521241256670352815 6.1229276803996695081e-005 
1.9249999999998987921 0.31109715569484047704 -0.83754498884644723589 -2.5212576240585544696 8.4617033432650317942e-005 
1.9499999999998960387 0.31009981752943260869 -0.82299972292005252328 -2.5212700322940766462 4.8427690506211747829e-005 
1.9749999999998932854 0.31174904498521910368 -0.79652613015806772445 -2.521282924580782403 5.3749005107181668957e-005 
1.999999999999890532 0.31303778785330715895 -0.76609886575434771316 -2.5212939614241189901 6.4680866152475450831e-005 
2.0249999999998880007 0.31397278355756708113 -0.76571639613028463778 -2.5213066068351546178 4.0036040040525454797e-005 
2.0499999999998852473 0.31462867200803601442 -0.77878081329083148621 -2.5213133936712410765 3.4860517190950610783e-005 
2.074999999999882494 0.31337154327397070963 -0.75993412625848422159 -2.52132171286047857 3.8105411174576654459e-005 
2.0999999999998797406 0.31244118254882291552 -0.76984912194396426521 -2.5213294560668715327 3.4406509383304297262e-005 
2.1249999999998769873 0.31271870645675642342 -0.80376795804658662803 -2.5213364870879302337 3.2014191660577757644e-005 
2.1499999999998742339 0.31281558821308508289 -0.80022764225957976336 -2.5213426297881982308 2.56863094846423518e-005 
2.1749999999998714806 0.31225547890355581648 -0.78230981900955320896 -2.5213476665144503031 2.103272558083604636e-005 
2.1999999999998687272 0.31167913609713865375 -0.78672739927086698941 -2.5213522035272690758 2.2362443911721333382e-005 
2.2249999999998659739 0.31231849072455641902 -0.80064258322125836376 -2.5213569161085520598 1.9414389588594543353e-005 
2.2499999999998632205 0.31314304669130693659 -0.78650257384077626455 -2.5213603547246292713 1.7459985841869056126e-005 
2.2749999999998604672 0.31333070474638430314 -0.76572508133231087513 -2.5213645453209356795 1.6579133117862912241e-005 
2.2999999999998577138 0.31350965922614787429 -0.77340755945094130652 -2.5213674618751147349 1.3270159688305837239e-005 
2.3249999999998549605 0.31321888521969287744 -0.77960014812734024225 -2.5213700012696564912 1.100432839180365216e-005 
2.3499999999998522071 0.31280636190164323729 -0.78420371226378371432 -2.5213728511071624716 1.4466430059524526826e-005 
2.3749999999998494538 0.31254751980059863881 -0.7937939377316821643 -2.5213751226994562948 7.2512856261715255335e-006 
2.3999999999998467004 0.3122727484271617393 -0.78907130758401367032 -2.5213768748571880884 9.4771251775100328712e-006 
2.4249999999998439471 0.31278920991230985127 -0.78724723698227960789 -2.5213789656877017009 9.4113192584049945941e-006 
2.4499999999998411937 0.31301076138784600378 -0.78383503619118388706 -2.5213806472357567223 7.2830383738495458297e-006 
2.4749999999998384403 0.31237733767997427625 -0.77551979696177752999 -2.5213821820237698468 6.0145141360652844327e-006 
2.499999999999835687 0.31260441059312848999 -0.78556255034677624494 -2.5213833474938289747 5.6361835240570327203e-006 
2.5249999999998329336 0.31324714522347169021 -0.79144028711480052252 -2.5213845454571739424 5.4790243918599464305e-006 
2.5499999999998301803 0.31321583667857427757 -0.78384750744524378518 -2.5213858008476113248 6.1946568369245575065e-006 
2.5749999999998274269 0.31299091195663819587 -0.78022045965160791159 -2.5213867438586250458 2.3211816182060580523e-006 
2.5999999999998246736 0.31284875966407754699 -0.7781887223645869156 -2.5213874038859107607 4.5495261829351198437e-006 
2.6249999999998219202 0.31268076344733497507 -0.78210858565045304758 -2.5213883792124867078 4.1259885256992525441e-006 
2.6499999999998191669 0.31241835664641448567 -0.78670456575043656855 -2.5213891537904564721 2.898895012544028519e-006 
2.6749999999998164135 0.31249770079771665987 -0.78558764421615934204 -2.5213896476171711036 2.425587486892667525e-006 
2.6999999999998136602 0.31293524235819802914 -0.78818141726210422249 -2.521390242757022726 2.4631425085300759821e-006 
2.7249999999998109068 0.31298639586417675851 -0.78955532897322344699 -2.5213907061334617232 2.2999592214806706464e-006 
2.7499999999998081535 0.31287428626184632385 -0.78400272828489891985 -2.52139123423249778 2.6501687320140735843e-006 
2.7749999999998054001 0.31286610035585965539 -0.77715465393907234848 -2.5213917268804446614 1.5564317274575619432e-006 
2.7999999999998026468 0.3128299960162155835 -0.77872974433448061138 -2.5213919901429311388 1.2710206459623130916e-006 
2.8249999999997998934 0.31296624691096280868 -0.78626397112664914157 -2.5213922952456271354 1.5996555655153388398e-006 
2.84999999999979714 0.3128984379504997082 -0.7838172812957007185 -2.5213926651046456584 1.6718496660010187536e-006 
2.8749999999997943867 0.31262809839738392448 -0.78236178261764699471 -2.5213929321364707548 9.6747703858855934173e-007 
2.8999999999997916333 0.31268936019396120773 -0.79091547399024531018 -2.5213931635055155667 1.054077690361328755e-006 
2.92499999999978888 0.31279174364626793903 -0.7893475011319399659 -2.5213933473655854023 8.8418730967308378379e-007 
2.9499999999997861266 0.31280328463843320996 -0.78048210902251868859 -2.5213935822586659441 1.1391522913229233491e-006 
2.9749999999997833733 0.31287818645489001712 -0.77942820524774514279 -2.5213937714695004999 6.8621379387820836193e-007 
2.9999999999997806199 0.31288177203113498592 -0.78239059729269366805 -2.5213938987152797466 5.0500339839347017703e-007 
3.0249999999997778666 0.31286666381638172929 -0.78501317651418522914 -2.5213940332542308376 7.73536991870093969e-007 
3.0499999999997751132 0.31280306142683045323 -0.78557115965591206574 -2.5213941823002841147 6.148954116229351444e-007 
3.0749999999997723599 0.31272645521309527794 -0.78532838013620431816 -2.5213942942753995169 4.1898973922511946812e-007 
3.0999999999997696065 0.31283056351938026696 -0.7853651512792232392 -2.5213943977404129626 5.4859241251439001175e-007 
3.1249999999997668532 0.31292835647359928952 -0.78255394610515494058 -2.5213944886553973923 3.1660028103870170594e-007 
3.1499999999997640998 0.31283504299145342697 -0.78086189566933783546 -2.5213945670993869186 4.0928815562985656996e-007 
3.1749999999997613465 0.31268824485978857775 -0.78321288188637860905 -2.5213946432262908104 3.3486693886740810333e-007 
3.1999999999997585931 0.31271991761628564754 -0.78600831422890671263 -2.5213947172809083597 2.9888255246660539016e-007 
3.2249999999997558398 0.31286298928677841458 -0.78747955653536783061 -2.5213947721296197102 2.6214516678163532256e-007 
3.2499999999997530864 0.31283571921591379894 -0.78584138038163875439 -2.5213948267548613735 2.2707524819462608202e-007 
3.274999999999750333 0.31281833230838645976 -0.78286521158915722829 -2.5213948741360017181 2.5130231573373293393e-007 
3.2999999999997475797 0.31292848082548119226 -0.78197561192071818326 -2.521394928363362542 1.9806020114214454545e-007 
3.3249999999997448263 0.31287528535514091965 -0.78194751013596763833 -2.5213949587172872491 1.1990339042283844721e-007 
3.349999999999742073 0.31276549218137378316 -0.78275808707531269182 -2.5213949877081227591 1.7407093768891072317e-007 
3.3749999999997393196 0.31277807335411311751 -0.78445753614259028375 -2.5213950294225577764 1.8195427846385850081e-007 
3.3999999999997365663 0.3127899434716666649 -0.78596680620116665672 -2.5213950605890853573 1.0764853133896869484e-007 
3.4249999999997338129 0.3127886104902419806 -0.78674869126711677314 -2.5213950792493697861 9.6872694189216067954e-008 
3.4499999999997310596 0.31278357008298685038 -0.78485614440845896667 -2.5213951054895566983 1.1642690368658852862e-007 
3.4749999999997283062 0.31280819315526170454 -0.78271849031710560851 -2.5213951236422635915 8.5628166615135546726e-008 
3.4999999999997255529 0.31288545254220900826 -0.78310036447419784089 -2.5213951448919127429 8.6806014514968477929e-008 
3.5249999999997227995 0.31288357585822912377 -0.78300188233951806271 -2.5213951614236997933 7.8359543820829299578e-008 
3.5499999999997200462 0.31281479146097290744 -0.78291505853003140469 -2.5213951759482644555 5.9017475930176497848e-008 
3.5749999999997172928 0.31278503766784038209 -0.78458528890370193842 -2.5213951890787718035 6.4708299741525172218e-008 
3.5999999999997145395 0.31278756004317515016 -0.78559747941553248474 -2.5213952020405128174 5.036869257527300114e-008 
3.6249999999997117861 0.31279488631468393978 -0.78489145060400522524 -2.5213952125275640448 5.5753903351818558849e-008 
3.6499999999997090327 0.31280053424070641821 -0.78354924234497502766 -2.5213952237153134384 3.9308307511224921068e-008 
3.6749999999997062794 0.31283669882150444419 -0.78344051934664538095 -2.5213952300369606441 3.1130328085240657881e-008 
3.699999999999703526 0.3128593431585633966 -0.78427154543930888142 -2.5213952387240161634 4.4568247613740871516e-008 
3.7249999999997007727 0.31281184004499540396 -0.78403107169460772852 -2.5213952476173195905 3.6366267727621192347e-008 
3.7499999999996980193 0.31279223137984207836 -0.78394627264857297266 -2.5213952530904997218 1.6522385082837781705e-008 
3.774999999999695266 0.31282150090360166805 -0.78442995930220571488 -2.5213952578509197799 3.3502084788869581811e-008 
3.7999999999996925126 0.31283330439503298503 -0.78413186930063216717 -2.5213952642555321759 1.8712277402876541909e-008 
3.8249999999996897593 0.31283092723554345449 -0.78369305744936390568 -2.5213952683072968775 2.2071260313175069585e-008 
3.8499999999996870059 0.31280725856629298942 -0.78359603186914683626 -2.5213952722324899369 1.7986976089241392677e-008 
3.8749999999996842526 0.31279568508097099766 -0.78414082977604415703 -2.5213952767839353797 1.9398689480975705337e-008 
3.8999999999996814992 0.31281853264797077063 -0.78480945149356340362 -2.5213952799333703148 1.3527584410961741531e-008 
3.9249999999996787459 0.31281929140438324843 -0.78437482639505540227 -2.5213952828477532719 1.194678697609584611e-008 
3.9499999999996759925 0.31281244491656423623 -0.78390240580305525775 -2.5213952852347540912 1.166139756744770031e-008 
3.9749999999996732392 0.31282412443507473521 -0.78396827056213980178 -2.5213952879402214968 1.3997854974519241324e-008 
3.9999999999996704858 0.31282534142630369356 -0.78386995460401220903 -2.5213952905318950393 8.1479527984912831909e-009 
4.0249999999996788347 0.31281469099808068002 -0.78378190853294271712 -2.5213952920354820719 7.9125835480100729854e-009 
4.0499999999996871836 0.31281009587611674494 -0.78384356230837037849 -2.5213952938717847374 8.6462199589049499507e-009 
4.0749999999996955324 0.31282354676121126857 -0.78424656881315235601 -2.5213952956652563309 8.1470795030174645056e-009 
4.0999999999997038813 0.31282851635835740023 -0.78453003538832133401 -2.5213952970074493543 4.5009707976703523719e-009 
4.1249999999997122302 0.31280692657526304457 -0.78416913655255005011 -2.5213952983119174434 7.2021658883879977121e-009 
4.1499999999997205791 0.31280069961417800162 -0.7840053045705629442 -2.5213952993770063493 3.7913538214399549768e-009 
4.1749999999997289279 0.31281586499408065016 -0.7840539118737238633 -2.5213953004735389918 5.5325384602593018589e-009 
4.1999999999997372768 0.31282819264657929503 -0.78392714486935421991 -2.5213953014521921503 4.3832478633033082597e-009 
4.2249999999997456257 0.31283055529132786088 -0.78399843097225363486 -2.5213953023571753498 3.2153584555088279458e-009 
4.2499999999997539746 0.31281705834381945408 -0.78410189800262020121 -2.5213953029842222087 3.4605100164628443464e-009 
4.2749999999997623235 0.3128104512563237849 -0.7841389188186533854 -2.5213953037138296942 2.9699821166501563838e-009 
4.2999999999997706723 0.31281479631142089515 -0.78415268023699746802 -2.5213953042815040462 2.6741417627705533811e-009 
4.3249999999997790212 0.31281055583781380847 -0.78401131033557058814 -2.521395304917670277 2.673421527507754496e-009 
4.3499999999997873701 0.31281696526707108985 -0.78396772637200173861 -2.5213953053390913972 1.9468649740112759456e-009 
4.374999999999795719 0.31282915167105257437 -0.78404705269217012109 -2.5213953058201257207 2.1823936743219669602e-009 
4.3999999999998040678 0.31282025883450936821 -0.78414033348736567053 -2.5213953062458638321 1.8884039393991252372e-009 
4.4249999999998124167 0.31280827456298065936 -0.784205752719458693 -2.5213953065633138984 9.6819080289329558595e-010 
4.4499999999998207656 0.31281154601846294927 -0.78409967752046894063 -2.5213953068239813859 1.8374117683019851371e-009 
4.4749999999998291145 0.31282019753389295191 -0.7840428001552428583 -2.5213953072220012253 1.4554869732535166766e-009 
4.4999999999998374633 0.3128210150625754804 -0.78406398763536033769 -2.5213953074511614716 9.4038509267778748349e-010 
4.5249999999998458122 0.31281628045888970613 -0.78397703369183679989 -2.5213953076626736127 9.8597924014709449542e-010 
4.5499999999998541611 0.31281615940675766563 -0.78399889189640381559 -2.5213953078856898848 1.044508842240012075e-009 
4.57499999999986251 0.31281680114835003215 -0.78412132744978713106 -2.5213953080671527296 7.7628720204606169692e-010 
4.5999999999998708589 0.31281770469257391687 -0.78414625723902675603 -2.5213953082441165066 8.0611259624203205991e-010 
4.6249999999998792077 0.31282098914350114915 -0.78409723597651237448 -2.5213953084050251263 6.2631141612330525154e-010 
4.6499999999998875566 0.31281939117478524404 -0.78404433598076050949 -2.5213953085163849366 5.9785730424547369064e-010 
4.6749999999998959055 0.31281586302201075389 -0.78409865906578724015 -2.5213953086596414543 5.7060635607461623854e-010 
4.6999999999999042544 0.31281273552634014656 -0.78411646748099306237 -2.5213953087633833583 5.2856187929612315059e-010 
4.7249999999999126032 0.31281110997656619288 -0.78400089563326580411 -2.5213953088717047102 4.0336366218507266425e-010 
4.7499999999999209521 0.3128184211501430223 -0.78404560164895786833 -2.5213953089617673342 4.3453215702918977772e-010 
4.774999999999929301 0.3128244578107022833 -0.78415474002126250852 -2.5213953090207814611 2.0062022059050381704e-010 
4.7999999999999376499 0.31282059848203069841 -0.78407493466828870332 -2.521395309099174753 4.8821352971613045362e-010 
4.8249999999999459988 0.31281602700642796577 -0.78401103285338735738 -2.521395309184254252 2.8203863423904125378e-010 
4.8499999999999543476 0.31281412223037308173 -0.78406167601613696583 -2.5213953092362912933 2.0569926010153051089e-010 
4.8749999999999626965 0.31281523543873951398 -0.78409566077070069756 -2.5213953092741752116 2.1265867416993369992e-010 
4.8999999999999710454 0.31281771965164667515 -0.78408115476416329059 -2.5213953093268890449 2.2576699953440633453e-010 
4.9249999999999793943 0.31281721672244627852 -0.78408074615358702708 -2.5213953093728722621 2.1826190975986632273e-010 
4.9499999999999877431 0.31281694186601899377 -0.78411619374821794892 -2.521395309413786201 1.6120512585598640361e-010 
4.974999999999996092 0.31281761623813364448 -0.78409477525221427108 -2.5213953094429744084 1.1221497010870691854e-010 
