0.025000000000000015266 0.59895915760659845795 0.0005073709542134131889 -2.2420319270469257766 0.0424867463662965128 
0.05000000000000003747 0.57268369282960729372 0.017879129021574791114 -2.248395714396399736 0.063963030070774612446 
0.075000000000000052736 0.4224359677599602847 -0.01182633730020471452 -2.2656854535684085583 0.1050401871298105444 
0.10000000000000007494 0.37844599873324802353 -0.055093675260123542436 -2.2948554165516097392 0.12027281118633538493 
0.12500000000000008327 0.20471981648335957349 -0.39866383311921604893 -2.3139519902895573367 0.066241873376532908746 
0.15000000000000010547 0.20887074684994103024 -2.2136578254131205057 -2.3274276069470807293 0.068459676870384900127 
0.17500000000000012768 0.30168359225565488657 -2.9089840948635106166 -2.3418950443768382641 0.068184838364463609683 
0.20000000000000014988 0.21895059225054239183 -1.6821823827282647024 -2.3553552923315073109 0.043838787919846092245 
0.22500000000000017208 0.2036011298246460377 -2.3590286571951191164 -2.3652180431072848954 0.062299728417983785134 
0.25000000000000016653 0.28409241648547289838 -2.1050409315486815487 -2.3812281357582958385 0.074892255432175453 
0.27500000000000018874 0.29189701592522004914 -3.6041747960117596072 -2.3942541877513012771 0.05066627813284965004 
0.30000000000000021094 0.29601683676520557098 -0.46021574409388299465 -2.403115248183367747 0.030122881624571051784 
0.32500000000000023315 0.27789522533015559302 -0.49940074518671467851 -2.412162693920059553 0.049510370463138164698 
0.35000000000000025535 0.27622497937615381192 -0.28304611082226011076 -2.4195856689384926952 0.028086225215458487242 
0.37500000000000027756 0.29591320735960885413 -0.63671391290775603 -2.4283503854578367687 0.049346399796368199675 
0.40000000000000029976 0.25259441992217229744 -0.55228830492998182145 -2.4375616166037432642 0.030130990703958828586 
0.42500000000000032196 0.2617014719459204164 -0.9972486299974931967 -2.4434448753701438761 0.031272190368984209563 
0.45000000000000034417 0.26806579993054868716 -1.0777332469888323274 -2.4499052383465493854 0.027075320415194205348 
0.47500000000000036637 0.23711008890224710699 -0.45460835293901213916 -2.4557692918658946546 0.024970937827525838126 
0.50000000000000033307 0.26649532475733644921 -0.35956574354983228403 -2.4606291222840952493 0.020835256763348571768 
0.52500000000000035527 0.31010824894969551968 -0.11898542942506018516 -2.4657946343207952644 0.029160923330552920157 
0.55000000000000037748 0.33881545165649262774 -0.37724280085013522923 -2.4721681257032628309 0.030380373400999378247 
0.57500000000000039968 0.35577859115097409948 -0.96753031236207065469 -2.4785170194526489063 0.024484375748570902376 
0.60000000000000042188 0.29489077055371976099 -0.75576839660496664131 -2.4827252657060498997 0.014598747181131840889 
0.62500000000000044409 0.26083192916013231422 -0.94729587565361961232 -2.4855884020581684446 0.015166940499974039883 
0.65000000000000046629 0.28394250673123150319 -0.9593895906639440252 -2.4897234669995742529 0.022536318094165279369 
0.6750000000000004885 0.29094349286654491715 -0.94392759998099973195 -2.4939036197429920172 0.012811384781215164053 
0.7000000000000005107 0.29562506520117187714 -1.1259151388425057139 -2.4960332421737732034 0.009205090590203392209 
0.72500000000000053291 0.2944775547248914549 -0.93067117224548101539 -2.4979752343631163036 0.0094810927894620426054 
0.75000000000000055511 0.29439438324192468421 -1.0129611850613635671 -2.5001332095297552627 0.0095680191854993143497 
0.77500000000000057732 0.29899191802578484189 -1.2575986933746523544 -2.5020119950057662095 0.0090785705188510586877 
0.80000000000000059952 0.30236952160100988296 -0.80324788314525275013 -2.5044376361846407697 0.011808515014435741128 
0.82500000000000062172 0.32276554283214492491 -0.48829588639310622655 -2.5064414042951530526 0.0072324408798096527853 
0.85000000000000064393 0.33338360076743905891 -0.91413648645246636804 -2.5077650193031661985 0.005132334928465610499 
0.87500000000000066613 0.3146917807764240127 -1.0684040183977761007 -2.5089615052748328594 0.0065213137138952397345 
0.90000000000000068834 0.30031323936803755448 -0.77563854410564958552 -2.5103882875346648085 0.0058229878923945870006 
0.92500000000000071054 0.30663088893501927457 -0.61316498136563180044 -2.5114300106426679093 0.0040970922426838765618 
0.95000000000000073275 0.31718685686457886996 -0.91963002620183131874 -2.5123115090391978654 0.0045495477165338931227 
0.97500000000000075495 0.3208230999700258379 -1.1706174610494559651 -2.5132279691129180144 0.0035662436716076975976 
1.0000000000000006661 0.31234231531503015011 -0.88849653026181985016 -2.5141033796976341996 0.0044021142394565140193 
1.0249999999999979128 0.30251886104667502497 -0.7781717162132228971 -2.5148754138085278598 0.0031121209251583365624 
1.0499999999999951594 0.30265045905896659217 -0.99804242051487224163 -2.5155388608844511111 0.0025053189780558020143 
1.0749999999999924061 0.31102156749305359673 -0.86709852564524003693 -2.5159767327618163257 0.0023919317677184208717 
1.0999999999999896527 0.32252437479407947141 -0.60068209491483859352 -2.5166791777663068963 0.0033594321918804992064 
1.1249999999999868994 0.32268735457103669972 -0.6454311156833644203 -2.517227965114162469 0.0019440665172509212846 
1.149999999999984146 0.31606247008235838214 -0.75598891598879858211 -2.5175895752176025155 0.0014884921177815903671 
1.1749999999999813927 0.30984015998560815452 -0.7759130030672027889 -2.5179610894382693509 0.0020313821396171676328 
1.1999999999999786393 0.29955619525620552634 -0.75743584157928789402 -2.5183782720780354403 0.0015743648364410565803 
1.224999999999975886 0.29876854878610686894 -0.86478760387579478586 -2.5186513718577745458 0.0011345585084863852969 
1.2499999999999731326 0.30920975243433329593 -0.96818387735981126241 -2.5189015671160523979 0.0011761333358820396256 
1.2749999999999703792 0.31565468160732906844 -0.85907728291435003776 -2.5191433394698505843 0.0011268227432329059722 
1.2999999999999676259 0.3164187178972593939 -0.73913356411367792109 -2.5194253914572635189 0.0012830997053482862905 
1.3249999999999648725 0.31441826377752252197 -0.66361565858653481786 -2.5196387048232335992 0.00089485778136786156816 
1.3499999999999621192 0.3144895889368302111 -0.66167457714917377043 -2.5198131287031122483 0.00056143916255531952243 
1.3749999999999593658 0.316222026335243378 -0.7897882153343664946 -2.5199527944576960437 0.00088577306380854890343 
1.3999999999999566125 0.31156181993176063072 -0.86783596914743454942 -2.5201205539684914392 0.00053083226401512298518 
1.4249999999999538591 0.31032067727100215437 -0.88789952429564744651 -2.520226024618298144 0.00053788737774891008225 
1.4499999999999511058 0.31347021569454364132 -0.85735634645749492222 -2.5203461023045514722 0.00056756765812836576512 
1.4749999999999483524 0.31211771530342169445 -0.77380203486065746166 -2.520460754877061671 0.00045090736930936538111 
1.4999999999999455991 0.31164619173206681291 -0.73948715931713604466 -2.5205438785733855767 0.00035763490478738386167 
1.5249999999999428457 0.31467133060790203336 -0.73654862922802277758 -2.5206372649693213894 0.00050657005322011301914 
1.5499999999999400924 0.31594610633135616906 -0.81125127773862226732 -2.5207330305733099962 0.000332975096491760548 
1.574999999999937339 0.31302789799337676913 -0.85698248949217337156 -2.5207859745653076189 0.00021907810219157092539 
1.5999999999999345857 0.30968674207839325119 -0.75060364721037331481 -2.5208466970028786669 0.00030519831141667208649 
1.6249999999999318323 0.31121327626735706406 -0.73273607944191843089 -2.5209069478288657074 0.00028110468340592582783 
1.649999999999929079 0.31295431128251127717 -0.7940168729812925319 -2.5209608161515513203 0.00018738680843426055956 
1.6749999999999263256 0.31229538944007900758 -0.7605906796194965569 -2.5210007720478992965 0.00019594226284089689017 
1.6999999999999235722 0.31282436816045450234 -0.76150941970629637545 -2.5210351294054533788 0.00014568444151301241231 
1.7249999999999208189 0.3125371137864502713 -0.82195112709040407672 -2.521076612788387461 0.0001997642189481695519 
1.7499999999999180655 0.31107258720913072425 -0.8307576570472787747 -2.5211114378240901956 0.0001491961323843274173 
1.7749999999999153122 0.31098912297274899919 -0.77870937927127159561 -2.5211386049338582183 9.5523833605607271738e-005 
1.7999999999999125588 0.31246017441332518683 -0.74741976833992884721 -2.5211654517752339899 0.00015030053038526488998 
1.8249999999999098055 0.31521905194783866877 -0.78682797168792395492 -2.5211922004991245139 9.8375634692772289617e-005 
1.8499999999999070521 0.3160353095257321665 -0.79444362670228840795 -2.5212107926331386309 7.5032192056063146796e-005 
1.8749999999999042988 0.31395762062207727139 -0.75886792363638588821 -2.5212281876406943404 9.0522833609243331704e-005 
1.8999999999999015454 0.31202863022569810036 -0.77036108135200198621 -2.5212454826184407253 6.0542125382452762893e-005 
1.9249999999998987921 0.31119961731925321891 -0.80737408906880370196 -2.5212592965667597333 7.8684933210327245509e-005 
1.9499999999998960387 0.31176496737597886311 -0.82768509566979286962 -2.5212749824008162669 5.8482532946034011161e-005 
1.9749999999998932854 0.31280583826166558081 -0.80585930376733982961 -2.5212876764133542729 5.8033155626315245385e-005 
1.999999999999890532 0.31310285116693431506 -0.76879306805707980921 -2.5212974156756517985 4.4250140618245032895e-005 
2.0249999999998880007 0.31354297895915789196 -0.76733006509193790734 -2.5213097821864351999 5.091800129776949147e-005 
2.0499999999998852473 0.31353985594445521468 -0.76357503018236427828 -2.5213171754155072612 3.5649760524638224042e-005 
2.074999999999882494 0.3128472979068775417 -0.76017753773993268496 -2.5213251534024685441 2.907296791246502681e-005 
2.0999999999998797406 0.31244033108828167533 -0.78618283948540468309 -2.5213322075785558063 3.6780924562979470385e-005 
2.1249999999998769873 0.31214446738838896866 -0.80169516986000277647 -2.5213384488583421295 2.5842558143137208342e-005 
2.1499999999998742339 0.31228881921440737601 -0.79975724166943051863 -2.5213449788291550924 2.8286526707149361272e-005 
2.1749999999998714806 0.31223911494293837832 -0.78827345357264588799 -2.5213494366534332514 1.7410343617042610122e-005 
2.1999999999998687272 0.31185213965497360356 -0.77238559843170895292 -2.5213537249838084975 2.2264925843244998241e-005 
2.2249999999998659739 0.3129286739755954283 -0.78057003151541026753 -2.5213589981050290589 2.410501296975676926e-005 
2.2499999999998632205 0.31410636215955389794 -0.79146731128316294424 -2.5213627934251450213 1.1873074148954471148e-005 
2.2749999999998604672 0.31360803021436201021 -0.78120603479307015871 -2.5213655401433352488 1.5309306930492390045e-005 
2.2999999999998577138 0.31287472906656355054 -0.77657858150442582446 -2.5213689080469059434 1.4674536068255114289e-005 
2.3249999999998549605 0.31269217104908608729 -0.78395954373956922012 -2.5213717352145810224 9.6682294499286899127e-006 
2.3499999999998522071 0.31266911646845763073 -0.78800568100061529897 -2.5213735641164998214 1.1534175301952778779e-005 
2.3749999999998494538 0.31259800699454393103 -0.7885861053722118541 -2.521376141548630212 8.5520019065300710548e-006 
2.3999999999998467004 0.31275971886733333616 -0.79066724018569534138 -2.5213778206338544052 8.8924908785776274849e-006 
2.4249999999998439471 0.31321089088671488776 -0.78847682041874822545 -2.5213797383663600904 8.7397654715011931573e-006 
2.4499999999998411937 0.31301877442476377933 -0.7779752961191215288 -2.5213816061531866275 7.7949410930297990344e-006 
2.4749999999998384403 0.31247182125203920577 -0.77614742642414347173 -2.5213829973338981461 5.4018480675288658554e-006 
2.499999999999835687 0.31261554911907779575 -0.78443251935112567885 -2.521384086142133274 5.3294435421769603632e-006 
2.5249999999998329336 0.31296416903115781283 -0.78586228072737740469 -2.5213852461491863544 4.375435804417869658e-006 
2.5499999999998301803 0.31290266438768860047 -0.78688169623393400265 -2.5213862141823137897 5.7394511704156436879e-006 
2.5749999999998274269 0.31260012312585455652 -0.7855945019141372665 -2.521387328252962412 3.5694804722789916651e-006 
2.5999999999998246736 0.31256195434120243037 -0.77805581561476255814 -2.5213879712021300961 2.8191627447474273794e-006 
2.6249999999998219202 0.3128084736624278106 -0.78191302782112726 -2.5213886305456250092 3.6979941635982662549e-006 
2.6499999999998191669 0.31272227513864020443 -0.78721457490510660104 -2.5213895488503514919 4.0791773442204587769e-006 
2.6749999999998164135 0.31273072671455720561 -0.78341292008377139133 -2.5213901313370490342 1.6080950689532527942e-006 
2.6999999999998136602 0.31309027649468545995 -0.78524340893816813036 -2.521390538639938228 2.2923651143560335075e-006 
2.7249999999998109068 0.31298700211125746184 -0.78732178463888391473 -2.5213910569763267056 2.4964720425347867013e-006 
2.7499999999998081535 0.31272489647190659934 -0.78306774503726450654 -2.521391546975260578 1.8548438510595768545e-006 
2.7749999999998054001 0.31283192876834442497 -0.78077118362193731471 -2.521391923660669665 1.7268980340470965146e-006 
2.7999999999998026468 0.31294795119281648699 -0.78360150295773278728 -2.5213922318778188014 1.2630159255150820896e-006 
2.8249999999997998934 0.31295165469359442767 -0.78802998477109897912 -2.5213925216596928536 1.1660751882203629646e-006 
2.84999999999979714 0.31283673140846374183 -0.78558975617033155459 -2.5213928052466711982 1.8010223428425796073e-006 
2.8749999999997943867 0.31268799963624405169 -0.78142231011713980671 -2.5213931235027997602 8.4137244343446087114e-007 
2.8999999999997916333 0.31269201644527622186 -0.78447433014090517389 -2.5213933295848280913 1.1445770212773132824e-006 
2.92499999999978888 0.31279214635117752463 -0.78666874432964439823 -2.5213935173314183658 7.3383661272894914684e-007 
2.9499999999997861266 0.31291097950503804492 -0.7835258872576091882 -2.5213937223259286213 9.7072228201106438685e-007 
2.9749999999997833733 0.31288704375869308416 -0.78037356895999765438 -2.5213938760119409821 6.1396693351582430084e-007 
2.9999999999997806199 0.31277342032764554602 -0.78250158409393755221 -2.5213940228478870509 6.2347908029368555941e-007 
3.0249999999997778666 0.31276118024565452425 -0.78602146808852180193 -2.5213941317281158838 4.8568206253137860954e-007 
3.0499999999997751132 0.3127010792834185593 -0.78409641687773468099 -2.5213942542034941674 6.0671169884291364386e-007 
3.0749999999997723599 0.3126797461583682991 -0.78438568976575950842 -2.5213943822793822847 5.7156217935398796658e-007 
3.0999999999997696065 0.31284817206021220404 -0.78681919274739597903 -2.5213944792383675697 3.3841160294009445734e-007 
3.1249999999997668532 0.31295641132672535889 -0.78303700897601102859 -2.5213945552410028661 3.3968251485621001551e-007 
3.1499999999997640998 0.31290077485630529708 -0.78078850487821149784 -2.5213946316210438248 4.2588838818151808821e-007 
3.1749999999997613465 0.31279590303916948724 -0.78309559264310169002 -2.5213947087553414406 2.4152991237120098375e-007 
3.1999999999997585931 0.31278959169781611616 -0.7846897141050785951 -2.5213947679928345735 3.0148576706450937318e-007 
3.2249999999997558398 0.31286191499651905268 -0.78664788015046016589 -2.5213948173149538512 2.0740429562590449476e-007 
3.2499999999997530864 0.31281590583171747788 -0.7869313638899648744 -2.521394869406515582 2.1215582400213296874e-007 
3.274999999999750333 0.31277438837595167298 -0.78429211133438392345 -2.5213949111338811448 2.3529997869185404525e-007 
3.2999999999997475797 0.31284972582399489527 -0.78237078516756297653 -2.5213949607734922331 1.7455743813384062224e-007 
3.3249999999997448263 0.31285681603019993569 -0.78208487878282206829 -2.5213949915990654382 1.3141271305262769694e-007 
3.349999999999742073 0.31281596483171553169 -0.78263176660144007091 -2.521395020743725901 1.4771199658999786607e-007 
3.3749999999997393196 0.31283278911058420846 -0.78382960648842392448 -2.5213950556543256454 1.6772388912840277791e-007 
3.3999999999997365663 0.31283937643340359314 -0.78563749842420738112 -2.5213950858791571719 1.0133179858773742697e-007 
3.4249999999997338129 0.3127727823120555195 -0.7860302705508847021 -2.5213951039622437555 7.5009557469344346593e-008 
3.4499999999997310596 0.31270713566916968906 -0.78425395483402982055 -2.5213951214071106399 9.6156678864125902027e-008 
3.4749999999997283062 0.31276910820209180564 -0.78341985885295706282 -2.5213951420649518553 8.8081967322986798678e-008 
3.4999999999997255529 0.31286565124770215895 -0.78350217416887302235 -2.5213951619682055671 8.7252849972133746637e-008 
3.5249999999997227995 0.31286548946015896311 -0.78304659344984517411 -2.5213951752503254156 5.0203424648852283748e-008 
3.5499999999997200462 0.31284547129828865764 -0.78338205792450743559 -2.5213951887491234949 6.5736711131613486939e-008 
3.5749999999997172928 0.31282133302581882628 -0.78434317366144101769 -2.5213952026850297017 6.8080808776661149867e-008 
3.5999999999997145395 0.31277990639729996714 -0.78504597067145209799 -2.5213952145047660025 3.8235763051385822467e-008 
3.6249999999997117861 0.31278696209089484892 -0.78497012147198363952 -2.5213952229430023344 3.9927070397660448737e-008 
3.6499999999997090327 0.3128249676049941197 -0.78386213064877774404 -2.5213952314184697734 4.1437365981151862507e-008 
3.6749999999997062794 0.31285994872153127799 -0.7836178974890615212 -2.5213952392107290557 3.0274378110904040479e-008 
3.699999999999703526 0.31286354383532094525 -0.78418328257608838072 -2.5213952464857669611 3.5620397516366585659e-008 
3.7249999999997007727 0.31281372583872663062 -0.78377581780287530755 -2.5213952535480559369 3.0667188860994868884e-008 
3.7499999999996980193 0.31278264070813838194 -0.7837711365337044489 -2.5213952592506365669 2.0695028143203347311e-008 
3.774999999999695266 0.3128032659817628347 -0.78466907527551210677 -2.5213952639355214913 2.5696738661670005018e-008 
3.7999999999996925126 0.31282929211358506683 -0.78462507492618938088 -2.5213952690935461654 1.9698735903330828117e-008 
3.8249999999996897593 0.31283192777293378217 -0.78386244176022490393 -2.5213952733159801234 2.0386785886694169955e-008 
3.8499999999996870059 0.31281046648237220698 -0.78351501502606457628 -2.521395277125524359 1.3972002923220496935e-008 
3.8749999999996842526 0.31279948006369617808 -0.78372950272952524031 -2.5213952802277725951 1.5492330052564045673e-008 
3.8999999999996814992 0.31280882864753006833 -0.78416913339433447216 -2.5213952830057824173 1.1874231161032629994e-008 
3.9249999999996787459 0.31281592253461670827 -0.78434855369284606219 -2.5213952861149042661 1.3073575394433837586e-008 
3.9499999999996759925 0.31282075154406235873 -0.7842646119759865142 -2.5213952881612478052 9.4645254828166495744e-009 
3.9749999999996732392 0.31281809175581315463 -0.78411189814573434287 -2.5213952903686434048 9.9971360358587548115e-009 
3.9999999999996704858 0.31281184144043844286 -0.78403733841323375309 -2.5213952927425182793 1.0525905602454559974e-008 
4.0249999999996788347 0.31280983572147053051 -0.78389887424694437712 -2.5213952943381001681 6.4592323708057535817e-009 
4.0499999999996871836 0.312811612682260487 -0.78368719695164401617 -2.5213952959992758096 7.0999314356996101191e-009 
4.0749999999996955324 0.31283347426404811698 -0.78409004671590909474 -2.5213952973946711644 6.7878814584021503318e-009 
4.0999999999997038813 0.31284616996971759129 -0.78453781094695684839 -2.5213952985131498075 3.6802584944369798085e-009 
4.1249999999997122302 0.31281939526775687233 -0.784214497498229135 -2.5213952996692934327 6.5064690167210593076e-009 
4.1499999999997205791 0.31279866412608392512 -0.78402759465712923426 -2.5213953007073350854 3.4523038407211864168e-009 
4.1749999999997289279 0.31280571371732907027 -0.78411413136619023678 -2.521395301592342264 4.5959284992736541592e-009 
4.1999999999997372768 0.31281991163820138668 -0.78400001578261802049 -2.5213953024726958319 4.1269285578066021158e-009 
4.2249999999997456257 0.31282914898936431403 -0.78399219816631615654 -2.5213953033968987683 3.0113699326258509527e-009 
4.2499999999997539746 0.31282434439846890095 -0.78402822575956943041 -2.5213953038320457978 2.7394883611866420312e-009 
4.2749999999997623235 0.31281449047949488884 -0.78406577274359467999 -2.5213953045289252408 2.5310086662835552628e-009 
4.2999999999997706723 0.31280772437443038481 -0.78412540903542482518 -2.5213953050363024921 2.7053423837990862228e-009 
4.3249999999997790212 0.31280555951417160498 -0.78404957550219023243 -2.5213953055430584627 1.8994920769590844948e-009 
4.3499999999997873701 0.31281694621910693943 -0.78404112614039078721 -2.5213953059580389571 1.6865331738214818103e-009 
4.374999999999795719 0.31282787507170334296 -0.78409327985263965743 -2.5213953062760405821 1.6921030340912789775e-009 
4.3999999999998040678 0.3128221409804566866 -0.78409012193550720049 -2.521395306681605053 1.9152644087287527086e-009 
4.4249999999998124167 0.31281012723734968883 -0.78406116266663161696 -2.5213953070607519891 1.246066436416221676e-009 
4.4499999999998207656 0.31280744905351204332 -0.78402548706775476717 -2.5213953072355819174 8.8624920118557312398e-010 
4.4749999999998291145 0.31281709328899698352 -0.78410836241946801906 -2.5213953075276371862 1.5884270405268372376e-009 
4.4999999999998374633 0.31282372761385851545 -0.78414516126521649486 -2.5213953078098096938 9.5160507918831019319e-010 
4.5249999999998458122 0.31282168743854771309 -0.78406056156048131722 -2.5213953079744300112 6.6244526077084899374e-010 
4.5499999999998541611 0.312820047918443922 -0.78405971840685229068 -2.5213953081320088501 8.5349546770248173935e-010 
4.57499999999986251 0.31281672695781037596 -0.78407266006552989168 -2.5213953083094491348 6.6175504003951341359e-010 
4.5999999999998708589 0.31281499429355114072 -0.78407986383491201643 -2.5213953084379396863 6.7099546304528734473e-010 
4.6249999999998792077 0.31281952270475660294 -0.78407114074667094705 -2.5213953085924987185 6.6084324570320045111e-010 
4.6499999999998875566 0.31282117276884707779 -0.78403163060685399088 -2.5213953087119631569 4.5574359798234650905e-010 
4.6749999999998959055 0.31281785248274418532 -0.78412305338857724024 -2.5213953088135316882 5.1537893877835583988e-010 
4.6999999999999042544 0.31281282506585383896 -0.78414873126758299904 -2.5213953089143683606 4.3666668500966955589e-010 
4.7249999999999126032 0.3128099535030230971 -0.78401283326781490146 -2.5213953090056313577 3.2217588840361334205e-010 
4.7499999999999209521 0.31281475321256674293 -0.78403807281914927874 -2.5213953090704204207 3.8368835755570437854e-010 
4.774999999999929301 0.31282180313742957711 -0.78413939775257734954 -2.5213953091422012243 2.0214607583779800284e-010 
4.7999999999999376499 0.31282302914374071623 -0.7840719174692543092 -2.5213953091920005001 3.1845244247705074706e-010 
4.8249999999999459988 0.31281801850542051424 -0.78398602678278939138 -2.5213953092600438488 2.8931102523571625434e-010 
4.8499999999999543476 0.31281280954498058566 -0.784035030063329752 -2.521395309316923683 2.0005283917317174823e-010 
4.8749999999999626965 0.31281386940208683045 -0.78411170195102819491 -2.5213953093488714607 1.5075839291403034456e-010 
4.8999999999999710454 0.31281678780829541564 -0.78410605895617435657 -2.5213953093901588787 2.2324964795324504574e-010 
4.9249999999999793943 0.31281744261847360677 -0.78409619969497690306 -2.5213953094363024121 1.7196851444416053343e-010 
4.9499999999999877431 0.31281890796111533337 -0.78411641939060960915 -2.5213953094643946073 1.144773480921155398e-010 
4.974999999999996092 0.31281924893672080623 -0.78408406812117870111 -2.5213953094919081543 1.2901196671811830902e-010 
