0.025000000000000015266 0.59921710172401998484 0.00050916579857665164588 -2.2417094636682128872 0.042676609961475993338 
0.05000000000000003747 0.57277565122583928847 0.017948561603980339729 -2.2478500503313374459 0.064525309997955471175 
0.075000000000000052736 0.42160661860007558888 -0.012251482269330593589 -2.2645869242762115547 0.10616900554937357126 
0.10000000000000007494 0.37694333780796240863 -0.055134592572636420549 -2.2928303514247851957 0.12147017464986738233 
0.12500000000000008327 0.20226040180643639621 -0.39689570638794369195 -2.3113378872588508095 0.067288501226391406185 
0.15000000000000010547 0.20746446182605385311 -2.233468483555127726 -2.3245586722081319486 0.070507534558760825982 
0.17500000000000012768 0.30187502936597554459 -2.9447408837017330363 -2.3388192727879522081 0.070110003402615306278 
0.20000000000000014988 0.21749491942589657678 -1.6983169516033946866 -2.3521923569957130518 0.046108786787846849087 
0.22500000000000017208 0.20375048347999116793 -2.4009270934452313639 -2.362259427085290131 0.066397712850827877995 
0.25000000000000016653 0.28694524805910698317 -2.1919063194782304471 -2.3781455829195299323 0.074630773205660486114 
0.27500000000000018874 0.28241909561777617244 -3.7432034564347973493 -2.3905713106856301131 0.051597634624439850382 
0.30000000000000021094 0.28432834488930064376 -0.68254859034569115295 -2.3992851373503603085 0.030442686745660533371 
0.32500000000000023315 0.27559635992731973397 -0.93565153421355762298 -2.4077258458586374701 0.046566278568889868383 
0.35000000000000025535 0.26864772085571159144 -0.70671755728219420867 -2.4140778362783339439 0.026349959708518937151 
0.37500000000000027756 0.2831098518146019094 -0.90948749537045903146 -2.4227405959034453709 0.05261728725986721672 
0.40000000000000029976 0.25452559356143417135 -0.77017950314730310168 -2.4333995995504951182 0.045781925049342857281 
0.42500000000000032196 0.27971288230767377136 -1.4305402637741346794 -2.4423692185990053538 0.044361297161438918712 
0.45000000000000034417 0.31473516584344152225 -1.5540814312691648702 -2.4507131990211106221 0.033895819253404964322 
0.47500000000000036637 0.28816215277332651867 -0.587829952465281802 -2.4575070496185311697 0.034644916602515382631 
0.50000000000000033307 0.26275986874031442841 -0.32311827250700786429 -2.463541558500203621 0.019197004318132301903 
0.52500000000000035527 0.27388760214628338208 -0.63220143833421782453 -2.4677929185307911908 0.030384580006606005248 
0.55000000000000037748 0.31035117006180867882 -1.4801693738029197966 -2.4739637232287514657 0.022050935952161763304 
0.57500000000000039968 0.31616676678106081511 -1.6954759446976890302 -2.4785537568424822474 0.023498043069372968883 
0.60000000000000042188 0.29670644355635261702 -1.182430537376191193 -2.4819469340754904962 0.011202928165779417122 
0.62500000000000044409 0.30856994670799819946 -1.6129876162762153413 -2.4855705339280413924 0.023413252948542264548 
0.65000000000000046629 0.2955079822848399318 -1.747801717417358347 -2.4895812478988306182 0.015285355271893008577 
0.6750000000000004885 0.26765104680644241641 -1.09339590146288268 -2.4925991361234820509 0.013709967038472822137 
0.7000000000000005107 0.28561216366659097909 -0.91734773080986031779 -2.4952180838774014049 0.0098063583029417214498 
0.72500000000000053291 0.3062288278992199575 -1.0072511430410711064 -2.497051378611878647 0.010707608857782886791 
0.75000000000000055511 0.30896741377936470796 -1.2538286870769093095 -2.4993152413102248666 0.01030278162021587042 
0.77500000000000057732 0.30856875007317707826 -1.1738560469787828744 -2.5019578037112912838 0.014893193593282959969 
0.80000000000000059952 0.30684590582693643812 -0.6585811529284277821 -2.504152081060766033 0.0061626624733237701098 
0.82500000000000062172 0.31738218978464172171 -0.83614423536154458549 -2.5058341042503569085 0.010994036624972074526 
0.85000000000000064393 0.31809340755951964752 -0.97767695547670152578 -2.5077243188850752986 0.0064259105657401838219 
0.87500000000000066613 0.29900757441541592208 -0.42482211391657442867 -2.5090996612245484165 0.006304322528478969144 
0.90000000000000068834 0.29997965731097597786 -0.4307487812761053303 -2.5099531629193743143 0.0035699109395183397861 
0.92500000000000071054 0.30596638475016546543 -0.94598026537523982604 -2.5111635290982672331 0.0068125946837516802163 
0.95000000000000073275 0.30038889648553102063 -1.1525244652137514034 -2.5121050033354328512 0.0032131531479354345782 
0.97500000000000075495 0.30361498377417311945 -0.9664548848107523682 -2.5129835165550624687 0.0048903534982491555366 
1.0000000000000006661 0.30860031613527039163 -0.71795190368719563612 -2.5139855876331300699 0.0049729276904016423561 
1.0249999999999979128 0.3180708747853744911 -0.77024176209277239735 -2.5149429402083280927 0.0035944392528281612388 
1.0499999999999951594 0.32571292613899982538 -0.68684849338929210294 -2.5153844017815156775 0.0015516965253220503778 
1.0749999999999924061 0.32060597951468333688 -0.44741021599466357372 -2.5158431306459583254 0.0025419786656564347799 
1.0999999999999896527 0.31135057747480743284 -0.6935095682612097967 -2.5164349611124023909 0.0032610732529686193258 
1.1249999999999868994 0.30760679585882538811 -1.0989466914705068312 -2.5170055685339352003 0.0019811728178507508925 
1.149999999999984146 0.31464078938067108204 -1.1764082244821147949 -2.5173148674948264691 0.0013682114675882012678 
1.1749999999999813927 0.3131415442548691197 -0.93703371869887586154 -2.5176653012518364072 0.0019243178958335349985 
1.1999999999999786393 0.30772993861073882904 -0.75085334504758138863 -2.518067799953071173 0.0018701087606973385534 
1.224999999999975886 0.31448497163408145605 -0.81206424572486102242 -2.5183770247520178565 0.0010597279604541137016 
1.2499999999999731326 0.31561062785577742584 -0.71336619892237163043 -2.5185823562381477458 0.00122898450387387689 
1.2749999999999703792 0.30990902975832584909 -0.6254461622622694561 -2.5188818571607298757 0.0014580760299282835828 
1.2999999999999676259 0.31719591933208479695 -0.87903442039136003849 -2.5191723003453150298 0.001296129793554337507 
1.3249999999999648725 0.32312054800399281351 -0.97319919015537781348 -2.5193869695533521735 0.0008559215791532586012 
1.3499999999999621192 0.3148596608357395743 -0.79395381946616550017 -2.5195915644936386357 0.0012206011387200636255 
1.3749999999999593658 0.30531530307330689844 -0.6881510020370145142 -2.5198156322954923247 0.00070619959347230950968 
1.3999999999999566125 0.30246837682744692755 -0.70421063999952671075 -2.5199346139351508356 0.0006118547547413094893 
1.4249999999999538591 0.30875721500616953863 -0.77548439195208795915 -2.5200612320956565782 0.00061139746567904248824 
1.4499999999999511058 0.31342595109781623552 -0.84424659646058519691 -2.5202025354274466551 0.00074223530813997810364 
1.4749999999999483524 0.31055824478484583828 -0.83816417217586591804 -2.5203234942529135765 0.00038920199783180062843 
1.4999999999999455991 0.31195108776599866918 -0.81652832526507346245 -2.5204151394961855637 0.00054052398738673433382 
1.5249999999999428457 0.31483248822474385609 -0.78691944824230009026 -2.5205219093180524226 0.00046456832042479433804 
1.5499999999999400924 0.31347194759138508058 -0.70383215124805798002 -2.5206177865261536475 0.00047669006557732296857 
1.574999999999937339 0.31336175896779022709 -0.6840036791971579877 -2.5206900674842813714 0.00020745566055254064243 
1.5999999999999345857 0.31555678719605850802 -0.77340878036917737326 -2.5207475355996518118 0.00038242971660833971915 
1.6249999999999318323 0.31484184608347592915 -0.86484035645881307541 -2.5208261777362186429 0.00034249676851403314118 
1.649999999999929079 0.30899363450809780307 -0.85790723998120399507 -2.520887860561017213 0.00023915953184660388537 
1.6749999999999263256 0.30753457651455856636 -0.8101683409406421621 -2.5209179815981355155 0.00011162327066894141422 
1.6999999999999235722 0.31444091951344810276 -0.8206929102938724796 -2.5209646034227284339 0.00030563252512732467115 
1.7249999999999208189 0.31762016583324054197 -0.79030783520647451823 -2.5210133266372589667 0.00015747084606623461809 
1.7499999999999180655 0.31536680960504354099 -0.71971725971604372241 -2.5210469453790649297 0.00017817840545181494504 
1.7749999999999153122 0.31350679253631258403 -0.71879765239486825834 -2.5210796723017558918 0.00015663995029714813077 
1.7999999999999125588 0.31209409039031743571 -0.75188053072875782323 -2.5211194422828198114 0.00018544772372230573245 
1.8249999999999098055 0.31255866877932431125 -0.82466428604652941559 -2.5211441745511584678 9.019499509732327848e-005 
1.8499999999999070521 0.31246522443635071919 -0.84771274882206593126 -2.5211690172284511036 0.00013164404722189351174 
1.8749999999999042988 0.31087170247718065585 -0.77881865780591019721 -2.5211903779247109014 8.7172998296601198701e-005 
1.8999999999999015454 0.31131601935388258928 -0.78655058120937715316 -2.5212113837166336694 9.6335085882507721401e-005 
1.9249999999998987921 0.31133863283749985129 -0.80186705278140846254 -2.5212243522364401471 5.5849984118613755786e-005 
1.9499999999998960387 0.31081458409234957729 -0.75139082899930675907 -2.5212425322936220518 0.00010468626373133992861 
1.9749999999998932854 0.31273950847329834435 -0.7537824471482845734 -2.52126066623720968 7.3905717017920384039e-005 
1.999999999999890532 0.31525610996684710896 -0.79208993609159850102 -2.5212750734603681657 5.2732203017795103018e-005 
2.0249999999998880007 0.31563149293421738362 -0.8081389125792337591 -2.5212824878819239949 4.1476170273377565244e-005 
2.0499999999998852473 0.31304826700665439043 -0.77444290420412409404 -2.5212957242966336224 7.3651058302734930699e-005 
2.074999999999882494 0.31110512938440787467 -0.74497086466063744403 -2.5213072305120323158 3.9429656481829026323e-005 
2.0999999999998797406 0.31220450392933801753 -0.78865278378754855027 -2.5213154113909914678 3.4032958083135392052e-005 
2.1249999999998769873 0.31294316509674763305 -0.81938019450330101812 -2.5213211703912254968 3.3055859318825136909e-005 
2.1499999999998742339 0.31274235212034384723 -0.81146980436693594285 -2.5213293576275819241 3.7801932942093912217e-005 
2.1749999999998714806 0.31279217503327333416 -0.79834669253338730321 -2.5213351376551824679 2.3710956320866526158e-005 
2.1999999999998687272 0.31294004589043566966 -0.78382361830402103031 -2.5213413317626867105 3.0571767639540775607e-005 
2.2249999999998659739 0.31368225318299719495 -0.7790394374199660632 -2.5213467393673214545 2.622554054795676152e-005 
2.2499999999998632205 0.31352384785371523179 -0.74911181262094839184 -2.5213522571820004003 2.2528100374132086544e-005 
2.2749999999998604672 0.31293033594032332312 -0.74655363085870574125 -2.5213557626607743245 1.7678012733482643086e-005 
2.2999999999998577138 0.31329235863876492285 -0.79839699121733609388 -2.521360354268998627 2.110230741088758036e-005 
2.3249999999998549605 0.31237921246136485243 -0.80948142036627568352 -2.521363869270019098 1.5062921861764998462e-005 
2.3499999999998522071 0.3110261900353291642 -0.79519068184899888152 -2.5213665987281355108 9.8197734298147817993e-006 
2.3749999999998494538 0.31167323887858167097 -0.793050108143318222 -2.5213683357665868101 1.1698373640266115491e-005 
2.3999999999998467004 0.31294589661477734133 -0.78370042978506337938 -2.5213717936601396374 1.6756644355567617812e-005 
2.4249999999998439471 0.31335321736273774595 -0.77464588646153909046 -2.5213744121157510847 1.0413018811881433312e-005 
2.4499999999998411937 0.31308855365310050978 -0.76546093676685156293 -2.5213763657698198273 7.8288146852971663922e-006 
2.4749999999998384403 0.31307852817665471346 -0.7718518550169775061 -2.5213779721312148396 9.567831331554035301e-006 
2.499999999999835687 0.31328842087988850729 -0.79214796755520910931 -2.5213801223033156518 8.3184218544168508794e-006 
2.5249999999998329336 0.31297451869879810982 -0.79530325854824590603 -2.5213812926065131137 5.6864155463643772188e-006 
2.5499999999998301803 0.31274240377348699882 -0.78907679480013470652 -2.5213827521567222512 6.7385221450415462417e-006 
2.5749999999998274269 0.31278714098508492159 -0.78582136797406598738 -2.5213839395899246831 5.83681378131246249e-006 
2.5999999999998246736 0.31272760777677593991 -0.78677202618767116959 -2.5213850902163970069 4.1148150609590640359e-006 
2.6249999999998219202 0.31263426016204870495 -0.78545386325419164208 -2.5213859087329737463 5.0557865116253752579e-006 
2.6499999999998191669 0.31250775415828374593 -0.77791410051117626523 -2.5213869606819958591 4.3294823674691265483e-006 
2.6749999999998164135 0.31292335116598590794 -0.7823044375863308364 -2.5213878006733621007 4.2172398385777483924e-006 
2.6999999999998136602 0.31347988836684304026 -0.79133945449207510059 -2.5213885791433172656 2.7249467796987555096e-006 
2.7249999999998109068 0.31309636874647078786 -0.784547242370412512 -2.5213891722611201374 3.6449414568779979977e-006 
2.7499999999998081535 0.31265790915135133199 -0.77502715801111632388 -2.5213898927463453958 3.0115687073557663134e-006 
2.7749999999998054001 0.31267075569205660113 -0.77759604722748254524 -2.5213904313904178522 2.1190854497372670199e-006 
2.7999999999998026468 0.31251019134719904002 -0.78594683532220643851 -2.5213907689980836757 1.4100142354861508753e-006 
2.8249999999997998934 0.31245411139973872094 -0.78899544711600622104 -2.5213912070548034627 2.7030587271795857024e-006 
2.84999999999979714 0.31261113785918198671 -0.78631899903867363832 -2.5213916825705764424 1.7671485048572553291e-006 
2.8749999999997943867 0.31280460462366216357 -0.78709937391320528022 -2.5213919881511093202 1.4690002059334538539e-006 
2.8999999999997916333 0.31301719517224640965 -0.78875556486792686162 -2.521392325666723 1.6576279422912471438e-006 
2.92499999999978888 0.31296017322583824516 -0.780463168677592245 -2.5213926924183156508 1.7396040916588611405e-006 
2.9499999999997861266 0.31283624595493980669 -0.77362520778201782079 -2.5213929528800038682 8.8564554871802939574e-007 
2.9749999999997833733 0.31293206892260283514 -0.78116384409760408758 -2.5213931337314545722 9.4974951426403480913e-007 
2.9999999999997806199 0.31300027504898758623 -0.78901673136534711261 -2.5213933307159703823 9.2684827006472680578e-007 
3.0249999999997778666 0.31288530667405056729 -0.78794953947408918893 -2.5213935436541086155 1.0574894180364361626e-006 
3.0499999999997751132 0.31269731931486871579 -0.78521072327903296273 -2.521393717272515822 6.4495937021161907583e-007 
3.0749999999997723599 0.31271361831976035583 -0.78575401908699271658 -2.5213938605387458125 7.9132838006633134108e-007 
3.0999999999997696065 0.31283036730633978495 -0.78613458430301319524 -2.5213940131939094336 6.7685029026045143031e-007 
3.1249999999997668532 0.31277990428500251907 -0.78153388908631149512 -2.5213941524848206832 5.6714792662987110371e-007 
3.1499999999997640998 0.31282626754483516818 -0.78049138567230436081 -2.5213942464278229494 5.0070098366550986503e-007 
3.1749999999997613465 0.31293051186881820636 -0.78501070995730759527 -2.5213943726819252333 6.0742681624503336812e-007 
3.1999999999997585931 0.31284613427657448348 -0.78514263688367358363 -2.5213944695470318358 3.4308025850138676198e-007 
3.2249999999997558398 0.31276352334468460192 -0.78365029191454715907 -2.5213945348111233002 3.0242671913749758637e-007 
3.2499999999997530864 0.31273571894572060881 -0.78337914206470071754 -2.5213946017083137541 4.0792659683356344336e-007 
3.274999999999750333 0.31277176116483645929 -0.78372839804396821073 -2.5213946913602911515 3.415476391105558483e-007 
3.2999999999997475797 0.31283563399095509761 -0.78477668923739363205 -2.521394739596392931 2.0788784056480740951e-007 
3.3249999999997448263 0.31275974135059131376 -0.78307905517450648869 -2.5213947908893015182 2.5793411048557642108e-007 
3.349999999999742073 0.31272698742427074148 -0.7832482765143422565 -2.5213948456827286471 3.0045268884481856849e-007 
3.3749999999997393196 0.31281754894032276493 -0.78567327702102396358 -2.5213949054946884765 2.3110705121104750253e-007 
3.3999999999997365663 0.31287631634382245815 -0.78513604360372357682 -2.5213949401361603897 1.4442674046455120643e-007 
3.4249999999997338129 0.31290909707944919438 -0.78437951854874321533 -2.5213949754142537252 1.5491866168149846324e-007 
3.4499999999997310596 0.31289714283031222486 -0.78358527730603633188 -2.5213950023094842123 1.6012528020325227513e-007 
3.4749999999997283062 0.31285401647158228577 -0.7832220614653225832 -2.5213950359475809648 1.1812483940047955204e-007 
3.4999999999997255529 0.31279744035955020509 -0.78381502496993027407 -2.5213950569632639365 1.2541893240251321747e-007 
3.5249999999997227995 0.3127486531169813011 -0.78343754943073451447 -2.5213950874806108082 1.2834591096370151283e-007 
3.5499999999997200462 0.31281063232425526666 -0.78474168700581903302 -2.5213951091588659992 1.098427363392554044e-007 
3.5749999999997172928 0.31286118180634581165 -0.7858552938704970181 -2.5213951289179377113 6.6219327830539098765e-008 
3.5999999999997145395 0.31281686930504248867 -0.78455472276084370353 -2.5213951453373808498 1.1451729424827581249e-007 
3.6249999999997117861 0.31278744054692270149 -0.78348711074324173254 -2.5213951668288347996 5.8260671071779741534e-008 
3.6499999999997090327 0.31277222479042321446 -0.78284088729907963522 -2.5213951761190105394 5.7519425676722216541e-008 
3.6749999999997062794 0.312806370947332546 -0.78361197322485998118 -2.5213951878283982211 5.4007107129066069121e-008 
3.699999999999703526 0.31286313058816733745 -0.78444898013061514774 -2.5213952020971341916 7.8602618966885405873e-008 
3.7249999999997007727 0.3128328310520034905 -0.78369536402330708391 -2.5213952136522297387 2.7536543252755905568e-008 
3.7499999999996980193 0.31279763672861232715 -0.7839931832706450443 -2.5213952200354663447 4.5919862097865775713e-008 
3.774999999999695266 0.31279595329530146541 -0.78450740099190663379 -2.5213952295267341164 4.0253684725188961308e-008 
3.7999999999996925126 0.31278205482920135028 -0.78410034049728472016 -2.521395238842894404 5.0036058773770213018e-008 
3.8249999999996897593 0.31279643734440931713 -0.78394141842246267693 -2.5213952464023492439 2.0574649423503157231e-008 
3.8499999999996870059 0.31283849253433948512 -0.7841891049547242698 -2.5213952515007558297 3.3699145670782615578e-008 
3.8749999999996842526 0.31286121775563996428 -0.7848185642655918226 -2.5213952578700453699 2.462938423000455572e-008 
3.8999999999996814992 0.31283781767707119492 -0.78437224266648453153 -2.5213952628912674747 2.4202024999530557092e-008 
3.9249999999996787459 0.3128079454718212804 -0.78329454520432972853 -2.5213952665921239849 1.2332113061378988984e-008 
3.9499999999996759925 0.31282518788407442933 -0.78367838903101638692 -2.5213952707023161715 2.8710001458989628459e-008 
3.9749999999996732392 0.31284078550873622993 -0.78428123050608888889 -2.5213952752688717496 1.2844506878979549148e-008 
3.9999999999996704858 0.31282475949593224751 -0.78407347714654829218 -2.5213952781568766959 1.6801941903789800947e-008 
4.0249999999996788347 0.31280195303833352449 -0.78393707996076578137 -2.5213952815456317502 1.6030473365070333886e-008 
4.0499999999996871836 0.31278625625114619968 -0.78424771694276196321 -2.521395285127352448 1.6446155045437676517e-008 
4.0749999999996955324 0.31280381455134503854 -0.78459348851617971565 -2.5213952871452316451 5.0579423183336909832e-009 
4.0999999999997038813 0.31282364562823727905 -0.78425756888094455554 -2.5213952887310253637 1.0646010730315633379e-008 
4.1249999999997122302 0.31281851945143723803 -0.7837352698286936814 -2.5213952909270762603 9.8473504251400880496e-009 
4.1499999999997205791 0.3128251808527274247 -0.78385988414466267749 -2.5213952931331138352 1.0476863842407827525e-008 
4.1749999999997289279 0.31282198082087492308 -0.78398081320108592429 -2.5213952945623736568 4.9843736365233304239e-009 
4.1999999999997372768 0.31280080520752523432 -0.78372396853467862776 -2.5213952958766130408 7.477094241103306056e-009 
4.2249999999997456257 0.31280737374016676089 -0.78388488483944929186 -2.5213952974422255693 6.9897706216354248047e-009 
4.2499999999997539746 0.3128246690185762513 -0.78441925106403087575 -2.521395298808742691 5.9907669104202851656e-009 
4.2749999999997623235 0.31282657145085118744 -0.78447129154853656452 -2.5213952996954280827 3.7234330348062443249e-009 
4.2999999999997706723 0.31281876826442034378 -0.78410379909140925925 -2.5213953007896079406 6.1183663944351506256e-009 
4.3249999999997790212 0.31280896134416968923 -0.78393796405564408758 -2.521395301712476833 2.7857132255638949003e-009 
4.3499999999997873701 0.31281462193886894196 -0.78406888304117494659 -2.5213953023539468212 3.4983757780787087175e-009 
4.374999999999795719 0.31282755340531603894 -0.78409139930240900895 -2.5213953030446831782 3.6113040415831876425e-009 
4.3999999999998040678 0.31282927635627594265 -0.78400072109506557805 -2.5213953038462229017 3.3797938939899554484e-009 
4.4249999999998124167 0.31282386465202238757 -0.78411190328769420077 -2.5213953042823180617 1.5456301025239954327e-009 
4.4499999999998207656 0.31281671283866679945 -0.78415072505160554606 -2.5213953048175716809 3.2345097245702041354e-009 
4.4749999999998291145 0.31281238521531534724 -0.78404742932813686895 -2.5213953054132391962 2.7465631433964118702e-009 
4.4999999999998374633 0.31280815136042244839 -0.78399920924340493755 -2.5213953059221907438 1.7445273650011331551e-009 
4.5249999999998458122 0.31280880776812447497 -0.78399225744461531473 -2.521395306185858054 1.310288641836917889e-009 
4.5499999999998541611 0.31282064086514399515 -0.78418419075014000885 -2.5213953065284666621 1.7639426744557046471e-009 
4.57499999999986251 0.31282138058101488509 -0.78420323087491250469 -2.5213953068568382143 1.4636137959240746107e-009 
4.5999999999998708589 0.31281229481552852434 -0.78395462795883297247 -2.5213953071185040145 1.0115045320851756945e-009 
4.6249999999998792077 0.31281464636124550749 -0.78401371786549522991 -2.5213953073410082517 1.2992798325108769216e-009 
4.6499999999998875566 0.31281905029984319322 -0.78411077900745729252 -2.5213953076380910545 1.3881233054067136425e-009 
4.6749999999998959055 0.31281878528162426756 -0.78402847755853954936 -2.5213953078653625894 8.5439051405921802342e-010 
4.6999999999999042544 0.31281626143474167145 -0.78400356428103301631 -2.5213953080168578502 6.8569262773680051672e-010 
4.7249999999999126032 0.31281435573776417147 -0.78404390295243753251 -2.5213953081890680963 9.547640464008140785e-010 
4.7499999999999209521 0.31281930368861499137 -0.7841868680756606258 -2.5213953083727971283 6.9335691129714737181e-010 
4.774999999999929301 0.31282095879186522236 -0.78418862514424747534 -2.521395308475303576 4.8894620968717985885e-010 
4.7999999999999376499 0.31281726207082560798 -0.78405680074830519377 -2.5213953085961553491 6.0537473512702056135e-010 
4.8249999999999459988 0.31281861092071172603 -0.78408334055494499637 -2.5213953087222629179 5.8341824175005532541e-010 
4.8499999999999543476 0.31282029830287155781 -0.78409635904321306477 -2.5213953088185614426 3.3428918679180051949e-010 
4.8749999999999626965 0.31281773140222579599 -0.78402650528834016974 -2.5213953088947231862 4.9698387740696919849e-010 
4.8999999999999710454 0.31281409503452178855 -0.78397186121065887132 -2.5213953089969645127 4.199838401540271566e-010 
4.9249999999999793943 0.3128153702084947585 -0.78404659602745085945 -2.5213953090765213183 3.5109535024675203387e-010 
4.9499999999999877431 0.31282004173465699504 -0.78419859312421413833 -2.5213953091364147419 2.2765938330610501452e-010 
4.974999999999996092 0.31281755055074189631 -0.78411917635397898607 -2.5213953091919791838 3.412444594327554328e-010 
