0.025000000000000015266 0.59707518615960630814 0.00049434653813210105433 -2.2443526859271623053 0.041119386525592674375 
0.05000000000000003747 0.57202291995763732135 0.017376361396900130707 -2.252262251173131169 0.059967948337752138843 
0.075000000000000052736 0.4283624425461613483 -0.0088755840035026345447 -2.2732458084011444299 0.097112031173883214819 
0.10000000000000007494 0.38906411760295062097 -0.054386646607176958312 -2.3086188728407184279 0.11205121349867643021 
0.12500000000000008327 0.22220260202214217604 -0.40783302686690281469 -2.331680333971622332 0.059337398538000428461 
0.15000000000000010547 0.21912574189164862881 -2.0694391164532932592 -2.3465924543104077493 0.055468414057559728425 
0.17500000000000012768 0.30150995300392391396 -2.6615416458770746466 -2.3621259212423777463 0.056377901041656020009 
0.20000000000000014988 0.2320258155852052695 -1.5693043412785216972 -2.3760479292465714884 0.032254453877048470944 
0.22500000000000017208 0.21299648724300906943 -2.0689040244517671319 -2.3846975633220681701 0.03996845983237435479 
0.25000000000000016653 0.26240526603401620465 -1.6200873205359838103 -2.3990768983241856915 0.057408731708700450058 
0.27500000000000018874 0.30675699615516105467 -0.035901078941595887528 -2.4142834087133313581 0.052917552811992479844 
0.30000000000000021094 0.36797321467151677954 0.19856458986261371624 -2.4275003564303343495 0.030648206281753118119 
0.32500000000000023315 0.33878126027984761803 0.64767757468037179258 -2.4358658107362143319 0.033242555444169444301 
0.35000000000000025535 0.3189709141182879848 -0.17038525324674103079 -2.4452597315704718284 0.036582237331458766771 
0.37500000000000027756 0.27754772513192016437 -1.7608874294650973535 -2.4535438279639514292 0.019601657295919054647 
0.40000000000000029976 0.22594583630988596124 -1.8158383956815860039 -2.4581501043716329491 0.015664564915460497951 
0.42500000000000032196 0.28972977573396857531 -1.6518365501155500841 -2.4638309924690657837 0.018708144014071073635 
0.45000000000000034417 0.32228839702155731572 -0.89103386265527517729 -2.468218898869726452 0.020172160878156628755 
0.47500000000000036637 0.32151638380141117635 -0.44894982907118791138 -2.4744311034586488063 0.018670982935031398692 
0.50000000000000033307 0.35429723370969984364 -0.97072953579674403635 -2.478614534211494469 0.012800227535335880619 
0.52500000000000035527 0.34195763480110613619 -0.90663831244413262134 -2.4820937770940618705 0.010712312607184051177 
0.55000000000000037748 0.33560287590126025581 -1.0662632646318737084 -2.4852460180503328502 0.013295764216381596515 
0.57500000000000039968 0.33470274127415744481 -1.3707765610306612558 -2.4883132737496111986 0.0082185691429246306855 
0.60000000000000042188 0.30117499056315633066 -1.284847143636421718 -2.4911851847919983527 0.010915907198261834768 
0.62500000000000044409 0.29794747635458346258 -1.4960484786744798757 -2.4941970360257479378 0.012685041434480924527 
0.65000000000000046629 0.28684808481180434914 -1.4752404467724034021 -2.4990689578590781217 0.021875236495069158571 
0.6750000000000004885 0.24350924339181859168 -1.4043187621053925263 -2.5053268053328237031 0.019261382527602594061 
0.7000000000000005107 0.25906534129385083709 -1.9031473031259249495 -2.5095422583104465275 0.0101886988332450662 
0.72500000000000053291 0.27642068554209814346 -2.1142223799105779314 -2.5115835302275355545 0.0070665314907258696894 
0.75000000000000055511 0.25296587446004570321 -1.9260716222815044141 -2.5136142028505616963 0.0068494322415949470892 
0.77500000000000057732 0.25772906306654258524 -1.914511290087629547 -2.5159183551559736181 0.0084161051814661651249 
0.80000000000000059952 0.26387374668425794821 -1.613289585662976533 -2.5184484586577773335 0.010744268278312369205 
0.82500000000000062172 0.27844504169165407159 -1.3548702925116680174 -2.5213090423926214356 0.0078667032915671602361 
0.85000000000000064393 0.29271476389450384881 -1.39148285198734456 -2.5227591108492313232 0.0035418415648201862812 
0.87500000000000066613 0.26645120219317797172 -1.344461352179707081 -2.5239275194601469288 0.0046016874755992216023 
0.90000000000000068834 0.25486367724420466718 -1.5153838591019503923 -2.5253387224282497492 0.0055650725032908073681 
0.92500000000000071054 0.27405062543885805315 -1.7758826132043661339 -2.5267551443421529811 0.0040013788396621105536 
0.95000000000000073275 0.27440248147109258525 -1.6751484760584793854 -2.5277564519309181357 0.0030474059901583906013 
0.97500000000000075495 0.2714956061966085632 -1.5176455603273419914 -2.5283796670782225924 0.0018871123068756011365 
1.0000000000000006661 0.27509347026167424444 -1.4625986573733484875 -2.529063341270616494 0.0028588973373467659739 
1.0249999999999979128 0.27120499759549659968 -1.4490248584195573045 -2.5299101197434965549 0.0029306583655579806352 
1.0499999999999951594 0.27428193463765715432 -1.5940194393717588284 -2.5305735156509721051 0.0016572990607422383776 
1.0749999999999924061 0.27224531481033997782 -1.553599259282873124 -2.5309424307924928144 0.0012092440441929701907 
1.0999999999999896527 0.2680077258040335364 -1.4247343719164349274 -2.5312820342860171685 0.0012310280576584497429 
1.1249999999999868994 0.2761040261245791827 -1.542082152660794403 -2.5317410652547733818 0.001912085856018428667 
1.149999999999984146 0.27522164037777091528 -1.584635710008130971 -2.5321562223572851025 0.00096095197054949649251 
1.1749999999999813927 0.2698601887862664972 -1.5075798368307968822 -2.532380105090030753 0.00063535030782447025292 
1.1999999999999786393 0.27536830787081040262 -1.5064181337591446841 -2.5325382262436351155 0.00073824668139279008439 
1.224999999999975886 0.27519622740051780108 -1.4808612059922015014 -2.5328340590173739066 0.0010852433859805034767 
1.2499999999999731326 0.27161429425006655691 -1.5141133182004105073 -2.5330508588685729521 0.00050671085371970338903 
1.2749999999999703792 0.27233749911958249346 -1.5538843433147659923 -2.53317089255046346 0.0003867082654160573351 
1.2999999999999676259 0.27165239857289652514 -1.5281472535836075899 -2.5332831187917164151 0.0004552473767714938736 
1.3249999999999648725 0.27338818314896112804 -1.5565470646598393856 -2.5334322465128762403 0.000522597472310029924 
1.3499999999999621192 0.27579099037150728302 -1.5301817341508456849 -2.5335550319470243608 0.0003589807435279856085 
1.3749999999999593658 0.27471672422528514712 -1.4679326783359913922 -2.5336358541741095252 0.00023065962968855048998 
1.3999999999999566125 0.27453219005434903455 -1.5113883798101008793 -2.5336982860112895466 0.00022384565849605046186 
1.4249999999999538591 0.27267810930337571529 -1.5508000925734748421 -2.5337767949072187434 0.00031736830946243289398 
1.4499999999999511058 0.27094670695128658666 -1.5271909467603379529 -2.5338492303271746842 0.00019605154520627765037 
1.4749999999999483524 0.27341442645874097783 -1.5088613942711432969 -2.5338965383684168842 0.00012726157530657699517 
1.4999999999999455991 0.27399319134289046307 -1.5064301097405077279 -2.5339288706567160148 0.00012919931461278673086 
1.5249999999999428457 0.27366023968254998833 -1.5181376068301299931 -2.5339756423594832491 0.00019275604459050661634 
1.5499999999999400924 0.27536670791117273671 -1.5369774088734193818 -2.5340176812236085979 9.1994292510869842276e-005 
1.574999999999937339 0.27449564849175789316 -1.5399439305579485371 -2.534040906532430526 7.8644073283070219387e-005 
1.5999999999999345857 0.27285129028631349701 -1.5366547294856722772 -2.534062208592319454 8.4636350354033810248e-005 
1.6249999999999318323 0.27315161308501706428 -1.5130978542821902355 -2.5340899039580158103 0.00010271697497553036087 
1.649999999999929079 0.273475645713003368 -1.4798318442359483793 -2.5341119340730378084 4.5238908272828566961e-005 
1.6749999999999263256 0.2736936704015715538 -1.5052580041175234182 -2.5341240688487221 5.0940128775376962119e-005 
1.6999999999999235722 0.2732477908875665662 -1.5385491128444184206 -2.5341373974682217529 4.8394170441915035027e-005 
1.7249999999999208189 0.27323454425315352179 -1.52396368622453382 -2.5341540167499942982 5.695939985893821837e-005 
1.7499999999999180655 0.27453581550260036659 -1.5288690073422195326 -2.5341652964672998216 2.7105605021753785252e-005 
1.7749999999999153122 0.27429696143305742906 -1.5380282436743784036 -2.5341724852318567862 2.7172304191596838399e-005 
1.7999999999999125588 0.27360407664345692824 -1.5201899095958575359 -2.5341802638461414787 2.875832810520218867e-005 
1.8249999999999098055 0.27401201370091876619 -1.5136152106658649075 -2.5341896357221065372 3.2074482477309235618e-005 
1.8499999999999070521 0.27351287546607139234 -1.5112619267613052187 -2.5341962041503687253 1.6395960423908633759e-005 
1.8749999999999042988 0.27315193445751134727 -1.5118277708194292064 -2.5341998708461623835 1.2897347957693059681e-005 
1.8999999999999015454 0.27367302043315394622 -1.5150486180133599934 -2.5342046850884174525 1.8617744045077199496e-005 
1.9249999999998987921 0.273638961194977548 -1.5165214158919737564 -2.5342097813460009448 1.7774601118267609119e-005 
1.9499999999998960387 0.27382000354067076442 -1.5339384835060045909 -2.5342135796914586621 8.1803309733615999188e-006 
1.9749999999998932854 0.27404919909316677318 -1.5347076257478189376 -2.5342157126324544869 8.9149632321467931541e-006 
1.999999999999890532 0.27381164113227185464 -1.51552559185936353 -2.5342184513358478881 9.7316442256133398877e-006 
2.0249999999998880007 0.27393948571107817891 -1.5176633623770250381 -2.5342212710432656664 9.9293733202381153139e-006 
2.0499999999998852473 0.27373613179074435253 -1.520308360933209757 -2.5342233988797491229 5.0747039153599294984e-006 
2.074999999999882494 0.27332324211901509736 -1.5114017254135099222 -2.5342248439483348044 5.3935558457924579124e-006 
2.0999999999998797406 0.27355405760677631299 -1.5151660460003664177 -2.5342262294131492339 4.8360518038191112791e-006 
2.1249999999998769873 0.2736969022829517928 -1.5244558614135517161 -2.534227705698055555 5.2460315715995482438e-006 
2.1499999999998742339 0.27393677240825725638 -1.5257423819079236615 -2.5342290852772850762 4.2902331040779116125e-006 
2.1749999999998714806 0.27416107254626742584 -1.5219791416343046997 -2.5342299706195747788 2.2432410560495762371e-006 
2.1999999999998687272 0.27358734614831253795 -1.5187816749498508351 -2.5342306282362576653 2.4720923192495416214e-006 
2.2249999999998659739 0.27345875812290626472 -1.5199459250890092754 -2.5342314328967936454 3.4862638237456623029e-006 
2.2499999999998632205 0.27395003405892576209 -1.520943134803504071 -2.5342323534634472182 2.3040161392098580019e-006 
2.2749999999998604672 0.27379589559518868747 -1.5184744310899125352 -2.5342327611968618051 1.172161230401180159e-006 
2.2999999999998577138 0.27355021246534982904 -1.5190262680073502999 -2.5342331684912924317 1.5243948587901385387e-006 
2.3249999999998549605 0.27363154405216988385 -1.5203203982685291606 -2.5342336317773086485 1.9615429402999124477e-006 
2.3499999999998522071 0.27370239411222974102 -1.5186082365300441754 -2.5342341184296768297 1.1307605200861652494e-006 
2.3749999999998494538 0.27388618445362555853 -1.5215514230186497624 -2.534234376723149218 9.2126445504818441495e-007 
2.3999999999998467004 0.27386182306414141863 -1.5235876284079381549 -2.5342346231681323054 8.09863417575924946e-007 
2.4249999999998439471 0.27373955814279027354 -1.5195574989366829044 -2.534234860016616242 9.4193852131764086016e-007 
2.4499999999998411937 0.27386859316526995789 -1.5194246834318696493 -2.5342351378837406628 8.1591006371708546238e-007 
2.4749999999998384403 0.27371400642162935224 -1.5196876328720045901 -2.5342353008399198799 5.0043976063396702667e-007 
2.499999999999835687 0.27348550267455890017 -1.5176179816271821998 -2.5342354330700440634 4.0326837059318103801e-007 
2.5249999999998329336 0.27366429805047631785 -1.5199522927324631283 -2.5342355631721562581 5.6098220097005286045e-007 
2.5499999999998301803 0.27378240588873536954 -1.5224565343360532133 -2.5342357259164640659 4.6893718816478605711e-007 
2.5749999999998274269 0.27379278629202730144 -1.5222382604616584434 -2.5342358155781723461 2.9200853215608440312e-007 
2.5999999999998246736 0.2738317958982586231 -1.5202573607049973958 -2.5342358959187833989 2.0786119793819321139e-007 
2.6249999999998219202 0.2737499654445344488 -1.5179825612831585602 -2.5342359664213818249 3.3974947537821234368e-007 
2.6499999999998191669 0.27377545908814754361 -1.5196742990415847974 -2.5342360574396898265 2.5737906138800596822e-007 
2.6749999999998164135 0.27381278082045434896 -1.5208726157801515377 -2.5342361106287403238 1.4741670698965319976e-007 
2.6999999999998136602 0.27366031053693173902 -1.5191965426248259519 -2.5342361537886568534 1.5192341624837963036e-007 
2.7249999999998109068 0.27364308244193069619 -1.5199750380370824487 -2.5342362001010605432 1.8558870208566021635e-007 
2.7499999999998081535 0.27372037101665885883 -1.5213635983275024532 -2.5342362454414923967 1.2138885869773991316e-007 
2.7749999999998054001 0.27370672182264199623 -1.5209691109120013763 -2.5342362761188521603 1.0321295491990369899e-007 
2.7999999999998026468 0.27376302312766159774 -1.5206938593356102984 -2.5342363042891986602 9.1214996401704116504e-008 
2.8249999999997998934 0.27382446133193794058 -1.5200001219967864685 -2.5342363278279402827 9.2569345432939894564e-008 
2.84999999999979714 0.27380871442693288653 -1.5189961709145136659 -2.5342363548468109791 7.6601400374605066241e-008 
2.8749999999997943867 0.27377415680414746157 -1.5190781226555802874 -2.5342363718581126797 5.5152537038379657335e-008 
2.8999999999997916333 0.27368414122562151336 -1.5199323617600366543 -2.534236386817608544 5.2185783804331358043e-008 
2.92499999999978888 0.27365501468493735882 -1.5210349974818075935 -2.5342364022798826717 5.623399979833744217e-008 
2.9499999999997861266 0.27372661170681084064 -1.5215328119420150621 -2.5342364165584880809 3.9665249682281546444e-008 
2.9749999999997833733 0.27374306922489050065 -1.5205938924250670397 -2.5342364253907798677 3.0143260013527887913e-008 
2.9999999999997806199 0.27375600139093914098 -1.5196834954603903878 -2.5342364352775144098 3.6068009923612403903e-008 
3.0249999999997778666 0.27379454875677888825 -1.519607787214718897 -2.5342364438487874345 2.573632037798994071e-008 
3.0499999999997751132 0.27376704061205270335 -1.5194917715251761159 -2.5342364510821933088 2.4290757482082625432e-008 
3.0749999999997723599 0.27373655305238453472 -1.5199274316311277566 -2.5342364567185602375 1.8621376888087101473e-008 
3.0999999999997696065 0.27372664984802447252 -1.5206554913703949072 -2.5342364626329776378 1.9192141770639835878e-008 
3.1249999999997668532 0.27370367908720477645 -1.5206775109442323135 -2.5342364668350567669 1.4778250016186419449e-008 
3.1499999999997640998 0.27371699971042218191 -1.520575155288709901 -2.534236471325149509 1.3597463230485835456e-008 
3.1749999999997613465 0.27374817772319653963 -1.5202117949051152657 -2.5342364745951209137 1.1847247256938282163e-008 
3.1999999999997585931 0.27376335363897952302 -1.5197812162077379838 -2.5342364777571324552 9.2966363803879864476e-009 
3.2249999999997558398 0.27377257339180682827 -1.5199197374481516754 -2.5342364801181038736 8.5040511863737505615e-009 
3.2499999999997530864 0.27375314593341065761 -1.5199607926998797147 -2.534236482757810105 9.297574909386633926e-009 
3.274999999999750333 0.27372703098390793741 -1.520120162841207101 -2.5342364848915930331 5.7208385289384565095e-009 
3.2999999999997475797 0.27372319650633586408 -1.5205107299412228272 -2.5342364861941812926 4.6092960918176048543e-009 
3.3249999999997448263 0.27372358749948672019 -1.52042125363599534 -2.5342364877445859861 5.6419193862544751754e-009 
3.349999999999742073 0.27373840507479363371 -1.5202670317489306306 -2.5342364893758637656 5.6562378165030539553e-009 
3.3749999999997393196 0.27375547636370839433 -1.5202043978987516137 -2.5342364904167022921 2.2819978211867179606e-009 
3.3999999999997365663 0.27374898517531998099 -1.5200037967880648537 -2.5342364912559549595 3.3383806687413260918e-009 
3.4249999999997338129 0.27374585454982569566 -1.5199679995074446559 -2.5342364920938540429 2.9024924390849489067e-009 
3.4499999999997310596 0.27374856541607095473 -1.5200707689849966009 -2.53423649297818665 3.074174877839712539e-009 
3.4749999999997283062 0.27373945947522609901 -1.5202299183600604948 -2.5342364936445576085 1.7723294510106036227e-009 
3.4999999999997255529 0.27373211327480179156 -1.5203696256305039292 -2.534236494137524609 1.5217569827456789237e-009 
3.5249999999997227995 0.27373233767161858632 -1.5202963273443790282 -2.5342364945255191344 1.6995990370511253814e-009 
3.5499999999997200462 0.27373951207054797452 -1.5202056703778479285 -2.5342364950646980581 1.7866223339862038626e-009 
3.5749999999997172928 0.27374848011757729749 -1.5201808169249628744 -2.5342364954854716963 1.0726937368043906289e-009 
3.5999999999997145395 0.27374626386639278053 -1.5200642277012308412 -2.5342364957192349273 8.2003916959067269037e-010 
3.6249999999997117861 0.27374231806383508836 -1.5200478204873428822 -2.5342364959530789825 8.7651346987706840381e-010 
3.6499999999997090327 0.27374241236469565308 -1.520218598074740024 -2.5342364962553927121 1.130172323990899575e-009 
3.6749999999997062794 0.2737390937189806972 -1.5202638467703100122 -2.5342364965023698176 5.6847193126862893234e-010 
3.699999999999703526 0.27373866332658419731 -1.5201833502048516245 -2.5342364966328521092 4.9607302953368497233e-010 
3.7249999999997007727 0.27374047866951023433 -1.5201805271942989695 -2.5342364967678285836 4.3534374558983075448e-010 
3.7499999999996980193 0.27374090352388513736 -1.5202055656115125437 -2.5342364969307897837 6.7701390266941236428e-010 
3.774999999999695266 0.27374436312942229677 -1.5202211301768524532 -2.534236497073501404 3.341072113291850771e-010 
3.7999999999996925126 0.27374359619213073369 -1.5201831944602473001 -2.5342364971580115807 2.7957760017401444078e-010 
3.8249999999996897593 0.27373925934146314809 -1.5201120366957643348 -2.5342364972278632607 2.3364992015904415671e-010 
3.8499999999996870059 0.27374096923835461448 -1.5201420280907931293 -2.5342364973169084763 3.8628230735821015394e-010 
3.8749999999996842526 0.27374232833671413578 -1.5201851147151059784 -2.5342364974006836853 1.9003922199109144622e-010 
3.8999999999996814992 0.27374057720117594972 -1.5202045432180204543 -2.5342364974509186126 1.6959895211769387194e-010 
3.9249999999996787459 0.27374027452954685646 -1.5202399195009665966 -2.5342364974891657958 1.3024475262205802901e-010 
3.9499999999996759925 0.27374052537440735078 -1.5201991690635328069 -2.5342364975408671057 2.1150727246512738445e-010 
3.9749999999996732392 0.27374273273002774909 -1.5201609827340094583 -2.5342364975857880616 1.0777168723504235432e-010 
3.9999999999996704858 0.27374390271485010695 -1.5201697197118126947 -2.5342364976148545885 1.0001525542006617569e-010 
4.0249999999996788347 0.27374130357749787423 -1.5201479768373002965 -2.5342364976394651244 8.5964438117882203032e-011 
4.0499999999996871836 0.27374098598428814322 -1.5201664142173267891 -2.5342364976673117383 9.7612787086629732951e-011 
4.0749999999996955324 0.27374120090316000908 -1.5202084452200324005 -2.5342364976909075303 7.5253050811416218902e-011 
4.0999999999997038813 0.27373939623005733024 -1.5201999131741250615 -2.5342364977095068745 5.5842433685265441943e-011 
4.1249999999997122302 0.27374057945039104167 -1.5201882823869512507 -2.5342364977241755852 4.6729323832342426335e-011 
4.1499999999997205791 0.27374238460378863547 -1.5201868933120210592 -2.5342364977376243829 5.4550866284692597122e-011 
4.1749999999997289279 0.27374224602623054015 -1.5201848537429933916 -2.5342364977524471925 4.3553620579488832404e-011 
4.1999999999997372768 0.27374249379825077444 -1.5201771805131916171 -2.5342364977633629053 3.5326748147614560597e-011 
4.2249999999997456257 0.27374157084181871546 -1.5201578761458227618 -2.5342364977709688212 1.9801314547819519562e-011 
4.2499999999997539746 0.27374070891225821267 -1.5201661504079526654 -2.5342364977784535007 3.6811454395094036558e-011 
4.2749999999997623235 0.27374158572512169441 -1.5201958673475211015 -2.5342364977877718246 2.2768006181852392721e-011 
4.2999999999997706723 0.27374112843831760467 -1.5201985316766180034 -2.5342364977933851122 1.8173557347186788268e-011 
4.3249999999997790212 0.27374048171039100374 -1.5201922580482687408 -2.5342364977972353657 1.4105793795675556697e-011 
4.3499999999997873701 0.273741273410721353 -1.5201930250034134673 -2.534236497802623056 2.0025405145642263514e-011 
4.374999999999795719 0.27374166978049907506 -1.5201750025469413785 -2.5342364978073006476 1.2750820079311924946e-011 
4.3999999999998040678 0.27374211241286172669 -1.5201625527296647178 -2.5342364978101965534 9.2819522970871967264e-012 
4.4249999999998124167 0.27374216623725577957 -1.5201763090736641892 -2.5342364978128548714 9.968868088280002457e-012 
4.4499999999998207656 0.27374126018123035031 -1.5201843243528507799 -2.5342364978158080646 1.0016630971420391307e-011 
4.4749999999998291145 0.27374120942459445605 -1.5201863194957554448 -2.5342364978184241942 7.9445465291161401134e-012 
4.4999999999998374633 0.2737411514740548113 -1.5201894828714603847 -2.5342364978200317971 5.0851747481149209622e-012 
4.5249999999998458122 0.27374067093117704363 -1.5201868573777170823 -2.5342364978216500582 5.0573481246119785628e-012 
4.5499999999998541611 0.27374136956007716348 -1.5201858176455407268 -2.5342364978231590733 6.588186187236829178e-012 
4.57499999999986251 0.27374187475593914076 -1.5201796387164665525 -2.5342364978248221874 4.2343459327727610511e-012 
4.5999999999998708589 0.27374158732536246763 -1.5201750758221215243 -2.5342364978256877173 2.6436635193073188726e-012 
4.6249999999998792077 0.27374177195358218029 -1.5201815328118861714 -2.5342364978265350395 3.0294641023075308268e-012 
4.6499999999998875566 0.27374169427593941784 -1.5201811753076297506 -2.5342364978274516396 3.7987774458079304827e-012 
4.6749999999998959055 0.27374123247487319732 -1.5201813619658119947 -2.5342364978283904442 2.3604043975830505827e-012 
4.6999999999999042544 0.27374108873243635509 -1.5201871302959899523 -2.5342364978288944855 1.4811256340546847838e-012 
4.7249999999999126032 0.27374101461773764354 -1.5201840592077964232 -2.5342364978293399069 1.7547705208146792612e-012 
4.7499999999999209521 0.27374129407034941686 -1.5201820938265107053 -2.5342364978298785871 2.1177656268176208196e-012 
4.774999999999929301 0.27374170014728638201 -1.5201841854853057612 -2.5342364978304310341 1.3918909744959846727e-012 
4.7999999999999376499 0.27374163394549477779 -1.5201816842986064504 -2.5342364978306948231 8.3788875878945949149e-013 
4.8249999999999459988 0.27374160910408656955 -1.5201800561535345757 -2.5342364978309550594 9.5801254313568947994e-013 
4.8499999999999543476 0.27374157583490832391 -1.5201809351871760079 -2.5342364978312552637 1.1780016975541822278e-012 
4.8749999999999626965 0.27374131031897874777 -1.5201823348167065042 -2.5342364978315714552 8.936813837647112293e-013 
4.8999999999999710454 0.27374128192203744936 -1.5201836154430674597 -2.5342364978317433177 4.4336181668814936066e-013 
4.9249999999999793943 0.27374127244775814383 -1.5201826782761707069 -2.5342364978318654423 4.5729368252628209739e-013 
4.9499999999999877431 0.27374120449263866783 -1.5201825976757761261 -2.5342364978320319757 7.4574617124612598272e-013 
4.974999999999996092 0.27374144833324326465 -1.5201840664686345761 -2.5342364978322331481 5.29250065269320242e-013 
