0.025000000000000015266 0.59723359967993583375 0.00049543593458169568611 -2.2441598736407479819 0.041233055553917631608 
0.05000000000000003747 0.57207776370414897826 0.017418341939480941338 -2.2519450879082549832 0.060296387008835966581 
0.075000000000000052736 0.42787293939198478565 -0.0091134639432858266517 -2.2726406303813857512 0.097757712235632218678 
0.10000000000000007494 0.38819523122086863065 -0.054472333281925577886 -2.307528841488811544 0.11270899893127085678 
0.12500000000000008327 0.22076563938679491517 -0.40729959949156724353 -2.3302779888357134652 0.059871509230604968987 
0.15000000000000010547 0.21826627777131984987 -2.0814928704609556576 -2.3450944551356189827 0.056439927669970225976 
0.17500000000000012768 0.30144897638074952262 -2.6814557727973289403 -2.3605635533521081015 0.057236870698898482945 
0.20000000000000014988 0.23080145066915355723 -1.5784470851056648932 -2.374451986552919891 0.032948867399958871316 
0.22500000000000017208 0.21161908885470079311 -2.0920180276484705573 -2.3831677834226980828 0.041291172012073121267 
0.25000000000000016653 0.26332655715590685963 -1.6522649463457244057 -2.3977282311070502452 0.059354001655507311608 
0.27500000000000018874 0.30923903159237414728 -0.04687496269182844788 -2.4132048486836166212 0.054892198606666851857 
0.30000000000000021094 0.36729792304804359526 0.21386453752744327694 -2.4261214298382798304 0.029207047481942187417 
0.32500000000000023315 0.33185573990542743816 0.68057974978562174595 -2.4345249158649933108 0.035047541466280029976 
0.35000000000000025535 0.31327240098283071212 -0.15670230967147524836 -2.4438456194104305474 0.035373485254074854556 
0.37500000000000027756 0.27759556067013624325 -1.7200672347605978629 -2.4518047824407056545 0.020535665690750600637 
0.40000000000000029976 0.22761580410759177373 -1.7393478598019169734 -2.4567520994442553217 0.016778126337728547363 
0.42500000000000032196 0.28720570439718640099 -1.5743269135883206644 -2.4622848127326051326 0.018142525962558470054 
0.45000000000000034417 0.31929636719814685764 -0.86462276401381554791 -2.4666988911780816096 0.021274691836602958872 
0.47500000000000036637 0.31740743963726442134 -0.43695827044932572525 -2.4730535638752995098 0.019057183248830076444 
0.50000000000000033307 0.34965223630265390709 -0.90194073215897829776 -2.4771984178422115086 0.013831555529445519262 
0.52500000000000035527 0.34350198221601790927 -0.87108436919607434845 -2.480890037190621733 0.010781763303606039378 
0.55000000000000037748 0.34190784337684798633 -1.0474536035317898452 -2.4839337027800252322 0.013348339935749353735 
0.57500000000000039968 0.3401775525392591315 -1.3426867654888758885 -2.4870304980902608882 0.0088779148811430341759 
0.60000000000000042188 0.30278656408066867423 -1.2709020077256965031 -2.4900931161715678108 0.011346597391759447732 
0.62500000000000044409 0.29930965051305480351 -1.4818442092440600177 -2.4927123271504929569 0.0098507140128220073427 
0.65000000000000046629 0.29760682986090830626 -1.4527111425476677553 -2.4963132007074491092 0.016637428382978512731 
0.6750000000000004885 0.26356467598872013181 -1.3335514229821958665 -2.5019040246799448823 0.023015194574422088991 
0.7000000000000005107 0.25939731039391400458 -1.6904021800049284785 -2.5076825204636854494 0.014754756704568416578 
0.72500000000000053291 0.2685278443539257931 -1.9747086715661521517 -2.5102464516163971453 0.0080710955240002706101 
0.75000000000000055511 0.25925233842862394074 -1.9985870262710052625 -2.512530411271757913 0.0069303294127400849947 
0.77500000000000057732 0.25688064377485242407 -2.0153230240426882602 -2.5146186044032519114 0.0083135207066817786575 
0.80000000000000059952 0.25541305756327548071 -1.7247035673993718063 -2.5168072173159363736 0.0088318032617129421658 
0.82500000000000062172 0.26976952453878266791 -1.4074588466627129257 -2.5198009298725843053 0.011202422319163855141 
0.85000000000000064393 0.29043851808502396672 -1.4204782276443383982 -2.5219657384479714501 0.0044648542203297499759 
0.87500000000000066613 0.27556691116535514396 -1.3436132505835471918 -2.5230523290563500183 0.0038915077297739021113 
0.90000000000000068834 0.25944195125995411777 -1.451425166427386948 -2.5243658199208440784 0.0059042932042608232274 
0.92500000000000071054 0.26775496989203195763 -1.7008544328711434623 -2.5259434977902675001 0.0048669700747547900085 
0.95000000000000073275 0.27398783202182930285 -1.7301685406809399481 -2.5271129472130140492 0.0036554236926165557808 
0.97500000000000075495 0.27335858293571801969 -1.6040981814882524503 -2.527837001451779475 0.0018730906605649445384 
1.0000000000000006661 0.27325201099224166734 -1.4682867144688487304 -2.528479347779692521 0.0027499284836270915071 
1.0249999999999979128 0.27208817101813126405 -1.4593666782253946756 -2.5293245894193185919 0.0034254793507192704029 
1.0499999999999951594 0.27381425645782997425 -1.5835590960255927495 -2.5301391227262546302 0.0020764038592152216436 
1.0749999999999924061 0.27127211714603088888 -1.5062976227898641213 -2.5305948164003755352 0.00148324183585451185 
1.0999999999999896527 0.26959447023578814173 -1.4086155195842438026 -2.5309581809357029059 0.0011367250599822540779 
1.1249999999999868994 0.27507410902027273902 -1.5362908060823596834 -2.531346100291053336 0.0018847559606969576437 
1.149999999999984146 0.27407261247657982439 -1.6130523488872123838 -2.5318686948434958595 0.0014646977086797735492 
1.1749999999999813927 0.27046383717535926738 -1.5639883786937107679 -2.5321647393058261954 0.00081662485785844861775 
1.1999999999999786393 0.27402838663073303405 -1.5020034329850608934 -2.5323281545088871525 0.00058084035830324211303 
1.224999999999975886 0.27611225382426574093 -1.4497089231832385181 -2.5325921364253423107 0.0011973869670553014422 
1.2499999999999731326 0.27437072977705539989 -1.4857462161454324523 -2.5328779430353529634 0.00075328458622544937524 
1.2749999999999703792 0.27206305400507974079 -1.5329272136833806961 -2.5330291120102983449 0.00045697363044845397103 
1.2999999999999676259 0.27029376327780330058 -1.5511012245579522961 -2.5331454802904636026 0.00041589376785528551009 
1.3249999999999648725 0.27165735494997106381 -1.5803983809881088085 -2.5332950295660339179 0.00060920010742898634236 
1.3499999999999621192 0.27438908381698912109 -1.5273827758107243469 -2.5334443365003305182 0.0004625392504807200795 
1.3749999999999593658 0.27635507005770609812 -1.4736641396692500283 -2.5335423269226806653 0.00026760174115466575824 
1.3999999999999566125 0.27587801526858507506 -1.5109790656199844072 -2.5336161339178149277 0.00025849868761731586032 
1.4249999999999538591 0.2722545840607066836 -1.5393562642133773455 -2.533693684806804125 0.00032931666006546372882 
1.4499999999999511058 0.27097607236504467343 -1.5310234620690130747 -2.5337805907108226222 0.0002654776485323105022 
1.4749999999999483524 0.27309129750994437513 -1.5082029244037626903 -2.5338397318334227037 0.00016190335964617538766 
1.4999999999999455991 0.27376410123871980362 -1.4962794781908304032 -2.5338784375644727298 0.00013148264338921594025 
1.5249999999999428457 0.27382762708996410961 -1.5180935550301590808 -2.5339222405956016715 0.00020979513515512386124 
1.5499999999999400924 0.27456314209601512255 -1.5398869188825199394 -2.5339777624799717515 0.00014257819932413621925 
1.574999999999937339 0.27444674193095947023 -1.5458623470279237999 -2.5340064691640393768 8.6702605937588568064e-005 
1.5999999999999345857 0.27381826009024551327 -1.543399173301899463 -2.5340291447617735443 8.9309313566784484669e-005 
1.6249999999999318323 0.27312582669620449893 -1.5125054478321557916 -2.5340590974181518291 0.00011991790857806317895 
1.649999999999929079 0.27328464328182849874 -1.4800243243915507385 -2.5340877316462147029 7.2442481668529804407e-005 
1.6749999999999263256 0.27385811386897157549 -1.501925046319216861 -2.5341026729669198225 5.1839362394732355847e-005 
1.6999999999999235722 0.27296060550523748578 -1.5316662573327730623 -2.5341173729294985684 5.4093629014209519039e-005 
1.7249999999999208189 0.27288098109090686005 -1.5250388308095592649 -2.5341348333839111007 6.7462473704431162071e-005 
1.7499999999999180655 0.27434555697050017065 -1.5273852159825112018 -2.5341508229947926623 4.5138317030009165358e-005 
1.7749999999999153122 0.27444084926130052349 -1.536440486087968349 -2.534159875997025857 2.585427801046724075e-005 
1.7999999999999125588 0.27413808808099859871 -1.5289259122818763537 -2.5341678424427449556 3.1553311186335815169e-005 
1.8249999999999098055 0.27409616923078655715 -1.5178355641585410396 -2.5341778237523966411 4.0088904080127283193e-005 
1.8499999999999070521 0.27337993483315464749 -1.5085037403861498717 -2.5341875723141331633 2.6937011735756460223e-005 
1.8749999999999042988 0.27326919802951221694 -1.5112266827007398984 -2.5341925750081051305 1.2148058990458342543e-005 
1.8999999999999015454 0.27344523406780435471 -1.5120254740721286169 -2.5341968405744825787 1.9783554999031175591e-005 
1.9249999999998987921 0.27331957496593844992 -1.5110779353309986561 -2.5342027025986864075 2.2533544800706530725e-005 
1.9499999999998960387 0.27385797859311222791 -1.5326102842727715725 -2.5342084682590368949 1.5231060675247372083e-005 
1.9749999999998932854 0.27409423760178436291 -1.5391223082709362124 -2.5342111431613147943 7.4739006858630405722e-006 
1.999999999999890532 0.27388165724734281348 -1.5214067641350079718 -2.534213710914853479 1.1706496600451809928e-005 
2.0249999999998880007 0.27407778445386959953 -1.5179172927251074476 -2.5342172642470806032 1.2504746538123946269e-005 
2.0499999999998852473 0.27380704961076862691 -1.5170704166086124154 -2.5342201795584728963 7.9337510891500087813e-006 
2.074999999999882494 0.27344243948788254928 -1.5106783709416706785 -2.5342219172049640363 6.0342253676585189668e-006 
2.0999999999998797406 0.27352564278306323864 -1.5136846922382409808 -2.5342236325444376099 6.0393078463886811988e-006 
2.1249999999998769873 0.27342010580099046502 -1.5226265876385334241 -2.534225291368217281 5.7629672178125177415e-006 
2.1499999999998742339 0.27377743529379860998 -1.5281393193049055412 -2.5342269685588099115 6.5066636895109563132e-006 
2.1749999999998714806 0.274236635938503448 -1.5241612212124331371 -2.5342283332888104752 2.9554224838784604482e-006 
2.1999999999998687272 0.27373866630324744653 -1.5181080579166634781 -2.5342290935950617659 2.8874887916461213763e-006 
2.2249999999998659739 0.27349770998967248836 -1.5194897995648681821 -2.5342299373410632768 3.6461589708172101376e-006 
2.2499999999998632205 0.27386717213273004123 -1.5205957753826828682 -2.5342310869044206711 3.9330970203316797557e-006 
2.2749999999998604672 0.27385605504902854612 -1.5184004370965706876 -2.5342317970491583523 1.3846104709377583481e-006 
2.2999999999998577138 0.27368219096535423285 -1.5192618799347512581 -2.5342322404798243163 1.9282275263950685818e-006 
2.3249999999998549605 0.27355191187575023104 -1.519739564943136223 -2.5342327460021079055 2.0328672476548415261e-006 
2.3499999999998522071 0.27355757640082389859 -1.518524457776872616 -2.5342333743201965746 1.9653993995295593874e-006 
2.3749999999998494538 0.27385965149726687606 -1.5221131506621810026 -2.5342337670175290043 1.1281629380609015386e-006 
2.3999999999998467004 0.27389109091475744018 -1.524015689365580517 -2.5342340788975303845 1.1184520732002528447e-006 
2.4249999999998439471 0.27378478862495575497 -1.5197410649983862374 -2.5342343497929822327 9.5351837428821863928e-007 
2.4499999999998411937 0.27391877690577831617 -1.518557983341696449 -2.53423468451902556 1.2503675484097762674e-006 
2.4749999999998384403 0.27375589102519626294 -1.519317357824814918 -2.5342349317208978654 6.6450070086910011361e-007 
2.499999999999835687 0.27347367152110962918 -1.518597888485804237 -2.5342351102250360029 5.9079925681325525596e-007 
2.5249999999998329336 0.27358111036133953009 -1.519908368877362248 -2.5342352627046631497 5.7458912047320172842e-007 
2.5499999999998301803 0.27375182209314607995 -1.5217812335875402496 -2.5342354540926788076 7.1905855646584497082e-007 
2.5749999999998274269 0.27383583446354070601 -1.5225417817664492759 -2.5342355976410702034 3.8240031470332698897e-007 
2.5999999999998246736 0.27383864335608204543 -1.5204979176661785889 -2.5342357023619559442 3.176322053218252689e-007 
2.6249999999998219202 0.27373335838474527337 -1.5177091718488529004 -2.5342357848397440989 3.6654041755756121349e-007 
2.6499999999998191669 0.27377917292622061529 -1.5196316231436792776 -2.5342359004191448157 3.9373266396998342351e-007 
2.6749999999998164135 0.27383815878398959365 -1.5211946352413447947 -2.5342359801046083767 2.0014683524984021193e-007 
2.6999999999998136602 0.27369892266412387816 -1.5194095244761909314 -2.5342360359923334912 2.1501340359459611243e-007 
2.7249999999998109068 0.27363209653650105713 -1.5195313472554323742 -2.5342360946453199588 2.1873965987342788927e-007 
2.7499999999998081535 0.27367076933103440251 -1.5209031566830852888 -2.5342361529678933962 1.7801920332169442729e-007 
2.7749999999998054001 0.27369298988122608973 -1.5212777568889990221 -2.5342361964391586504 1.5001332791521722316e-007 
2.7999999999998026468 0.27376364397394986616 -1.5210295352623726117 -2.5342362352479748111 1.2730519889975179252e-007 
2.8249999999997998934 0.27382146484039021628 -1.5200648294153902285 -2.5342362659301960193 1.031030548284277933e-007 
2.84999999999979714 0.27382611241363030707 -1.5191631476595903738 -2.534236298601819648 1.2287239785527950207e-007 
2.8749999999997943867 0.27379786604399936056 -1.5188793372444480134 -2.534236326538442885 7.9284312398698134268e-008 
2.8999999999997916333 0.27370280712381467314 -1.5194746103131899773 -2.5342363449518465757 6.1706806701974646406e-008 
2.92499999999978888 0.27365276107814207052 -1.5209540524733542455 -2.5342363645469485611 7.616154013282923478e-008 
2.9499999999997861266 0.27369868150469345291 -1.5216892971412208091 -2.5342363846826048146 6.7305143072581864893e-008 
2.9749999999997833733 0.27372833468909091303 -1.5208661686917515077 -2.5342363985660614212 3.4633839173392689376e-008 
2.9999999999997806199 0.27375156877584838622 -1.51994230514175932 -2.534236409666034362 4.7148968464089488045e-008 
3.0249999999997778666 0.27378646216965663029 -1.5195956217687229817 -2.5342364219696662531 4.0436413546691371072e-008 
3.0499999999997751132 0.27378114050654406286 -1.5193299947906919733 -2.5342364323367467804 3.5063132845529195863e-008 
3.0749999999997723599 0.27375829826099873365 -1.5196570190477642903 -2.5342364405462567412 2.3347116642162909225e-008 
3.0999999999997696065 0.27373354052428128247 -1.5204473601868566668 -2.5342364475845462479 2.8284712907663260229e-008 
3.1249999999997668532 0.27370555828415965571 -1.5207983645348219781 -2.5342364542060127341 2.0595105359717366901e-008 
3.1499999999997640998 0.2737044134647664273 -1.5207686000032625273 -2.5342364599660736069 1.9338734798181139178e-008 
3.1749999999997613465 0.27372738716778022283 -1.520360661197776464 -2.5342364649029538448 1.7062596763315293403e-008 
3.1999999999997585931 0.27375977421386149535 -1.5199404955903776937 -2.5342364691960774792 1.4262361350017050644e-008 
3.2249999999997558398 0.2737803578842611385 -1.5198429844095411312 -2.534236472601242518 1.0100729361205373552e-008 
3.2499999999997530864 0.27376494789138239305 -1.5197114051584665884 -2.5342364758270341518 1.3812758370336251146e-008 
3.274999999999750333 0.27373777471110399828 -1.5199844902708727901 -2.534236479348298765 1.0062024510569633371e-008 
3.2999999999997475797 0.27372013593210076099 -1.5204974122026220229 -2.5342364812204936086 5.3282897513917664683e-009 
3.3249999999997448263 0.27371467752105088644 -1.5205115737837555656 -2.5342364831447254936 7.6527380272124851873e-009 
3.349999999999742073 0.27373215992422789133 -1.5204095405197231017 -2.5342364853304748529 8.5388364415439885687e-009 
3.3749999999997393196 0.27375208613080997955 -1.5202871612449047056 -2.5342364871955695982 4.3117375308955654953e-009 
3.3999999999997365663 0.2737543710809668962 -1.5200296584686854295 -2.534236488290740219 4.1926140303046948977e-009 
3.4249999999997338129 0.27375103217205781769 -1.5199025985344354339 -2.5342364894248459173 3.8717982117729606207e-009 
3.4499999999997310596 0.27374700943868673919 -1.5199294649596624129 -2.5342364905565037958 4.5924465192612445859e-009 
3.4749999999997283062 0.2737423374972819401 -1.520169352528789819 -2.5342364917214763587 3.1906480168508789559e-009 
3.4999999999997255529 0.27373519575535981696 -1.5203987552806865757 -2.5342364924355185174 2.2287483682123681485e-009 
3.5249999999997227995 0.27372742322274851157 -1.5203543404112853654 -2.5342364929635627924 1.9394094232447180341e-009 
3.5499999999997200462 0.27373411983069861897 -1.5202845073953632493 -2.5342364936170249656 2.6430452930881917518e-009 
3.5749999999997172928 0.27374677521779966494 -1.5202076939527184862 -2.5342364943415027767 2.1961268341970206332e-009 
3.5999999999997145395 0.27374877549002984978 -1.5200367677899566665 -2.5342364947350008997 1.0127454585362061778e-009 
3.6249999999997117861 0.27374746659172782826 -1.5200128227831108951 -2.5342364950321840666 1.1204983155484085952e-009 
3.6499999999997090327 0.27374356360471974181 -1.5201664536186547672 -2.5342364954064589 1.6362976985967308106e-009 
3.6749999999997062794 0.27373756662688225605 -1.5202544646564202235 -2.5342364958303766898 1.1400493626350972169e-009 
3.699999999999703526 0.27373798595415016477 -1.5202283626755468404 -2.5342364960395289408 6.5757595445609017041e-010 
3.7249999999997007727 0.27373870509403519513 -1.5201929211371263406 -2.5342364962412373686 6.4492618086212331421e-010 
3.7499999999996980193 0.27373983173736698982 -1.5201960473757749615 -2.5342364964319878951 9.0263552939141596703e-010 
3.774999999999695266 0.27374523741614614769 -1.5202310482978205197 -2.5342364966703434526 6.3379231961668919378e-010 
3.7999999999996925126 0.27374436448078770523 -1.5201951846957717507 -2.5342364968130417502 4.7766371564556130939e-010 
3.8249999999996897593 0.27374018370885411233 -1.5201073603000043732 -2.5342364969213155845 2.972746230907179167e-010 
3.8499999999996870059 0.27374120205510149573 -1.5201153048824764813 -2.5342364970214683595 5.0291649734945056069e-010 
3.8749999999996842526 0.27374166439307739962 -1.5201703183654236007 -2.5342364971633082327 4.0391256428499046016e-010 
3.8999999999996814992 0.2737407905331384339 -1.520222369415559216 -2.5342364972502045006 2.6939684661544835117e-010 
3.9249999999996787459 0.27373973002267121268 -1.5202519469072910407 -2.5342364973067490475 1.6341698024122908368e-010 
3.9499999999996759925 0.27373892689546969192 -1.5201991162931547397 -2.5342364973699536002 2.9163346999937434624e-010 
3.9749999999996732392 0.27374302883202095149 -1.5201676063424751639 -2.5342364974469866468 2.303005243306684364e-010 
3.9999999999996704858 0.27374560272036557729 -1.5201686363927617851 -2.5342364974951610002 1.4237641506860704061e-010 
4.0249999999996788347 0.27374223864980251619 -1.5201382439904813637 -2.5342364975310305297 1.1964837203309527554e-010 
4.0499999999996871836 0.27374080548336038321 -1.5201599497657500848 -2.534236497570393265 1.5821408566677815705e-010 
4.0749999999996955324 0.27374041738408261271 -1.5202035079949058893 -2.5342364976093629814 1.2272066699106980441e-010 
4.0999999999997038813 0.27373889880937257724 -1.5202030912398953877 -2.5342364976370133078 8.2508584869198419527e-011 
4.1249999999997122302 0.27374024084630199649 -1.5201974562747930797 -2.5342364976615590066 8.5825765600336495312e-011 
4.1499999999997205791 0.27374189633385376252 -1.5201905278989298331 -2.5342364976817779443 7.3413617894688265708e-011 
4.1749999999997289279 0.27374252096115658794 -1.5201880945731978123 -2.5342364977032376672 7.388552851890839566e-011 
4.1999999999997372768 0.27374335762524476534 -1.5201789201245903271 -2.5342364977217575195 5.8478966959523331431e-011 
4.2249999999997456257 0.27374196979235859706 -1.5201516004688853112 -2.5342364977346654165 3.5022389745737703526e-011 
4.2499999999997539746 0.27374067093360054947 -1.5201577067703322399 -2.5342364977445157592 4.7564884742297403079e-011 
4.2749999999997623235 0.27374144651178727861 -1.5201900515109127987 -2.5342364977595512876 4.698774798874807826e-011 
4.2999999999997706723 0.27374103789388509744 -1.5202002819171096526 -2.5342364977694868955 2.7993546765908879314e-011 
4.3249999999997790212 0.27374030743118205056 -1.5202004143430118965 -2.5342364977753364386 2.0547914187475490968e-011 
4.3499999999997873701 0.27374076489331267137 -1.5201983349240133503 -2.5342364977829174855 3.0522601409556596157e-011 
4.374999999999795719 0.27374134755881579517 -1.5201787859776305645 -2.5342364977909195289 2.5482700159366035356e-011 
4.3999999999998040678 0.27374240941202432342 -1.5201634411382107803 -2.5342364977961522321 1.3914830453005008476e-011 
4.4249999999998124167 0.27374267953864023228 -1.5201688726519710926 -2.5342364977999443099 1.4931896604588083157e-011 
4.4499999999998207656 0.27374160586784995752 -1.5201769779303548891 -2.5342364978043598889 1.5793401152387829696e-011 
4.4749999999998291145 0.27374124044995151728 -1.5201849707192272021 -2.5342364978088123273 1.582631973005174003e-011 
4.4999999999998374633 0.27374093693491524659 -1.5201915694697731851 -2.5342364978118632202 6.9700112076801300434e-012 
4.5249999999998458122 0.27374041954328881543 -1.5201917923280872103 -2.534236497814092548 8.692607544780187265e-012 
4.5499999999998541611 0.27374113456810694744 -1.520190082319696101 -2.5342364978163778311 9.3189004204021497331e-012 
4.57499999999986251 0.27374182003771824201 -1.5201799437035043994 -2.534236497819235101 9.402442890497723261e-012 
4.5999999999998708589 0.27374174630999692504 -1.5201729333825180213 -2.5342364978209768189 3.7844288481285583938e-012 
4.6249999999998792077 0.27374187227833923775 -1.520178706367651289 -2.5342364978220830452 4.6372422241023763666e-012 
4.6499999999998875566 0.27374178233790436021 -1.5201796276099741601 -2.5342364978234521722 5.6754157944606493824e-012 
4.6749999999998959055 0.27374138891907923155 -1.5201814272446152465 -2.5342364978251481489 5.3948230659084271774e-012 
4.6999999999999042544 0.27374110006784985183 -1.5201876344554010601 -2.534236497826144241 2.2384287513842018059e-012 
4.7249999999999126032 0.27374086268955416523 -1.5201857472217343847 -2.5342364978267295506 2.4956033912448262918e-012 
4.7499999999999209521 0.27374109816568631404 -1.5201835090765334346 -2.5342364978275693232 3.3720899096169152621e-012 
4.774999999999929301 0.27374159946346771077 -1.5201833126983412825 -2.5342364978285178978 3.0451100755092255721e-012 
4.7999999999999376499 0.27374175886388762979 -1.5201810099666475118 -2.5342364978290654598 1.2788396538115036992e-012 
4.8249999999999459988 0.27374177198221211205 -1.5201800724072316306 -2.5342364978294624756 1.6000274908212377601e-012 
4.8499999999999543476 0.27374160579281608952 -1.5201801261975431689 -2.5342364978299141143 1.6577383286094688469e-012 
4.8749999999999626965 0.27374130057531004256 -1.5201824641405237148 -2.5342364978304168233 1.9238179494916250178e-012 
4.8999999999999710454 0.27374125574347846213 -1.5201846490090993314 -2.5342364978308125067 8.30229523535451599e-013 
4.9249999999999793943 0.27374124467486998791 -1.5201827314154143789 -2.5342364978310074619 6.9429077648161599073e-013 
4.9499999999999877431 0.27374118199831476428 -1.5201821073268990681 -2.5342364978312224011 1.0350982035258321911e-012 
4.974999999999996092 0.27374136507197277535 -1.520183688334200145 -2.5342364978315710111 1.2080990275637805891e-012 
