0.025000000000000015266 0.59698024789167325466 0.00049369416409199284868 -2.2444680351616308478 0.04105137820571976015 
0.05000000000000003747 0.57199011316482306633 0.017351228078601607652 -2.2524516379842567382 0.059771764759424438063 
0.075000000000000052736 0.42865503275183314269 -0.0087339018014286895486 -2.2736058809001233882 0.096726872889565870817 
0.10000000000000007494 0.38958276415208586974 -0.054333107456445151051 -2.3092664134393645625 0.11165978571375752282 
0.12500000000000008327 0.22306084344496152072 -0.40813315813626827033 -2.3325133362267171933 0.059021092701900701449 
0.15000000000000010547 0.21964044189915990501 -2.0622248368490931902 -2.3474808602761818577 0.054895817358770242211 
0.17500000000000012768 0.30155247713971994328 -2.649682549616165339 -2.3630510413966074879 0.055873382349467703989 
0.20000000000000014988 0.23276745372592697048 -1.5638572296105297532 -2.3769931183931807261 0.031858094261459087015 
0.22500000000000017208 0.21386090400374732634 -2.0551834800806769721 -2.3856068289128455895 0.039218623567314293832 
0.25000000000000016653 0.26196814393136558241 -1.6014666208388566027 -2.3998815269290205698 0.056272296150290966599 
0.27500000000000018874 0.30517828271158264908 -0.031157807467364850851 -2.4148982958585469838 0.05149076353992471794 
0.30000000000000021094 0.36754494245528179786 0.18581243842027295177 -2.4282157254839260574 0.031710818549554591061 
0.32500000000000023315 0.34279684135760518648 0.62001374403839726313 -2.4366354389697302274 0.03219095439328373276 
0.35000000000000025535 0.32262291815630983471 -0.17834081629350917453 -2.446036714262188827 0.037121346152526227269 
0.37500000000000027756 0.27791388295580277124 -1.7766126374243857988 -2.4545390353613210088 0.01933567774926750818 
0.40000000000000029976 0.22521703056966096979 -1.8517978591299577573 -2.458974046743855002 0.014929594813831168279 
0.42500000000000032196 0.29100961875912945143 -1.6888136300833536119 -2.4647314606511674384 0.019184489073552028066 
0.45000000000000034417 0.32413495183648205478 -0.90367386391908777199 -2.4691351194601760533 0.019442169506991145711 
0.47500000000000036637 0.32377508278900968275 -0.45031855542768672862 -2.4751997500336662128 0.018241593312561272394 
0.50000000000000033307 0.35657253880550388025 -1.0021048911430152639 -2.4794139688731084981 0.012379820217277518607 
0.52500000000000035527 0.34094336544092057606 -0.92738320381871819365 -2.4827931460231682514 0.010659553931484010147 
0.55000000000000037748 0.33202801298878015235 -1.0779082003451949667 -2.4859828798492284996 0.013113205285961045815 
0.57500000000000039968 0.33209600739788508461 -1.3850629743760316526 -2.4890250340305319909 0.0079658126656004593635 
0.60000000000000042188 0.30069624874741129883 -1.2911268676854259496 -2.4918457489550394079 0.010957919937397359381 
0.62500000000000044409 0.29595708995367192573 -1.5000213494410812309 -2.49518665749052726 0.014753449911474900841 
0.65000000000000046629 0.27821569262871798101 -1.490682134261941183 -2.5008810840717528023 0.024033882500451908548 
0.6750000000000004885 0.23527935414080122789 -1.4706114843736308728 -2.5069045033873087469 0.015677177198318820173 
0.7000000000000005107 0.26313469842973191692 -2.0260567538513067909 -2.5104482510550973906 0.0090367135498437382857 
0.72500000000000053291 0.27797135139756595779 -2.1455414244528610013 -2.5122569559835867814 0.0063077664740429396917 
0.75000000000000055511 0.24940185161743153031 -1.876445338968967036 -2.5142447751770524711 0.0071371624175687251035 
0.77500000000000057732 0.25949024848641860652 -1.8641539182747988157 -2.5165852595890028098 0.0085101072470693296668 
0.80000000000000059952 0.26796399888117522492 -1.5734365811906441124 -2.51936470857233763 0.011014288473994297488 
0.82500000000000062172 0.28257718201012288484 -1.3477914946333200419 -2.521944018291485623 0.0063127823034724844103 
0.85000000000000064393 0.2918034514787137268 -1.3829013177805131729 -2.5231668516007177416 0.003398097697977445035 
0.87500000000000066613 0.26194307083768386679 -1.3512796070636672319 -2.5244118933909334146 0.004822651305718072233 
0.90000000000000068834 0.25570844881769877466 -1.5481791195311052078 -2.525828461915570422 0.0053674141582802552611 
0.92500000000000071054 0.27687068262006525599 -1.7862997747875319909 -2.5271573081769416191 0.0035870123653474377326 
0.95000000000000073275 0.2731545918626488989 -1.6356545599463356844 -2.5280703474296855049 0.0026720910833619372811 
0.97500000000000075495 0.27140671518598485923 -1.5054199365306639713 -2.528662518933499026 0.0020057408421326750059 
1.0000000000000006661 0.27527069068567083798 -1.4661169474969923954 -2.5293724926081453397 0.0028760956078271696264 
1.0249999999999979128 0.27050433500180093294 -1.4403517078551302255 -2.5301891479876919 0.002614646242046271031 
1.0499999999999951594 0.27532574763073258683 -1.6049056396208953856 -2.5307892558391564819 0.0014694192843326180174 
1.0749999999999924061 0.27222324275467202348 -1.5651104095427017526 -2.5311138602861902314 0.0011126757874087107522 
1.0999999999999896527 0.26732451048565653018 -1.4275336796884205981 -2.5314595247184681348 0.0013550529755874526558 
1.1249999999999868994 0.27688322942839821428 -1.5505300226051548229 -2.5319396469510779824 0.0017231972975345079789 
1.149999999999984146 0.27524311310466398339 -1.5653632410257976026 -2.5322880088059229742 0.0008279975951969520756 
1.1749999999999813927 0.27013817730298517183 -1.4838471982703245189 -2.5324876998262237926 0.0005553638918783340055 
1.1999999999999786393 0.27599087128993626816 -1.51365053039220121 -2.5326556304628971006 0.0008250635104813044832 
1.224999999999975886 0.27382526806190610191 -1.494401658435051683 -2.5329507715400350065 0.0009484916839679562563 
1.2499999999999731326 0.27068098084510727741 -1.5292887861426929241 -2.533132846620762102 0.00044386425242567652998 
1.2749999999999703792 0.27295583988482535753 -1.5570688661085072546 -2.5332430134660768317 0.00035294184910485761368 
1.2999999999999676259 0.27231302507132931767 -1.5138488883058618395 -2.5333561396229873353 0.00045987757926103613919 
1.3249999999999648725 0.27438760336226680758 -1.5524274294181075184 -2.5334986875440699272 0.00047665892604008215693 
1.3499999999999621192 0.27585641611577776944 -1.5297230469741869285 -2.5336093804680732688 0.00031421127568664615048 
1.3749999999999593658 0.273585609345971148 -1.4650256943282378153 -2.5336824388268226471 0.0002053581461070054493 
1.3999999999999566125 0.27436521005120512173 -1.5177250825701698034 -2.533740288901756621 0.00022288138545082137611 
1.4249999999999538591 0.27294917300445004082 -1.5513103136646033686 -2.5338181735945535245 0.00029047098675005886183 
1.4499999999999511058 0.27099087691412448997 -1.5209600357234958068 -2.5338823388447964113 0.00017434261119253768044 
1.4749999999999483524 0.27360718983880150112 -1.5132181107921045538 -2.5339250589123181179 0.00010541046024076239362 
1.4999999999999455991 0.27384913263184990084 -1.5116719886167611087 -2.5339546025973045396 0.00013561960013038569755 
1.5249999999999428457 0.27374466618441828381 -1.5178141303108978466 -2.5340015721097937096 0.00017039597311415747541 
1.5499999999999400924 0.27575693116266836169 -1.5359325342136251891 -2.534036899631394224 7.8173991339201481863e-005 
1.574999999999937339 0.27419894335002281682 -1.5361550764805675939 -2.5340584700142807506 7.2545735107128344363e-005 
1.5999999999999345857 0.27258372955128862269 -1.5334650768758288919 -2.5340786911561994366 8.1234242371464059941e-005 
1.6249999999999318323 0.2733410116205625684 -1.5124405727274448097 -2.5341048200228812881 9.1510404525581322873e-005 
1.649999999999929079 0.27342174161919030606 -1.4810730085724683747 -2.5341235307285514544 3.6858064235050626647e-005 
1.6749999999999263256 0.2736552489013423517 -1.509626133692515193 -2.5341349977004581362 4.7923434440380834173e-005 
1.6999999999999235722 0.27341610348080952475 -1.5394941005294473513 -2.5341473874020934431 4.6876517057176862562e-005 
1.7249999999999208189 0.27334589888060928375 -1.5224656116741732692 -2.5341630838432553929 4.8236225177207016617e-005 
1.7499999999999180655 0.27459881235869743055 -1.5308009592080158434 -2.5341721814624169618 2.2710477336603960354e-005 
1.7749999999999153122 0.27417209800818148624 -1.5363582676635800794 -2.5341790313398302459 2.5804894715884678944e-005 
1.7999999999999125588 0.27344207996446467934 -1.5160604301858735532 -2.5341863634516608172 2.8178612620837261907e-005 
1.8249999999999098055 0.27403786736358221043 -1.5143582344102424209 -2.5341951540267073639 2.6033709693183939757e-005 
1.8499999999999070521 0.27346230527538956112 -1.5120423328351826342 -2.5342002835887327272 1.3448450193365766748e-005 
1.8749999999999042988 0.27314235628336941408 -1.5113080135197869414 -2.5342037258039198377 1.3516232511176335486e-005 
1.8999999999999015454 0.27384999761485812053 -1.517350172581229506 -2.534208457711211615 1.6751020245564237303e-005 
1.9249999999998987921 0.27369105236576807272 -1.5192730361185100563 -2.534213057641025113 1.5037675711411977892e-005 
1.9499999999998960387 0.27378488882398183124 -1.5335167996582361738 -2.534216011666612367 6.3519521238721478876e-006 
1.9749999999998932854 0.27406476450488764796 -1.5316107460485488545 -2.5342180821636230981 9.0545367256665238787e-006 
1.999999999999890532 0.27377380810724999405 -1.5135882240834741541 -2.5342206721721569629 8.4258686286587606006e-006 
2.0249999999998880007 0.27389226613274941791 -1.5186065155738441845 -2.5342231800755139481 8.5800866150980970693e-006 
2.0499999999998852473 0.2736903408158938289 -1.5210319161440886138 -2.5342249210375293877 4.3540901246137216597e-006 
2.074999999999882494 0.2732671315042212723 -1.511824284468794799 -2.5342262720594623815 4.5876541465153725715e-006 
2.0999999999998797406 0.27360641722923717545 -1.5167261982918112118 -2.5342274763626808642 4.5517423015634632597e-006 
2.1249999999998769873 0.27381166794576500267 -1.5243042758874743026 -2.5342288782434359007 4.7490835656570252202e-006 
2.1499999999998742339 0.27397642153108914265 -1.5240692176560948212 -2.5342300405664395235 3.3042406936061987948e-006 
2.1749999999998714806 0.27410683916593375775 -1.5218545152837008594 -2.5342307681997282565 1.9805546485533022063e-006 
2.1999999999998687272 0.27352599876324440453 -1.5191870611684064052 -2.5342313716298408011 2.3504011282648577185e-006 
2.2249999999998659739 0.27349213568297658927 -1.5198886710580548076 -2.5342321539691154975 3.2029494336033639406e-006 
2.2499999999998632205 0.27398267290554478848 -1.5210937946625975314 -2.5342329099235589851 1.576677890125378164e-006 
2.2749999999998604672 0.27372097122856692275 -1.5184631651656186335 -2.5342332368338680304 1.1831504030049559197e-006 
2.2999999999998577138 0.27350790736279273485 -1.5190321425121156018 -2.5342336120067665561 1.3464727707330719191e-006 
2.3249999999998549605 0.27369186351510416122 -1.5205388093425016294 -2.5342340518406687444 1.7636514260542250687e-006 
2.3499999999998522071 0.27375751096249484329 -1.5186944421942316641 -2.5342344508710068496 8.5168516104575142038e-007 
2.3749999999998494538 0.27389456680991047799 -1.5213943352094050354 -2.534234669027449538 8.0139218362806030166e-007 
2.3999999999998467004 0.27384431533203523745 -1.5230907997695113387 -2.5342348786977528796 7.1315390707234655451e-007 
2.4249999999998439471 0.27371464115252053251 -1.5195714482697868508 -2.5342351049421645293 8.6321974859401161514e-007 
2.4499999999998411937 0.27384242669185476782 -1.5200398749351884398 -2.5342353392631817854 6.3855946095751687599e-007 
2.4749999999998384403 0.2736961346886374602 -1.5195647093054196475 -2.5342354743082498025 4.3050113633919269108e-007 
2.499999999999835687 0.27351195822559060122 -1.5172950970749292665 -2.534235583652478585 3.3184350233182439958e-007 
2.5249999999998329336 0.27370198680654056478 -1.5202863217770310467 -2.5342357065042304676 5.3261155303858465175e-007 
2.5499999999998301803 0.27377478837394686462 -1.5224922327754808471 -2.534235846015204352 3.5148189380875537549e-007 
2.5749999999998274269 0.27377931685353035229 -1.5218613431076488673 -2.5342359180679068231 2.5768917698814080322e-007 
2.5999999999998246736 0.27383859196059023855 -1.5202568261355122736 -2.5342359846082413988 1.6830899287227148436e-007 
2.6249999999998219202 0.27375300941292629586 -1.5182439249360206723 -2.5342360514118760229 3.095980613698159879e-007 
2.6499999999998191669 0.27376963034703538646 -1.5197157494500364017 -2.5342361276588625252 2.0148151741094801222e-007 
2.6749999999998164135 0.27379207317177478576 -1.5206689936258177553 -2.5342361710212579773 1.2407047738130655383e-007 
2.6999999999998136602 0.27364676866777454256 -1.5191849368255567754 -2.5342362074018303097 1.2666448391854394896e-007 
2.7249999999998109068 0.27366343376173996038 -1.5202294208364266481 -2.5342362487354641587 1.6288160893211290339e-007 
2.7499999999998081535 0.27373986736251115781 -1.5213667660252221392 -2.5342362869010797155 9.9543356466411559837e-008 
2.7749999999998054001 0.27370861500700749414 -1.5207807659761551911 -2.5342363124306439559 8.3210061053085802982e-008 
2.7999999999998026468 0.27376532236084094585 -1.5206619994204642055 -2.5342363354214412219 7.3256399449415309133e-008 
2.8249999999997998934 0.27382000192590355558 -1.5199215060155681911 -2.534236356558874359 8.7882947967077831283e-008 
2.84999999999979714 0.2737971952484876681 -1.5189534189478695048 -2.5342363792285480528 5.4419110294115039619e-008 
2.8749999999997943867 0.2737640310144209832 -1.5193059623098852384 -2.5342363927244604405 4.8165504916785458665e-008 
2.8999999999997916333 0.27367855341727659324 -1.5201035147183827867 -2.5342364058234974067 4.4325334175360379525e-008 
2.92499999999978888 0.27366409414105785647 -1.5209853229253096352 -2.5342364190055630679 4.7688900064250035437e-008 
2.9499999999997861266 0.27373837852257582037 -1.5213997832368639784 -2.5342364305170042016 2.8851699714509278435e-008 
2.9749999999997833733 0.27374476406636877313 -1.5204438996985913946 -2.5342364378922459522 2.7902064526774138743e-008 
2.9999999999997806199 0.27375948479341372099 -1.5196403964000715359 -2.5342364465232964932 2.9568026479990839113e-008 
3.0249999999997778666 0.27379418727238802322 -1.5196674299818049292 -2.5342364534336572213 2.0497757243305450806e-008 
3.0499999999997751132 0.27375748521441295447 -1.5195905566885827831 -2.5342364594119928256 1.9147025404614503959e-008 
3.0749999999997723599 0.27373189040286033391 -1.5200480444509236744 -2.5342364640989809565 1.7018044850747876316e-008 
3.0999999999997696065 0.27372493710785639198 -1.5206600113943355979 -2.5342364690936167726 1.4265263579747808181e-008 
3.1249999999997668532 0.27370344029307086542 -1.520595334017250666 -2.5342364724863224446 1.3003459487424249003e-008 
3.1499999999997640998 0.27372505188112844499 -1.5205261857683565196 -2.5342364762722415783 1.0425607615754482778e-008 
3.1749999999997613465 0.27375473116641108051 -1.5201410439525950835 -2.5342364788941211806 1.0133289676403814591e-008 
3.1999999999997585931 0.27376232911865100439 -1.5197453508209406436 -2.5342364814684863461 6.8862398319365831124e-009 
3.2249999999997558398 0.27376855191732840655 -1.5199945767182576617 -2.5342364834915902527 7.8516892304403457597e-009 
3.2499999999997530864 0.27374736164423851825 -1.5200405563673362597 -2.5342364857054064942 6.9458816950439284697e-009 
3.274999999999750333 0.27372483358276766818 -1.5201532439056433255 -2.5342364872868867742 4.4022245770432456463e-009 
3.2999999999997475797 0.27372639852295110874 -1.5205049533803070005 -2.5342364884197352559 4.1015308386405216527e-009 
3.3249999999997448263 0.27372708382729216137 -1.5203706749985292923 -2.5342364897463252049 4.6945094659135040951e-009 
3.349999999999742073 0.27374111136175482972 -1.5202178150974030579 -2.5342364910683534696 4.203936647730538616e-009 
3.3749999999997393196 0.27375481828482811641 -1.5201806660300405394 -2.5342364918245920968 1.8578563070262994865e-009 
3.3999999999997365663 0.27374548773918755407 -1.5200052851092704653 -2.5342364925529796693 2.7175359352104052721e-009 
3.4249999999997338129 0.27374581801502029244 -1.5200118387736523129 -2.534236493254596656 2.5499016071070983385e-009 
3.4499999999997310596 0.27374915758640450125 -1.5201181761539186432 -2.5342364939834420845 2.2225706871407042989e-009 
3.4749999999997283062 0.27373719060995715946 -1.5202385424194635455 -2.5342364944722493014 1.4335842641541075291e-009 
3.4999999999997255529 0.27373206687797835279 -1.5203523434934211878 -2.5342364948738729247 1.1557384173701012257e-009 
3.5249999999997227995 0.27373499718471183684 -1.5202632043250203786 -2.5342364952083689111 1.5519906065254149762e-009 
3.5499999999997200462 0.27374126583458363582 -1.5201819995360219551 -2.5342364956602883019 1.3309965063739506135e-009 
3.5749999999997172928 0.27374846179395251333 -1.5201844970558093806 -2.5342364959632908139 7.5343986993439152411e-010 
3.5999999999997145395 0.27374448353951635893 -1.520073354463640225 -2.5342364961505601251 6.9174421620256964111e-010 
3.6249999999997117861 0.27374080851343080001 -1.5200668593715436216 -2.5342364963475922934 7.679174643615614786e-010 
3.6499999999997090327 0.27374261916303466169 -1.5202382394916775787 -2.5342364966046537766 8.5877950789066627157e-010 
3.6749999999997062794 0.27373955026409640956 -1.5202518835718641377 -2.5342364967816859433 4.0105616495743797604e-010 
3.699999999999703526 0.27373913427546636701 -1.5201676998237951821 -2.5342364968856982976 3.9786404404317561437e-010 
3.7249999999997007727 0.27374102993309096243 -1.5201855662108201273 -2.5342364969937500874 3.8573560391780634483e-010 
3.7499999999996980193 0.27374082073266964299 -1.5202077785587917447 -2.5342364971354944814 5.1285705793131337262e-010 
3.774999999999695266 0.27374415262601409227 -1.520211671363159045 -2.5342364972394819667 2.5152163175204070735e-010 
3.7999999999996925126 0.27374341850951250388 -1.5201758537412404237 -2.534236497302142066 1.9954277864816722918e-010 
3.8249999999996897593 0.27373899790352934636 -1.5201206596380250069 -2.5342364973591262611 2.1501000898473098383e-010 
3.8499999999996870059 0.27374104720551450942 -1.520156850455305797 -2.5342364974376736519 2.9851464764134635748e-010 
3.8749999999996842526 0.27374229795136700849 -1.5201855863828686033 -2.5342364974966353763 1.3192656011948934952e-010 
3.8999999999996814992 0.2737404406995549988 -1.5201979657558859493 -2.5342364975349163103 1.2794709875094526916e-010 
3.9249999999996787459 0.2737407864419354464 -1.5202360968410040254 -2.5342364975659554815 1.142534475006394714e-010 
3.9499999999996759925 0.27374105850301583276 -1.5201941440582409371 -2.5342364976101596774 1.6453500490204350121e-010 
3.9749999999996732392 0.27374241698644835585 -1.5201595893497064083 -2.5342364976416753564 7.4266404118288802821e-011 
3.9999999999996704858 0.27374322622736219079 -1.5201739959620081954 -2.5342364976646494235 7.6622980502017933973e-011 
4.0249999999996788347 0.27374105419921057614 -1.5201513659197019024 -2.5342364976841000868 7.2099664473661973488e-011 
4.0499999999996871836 0.27374119497474180829 -1.5201688373795900766 -2.5342364977063320808 7.2355484387770458061e-011 
4.0749999999996955324 0.27374140405470320792 -1.5202098687546146127 -2.5342364977242071156 5.8181480805674331221e-011 
4.0999999999997038813 0.27373953540709305976 -1.5201975273549743761 -2.5342364977387803471 4.0968796095821543832e-011 
4.1249999999997122302 0.27374084333211645692 -1.5201851759051376867 -2.5342364977494882261 3.60797916476768962e-011 
4.1499999999997205791 0.27374249741931888646 -1.5201854499864553283 -2.5342364977605260634 4.3688505431806926401e-011 
4.1749999999997289279 0.27374201736712050481 -1.5201834389038133555 -2.5342364977719555874 3.1544600912924262497e-011 
4.1999999999997372768 0.27374220157766948613 -1.5201768153152572793 -2.5342364977801303816 2.6143510939623118258e-011 
4.2249999999997456257 0.27374147073573279476 -1.5201605156836572874 -2.5342364977855966757 1.5677122568370061784e-011 
4.2499999999997539746 0.27374078674344098916 -1.5201709198440287452 -2.534236497792144327 2.921658738181165353e-011 
4.2749999999997623235 0.27374161266146485039 -1.5201977915540272335 -2.5342364977987941188 1.525935490729365213e-011 
4.2999999999997706723 0.27374108750636749754 -1.5201952769987738812 -2.5342364978030325062 1.3980174949287137347e-011 
4.3249999999997790212 0.27374061779608699352 -1.5201892853082741297 -2.5342364978060420988 1.1599632952035517416e-011 
4.3499999999997873701 0.27374150214255743574 -1.520191664693760103 -2.5342364978103528728 1.4722269102425106065e-011 
4.374999999999795719 0.27374172997405543661 -1.5201732791291033831 -2.5342364978136866505 8.9645750556252984287e-012 
4.3999999999998040678 0.27374197818264794924 -1.5201638473071610314 -2.5342364978158689048 7.2875766839316418318e-012 
4.4249999999998124167 0.27374194841181481719 -1.5201799523822514537 -2.5342364978179690027 7.726523774220029506e-012 
4.4499999999998207656 0.27374114594263848632 -1.5201859192122668674 -2.5342364978202582826 7.4565292826640690176e-012 
4.4749999999998291145 0.2737412449714907714 -1.5201859058021007787 -2.5342364978221243454 5.3541261607674230855e-012 
4.4999999999998374633 0.27374122561188157787 -1.5201882299211186833 -2.5342364978233380413 4.2930060187308270447e-012 
4.5249999999998458122 0.27374079457195288345 -1.5201854557944454172 -2.5342364978245819351 3.6375979602601663602e-012 
4.5499999999998541611 0.27374146578906094485 -1.5201847397073473545 -2.5342364978257934105 5.0568780487845879846e-012 
4.57499999999986251 0.27374182631823884559 -1.5201793619800758606 -2.5342364978269342757 2.7192557801404467199e-012 
4.5999999999998708589 0.2737415330331016694 -1.5201762431714609392 -2.5342364978275893073 2.2121156783710114086e-012 
4.6249999999998792077 0.27374175784080839735 -1.5201826486954903572 -2.5342364978282532206 2.2529786016109063319e-012 
4.6499999999998875566 0.27374162410536762025 -1.5201813381763076283 -2.5342364978289744215 2.8559335772884674349e-012 
4.6749999999998959055 0.27374117802139824596 -1.520181592436872009 -2.5342364978296205713 1.5357708254210770379e-012 
4.6999999999999042544 0.27374111439337239782 -1.5201868523069306249 -2.5342364978299856126 1.145941130263233416e-012 
4.7249999999999126032 0.27374109646653893568 -1.5201830250151711077 -2.5342364978303431045 1.3627350707498423039e-012 
4.7499999999999209521 0.27374138509393297625 -1.5201818152078490076 -2.5342364978307561074 1.590631503462466686e-012 
4.774999999999929301 0.27374169773840895115 -1.5201845732410999013 -2.5342364978311433532 8.7672483283864457929e-013 
4.7999999999999376499 0.2737415580713633001 -1.5201817905310737178 -2.5342364978313325352 6.513159908648424962e-013 
4.8249999999999459988 0.27374156554138162623 -1.5201802761064204805 -2.5342364978315274904 7.1743576752132892152e-013 
4.8499999999999543476 0.27374155952654144475 -1.5201812631262052733 -2.5342364978317659663 9.304702141381755603e-013 
4.8749999999999626965 0.27374131472276158616 -1.520182186803967106 -2.5342364978319897872 5.3383280541429157397e-013 
4.8999999999999710454 0.27374130461192497377 -1.5201833074170467697 -2.5342364978321025859 3.3631666674876320055e-013 
4.9249999999999793943 0.27374127863767838686 -1.520182643931132116 -2.5342364978321967328 3.6958704502959762092e-013 
4.9499999999999877431 0.27374123113025833343 -1.5201827855579046478 -2.5342364978323348446 5.6563146863964128636e-013 
4.974999999999996092 0.27374148947860793557 -1.5201840708192544405 -2.5342364978324738445 3.1141232521569407169e-013 
