0.025000000000000015266 0.59710685054743195543 0.00049456420664190439695 -2.244314179881057747 0.041142088113883069911 
0.05000000000000003747 0.57203387209818934434 0.017384748329938373712 -2.2521989706213356719 0.060033489249764003526 
0.075000000000000052736 0.42826472741896010055 -0.0089229853065109221433 -2.2731252798113299463 0.097240791510207702508 
0.10000000000000007494 0.38889078858825548712 -0.05440414016691130783 -2.3084019494781151671 0.11218222776615147107 
0.12500000000000008327 0.22191586600075047242 -0.40772967988147124085 -2.3314012707438709349 0.059443523520516419745 
0.15000000000000010547 0.21895401099032441028 -2.0718469003868862366 -2.3462945949450055849 0.055660986366862917618 
0.17500000000000012768 0.30149675960645944128 -2.6655095305313776244 -2.3618155096751607402 0.056547867620008171463 
0.20000000000000014988 0.23177974155187142102 -1.5711264790386403334 -2.3757308184828387354 0.032389904357842634608 
0.22500000000000017208 0.21271453333828843624 -2.0735023467889361903 -2.3843930557666594972 0.040225592593338965752 
0.25000000000000016653 0.2625702028822775036 -1.6264077384521899994 -2.3988079776770709906 0.057792996883605562974 
0.27500000000000018874 0.30727151093001919824 -0.037783055303863277707 -2.414073536666098807 0.053356293214819758286 
0.30000000000000021094 0.36797724604167636464 0.20225507608687098848 -2.4272425682612728259 0.030319765809803441575 
0.32500000000000023315 0.33741136056500825591 0.6556168847577318326 -2.435603638713420338 0.033600504241184658838 
0.35000000000000025535 0.31779207779791701638 -0.16775362617652589403 -2.4449887685081779232 0.036370088620559772041 
0.37500000000000027756 0.27749444620542768059 -1.7542058804788567272 -2.4532037339423595768 0.019740026634740542172 
0.40000000000000029976 0.22623455976600501116 -1.8022052797641019417 -2.4578732465009109909 0.015897864560190815009 
0.42500000000000032196 0.28925577305070010459 -1.6379373107620363026 -2.4635254911885575702 0.018568864782285362386 
0.45000000000000034417 0.32167668701451179736 -0.88633680701621120335 -2.467913797295061773 0.020407901442887496635 
0.47500000000000036637 0.32073281159056504785 -0.44759488147145110037 -2.4741658868902303148 0.018784133599518092889 
0.50000000000000033307 0.35346842024895519518 -0.95878366173101081671 -2.4783407443416916038 0.012974368680352709945 
0.52500000000000035527 0.34229736507808589119 -0.89985444477234954874 -2.4818576000605832022 0.010726188487598990046 
0.55000000000000037748 0.33682956955987708447 -1.0625828857713019993 -2.484992734532987857 0.013333837511641523713 
0.57500000000000039968 0.33567123753229549665 -1.3658027645162786889 -2.4880683628008974928 0.0083327223209274554894 
0.60000000000000042188 0.30138212914697642963 -1.2824924171449372245 -2.4909693770131755564 0.010954782284228973405 
0.62500000000000044409 0.29836606713478469599 -1.4940784603274508413 -2.4938898166233522957 0.012074158462648445361 
0.65000000000000046629 0.28932717660706847029 -1.4708361345028013734 -2.498495401607809363 0.020933433201986036826 
0.6750000000000004885 0.24689205524677271253 -1.3867635625552550138 -2.5047310713345543043 0.020380414405762686814 
0.7000000000000005107 0.2582242618541666368 -1.8611853741922570471 -2.5092222883997674643 0.010723446934415419365 
0.72500000000000053291 0.27538824271624934292 -2.0961695344267674557 -2.5113403518637511525 0.0073350632093623826385 
0.75000000000000055511 0.25429444260544725731 -1.941966058163483444 -2.5134049268258080723 0.0067587445362042733801 
0.77500000000000057732 0.25728206684734233889 -1.9313721944648547524 -2.515683438054447052 0.0084508062837016558605 
0.80000000000000059952 0.26242831857792825456 -1.6298046046167506962 -2.5181359552314752648 0.01048557396793137024 
0.82500000000000062172 0.27694680860324111249 -1.3600528031943426299 -2.5210666786876680945 0.0084771266601881539032 
0.85000000000000064393 0.29264524444999767683 -1.3957862513406906757 -2.5226150456265972188 0.0036325900519622541553 
0.87500000000000066613 0.26812265315267308496 -1.3435044794378734334 -2.5237620648182796934 0.0044897467476985438925 
0.90000000000000068834 0.25504301026304332378 -1.5039279896663004799 -2.5251650482561038835 0.005637861447230039548 
0.92500000000000071054 0.27291862362465740821 -1.7674605356936490264 -2.5266112895699266438 0.0041526165488738461459 
0.95000000000000073275 0.27469091006064516591 -1.6882773785249423071 -2.5276425872785734938 0.0031698604116568371292 
0.97500000000000075495 0.27166493681267994686 -1.5266420774857145659 -2.5282809320887631443 0.0018610402911908257954 
1.0000000000000006661 0.27486963378104339872 -1.461178372509869261 -2.5289557729733282976 0.0028453005257288738888 
1.0249999999999979128 0.2714580643764658574 -1.4520057912230419639 -2.5298083903688164398 0.0030392089161744117835 
1.0499999999999951594 0.27402584329308049549 -1.5910412108414266896 -2.5304963546828345144 0.0017214175158269107418 
1.0749999999999924061 0.27214397961005426518 -1.5472846049781430189 -2.5308807155424899449 0.0012530518427817597792 
1.0999999999999896527 0.26828616871833393942 -1.4235559766614405142 -2.5312215247414515673 0.001198465762618344246 
1.1249999999999868994 0.27585564666644396548 -1.539922447451738563 -2.5316693081956973543 0.0019466180084548934722 
1.149999999999984146 0.27514590703986296916 -1.5904287865890920362 -2.5321078488471480128 0.0010280508848759526471 
1.1749999999999813927 0.269875898400091907 -1.5168282860104369547 -2.5323414400391208723 0.00066680032411742956328 
1.1999999999999786393 0.2751007464271805758 -1.504489896035853258 -2.5324981881591837052 0.00070623441691942934716 
1.224999999999975886 0.27554533621643473307 -1.4758577735204392312 -2.5327913050256971594 0.0011232202759358577912 
1.2499999999999731326 0.27203400800097604639 -1.5088080648531594363 -2.5330210507352108884 0.00053768239410660709655 
1.2749999999999703792 0.27217015946032196982 -1.5514715886218286567 -2.533145153927124138 0.00040037090067824535489 
1.2999999999999676259 0.2714230035254467932 -1.5331914786691458463 -2.533257516965670586 0.00044932994691268427021 
1.3249999999999648725 0.27305705421130677113 -1.5590883678287554837 -2.5334081183888970124 0.00054009137509108398265 
1.3499999999999621192 0.27565682176296274486 -1.5296965114384879492 -2.5335354333458366405 0.00037575209046086105458 
1.3749999999999593658 0.27509360524097770107 -1.469255859427735178 -2.5336189915241380533 0.00023850056723953395941 
1.3999999999999566125 0.27466967799164926367 -1.5100633964374416962 -2.5336834439058941726 0.00022680720820626175979 
1.4249999999999538591 0.27257629981194381186 -1.549575331645101528 -2.5337618437188083043 0.00032387979587509776623 
1.4499999999999511058 0.27094228388541996555 -1.5290269731169578993 -2.533837200727460548 0.0002058874539609282042 
1.4749999999999483524 0.27334067728743061121 -1.5080185469889255678 -2.5338862448134635841 0.00013416591192831641669 
1.4999999999999455991 0.27401053157594684739 -1.5043982472003778472 -2.5339197500289412091 0.00012823223820821526655 
1.5249999999999428457 0.27366873616897963162 -1.5181859187824073842 -2.5339661531753976398 0.00019878307737526318996 
1.5499999999999400924 0.27521483793097006876 -1.537420673730336862 -2.5340106994461653045 9.8577116558213237463e-005 
1.574999999999937339 0.27455569817728153748 -1.5411872785917548612 -2.5340346206541313201 8.0496296972670423214e-005 
1.5999999999999345857 0.27298854589299825779 -1.5377774534544279561 -2.5340562635216943299 8.5771027678800795856e-005 
1.6249999999999318323 0.27310007953321402407 -1.5131707362957245167 -2.5340844550780787792 0.00010635980552882298223 
1.649999999999929079 0.27347031612457889382 -1.479744616734970597 -2.5341077075192828261 4.904979010159943889e-005 
1.6749999999999263256 0.27371682013466785977 -1.5040388298860745131 -2.534120143057383423 5.1564891731429918003e-005 
1.6999999999999235722 0.2731877312852434847 -1.5377276551549758921 -2.53413380194581217 4.9187660202578250201e-005 
1.7249999999999208189 0.273188048200252942 -1.5245026114601274436 -2.5341506573852776718 5.9610596513391599593e-005 
1.7499999999999180655 0.27451045310654192955 -1.5283111042077566211 -2.5341627874632615125 2.9411258184260310886e-005 
1.7749999999999153122 0.27433479828895512842 -1.5381498913329081368 -2.5341701410303212327 2.7234781573110000436e-005 
1.7999999999999125588 0.27368038419617068957 -1.5218216507030088991 -2.5341780516628933384 2.9172721441275210717e-005 
1.8249999999999098055 0.27400656195885669808 -1.5137765995024585752 -2.5341875821654107348 3.3976505703096221162e-005 
1.8499999999999070521 0.27351218660881182476 -1.5108036908211306404 -2.534194707164766136 1.7785149099779502926e-005 
1.8749999999999042988 0.27316779445621469646 -1.511924821090620874 -2.5341985053406825834 1.2650360516163841967e-005 
1.8999999999999015454 0.27361523690206246417 -1.5143905286256855725 -2.5342032951478992153 1.916530107517776924e-005 
1.9249999999998987921 0.27360309138499366854 -1.5155345420382393407 -2.5342085610943012597 1.8707508213996174349e-005 
1.9499999999998960387 0.27383433195353718004 -1.5338917904482394228 -2.5342126887909910415 9.0796627754025979734e-006 
1.9749999999998932854 0.27404888303067048705 -1.5356899914307691191 -2.5342148635181738214 8.7530822890440928473e-006 
1.999999999999890532 0.27382473179001293184 -1.516404038144190114 -2.534217625790056605 1.0202609118873893831e-005 
2.0249999999998880007 0.27395957809641074965 -1.5174377322943701785 -2.5342205675598972192 1.0376114544970800436e-005 
2.0499999999998852473 0.27374944817116181328 -1.5198968864483530794 -2.534222838715212589 5.4574458345089495642e-006 
2.074999999999882494 0.27334465717248884742 -1.5113304558495046503 -2.5342243180225234589 5.6005029635361488243e-006 
2.0999999999998797406 0.27354053078750972805 -1.5147093467813121936 -2.5342257726241377291 4.9963047266203460887e-006 
2.1249999999998769873 0.273651718543791167 -1.5243030141988571646 -2.5342272753526824403 5.3775039865204784834e-006 
2.1499999999998742339 0.27391782118360724629 -1.526318397208495492 -2.5342287249074955113 4.6840326647959105628e-006 
2.1749999999998714806 0.27417768209594439721 -1.5221754851701163602 -2.5342296784940665511 2.3373899529115512672e-006 
2.1999999999998687272 0.2736121520994392875 -1.5186095996587969381 -2.5342303557234582279 2.5324729868360273925e-006 
2.2249999999998659739 0.27345537548803827699 -1.5199341041888232429 -2.5342311670696848758 3.5570829233354743816e-006 
2.2499999999998632205 0.27393486825814433727 -1.5208983652448901935 -2.5342321408634829183 2.5902922869159803406e-006 
2.2749999999998604672 0.27381603159864131847 -1.5184694731199490647 -2.5342325882745968535 1.1726404465192741575e-006 
2.2999999999998577138 0.27357019721936326473 -1.5190363237576471889 -2.534233004582779003 1.5992660868857881882e-006 
2.3249999999998549605 0.27361237929284859538 -1.5202295713865905391 -2.5342334753572175465 2.0070160166886192395e-006 
2.3499999999998522071 0.27368029525792725298 -1.5185935871270599407 -2.5342339928956669759 1.2559748565316213587e-006 
2.3749999999998494538 0.27388289925473269237 -1.5216120299811137784 -2.5342342685503256305 9.5727339850232906401e-007 
2.3999999999998467004 0.27386721898653082485 -1.5237208273329350128 -2.5342345281749194541 8.573369834213884495e-007 
2.4249999999998439471 0.27374802672356479682 -1.519592829432327985 -2.5342347692874014342 9.5691812692057086539e-007 
2.4499999999998411937 0.27387761854315584298 -1.5192205032495875727 -2.5342350613671631443 8.8873901881620681172e-007 
2.4749999999998384403 0.27372125638197408737 -1.5196752986049348877 -2.534235236211604736 5.2579613105244770184e-007 
2.499999999999835687 0.27347933702080529095 -1.517775133764279305 -2.5342353767434264711 4.3350066287859501274e-007 
2.5249999999998329336 0.27364930258973158006 -1.519870577460508132 -2.5342355101076252666 5.667889453418312032e-007 
2.5499999999998301803 0.27378203128843436875 -1.522385913989915851 -2.5342356799719500948 5.1466552418569397898e-007 
2.5749999999998274269 0.27379962009860497885 -1.5223503279151442413 -2.5342357774091657241 3.0433495002713939459e-007 
2.5999999999998246736 0.27383035139285244464 -1.5202822436272596107 -2.5342358625244392201 2.2556786146099190845e-007 
2.6249999999998219202 0.27374792959038479756 -1.5179042458475260347 -2.5342359346131644315 3.4744605276223751437e-007 
2.6499999999998191669 0.27377709471541444852 -1.5196586645554299722 -2.5342360307643456707 2.8037111236644580142e-007 
2.6749999999998164135 0.27381886762986368256 -1.5209417102813695966 -2.5342360879190461986 1.5551787393649587154e-007 
2.6999999999998136602 0.27366632200020546417 -1.5192178551048578505 -2.5342361335426311086 1.6258029218416872375e-007 
2.7249999999998109068 0.27363787719770604756 -1.5198807270156584615 -2.5342361817742942165 1.9270053010521558909e-007 
2.7499999999998081535 0.27371228930663188406 -1.5213278277125539262 -2.5342362296955416312 1.3040302427865108968e-007 
2.7749999999998054001 0.27370558830875718614 -1.5210417067653521084 -2.5342362623850620551 1.1084868657982511601e-007 
2.7999999999998026468 0.27376257622390992585 -1.5207218056120572758 -2.5342362924391523826 9.797538830728978247e-008 
2.8249999999997998934 0.27382512317042168037 -1.5200160747876454437 -2.5342363170623647406 9.40486912754373149e-008 
2.84999999999979714 0.27381259032428334477 -1.5190239415171029602 -2.5342363454205449891 8.5215764029873837348e-008 
2.8749999999997943867 0.27377789461113355429 -1.5190143581454986776 -2.5342363640129059732 5.8094906345260444519e-008 
2.8999999999997916333 0.2736867378180223298 -1.5198578151238077982 -2.534236379582770482 5.473648904059991204e-008 
2.92499999999978888 0.27365297787227771398 -1.5210422585280916064 -2.5342363958892657472 5.953182235515653021e-008 
2.9499999999997861266 0.27372183649948761408 -1.5215739396861680532 -2.5342364111970319129 4.4171594849819258523e-008 
2.9749999999997833733 0.27374177270037092224 -1.5206454930672475001 -2.5342364206892264988 3.0709436775257969918e-008 
2.9999999999997806199 0.27375501445163463732 -1.5197110241562956645 -2.5342364309454139537 3.8467099912242650289e-008 
3.0249999999997778666 0.2737938596544052805 -1.5195935249227310315 -2.534236440166457438 2.7944557331093288355e-008 
3.0499999999997751132 0.27377029178011275112 -1.5194599355378048955 -2.5342364478938383954 2.6206310052302159725e-008 
3.0749999999997723599 0.27373918349937803596 -1.5198799915812990502 -2.5342364539229489395 1.9202139778630063881e-008 
3.0999999999997696065 0.27372732240373809365 -1.5206391393589457905 -2.5342364601156188719 2.1078324553417667371e-008 
3.1249999999997668532 0.27370391978007446721 -1.5207076786804429869 -2.5342364646842012732 1.5513430190791001052e-008 
3.1499999999997640998 0.27371436586409370051 -1.5205983583315019203 -2.5342364694099299705 1.4742236352353822495e-008 
3.1749999999997613465 0.27374523065772410346 -1.5202359410107151305 -2.5342364729497908193 1.256217920547943245e-008 
3.1999999999997585931 0.27376339984211495171 -1.519802335174844421 -2.5342364763169231701 1.0241719018321815403e-008 
3.2249999999997558398 0.27377397313477036533 -1.5198970076340023727 -2.534236478831101369 8.710481651224978802e-009 
3.2499999999997530864 0.27375524884853147389 -1.5199242769005589793 -2.5342364816062783461 1.0181896313247082261e-008 
3.274999999999750333 0.27372830214285609474 -1.5201047629575559217 -2.5342364839647628649 6.3133759450190714748e-009 
3.2999999999997475797 0.27372219311040679735 -1.5205116760008219323 -2.5342364853411756265 4.7641660057481554869e-009 
3.3249999999997448263 0.27372222118945876979 -1.5204384587486492464 -2.5342364869695304108 5.9969023563187195475e-009 
3.349999999999742073 0.27373740307707183916 -1.5202876013092221363 -2.5342364887102730719 6.2071073954136822883e-009 
3.3749999999997393196 0.27375532803764723866 -1.5202152423173243001 -2.5342364898746660984 2.5003175044942467357e-009 
3.3999999999997365663 0.27375021699374207929 -1.5200055437178714435 -2.5342364907528645013 3.5435429952065355743e-009 
3.4249999999997338129 0.2737462491265955089 -1.519953235489178045 -2.534236491644910938 3.0461686538183401758e-009 
3.4499999999997310596 0.27374821698079448984 -1.5200502957980510654 -2.534236492580491884 3.3874883780763468944e-009 
3.4749999999997283062 0.27374017638772019101 -1.5202248018341821822 -2.5342364933241272595 1.9335068946375085675e-009 
3.4999999999997255529 0.27373237652540199916 -1.5203751159429801376 -2.5342364938504209348 1.6605508734416923203e-009 
3.5249999999997227995 0.27373138725974932584 -1.5203071928687130754 -2.5342364942614814538 1.7463770152577297933e-009 
3.5499999999997200462 0.2737387585500460907 -1.5202171578439949151 -2.5342364948283395698 1.9551156785915363629e-009 
3.5749999999997172928 0.27374836279691366903 -1.5201815380815273393 -2.5342364952977778358 1.2206030593279617506e-009 
3.5999999999997145395 0.27374684399374227262 -1.520059803542046506 -2.534236495552081081 8.620059331775035526e-010 
3.6249999999997117861 0.27374302494507074535 -1.5200416921759249966 -2.5342364957990359819 9.1781731957812040768e-010 
3.6499999999997090327 0.27374241210959904258 -1.5202104954425488259 -2.5342364961167258564 1.2299880137356428089e-009 
3.6749999999997062794 0.27373888954906266946 -1.5202657087372448697 -2.5342364963923196264 6.4475979094622343144e-010 
3.699999999999703526 0.27373852430665734925 -1.520190297991582451 -2.5342364965336421356 5.2957612969442683849e-010 
3.7249999999997007727 0.27374020812378413448 -1.5201802158814043953 -2.5342364966798225367 4.6033447986039781656e-010 
3.7499999999996980193 0.27374086695531418822 -1.5202042257997654406 -2.5342364968491342125 7.3249524413719687264e-010 
3.774999999999695266 0.27374449263829692125 -1.5202237560501989933 -2.5342364970078850028 3.7213223505871624244e-010 
3.7999999999996925126 0.27374367101005614433 -1.5201858379588035763 -2.5342364971010105101 3.1212829535603248492e-010 
3.8249999999996897593 0.27373937920077384689 -1.5201101080022538792 -2.5342364971766024873 2.4174337130541084813e-010 
3.8499999999996870059 0.27374096346508680622 -1.5201365058828386623 -2.5342364972686377556 4.1534702173989229922e-010 
3.8749999999996842526 0.27374228288883839522 -1.5201838794001700794 -2.5342364973624400548 2.1769396602454203691e-010 
3.8999999999996814992 0.27374063535967746441 -1.520207620487614264 -2.5342364974177207237 1.8609541959526357803e-010 
3.9249999999996787459 0.27374012075509290831 -1.5202414031139388495 -2.534236497458890458 1.3609558908587179752e-010 
3.9499999999996759925 0.27374029174087299854 -1.5202001417877837319 -2.5342364975131252969 2.2803305437047266896e-010 
3.9749999999996732392 0.27374283081983136201 -1.5201620363010186487 -2.5342364975634392721 1.2390460627488958163e-010 
3.9999999999996704858 0.27374417011554807999 -1.5201686510245777662 -2.5342364975950810724 1.082575089942295358e-010 
4.0249999999996788347 0.27374142524896577511 -1.5201463842415425809 -2.5342364976217273131 9.1406540214992193516e-011 
4.0499999999996871836 0.27374092342386124876 -1.5201654750718063269 -2.5342364976516504882 1.077797739335214591e-010 
4.0749999999996955324 0.27374109215617709046 -1.5202078369714686623 -2.5342364976776323715 8.2331414426145761264e-011 
4.0999999999997038813 0.27373933821248647158 -1.5202006570593593615 -2.534236497697726076 6.1151998001393172484e-011 
4.1249999999997122302 0.27374050109248571072 -1.5201895596634422692 -2.5342364977140654503 5.1878247454790998549e-011 
4.1499999999997205791 0.27374231981675883896 -1.5201874974056068801 -2.5342364977284765892 5.8321767600845001774e-011 
4.1749999999997289279 0.27374232007106519271 -1.5201854685384215138 -2.5342364977445606122 4.8480824221337357565e-011 
4.1999999999997372768 0.27374262097325968712 -1.5201772933886954497 -2.5342364977566278483 3.8950452202309806092e-011 
4.2249999999997456257 0.27374161867181712182 -1.5201568353971057768 -2.5342364977651032909 2.1882294599488078075e-011 
4.2499999999997539746 0.27374068876260260197 -1.5201645944839898839 -2.5342364977729419095 3.9253199665369982503e-011 
4.2749999999997623235 0.27374156670300747729 -1.5201949538212662372 -2.5342364977832931849 2.6209053587144739797e-011 
4.2999999999997706723 0.27374113221220153225 -1.5201993625459997439 -2.534236497789505993 1.9777264682302738548e-011 
4.3249999999997790212 0.27374044160385341273 -1.5201935916621487355 -2.5342364977936919779 1.5144587410435885806e-011 
4.3499999999997873701 0.27374118450669460145 -1.5201936425736497505 -2.5342364977994762398 2.1990785131852583769e-011 
4.374999999999795719 0.27374163611460039514 -1.5201756071056491404 -2.5342364978047084989 1.4496709284587093898e-011 
4.3999999999998040678 0.27374216480453716915 -1.5201623711201106559 -2.5342364978079117144 1.0034330661109735669e-011 
4.4249999999998124167 0.27374224800518187628 -1.5201749686460848121 -2.534236497810782307 1.084972092809483615e-011 
4.4499999999998207656 0.27374131056261641337 -1.5201834484976801676 -2.5342364978139921838 1.1009216252069824877e-011 
4.4749999999998291145 0.27374120321514017196 -1.5201863231585357461 -2.5342364978169129586 9.1023355547250224913e-012 
4.4999999999998374633 0.27374111865195616122 -1.5201899290934468567 -2.5342364978186990854 5.3467843829441889495e-012 
4.5249999999998458122 0.27374062724876052632 -1.520187528931179255 -2.5342364978204519055 5.6796338190399305272e-012 
4.5499999999998541611 0.27374133072334400074 -1.5201863044566155114 -2.5342364978220830452 7.1184537984082569109e-012 
4.57499999999986251 0.27374188211169053764 -1.5201797198476210138 -2.5342364978239517725 4.9519767262564673543e-012 
4.5999999999998708589 0.27374161278152958632 -1.5201747010880397593 -2.5342364978249212193 2.7927233997638263871e-012 
4.6249999999998792077 0.27374178039914270899 -1.5201810579066554752 -2.5342364978258293817 3.3433396820752950074e-012 
4.6499999999998875566 0.27374171538277214388 -1.5201810377505700078 -2.5342364978268241416 4.145819180099161477e-012 
4.6749999999998959055 0.27374125661444903557 -1.5201813490453193189 -2.5342364978278841825 2.7549786310596045282e-012 
4.6999999999999042544 0.27374108313220085753 -1.5201872038133708021 -2.5342364978284517285 1.6070782307643105263e-012 
4.7249999999999126032 0.27374098598715596031 -1.520184396516857106 -2.5342364978289277921 1.9023824174594534483e-012 
4.7499999999999209521 0.27374125968634466233 -1.5201822672916529555 -2.5342364978295162103 2.3239812191363907415e-012 
4.774999999999929301 0.27374169291997613174 -1.5201840323744608696 -2.5342364978301357148 1.6298850846157331102e-012 
4.7999999999999376499 0.27374166132447547151 -1.5201816136424359804 -2.5342364978304328105 9.0355457448316583785e-013 
4.8249999999999459988 0.27374163039695342814 -1.520180009989675618 -2.5342364978307201362 1.0627991699408300911e-012 
4.8499999999999543476 0.27374158058858699683 -1.5201808055459316016 -2.5342364978310447654 1.2657100851198369778e-012 
4.8749999999999626965 0.27374130916705957661 -1.520182382081297412 -2.5342364978313942636 1.0539740536879891198e-012 
4.8999999999999710454 0.27374127448142238084 -1.520183748597401685 -2.534236497831595436 4.8826187076537098587e-013 
4.9249999999999793943 0.27374126877887411391 -1.5201826896851358129 -2.5342364978317299951 4.951878540869431028e-013 
4.9499999999999877431 0.2737411976860740781 -1.5201825295299045138 -2.5342364978319058544 8.0948359920451423652e-013 
4.974999999999996092 0.27374143282621105078 -1.5201840290616250861 -2.5342364978321336721 6.2727072464394421139e-013 
