0.025000000000000015266 0.59717020679079124701 0.00049499985972478038887 -2.2442370832133406999 0.041187539590601028594 
0.05000000000000003747 0.57205580126769539628 0.017401535953522589972 -2.2520721815487130257 0.060164791143220125447 
0.075000000000000052736 0.4280690190760734759 -0.009018049645758474675 -2.2728834630847982723 0.097498875382159802538 
0.10000000000000007494 0.38854345870242351646 -0.054438594228905179406 -2.3079664808047688496 0.11244506884067272112 
0.12500000000000008327 0.2213414095487538924 -0.40751799147129907919 -2.3308410393549525708 0.059656816403541243488 
0.15000000000000010547 0.21861030542375681218 -2.0766669402872244277 -2.3456962717126232931 0.056048717655020341422 
0.17500000000000012768 0.30147186362091932255 -2.6734676776071641946 -2.3611916025459542823 0.056890529053842481266 
0.20000000000000014988 0.23128937135386573587 -1.5747803796284995936 -2.375093491742089391 0.032665915090493290174 
0.22500000000000017208 0.21216022756134048088 -2.0827358347578530662 -2.3837818795392458071 0.040750890056932442818 
0.25000000000000016653 0.2629290460315950595 -1.6392206258266763808 -2.3982689588971171091 0.058568990713912270907 
0.27500000000000018874 0.30827587451084459413 -0.04201186874457030207 -2.4136453893725575703 0.054170537515575954701 
0.30000000000000021094 0.36777613106396689346 0.20871793877661692918 -2.4266994583422158982 0.029718971548252870463 
0.32500000000000023315 0.33464314412978346525 0.66948408356149968768 -2.4350704363066291158 0.034322059367298103638 
0.35000000000000025535 0.31549293652939475185 -0.16237457710254310506 -2.4444289828451544189 0.035900249735840286669 
0.37500000000000027756 0.27748445725996911948 -1.7386308780967705268 -2.4525117486516121446 0.020090180276050861874 
0.40000000000000029976 0.22687997071228416246 -1.7724441430903028483 -2.4573155839513840526 0.016347806605146283226 
0.42500000000000032196 0.28825508362350865665 -1.6077342218563510645 -2.4629082840135132493 0.018327435035178279987 
0.45000000000000034417 0.32047022237876399142 -0.87609035725054751342 -2.4673049582239632294 0.020859190717130580289 
0.47500000000000036637 0.31911176135299246237 -0.44336510490393427064 -2.4736204555481364764 0.018958824383616380838 
0.50000000000000033307 0.35167342309521532062 -0.93233342776228900206 -2.4777799535842857104 0.013372616957040251232 
0.52500000000000035527 0.34294613608672919192 -0.88602990605644604827 -2.4813790414066625445 0.010751435445541813671 
0.55000000000000037748 0.33933722903134361237 -1.0551928104033385658 -2.4844727720124546444 0.013369585863993109498 
0.57500000000000039968 0.33779213314042377814 -1.3550549895714092408 -2.487562366258504909 0.0085929880395897439982 
0.60000000000000042188 0.30194573828289034134 -1.2771929458650042033 -2.490536203288531869 0.011103107236468439528 
0.62500000000000044409 0.29895527317984804672 -1.4888819327875078002 -2.4932936001218015676 0.010924496423994466826 
0.65000000000000046629 0.29378603867250308035 -1.462156084005097556 -2.4973829316825755242 0.018850154303308788717 
0.6750000000000004885 0.25462700232453205906 -1.3571104809646523659 -2.5034103748882103879 0.022207255497022036772 
0.7000000000000005107 0.2576915900224071021 -1.7759452434413951494 -2.5085238462240608825 0.01226476219239415813 
0.72500000000000053291 0.27249044261935034816 -2.0464927441431237654 -2.5108188337294019554 0.0077979214430142010372 
0.75000000000000055511 0.25697225656449917963 -1.972850262164896229 -2.5129794970968757362 0.0066862647114563373424 
0.77500000000000057732 0.25671432969513524602 -1.9690528110729088596 -2.5151775398882216805 0.0084926310351069612264 
0.80000000000000059952 0.25920367542609940026 -1.6705198711480906404 -2.5174888770791921111 0.0097509316271119517855 
0.82500000000000062172 0.27366025325454462758 -1.3769734441858234586 -2.5205057079200647863 0.0098362795929307616366 
0.85000000000000064393 0.29195787443200432731 -1.4064660052582387273 -2.5223087580403169561 0.0039031904298778975597 
0.87500000000000066613 0.27173666684103231495 -1.3428102423762449114 -2.5234179681839621345 0.0042177446916772066629 
0.90000000000000068834 0.25636604825396308582 -1.4792152027516700663 -2.5247902914526867413 0.005788939486715635567 
0.92500000000000071054 0.27038667364974738883 -1.7414659663944922485 -2.526299745342938774 0.0044838119346353394815 
0.95000000000000073275 0.27483467263138161574 -1.7128699983260575745 -2.5273949649609583901 0.0034105106393397485211 
0.97500000000000075495 0.27229433544773523623 -1.5559709539918262777 -2.5280707437746219313 0.0018384546706788195553 
1.0000000000000006661 0.27418217716725468147 -1.4605951425592809123 -2.5287283263041548942 0.0028069353426269710514 
1.0249999999999979128 0.27190157622634669732 -1.4569084242786347616 -2.5295845060201425092 0.0032498675480544464769 
1.0499999999999951594 0.27372980736946145308 -1.5862487368094846385 -2.530329648430318823 0.0018700929326118356961 
1.0749999999999924061 0.27179508351622677642 -1.5299742730754437581 -2.5307469038416039453 0.0013577709303376035103 
1.0999999999999896527 0.26890828598484828316 -1.418989132353712268 -2.531095226107190399 0.0011506299192047294948 
1.1249999999999868994 0.27539362782130188956 -1.5371570904341156361 -2.5315151250768712643 0.0019603927936889648485 
1.149999999999984146 0.27480230166310409823 -1.6017932103303524904 -2.5319997222714252239 0.0012106760614891854278 
1.1749999999999813927 0.2700780207727079274 -1.5380487682989407716 -2.5322581878703682712 0.00073553653398380906044 
1.1999999999999786393 0.27453420590018140501 -1.5016898423723321621 -2.5324154551885769138 0.00064023816793807404243 
1.224999999999975886 0.27602741841750755292 -1.46428252448833085 -2.5326978568205138487 0.0011804672663859290885 
1.2499999999999731326 0.27306781576021749158 -1.4976791973529799407 -2.5329554835062162432 0.00062411463192943753778 
1.2749999999999703792 0.27195872906054147089 -1.5441471027073181421 -2.5330900616032150374 0.00042845561203450955624 
1.2999999999999676259 0.27090676021357018577 -1.5431592606108284205 -2.5332036503990620346 0.00043283268998510130007 
1.3249999999999648725 0.27237862896102355004 -1.5671338756518240487 -2.5333553676085407425 0.0005769284321261809647 
1.3499999999999621192 0.27518520789735284593 -1.5282067465030180209 -2.5334929497977927149 0.00041423539465474355781 
1.3749999999999593658 0.27580674872809718412 -1.4718660161973233791 -2.5335826790586621904 0.00025291058281848955791 
1.3999999999999566125 0.27512324516724445678 -1.5090685629427151859 -2.5336516948639871138 0.00023836949543823933765 
1.4249999999999538591 0.27238186590306945334 -1.5454159240395144437 -2.5337295951214096057 0.00033151835450234934345 
1.4499999999999511058 0.27094907399638584744 -1.5314872608548650845 -2.5338109293895048069 0.00023104470257966967339 
1.4749999999999483524 0.2731934579926995621 -1.5074547433160425669 -2.5338641644655668372 0.00014764485699600006876 
1.4999999999999455991 0.27396315249860403451 -1.5002335882191506489 -2.5339002301500870296 0.00012844655589857857615 
1.5249999999999428457 0.27373037218039419916 -1.5181708508677491665 -2.5339454977455879714 0.00020745592201977422183 
1.5499999999999400924 0.27488867046959969409 -1.5384681155430133259 -2.5339954534885955617 0.00011638053810825072811 
1.574999999999937339 0.27458862366474423578 -1.5436287835301205629 -2.5340212073027741368 8.3805631347203007235e-005 
1.5999999999999345857 0.27334963630469821805 -1.540281001831385943 -2.5340434516343566251 8.7841402486639233427e-005 
1.6249999999999318323 0.27304748335248402169 -1.5130018426487021888 -2.5340725777361634563 0.00011337811729815192919 
1.649999999999929079 0.27341290188320233057 -1.4798872150953747973 -2.5340984615839139416 5.8963326564446150342e-005 
1.6749999999999263256 0.27377944593775110915 -1.5022957427249468143 -2.5341117842111353653 5.2043249586119393665e-005 
1.6999999999999235722 0.27306625651858346115 -1.5352177038176697543 -2.5341260505945277792 5.1296193738255572905e-005 
1.7249999999999208189 0.27306355519649228025 -1.5252872635822474212 -2.5341432731418542801 6.4232799321501624513e-005 
1.7499999999999180655 0.27444518094121927998 -1.5275329573298028762 -2.5341572819065327771 3.5860524100734212109e-005 
1.7749999999999153122 0.27440194073831702948 -1.5377179937215359473 -2.5341651880542683806 2.6696263198122489657e-005 
1.7999999999999125588 0.27387746728885054015 -1.525344653263254191 -2.5341732513055985621 3.0303251154321719725e-005 
1.8249999999999098055 0.27401811392425129421 -1.5150083506710840808 -2.5341830485491523284 3.7450271069292109848e-005 
1.8499999999999070521 0.2734741102988266781 -1.5096774209913341736 -2.5341914207347708832 2.1517428212068167806e-005 
1.8749999999999042988 0.27321492062374680421 -1.5118419619497740491 -2.5341956363806446006 1.2166811184180428224e-005 
1.8999999999999015454 0.27351200155603350161 -1.5131711282186375289 -2.5342002591046028925 1.993208443101133424e-005 
1.9249999999998987921 0.27349237603183573775 -1.5134247769382380699 -2.5342058571920014209 2.0622178905708884967e-005 
1.9499999999998960387 0.27385833990698238427 -1.5334887056603960787 -2.5342107389449388677 1.1546665671005394338e-005 
1.9749999999998932854 0.2740605839592176185 -1.5375462937281887399 -2.5342130665132032163 8.2049664298473661358e-006 
1.999999999999890532 0.27385216437157677838 -1.5186038930349878839 -2.5342158042319438138 1.1114293329743003203e-005 
2.0249999999998880007 0.27401003769609544314 -1.5172956698042134871 -2.5342190285630850077 1.1329319897479790552e-005 
2.0499999999998852473 0.27377612406071738516 -1.5187168246168110119 -2.5342216076335590813 6.4984390337130331169e-006 
2.074999999999882494 0.27339150254041116872 -1.511156538411752015 -2.5342231798686536415 5.8857017293235302236e-006 
2.0999999999998797406 0.27352254712037754603 -1.5140020547229555703 -2.5342247745640404943 5.4423235183371787706e-006 
2.1249999999998769873 0.27354631910785059956 -1.5236684616892361976 -2.5342263408254259716 5.5874341435610931986e-006 
2.1499999999998742339 0.27386446917893603192 -1.5273890543940731312 -2.5342279190841661141 5.5667212047689185569e-006 
2.1749999999998714806 0.27420961745640914931 -1.5229034897692739214 -2.5342290457960063854 2.5677049488353804729e-006 
2.1999999999998687272 0.27366963807315458634 -1.5182750335958381527 -2.5342297631696277804 2.6895536194737845354e-006 
2.2249999999998659739 0.27346370783176010555 -1.5198028422645566415 -2.5342305878033313249 3.644387364503839872e-006 
2.2499999999998632205 0.27390074979868395122 -1.5207899160801949812 -2.5342316609759230062 3.2323464064870083115e-006 
2.2749999999998604672 0.2738458289258459688 -1.5184529967862381294 -2.5342322156393133348 1.2122265219978577273e-006 
2.2999999999998577138 0.2736197148705011295 -1.5190978168413540317 -2.5342326463097832878 1.7652404128491214215e-006 
2.3249999999998549605 0.27357715479775474021 -1.5200089056861147974 -2.5342331326832536753 2.052730092323206757e-006 
2.3499999999998522071 0.27362699410885565898 -1.5185775064780613341 -2.5342337110909713971 1.5704307788737823313e-006 
2.3749999999998494538 0.27387446130942227907 -1.5217902393403268668 -2.5342340330505646051 1.0288656228526790851e-006 
2.3999999999998467004 0.27387857566027717926 -1.5239119217164440734 -2.534234319033454863 9.7602911709969038991e-007 
2.4249999999998439471 0.27376572558316863981 -1.5196863028099587556 -2.5342345715896121838 9.6608936380483144569e-007 
2.4499999999998411937 0.27389676367585524819 -1.5188476017049077349 -2.5342348893314952107 1.0586621606004795286e-006 
2.4749999999998384403 0.27373750302570193371 -1.5195607201704210976 -2.5342350942727098762 5.8354993967773202317e-007 
2.499999999999835687 0.27347215231695820581 -1.5181578708556957569 -2.5342352526456966011 5.0457319534508034307e-007 
2.5249999999998329336 0.27361610652374845909 -1.5197966210914668483 -2.534235394105446737 5.7304625353681996771e-007 
2.5499999999998301803 0.27377396344198673406 -1.5221448108897184248 -2.5342355765542476931 6.1496294210947432368e-007 
2.5749999999998274269 0.27381661121336003939 -1.5225135886912779526 -2.5342356936283856328 3.3437335697186643307e-007 
2.5999999999998246736 0.27383075903131975926 -1.520370113987889571 -2.5342357884097457266 2.6792708172110031416e-007 
2.6249999999998219202 0.2737418992820877528 -1.5177778147362570582 -2.5342358646473801542 3.5885422240843666971e-007 
2.6499999999998191669 0.27377932265986199001 -1.5196322623218843084 -2.534235970956496331 3.3355523861489574736e-007 
2.6749999999998164135 0.27382970512909338145 -1.5210763165919614082 -2.5342360378041983715 1.7376768706623064513e-007 
2.6999999999998136602 0.2736808931031459724 -1.5192937394617338498 -2.5342360884878378791 1.8742335493958208037e-007 
2.7249999999998109068 0.2736311516577878411 -1.519690052554015347 -2.5342361412360738804 2.0581165160836073634e-007 
2.7499999999998081535 0.27369334588229760064 -1.5211779022435953923 -2.5342361944496616388 1.5199745320428071921e-007 
2.7749999999998054001 0.27370155522016581529 -1.521184096578561018 -2.5342362318872302396 1.2821689805708254607e-007 
2.7999999999998026468 0.27376242061519590054 -1.5208286799432881864 -2.5342362660068475932 1.123253639045071518e-007 
2.8249999999997998934 0.2738246947375228002 -1.5200378564821459548 -2.5342362932848270241 9.7531342376290427732e-008 
2.84999999999979714 0.2738200640562664101 -1.5190922242280873178 -2.534236324069953028 1.0392649563018736037e-007 
2.8749999999997943867 0.27378662817477722458 -1.5189181149354751277 -2.5342363466645680958 6.6049722726182690148e-008 
2.8999999999997916333 0.2736934435719774461 -1.5196807403461667363 -2.5342363634851654552 5.9095203921710041321e-008 
2.92499999999978888 0.27365096403206068398 -1.521027048663378789 -2.5342363815264770111 6.7133450312296125127e-008 
2.9499999999997861266 0.27371093576972965744 -1.5216458436801842957 -2.5342363990991554346 5.4747541176656911113e-008 
2.9749999999997833733 0.27373715068258103189 -1.5207544749809482898 -2.5342364103528645103 3.1914686068764951111e-008 
2.9999999999997806199 0.27375325805238653887 -1.5197973308227084033 -2.5342364211720749267 4.3291990618437500287e-008 
3.0249999999997778666 0.27379109888661667949 -1.5195785832052224329 -2.5342364318605383744 3.3340245960569853741e-008 
3.0499999999997751132 0.2737764622350629673 -1.519396410086983451 -2.5342364407446824615 3.0379643194073353624e-008 
3.0749999999997723599 0.27374680216461311222 -1.519773968314336976 -2.5342364477210046481 2.070499613829730715e-008 
3.0999999999997696065 0.27372941322508365092 -1.5205722223647319957 -2.5342364543923681097 2.4960789759591247832e-008 
3.1249999999997668532 0.27370458454906859691 -1.520764869378974371 -2.5342364598736240033 1.7463335618356633379e-008 
3.1499999999997640998 0.27370916033881964591 -1.520665063165469455 -2.5342364650827988726 1.7084136072157919183e-008 
3.1749999999997613465 0.27373768446359808548 -1.5202897202631890927 -2.534236469257933333 1.4398163654930669121e-008 
3.1999999999997585931 0.27376263794201666224 -1.5198600613234058976 -2.5342364730573239129 1.2256411126238782187e-008 
3.2249999999997558398 0.27377700523688697221 -1.5198598349181409173 -2.5342364759573468014 9.2088301220918488317e-009 
3.2499999999997530864 0.27375982957564382048 -1.5198318421864422945 -2.5342364789787152901 1.204840762872140227e-008 
3.274999999999750333 0.27373201845889139072 -1.5200595991835368359 -2.5342364818656863967 7.8482648402436638326e-009 
3.2999999999997475797 0.27372055754293561636 -1.520509999539426893 -2.5342364834348951597 5.0427381891330736717e-009 
3.3249999999997448263 0.27371893138032282744 -1.520474767603335664 -2.5342364852178884682 6.7759100027356864873e-009 
3.349999999999742073 0.27373510620731217324 -1.5203389273712115681 -2.5342364871820839411 7.3835816211879608486e-009 
3.3749999999997393196 0.27375431132207395102 -1.5202439077057594563 -2.5342364886530974744 3.1560542886007672877e-009 
3.3999999999997365663 0.27375258987173628489 -1.5200137409499014929 -2.5342364896190616719 3.9139437453724586107e-009 
3.4249999999997338129 0.27374789892697243276 -1.5199248386387711474 -2.5342364906296159788 3.4000707820154884138e-009 
3.4499999999997310596 0.27374746284266238128 -1.5199984051639972016 -2.5342364916654398499 4.0243847487272200638e-009 
3.4749999999997283062 0.27374145250199005686 -1.5202067970409753883 -2.5342364925975635614 2.4008342786856004013e-009 
3.4999999999997255529 0.27373338264603941372 -1.5203869265926011067 -2.5342364932007233058 1.9473822520708742126e-009 
3.5249999999997227995 0.27372939436674764702 -1.5203295393325235718 -2.534236493665866341 1.8393624231686038148e-009 
3.5499999999997200462 0.27373683126561959567 -1.5202463030286339496 -2.5342364942826054452 2.3067058710097333724e-009 
3.5749999999997172928 0.27374784835427412588 -1.520188704111730571 -2.5342364948673674618 1.6146835212631192881e-009 
3.5999999999997145395 0.27374794162964138922 -1.5200489182026386548 -2.5342364951756821689 9.3978172668255233361e-010 
3.6249999999997117861 0.27374488510572181355 -1.5200284438857263325 -2.5342364954490284035 1.0102042294723889574e-009 
3.6499999999997090327 0.27374266035448346912 -1.5201911286912781485 -2.5342364957965513028 1.4379985863521795341e-009 
3.6749999999997062794 0.27373834173124245162 -1.5202648096701167901 -2.5342364961394894252 8.4583782655410205093e-010 
3.699999999999703526 0.27373826532676798218 -1.5202072959916224093 -2.5342364963079258011 5.9464882943356622589e-010 
3.7249999999997007727 0.27373952736901452365 -1.5201829926580483487 -2.5342364964799619642 5.315144140107424237e-010 
3.7499999999996980193 0.27374057848225308298 -1.520200685732783441 -2.5342364966605330778 8.3408975791357776061e-010 
3.774999999999695266 0.27374484104910151716 -1.5202280863888273377 -2.5342364968565269656 4.7594128341302333602e-010 
3.7999999999996925126 0.27374391436110756537 -1.5201908878701637651 -2.5342364969703936595 3.8678250300636555384e-010 
3.8249999999996897593 0.27373970002920355871 -1.5201078232148916847 -2.5342364970601258811 2.6321211596390951047e-010 
3.8499999999996870059 0.27374100877715562552 -1.5201253343190024303 -2.5342364971569839582 4.6796479207928177771e-010 
3.8749999999996842526 0.27374207249485910109 -1.5201790357571289825 -2.5342364972736350914 2.9286562148632519384e-010 
3.8999999999996814992 0.27374074631121719792 -1.5202148038100911087 -2.5342364973416842133 2.2342358827919368957e-010 
3.9249999999996787459 0.27373986317769999355 -1.5202454182754816525 -2.5342364973896787106 1.4864207126325873756e-010 
3.9499999999996759925 0.27373970635452660183 -1.520200660985682406 -2.5342364974487563423 2.6139238396572426688e-010 
3.9749999999996732392 0.273742991607057784 -1.520164741078751991 -2.5342364975114843872 1.6724594700433534137e-010 
3.9999999999996704858 0.27374480236373510689 -1.520167611592996959 -2.5342364975496991519 1.2482513756421883688e-010 
4.0249999999996788347 0.27374175211924339779 -1.5201426012651397812 -2.5342364975808138183 1.0412151459930652549e-010 
4.0499999999996871836 0.27374082704480717787 -1.5201631120237220074 -2.5342364976152298439 1.3110054153794927334e-010 
4.0749999999996955324 0.27374080237256698256 -1.5202061693823294419 -2.5342364976469413662 9.9563040925552821554e-011 
4.0999999999997038813 0.27373917431974092995 -1.5202020789185999305 -2.5342364976703839474 7.1856456134553393175e-011 
4.1249999999997122302 0.27374036104214316545 -1.5201927746264622954 -2.5342364976905833451 6.5855047281705840765e-011 
4.1499999999997205791 0.27374214279441339004 -1.5201888366857350121 -2.5342364977073703614 6.580984699064926502e-011 
4.1749999999997289279 0.27374244987298734788 -1.5201868561851550332 -2.5342364977261166992 6.0021795061724410083e-011 
4.1999999999997372768 0.27374293817846429011 -1.520177773888478967 -2.5342364977409768123 4.7448511927218842158e-011 
4.2249999999997456257 0.27374175327974431537 -1.5201544062201275409 -2.5342364977514693081 2.7429731670367782357e-011 
4.2499999999997539746 0.27374066310196565333 -1.5201613666880704479 -2.534236497760145479 4.3725539415251941408e-011 
4.2749999999997623235 0.27374151332913554402 -1.520192745460627215 -2.534236497772765162 3.5051561057401688798e-011 
4.2999999999997706723 0.27374111312585486244 -1.5202003995714672424 -2.5342364977805051929 2.3409341055975080078e-011 
4.3249999999997790212 0.2737403697363226529 -1.5201967594903966763 -2.5342364977854532349 1.7580741030148600995e-011 
4.3499999999997873701 0.27374098508547567432 -1.5201954345945243308 -2.5342364977920905922 2.614971512165003907e-011 
4.374999999999795719 0.27374153116737909297 -1.5201769791662864684 -2.534236497798605825 1.9087254526439313315e-011 
4.3999999999998040678 0.27374228353939361602 -1.5201624664609547644 -2.5342364978026141742 1.1703197394647604827e-011 
4.4249999999998124167 0.27374243806188441885 -1.5201720478272271464 -2.5342364978059328529 1.2805354568704926098e-011 
4.4499999999998207656 0.27374143572449927131 -1.5201809334002009955 -2.5342364978097138284 1.3235940789707577734e-011 
4.4749999999998291145 0.27374120509002319857 -1.5201859943479163473 -2.5342364978133367082 1.201324681045802116e-011 
4.4999999999998374633 0.27374103810100230971 -1.5201908183936496677 -2.5342364978156171063 5.935786924565950238e-012 
4.5249999999998458122 0.27374053204663467698 -1.5201893268979476126 -2.534236497817622169 7.1330007262534896425e-012 
4.5499999999998541611 0.27374124077329259341 -1.5201877015249340985 -2.5342364978195464076 8.2000677276059413551e-012 
4.57499999999986251 0.27374187420810580651 -1.5201798277023339523 -2.5342364978218814286 6.8287310911578608728e-012 
4.5999999999998708589 0.27374167507167629365 -1.5201739100141598016 -2.534236497823142642 3.143650349200582888e-012 
4.6249999999998792077 0.27374181074218545406 -1.5201799622364979836 -2.5342364978241649354 4.0249226539058241629e-012 
4.6499999999998875566 0.27374175288090962788 -1.5201805363812717076 -2.53423649782533289 4.8818291129598412365e-012 
4.6749999999998959055 0.27374131564014503315 -1.5201813905739887112 -2.5342364978266829212 3.8239292425289307745e-012 
4.6999999999999042544 0.27374108081001902182 -1.5201873822287343963 -2.5342364978274170007 1.880863743837660612e-012 
4.7249999999999126032 0.27374092572543873292 -1.5201850713641520407 -2.5342364978279516841 2.2130978511815732837e-012 
4.7499999999999209521 0.27374118370740058159 -1.5201827573547572747 -2.5342364978286564536 2.7947488584337991531e-012 
4.774999999999929301 0.27374166128598415026 -1.520183687050590482 -2.5342364978294273925 2.2379904238108443455e-012 
4.7999999999999376499 0.27374171561397270258 -1.5201813934071548573 -2.5342364978298235201 1.0525686434273713407e-012 
4.8249999999999459988 0.27374168812359495062 -1.5201799775422930594 -2.5342364978301632483 1.3114566540983015168e-012 
4.8499999999999543476 0.27374159053820540377 -1.5201805018115008838 -2.5342364978305438328 1.4502140273932451927e-012 
4.8749999999999626965 0.27374130628018517042 -1.5201824639079628554 -2.5342364978309683821 1.4460171851531881571e-012 
4.8999999999999710454 0.27374126190049458129 -1.5201841034723824198 -2.5342364978312463819 6.1054650694083451081e-013 
4.9249999999999793943 0.27374125864530240992 -1.5201827033589028204 -2.5342364978314066981 5.8588998324961192286e-013 
4.9499999999999877431 0.27374118743671843612 -1.5201823624203405494 -2.5342364978316043178 9.3305380276584995347e-013 
4.974999999999996092 0.27374139937589514471 -1.5201838982793693944 -2.5342364978318903113 8.764012214960681577e-013 
