0.025000000000000015266 0.59694862008980709156 0.00049347691639792592988 -2.244506428673736842 0.041028740871028736292 
0.05000000000000003747 0.57197919406916042373 0.017342859456622686243 -2.2525146156097437533 0.05970651634718194406 
0.075000000000000052736 0.42875237803962201744 -0.00868684781567097275 -2.2737254022551156574 0.096598860019301902025 
0.10000000000000007494 0.38975520039758276836 -0.054314910363756574441 -2.3094811877932692745 0.11152984534717777509 
0.12500000000000008327 0.22334626899624032692 -0.40822992052161211074 -2.3327896140311241702 0.05891634252256923443 
0.15000000000000010547 0.21981184292698321969 -2.059823136096080809 -2.3477752817143682229 0.05470664392519453828 
0.17500000000000012768 0.30156762273248399753 -2.6457443156540141338 -2.3633573912792935623 0.05570698239916596628 
0.20000000000000014988 0.2330157669231627815 -1.5620479738904962108 -2.3773061520798068891 0.031729242634953365443 
0.22500000000000017208 0.21415504942285251699 -2.0506349724938721657 -2.3859085155935888523 0.038975724903542292854 
0.25000000000000016653 0.26184155743567438801 -1.5953722745170877406 -2.4001490803673259933 0.055899279785218317085 
0.27500000000000018874 0.30464403574662130003 -0.029869892142917464639 -2.415098903822347598 0.050982841938082543165 
0.30000000000000021094 0.36726546445047170142 0.18104208269147015198 -2.4284341530975095402 0.032078952037799798869 
0.32500000000000023315 0.34409280173161260752 0.60956440384771481966 -2.436886542448282178 0.031852108692087127695 
0.35000000000000025535 0.32387812035476987171 -0.18110341739215418677 -2.4462837473762109042 0.037266916832597071774 
0.37500000000000027756 0.2781081786400770306 -1.7804511108529059715 -2.4548619626902272728 0.01929675971835398407 
0.40000000000000029976 0.22502058842494523927 -1.8621582785295816009 -2.4592468883278986169 0.014673269039517690404 
0.42500000000000032196 0.29137936463376162832 -1.6996113089764486315 -2.4650252842261379804 0.019357590247795188054 
0.45000000000000034417 0.32474693560368306233 -0.90749342041889935473 -2.4694402975639828668 0.01919647334161203589 
0.47500000000000036637 0.32450023431243268934 -0.44998648064224894272 -2.4754478302262659106 0.018071892538892860014 
0.50000000000000033307 0.35727404719181848902 -1.0111960026684028158 -2.4796741018315344718 0.012273116445009328579 
0.52500000000000035527 0.34061993571363280431 -0.9346015176567117333 -2.4830240385362309929 0.010638121335130890435 
0.55000000000000037748 0.33086712419497721349 -1.0821990021117451342 -2.4862222330761398759 0.013034243926980789915 
0.57500000000000039968 0.33130105635411716269 -1.389872874788142143 -2.4892575765438618163 0.007917706275505094482 
0.60000000000000042188 0.30053559850624245176 -1.2930862360592669802 -2.4920757633152152977 0.011036368891476043552 
0.62500000000000044409 0.29495822509553398794 -1.5008908732868513347 -2.4955522854708505065 0.015558151680480731757 
0.65000000000000046629 0.27486878294722327798 -1.4972087352489964474 -2.5015223535105204355 0.024432532651785025118 
0.6750000000000004885 0.23319870174492615678 -1.4982206880574662211 -2.5073731802885870223 0.014530320511237088468 
0.7000000000000005107 0.26487566365029174831 -2.0659054571330193184 -2.5107415249252009737 0.0086941890896388429599 
0.72500000000000053291 0.27799544889491101252 -2.1485848229623476513 -2.5124675635559339248 0.0061235372450923449342 
0.75000000000000055511 0.24842791096917740679 -1.8581251478146327827 -2.51446035916432864 0.0072046208730060512515 
0.77500000000000057732 0.26021976169214255936 -1.8451197415694635673 -2.5168092141758529046 0.0086608838477749000573 
0.80000000000000059952 0.26937565200637031415 -1.5620549870429329964 -2.5196715437971728413 0.010921447259430778001 
0.82500000000000062172 0.28384688324327911335 -1.3475857009339988757 -2.5221362331841481463 0.0058545970536912949125 
0.85000000000000064393 0.29107427689736742327 -1.3817219033334826594 -2.5232984498106554305 0.0034106354141776799686 
0.87500000000000066613 0.26058307700474386825 -1.3555100736111960202 -2.5245743795345565452 0.0048531026700513405642 
0.90000000000000068834 0.25637262685817996388 -1.5591964697623614811 -2.525987336153704188 0.0053024705422226722437 
0.92500000000000071054 0.27764464246519693358 -1.7853916986776892095 -2.527285943014236036 0.0034585895703851837236 
0.95000000000000073275 0.27269801046455960369 -1.6226390032998521118 -2.5281687247886304171 0.0025464141493292905688 
0.97500000000000075495 0.27147129074532361237 -1.5043419898491712239 -2.5287558228936646287 0.002055630663487192835 
1.0000000000000006661 0.27516269344517035877 -1.4662215428425824371 -2.5294741223767727156 0.0028724620939771048495 
1.0249999999999979128 0.27032820530459500397 -1.4382612541512529436 -2.5302771037905964491 0.0025145351893958839927 
1.0499999999999951594 0.2757303564832144227 -1.6091392317393760081 -2.530857719967336994 0.001401953653236747083 
1.0749999999999924061 0.27209541525948216512 -1.5670256143004228644 -2.5311681685767943861 0.0010921833522519867367 
1.0999999999999896527 0.26716142270475279341 -1.4289621063940542989 -2.5315193987491264593 0.0014044530917184272923 
1.1249999999999868994 0.27715804631154339344 -1.5534752267674267756 -2.5320016735072718994 0.0016358398760053227943 
1.149999999999984146 0.27521299497504270182 -1.5578197061693801473 -2.5323293302058202947 0.00079912077604283877474 
1.1749999999999813927 0.27032950221088519749 -1.4771875121097717276 -2.5325216540013042454 0.00053540698213167827423 
1.1999999999999786393 0.27610958316387723688 -1.5166438907932122682 -2.5326947903736756196 0.00085048437150655206793 
1.224999999999975886 0.27327572666443322724 -1.4988197523482904572 -2.5329869508910096698 0.0008968043535388594981 
1.2499999999999731326 0.27046596389659655069 -1.534205317333461327 -2.5331585117418109476 0.0004291980645238635669 
1.2749999999999703792 0.2731848417662357531 -1.5568894539469404492 -2.5332659983169323326 0.00034542828014728519867 
1.2999999999999676259 0.2725533119203543686 -1.5093494847818109683 -2.5333796646518442763 0.00045706315487664629562 
1.3249999999999648725 0.27473226392663951945 -1.5516539035474654629 -2.5335196095980077047 0.00046287642081121994041 
1.3499999999999621192 0.27577369260948003671 -1.5288681984294210103 -2.533626449254553048 0.00030052515476564501534 
1.3749999999999593658 0.27321637522626851524 -1.4646954849404199006 -2.5336969548957122278 0.00019672049435171939111 
1.3999999999999566125 0.27436515310126752265 -1.5204499553133543621 -2.5337538427479455727 0.00022451066622296430523 
1.4249999999999538591 0.27301792266752389349 -1.5505789514503089954 -2.533831129141411509 0.00027941745050794037199 
1.4499999999999511058 0.27101814405046181777 -1.5190007315062101778 -2.5338926968913080273 0.00016912992418689702765 
1.4749999999999483524 0.27366015733637999441 -1.5150742761360673772 -2.5339339314969655526 9.7789526066636523003e-005 
1.4999999999999455991 0.2737872866571885444 -1.5129641650484999538 -2.5339628772553273173 0.00013868673930463750843 
1.5249999999999428457 0.27381535495134839975 -1.517711497357138839 -2.5340095764802552658 0.0001618814479089989572 
1.5499999999999400924 0.27586114003344575085 -1.5356658866699364197 -2.5340428971029966831 7.4954348798694843295e-005 
1.574999999999937339 0.27406805264927841526 -1.5348345144304187393 -2.5340639972424212623 7.0369764101893943491e-005 
1.5999999999999345857 0.27253368413141060289 -1.5324232868637883698 -2.5340838598973243201 8.0187880501613660557e-005 
1.6249999999999318323 0.27340426707514725591 -1.5121605271182034791 -2.5341094492825120277 8.7688736445452463309e-005 
1.649999999999929079 0.27338585615681776364 -1.4818533376527436296 -2.5341271279815340556 3.4734669201830834352e-005 
1.6749999999999263256 0.27365189999920158659 -1.5111791456875971473 -2.5341384098989401252 4.6686181845105345937e-005 
1.6999999999999235722 0.27346905135553367661 -1.5393942500316184496 -2.5341505351116464517 4.6613500263541863882e-005 
1.7249999999999208189 0.27338333029268918617 -1.5221322143987343622 -2.5341658477015025497 4.5133422560463409433e-005 
1.7499999999999180655 0.27461700420379303589 -1.5314091049920555143 -2.5341743209773537338 2.1831633903949790077e-005 
1.7749999999999153122 0.27412434153755099731 -1.5353811021127228287 -2.5341810713286783141 2.5071827978477895016e-005 
1.7999999999999125588 0.27340496124780572229 -1.5149871898133997483 -2.5341882758424634225 2.81832846366482976e-005 
1.8249999999999098055 0.274044550538508902 -1.5148784910845913831 -2.5341968252355777658 2.3922077693920120372e-005 
1.8499999999999070521 0.27343306047438259432 -1.512079498620678919 -2.53420153572877771 1.2755242696107428504e-005 
1.8749999999999042988 0.27315239587656631182 -1.5111551598702364085 -2.5342049460799360716 1.3693113825788039527e-005 
1.8999999999999015454 0.2739065871265048413 -1.518262314794549761 -2.5342096143476968706 1.6110083214918283261e-005 
1.9249999999998987921 0.27369546602890337805 -1.5201273472604865944 -2.5342140510776380857 1.4117567914260681608e-005 
1.9499999999998960387 0.2737785992307268379 -1.5331961808127470004 -2.5342167583815573551 5.9537706971829925439e-006 
1.9749999999998932854 0.27407204524622930109 -1.5305194743538397262 -2.5342188232096400924 9.0210264691339073223e-006 
1.999999999999890532 0.2737613045216381602 -1.5131186673715997237 -2.5342213470477235049 8.039764606128549341e-006 
2.0249999999998880007 0.27387907010207163117 -1.5189606533610260364 -2.5342237626699959385 8.1069665951883332258e-006 
2.0499999999998852473 0.27367158439873850995 -1.521169054630151285 -2.5342253885835495097 4.2229493590194638143e-006 
2.074999999999882494 0.27325137401724147734 -1.5120776444171162289 -2.5342267048172093524 4.2827630613169195373e-006 
2.0999999999998797406 0.27362780881511028497 -1.5172539020794602038 -2.5342278612165816121 4.507027194935956555e-006 
2.1249999999998769873 0.27384579337750730721 -1.5240709964568315282 -2.5342292370964751846 4.5506788005667477042e-006 
2.1499999999998742339 0.27398578846778853801 -1.5235678384624564696 -2.5342303260883816129 3.0325642588755717429e-006 
2.1749999999998714806 0.27408587718051047322 -1.5219131656596118773 -2.5342310117983215534 1.8956638132563695928e-006 
2.1999999999998687272 0.27350942475657047392 -1.5192716498104932299 -2.5342315997441682285 2.3264858670955780981e-006 
2.2249999999998659739 0.27350982143939289726 -1.5198755736297195895 -2.5342323741254699776 3.08940771653944908e-006 
2.2499999999998632205 0.2739880765365259041 -1.5211510242457275677 -2.5342330736236728939 1.3732616045506848103e-006 
2.2749999999998604672 0.2736923229782110556 -1.5184397605479129645 -2.5342333832348216127 1.1831665543982547412e-006 
2.2999999999998577138 0.27349966722351587434 -1.5190425903679618536 -2.5342337469542224326 1.3035318192031182963e-006 
2.3249999999998549605 0.27371283303039839474 -1.5205999081433962949 -2.5342341784102160318 1.6834804280904667202e-006 
2.3499999999998522071 0.27377373402931742818 -1.5187322081707090859 -2.5342345502056464746 7.8159753145205163849e-007 
2.3749999999998494538 0.27389689474031586602 -1.5213360994755755762 -2.5342347571184067334 7.5815787844559352642e-007 
2.3999999999998467004 0.27383716970324395446 -1.5229133676821886567 -2.5342349561495054466 6.9436065610702820054e-007 
2.4249999999998439471 0.27370621553295954032 -1.5196277705114591416 -2.5342351789527941541 8.2839225387956519495e-007 
2.4499999999998411937 0.27383379473836549911 -1.5202276671064369751 -2.5342353989388630708 5.8988630197336613674e-007 
2.4749999999998384403 0.27369158297376489086 -1.5194749061821499758 -2.5342355264327056652 4.0822511494149629251e-007 
2.499999999999835687 0.27352312796496014435 -1.517236739298099657 -2.5342356287514449242 3.1454713192915156351e-007 
2.5249999999998329336 0.27371222452925891844 -1.5204083630757052603 -2.5342357499704486479 5.1928191522904627203e-007 
2.5499999999998301803 0.27377047903677081964 -1.5224549666602431586 -2.5342358812548475555 3.1853308664939454307e-007 
2.5749999999998274269 0.27377694532616614342 -1.5217408956867308767 -2.5342359488544587975 2.4608209056343133637e-007 
2.5999999999998246736 0.27384082196191872338 -1.5202776125004278107 -2.5342360110393014061 1.5936176001521622971e-007 
2.6249999999998219202 0.27375333568874810064 -1.5183316161364004415 -2.5342360768289267092 2.9770530824911885854e-007 
2.6499999999998191669 0.27376757291883280221 -1.5197266023331412743 -2.5342361484564532859 1.8620915395243377905e-007 
2.6749999999998164135 0.27378424023128394849 -1.5206026384492581371 -2.5342361889399844799 1.165550378611367893e-007 
2.6999999999998136602 0.27364365408663537949 -1.519193734734534118 -2.5342362233292430318 1.2010123291991906604e-007 
2.7249999999998109068 0.27367143974771696024 -1.5203038912923498849 -2.5342362631944528317 1.5521934296422297797e-007 
2.7499999999998081535 0.27374497857673246726 -1.5213462442837040189 -2.5342362991519480353 9.3351955703739347888e-008 
2.7749999999998054001 0.27370908474963312473 -1.5207310821350099594 -2.5342363231558362457 7.73283457480514664e-008 
2.7999999999998026468 0.27376634206005651118 -1.5206567037970906142 -2.5342363445706426184 6.826838407746872303e-008 
2.8249999999997998934 0.27381789247652454922 -1.5198849085666674696 -2.5342363651679256087 8.5898385403081922491e-008 
2.84999999999979714 0.27379341043351973495 -1.5189553969471245587 -2.5342363862835433075 4.8259080821162014559e-008 
2.8749999999997943867 0.27376068229480504668 -1.5193880523254517101 -2.5342363989241811773 4.6141958517965355918e-008 
2.8999999999997916333 0.27367729460428186217 -1.520145967609797033 -2.534236411406741496 4.1854523954760268449e-008 
2.92499999999978888 0.27366795648390268569 -1.5209669647466990128 -2.5342364239180619201 4.511256202933349315e-008 
2.9499999999997861266 0.27374154240621340062 -1.5213524251563823597 -2.534236434586659481 2.5992559522177536182e-008 
2.9749999999997833733 0.27374495455426828272 -1.5203923854330883003 -2.534236441591502409 2.7003435233215642728e-008 
2.9999999999997806199 0.27376082161611287047 -1.5196353503267614471 -2.5342364497974130266 2.7630209766459491072e-008 
3.0249999999997778666 0.27379332595859307009 -1.5196917575435351377 -2.5342364562288923757 1.9118446494782476814e-008 
3.0499999999997751132 0.27375447376557787704 -1.5196249758384006157 -2.5342364618429442658 1.761395395741870413e-008 
3.0749999999997723599 0.2737310528750064309 -1.5200821179511694314 -2.5342364662734913061 1.6458042911765558601e-008 
3.0999999999997696065 0.27372424201935818822 -1.520652003379207251 -2.5342364709486884244 1.2915437149840246338e-008 
3.1249999999997668532 0.27370361522918423836 -1.5205719679014861878 -2.534236474148428897 1.2473618613491870576e-008 
3.1499999999997640998 0.27372787515563296035 -1.5205119763241883302 -2.5342364776989669828 9.4773813251599442742e-009 
3.1749999999997613465 0.27375635503262685244 -1.5201167798611623372 -2.5342364801493384441 9.6333801973398977259e-009 
3.1999999999997585931 0.27376179223664626194 -1.5197419716592499572 -2.5342364825370036208 6.2468217757303395697e-009 
3.2249999999997558398 0.27376717811449918782 -1.5200200088711008917 -2.5342364844791864797 7.6055829409865046764e-009 
3.2499999999997530864 0.27374553788846184288 -1.5200598429902760778 -2.5342364865494615422 6.2508071244807408451e-009 
3.274999999999750333 0.27372449599000064913 -1.5201632072370165893 -2.5342364879782688369 4.0823785004143129079e-009 
3.2999999999997475797 0.27372747333183139462 -1.5205020087800986683 -2.534236489066904241 3.9243111630112367288e-009 
3.3249999999997448263 0.27372817689526246498 -1.5203529670704769572 -2.5342364903241514362 4.4140652094463041187e-009 
3.349999999999742073 0.27374196165538883241 -1.520204258527892982 -2.5342364915499220324 3.7798599506950349929e-009 
3.3749999999997393196 0.27375428731876794153 -1.5201747070453572874 -2.5342364922323694643 1.7646069821458621829e-009 
3.3999999999997365663 0.27374444052446150755 -1.5200073603630750441 -2.5342364929253604622 2.5241061088789768377e-009 
3.4249999999997338129 0.27374606610252283367 -1.5200264392561548821 -2.5342364935904031498 2.4448683669434076115e-009 
3.4499999999997310596 0.2737491453482358561 -1.5201314047491889525 -2.5342364942671022909 1.9749599300839810322e-009 
3.4749999999997283062 0.27373643083270809973 -1.5202403476987975672 -2.5342364947107860473 1.3463478379993666009e-009 
3.4999999999997255529 0.27373226370043524103 -1.5203453325951139519 -2.5342364950841660409 1.0557550581214910259e-009 
3.5249999999997227995 0.27373583813702462297 -1.5202517995869164746 -2.5342364954055938142 1.4995177066550103762e-009 
3.5499999999997200462 0.27374175362083952301 -1.5201773517927668067 -2.5342364958279133269 1.1953931498041115498e-009 
3.5749999999997172928 0.27374835893696525257 -1.5201864643025648771 -2.534236496098962288 6.7721831272218758226e-010 
3.5999999999997145395 0.27374387017725843041 -1.5200752968941604326 -2.5342364962744352574 6.49469216546327663e-010 
3.6249999999997117861 0.27374044582341350296 -1.5200741699354445302 -2.534236496460302579 7.3701792982257739592e-010 
3.6499999999997090327 0.27374271746106842995 -1.5202434277663767759 -2.5342364967029102907 7.7714274259747902902e-010 
3.6749999999997062794 0.2737396799797411906 -1.5202461257313495402 -2.5342364968607595799 3.5979256340267071316e-010 
3.699999999999703526 0.2737393087899419597 -1.5201640361514856536 -2.5342364969573321076 3.6715126284203526249e-010 
3.7249999999997007727 0.27374114082499284573 -1.5201881632707547887 -2.5342364970585027351 3.7478297665755139138e-010 
3.7499999999996980193 0.27374077606766655801 -1.5202078337118747342 -2.5342364971926838457 4.6176981241451325252e-010 
3.774999999999695266 0.27374412787893620536 -1.520208094459284176 -2.5342364972863364869 2.2988052197945938918e-010 
3.7999999999996925126 0.27374334235541214477 -1.5201738575278627152 -2.5342364973426505514 1.7872768230103892204e-010 
3.8249999999996897593 0.27373893586505054776 -1.5201242969053176957 -2.5342364973966198249 2.0998013135027977586e-010 
3.8499999999996870059 0.27374108847529821098 -1.5201609561708619989 -2.5342364974713271764 2.7029612651245021497e-010 
3.8749999999996842526 0.27374224592174389858 -1.520185055985339595 -2.534236497523480125 1.1813283687866975481e-010 
3.8999999999996814992 0.27374041558688827491 -1.5201966941494329255 -2.534236497558555623 1.1651177826329781768e-010 
3.9249999999996787459 0.27374096856808061151 -1.5202347241148910229 -2.5342364975876447986 1.0966156348342640274e-010 
3.9499999999996759925 0.27374119396812529592 -1.5201919938369337082 -2.53423649762944736 1.4962257889726384987e-010 
3.9749999999996732392 0.27374230804142202222 -1.5201598080329561391 -2.5342364976572531177 6.679472636470306348e-011 
3.9999999999996704858 0.27374302753723883663 -1.5201754820809161295 -2.5342364976785800579 6.9541564477827715864e-011 
4.0249999999996788347 0.27374100100107884304 -1.5201520249531068618 -2.534236497696616297 6.8024276337410669467e-011 
4.0499999999996871836 0.2737412660515892715 -1.5201696974527705297 -2.5342364977171558671 6.5440035095817380534e-011 
4.0749999999996955324 0.27374143768624070727 -1.5202102609369465558 -2.5342364977335072318 5.3500653161371982164e-011 
4.0999999999997038813 0.27373958259096747847 -1.5201966160894087032 -2.5342364977468578857 3.656351378599884383e-011 
4.1249999999997122302 0.27374093904564922308 -1.5201843244420161216 -2.5342364977565603468 3.3564624424857086519e-011 
4.1499999999997205791 0.27374251012109679371 -1.5201851444273930536 -2.5342364977669000758 4.0340436145441253672e-011 
4.1749999999997289279 0.27374194319906186568 -1.5201830685141421995 -2.5342364977773237378 2.8316049313118476543e-011 
4.1999999999997372768 0.27374212538409037343 -1.520176580830631341 -2.5342364977847675611 2.349400106981414753e-011 
4.2249999999997456257 0.27374144555016405311 -1.5201613310330723827 -2.534236497789660536 1.4869762055285528427e-011 
4.2499999999997539746 0.27374081746818812455 -1.5201725976803592832 -2.5342364977959235262 2.6686999823649843718e-011 
4.2749999999997623235 0.27374161243483324801 -1.5201981391199779203 -2.5342364978018152577 1.3469100311906333333e-011 
4.2999999999997706723 0.27374106793431890461 -1.5201940471411163891 -2.5342364978056992619 1.2751941059273758214e-011 
4.3249999999997790212 0.27374066886812303823 -1.5201886123228778303 -2.5342364978084797045 1.0937315341824910424e-011 
4.3499999999997873701 0.27374156881865852053 -1.5201912221106275158 -2.5342364978124631847 1.3168798414268019881e-011 
4.374999999999795719 0.27374174210632917781 -1.5201727060796672575 -2.5342364978154363619 8.0233233522182214321e-012 
4.3999999999998040678 0.27374193732614854335 -1.5201645333848412545 -2.5342364978174289902 6.7248538330376624683e-012 
4.4249999999998124167 0.27374187950425715732 -1.5201810726587061673 -2.534236497819374101 7.0974752631616688167e-012 
4.4499999999998207656 0.27374111876741502591 -1.5201861946698491668 -2.534236497821469758 6.7216430903531537258e-012 
4.4749999999998291145 0.27374126089772432557 -1.5201856875782815415 -2.5342364978231310957 4.7141665654231552403e-012 
4.4999999999998374633 0.27374124360593543592 -1.5201878391960457204 -2.5342364978242470919 4.0252426987685452285e-012 
4.5249999999998458122 0.27374083535269161382 -1.5201851068297433933 -2.5342364978253808516 3.299694757670907438e-012 
4.5499999999998541611 0.27374149251475343725 -1.5201844364741492477 -2.5342364978265097264 4.5665609526770598135e-012 
4.57499999999986251 0.27374180450030899392 -1.5201792931864355207 -2.5342364978275058185 2.3744017989586513906e-012 
4.5999999999998708589 0.27374152129288098489 -1.5201766604106956571 -2.5342364978281093357 2.0715078000279523511e-012 
4.6249999999998792077 0.27374175388990246161 -1.520182918532849925 -2.5342364978287199584 2.0468826822357650211e-012 
4.6499999999998875566 0.27374159871767156371 -1.5201813605783154326 -2.5342364978293838718 2.5759291573941556057e-012 
4.6749999999998959055 0.27374116488173305672 -1.5201817351133461997 -2.5342364978299531941 1.3416849407523289848e-012 
4.6999999999999042544 0.27374112464917688126 -1.5201867044400483309 -2.534236497830280932 1.0522120242340915134e-012 
4.7249999999999126032 0.27374112327245908594 -1.5201826716400090866 -2.5342364978306157752 1.2484211010736132616e-012 
4.7499999999999209521 0.27374141222857367728 -1.5201818022692925592 -2.5342364978309914747 1.4407821383346541854e-012 
4.774999999999929301 0.27374169085447097594 -1.5201846772692335641 -2.5342364978313343116 7.5514808039683516386e-013 
4.7999999999999376499 0.27374153552781732568 -1.5201817980126803853 -2.5342364978315052859 5.9178061378486542009e-013 
4.8249999999999459988 0.27374155567474284245 -1.5201803746083486502 -2.534236497831679813 6.589649887280444367e-013 
4.8499999999999543476 0.2737415531500346777 -1.5201813556648664516 -2.5342364978319049662 8.5273750632146088622e-013 
4.8749999999999626965 0.27374131685286573479 -1.5201821318311772302 -2.5342364978321003655 4.4651278344493251269e-013 
4.8999999999999710454 0.27374131140317953248 -1.5201832234588188442 -2.5342364978322002855 3.0618420173693415117e-013 
4.9249999999999793943 0.27374127928995112269 -1.5201826419923669675 -2.5342364978322851066 3.4747797516091383359e-013 
4.9499999999999877431 0.27374124216880540983 -1.5201828483057835406 -2.5342364978324147806 5.1154286120096151333e-013 
4.974999999999996092 0.27374150158030924329 -1.5201840371846220279 -2.5342364978325355729 2.57559209154988802e-013 
