0.025000000000000015266 0.59764654854128784756 0.00049828073135969527807 -2.2436552479242797276 0.041530488366366934139 
0.05000000000000003747 0.57222133729338009456 0.017528030014155482341 -2.2511115046508551885 0.061158971194781294733 
0.075000000000000052736 0.42658932380115038852 -0.009742268969147149793 -2.2710371818735191063 0.099458677041536616703 
0.10000000000000007494 0.38590972573128823342 -0.054673851641648729682 -2.3046306020100328915 0.1144515634900208495 
0.12500000000000008327 0.21699102394672259431 -0.40571291836861500535 -2.3265483874347019366 0.061301932384477321458 
0.15000000000000010547 0.21602250190039859468 -2.1129987483682413085 -2.3410957470879241171 0.059070121797365301997 
0.17500000000000012768 0.30135092387109208012 -2.7341178118583524537 -2.356377705062891792 0.05958142581313301267 
0.20000000000000014988 0.22769649537541938877 -1.6025904627653226875 -2.3701770369577750408 0.034968292065038333871 
0.22500000000000017208 0.20845340601363071542 -2.1535029556447087273 -2.3791013506031495339 0.045189929894451176529 
0.25000000000000016653 0.26683465390772376225 -1.7428786412575103526 -2.3941569518195304767 0.064568815020175945874 
0.27500000000000018874 0.31375960376296413434 -0.09498333645314294138 -2.4099433666624867634 0.056890182111934126108 
0.30000000000000021094 0.35802872228421617207 -3.0190851699271608055 -2.4216601923646412509 0.028309433768345479421 
0.32500000000000023315 0.31443071282575202341 0.67829332098027184106 -2.4306366766763591869 0.039845652182698074184 
0.35000000000000025535 0.3007908783388272278 -0.10594554439803538504 -2.4395167773439472292 0.030998919879339049271 
0.37500000000000027756 0.28062228113092246851 -1.5273143609521695474 -2.4468986659767426595 0.025352682856285061602 
0.40000000000000029976 0.2346249975406519972 -1.4471505042144698905 -2.4529241372496723983 0.019475648358117630954 
0.42500000000000032196 0.28092540502161550409 -1.2894020653810687183 -2.4582220127496450246 0.01862480331591735358 
0.45000000000000034417 0.31281396978000347575 -0.76581506768878382374 -2.4628937742101224551 0.022629921051645188884 
0.47500000000000036637 0.30345654791185444621 -0.33896252443206970062 -2.4688449839170636402 0.017768460620388972643 
0.50000000000000033307 0.32842235619595150364 -0.54379062469126027146 -2.4727150721410464662 0.016206998241239466141 
0.52500000000000035527 0.33778525663219588493 -0.57377651284750419425 -2.4769970123124593897 0.012189663709257808621 
0.55000000000000037748 0.35351998910267184995 -0.90045534450234354651 -2.4798798769561201105 0.012951128862379550702 
0.57500000000000039968 0.35700593520406503911 -1.1774130486152267761 -2.482938479656118691 0.010506064694924946434 
0.60000000000000042188 0.31553026147147239522 -1.1740516222500341215 -2.4864901710945717106 0.013822405674195176531 
0.62500000000000044409 0.30424795226116396751 -1.4572477175380345038 -2.4890738363406756939 0.0076409308281404414095 
0.65000000000000046629 0.30566136843310481863 -1.4103974731549588917 -2.4911595213811827954 0.0082006155011472500749 
0.6750000000000004885 0.30196632546060170332 -1.2308320869646844908 -2.4933368575174128523 0.0091600339463784805072 
0.7000000000000005107 0.32135091886798961003 -1.3538420024285198195 -2.4962014662983826874 0.012585602713495630187 
0.72500000000000053291 0.30899771289110533612 -1.3183494973241391968 -2.5010925617645067831 0.025795562120234680897 
0.75000000000000055511 0.25820819647964904364 -1.3915773013608419006 -2.5069861321281736721 0.015014979399051010464 
0.77500000000000057732 0.24908727670395988674 -1.8537452220623940047 -2.5100459508166217404 0.010042722949159522267 
0.80000000000000059952 0.25057548584563327232 -2.1677872378681772858 -2.5121537082309512989 0.0066727283962980952006 
0.82500000000000062172 0.24242200420407927774 -2.1069826053186004877 -2.5138769664870519449 0.0069496133786831016874 
0.85000000000000064393 0.25765555067606427109 -1.9578386077217713179 -2.5161257050388754486 0.010108179687321463755 
0.87500000000000066613 0.26337407532864548498 -1.5043722416400711062 -2.5190094277746863938 0.010213466258820006263 
0.90000000000000068834 0.2813561427691210759 -1.2848540866162401208 -2.5209780910575574353 0.0062856566437493044397 
0.92500000000000071054 0.29954950300428517806 -1.3360879942808121523 -2.522402318172378699 0.0042096534743809284687 
0.95000000000000073275 0.26953756909267473363 -1.3064407890381102284 -2.5237255415997501551 0.0058476811562662052435 
0.97500000000000075495 0.25655359321734338973 -1.5880716013741280612 -2.5251319791061921372 0.0049893728398088020917 
1.0000000000000006661 0.27236347192641918724 -1.8096779201200623444 -2.5262902019094970463 0.0036901974521182136224 
1.0249999999999979128 0.27320373000479930559 -1.5882197027596725025 -2.5271631667408822608 0.0030693532714869617428 
1.0499999999999951594 0.27447492668277739813 -1.5431205184946152897 -2.5279943489615095409 0.0032590953309812515683 
1.0749999999999924061 0.27156502884366306994 -1.4949955692804453022 -2.5288180916248239605 0.0032113344031734808622 
1.0999999999999896527 0.26379463365350697135 -1.3090857117961420819 -2.5295672459347371408 0.0020634131764613867881 
1.1249999999999868994 0.27350289868794047665 -1.445472736141267589 -2.5300271540980250329 0.0018904998886311809216 
1.149999999999984146 0.27525883713985216383 -1.6487997691840454717 -2.5305560451990216642 0.0019454889992800877049 
1.1749999999999813927 0.26853920615343801481 -1.6647485879355929939 -2.5310087651871295833 0.0016438582385793643753 
1.1999999999999786393 0.27368850904469332885 -1.6262501581356505476 -2.5314652711001985885 0.0016519610378502782178 
1.224999999999975886 0.2720983276827501629 -1.503718463108888459 -2.531795070806593273 0.0009286804794693476672 
1.2499999999999731326 0.27116270433826517028 -1.4102924324088950137 -2.5320314356406887768 0.0010003476750310472902 
1.2749999999999703792 0.28111557571365275443 -1.4114793274406962631 -2.5323183405427682757 0.0011158997280684677684 
1.2999999999999676259 0.27959698328318727256 -1.4400936045844878741 -2.5325931673616359774 0.00091173140241162750098 
1.3249999999999648725 0.27023585130029742496 -1.5830903741069171087 -2.5327908346139924589 0.00065847244401911531921 
1.3499999999999621192 0.26567065665015493492 -1.6458068357960962125 -2.5329426163968742358 0.00051430868865819524393 
1.3749999999999593658 0.26673628181522573977 -1.5391000671872703265 -2.5330940474683778518 0.00065388285257821923083 
1.3999999999999566125 0.27438510020917139531 -1.5464059839515207351 -2.53326200203227625 0.00056197080438284165421 
1.4249999999999538591 0.27817205107482939619 -1.5808204407352675069 -2.5333731519018973799 0.00034311134884679319679 
1.4499999999999511058 0.27542010279037126841 -1.4841922675940391052 -2.5334717002500966032 0.00039714612597008242369 
1.4749999999999483524 0.27539034162703440733 -1.442076210614157139 -2.5335699740954256143 0.00035789609929004907295 
1.4999999999999455991 0.27373938025885369285 -1.4709370488611850369 -2.5336616053994998055 0.00030264243586304362182 
1.5249999999999428457 0.27170363705921923847 -1.4931442885877679316 -2.5337179938665652656 0.0001914556749095852389 
1.5499999999999400924 0.27369985345236141905 -1.5370873154958881734 -2.5337827625714108848 0.0002621159102809141701 
1.574999999999937339 0.27241355493441837821 -1.5762245360932194416 -2.5338448930506354273 0.00021746006791951898933 
1.5999999999999345857 0.27129270805045690995 -1.5797774475288319795 -2.5338928369358217907 0.00015444284805060738198 
1.6249999999999318323 0.27477947452492595959 -1.5356061315471958295 -2.5339321440515512052 0.0001432634060995629675 
1.649999999999929079 0.27539196546200817028 -1.4856536707517236096 -2.5339677702088234668 0.00013441874172944853131 
1.6749999999999263256 0.27401247055907790307 -1.5129169529332551214 -2.5340041348167421376 0.00013236905227364398341 
1.6999999999999235722 0.27365011141662132221 -1.5264587039477375274 -2.5340330760553886336 0.00010130306117368030009 
1.7249999999999208189 0.27291396160066844212 -1.476527417916909668 -2.5340579926897937035 7.4267889761440726137e-005 
1.7499999999999180655 0.27312575090992469162 -1.4926352349895224414 -2.534076560543862211 8.0677228375824151991e-005 
1.7749999999999153122 0.27325575475123881075 -1.5405772654481042494 -2.534097234604490545 7.7812482461879129325e-005 
1.7999999999999125588 0.27360586620721888407 -1.5383659831853853106 -2.5341186949876775003 7.045651243347036258e-005 
1.8249999999999098055 0.27509612536968641727 -1.5460055216482782026 -2.5341295301320529987 2.6252706399276874152e-005 
1.8499999999999070521 0.27430364019295738753 -1.5453400155045446951 -2.5341409974722850507 5.9497567372865191641e-005 
1.8749999999999042988 0.27316004265443832866 -1.5100792201675505844 -2.5341550050574652708 4.7270517454535796603e-005 
1.8999999999999015454 0.27401853999849684618 -1.4944302819840165064 -2.5341669076549346862 3.6389380997627564685e-005 
1.9249999999998987921 0.27329891087486718471 -1.5028383300392684774 -2.5341734962165567424 2.0427530506538579965e-005 
1.9499999999998960387 0.27245357955161131347 -1.5182587644279950112 -2.5341792383188863624 2.6518526791847451136e-005 
1.9749999999998932854 0.27358843514632058547 -1.5230032482887287948 -2.5341882303332092796 3.6667212331258261352e-005 
1.999999999999890532 0.2741294862021110279 -1.5215664947177427457 -2.5341954633248908735 1.7681614697932263616e-005 
2.0249999999998880007 0.27416816429849555359 -1.5404144540078765768 -2.5341991176757057147 1.3629019555875129214e-005 
2.0499999999998852473 0.27418172581946820276 -1.5367611617572611848 -2.5342031162327063321 1.6964022409151010721e-005 
2.074999999999882494 0.27390709632170889831 -1.5049304159196981168 -2.5342076857879782814 1.639601110405861453e-005 
2.0999999999998797406 0.27412152100278830424 -1.5063090067812745509 -2.5342117726560653423 1.4606367174842612458e-005 
2.1249999999998769873 0.27366850767451028625 -1.519849815148323291 -2.5342146007434478427 7.993435944202091406e-006 
2.1499999999998742339 0.27283239561720512567 -1.5164058690695649823 -2.5342170430881716392 1.0205779295115220768e-005 
2.1749999999998714806 0.27319078188551010333 -1.5237133367069630729 -2.5342193797067795735 7.8547660797319584808e-006 
2.1999999999998687272 0.27362580765221233836 -1.5317256160785919228 -2.5342215634118061551 8.8226572140817770572e-006 
2.2249999999998659739 0.2740186022898462026 -1.5228628995982624872 -2.5342236077756443713 6.4206805805277299663e-006 
2.2499999999998632205 0.27448218805267310394 -1.5141856904934885009 -2.5342250717478163047 5.0943766144161523296e-006 
2.2749999999998604672 0.27387421454867122428 -1.5149135546049121714 -2.5342264223642976262 4.9205986542506890789e-006 
2.2999999999998577138 0.27348084090684998682 -1.521206572901878662 -2.5342275547921246925 4.4542573419976193245e-006 
2.3249999999998549605 0.27390625844230143127 -1.5220434552722672539 -2.5342288670975174902 4.7293879851994778695e-006 
2.3499999999998522071 0.27372877557399516446 -1.5171048069271242387 -2.534229821864439014 2.7243270354454756256e-006 
2.3749999999998494538 0.27341427917223809496 -1.5216977115669987342 -2.5342304369917729723 2.3867794925064967963e-006 
2.3999999999998467004 0.27347290730960244209 -1.5258629281045676951 -2.5342312407071054814 3.5811336808961469829e-006 
2.4249999999998439471 0.27361037385912490016 -1.5196070505664347472 -2.5342320031172733685 1.9695970692330636731e-006 
2.4499999999998411937 0.27402952784219331006 -1.5185798247584729737 -2.5342325007943449222 2.0278090346818901504e-006 
2.4749999999998384403 0.27411981893370290786 -1.5190809285725874744 -2.5342329454453551563 1.4656080828355790337e-006 
2.499999999999835687 0.27377809475423925401 -1.5157444579553511765 -2.5342333857070102887 1.8153457944684861963e-006 
2.5249999999998329336 0.27367565271150173789 -1.5204929831703646315 -2.5342338170432352484 1.368667785136059377e-006 
2.5499999999998301803 0.27352998633346975454 -1.5250977664092331132 -2.534234125686409822 1.1349604690726819919e-006 
2.5749999999998274269 0.27351740698028825793 -1.5215049349345046714 -2.5342344174182693806 1.0340747489003370078e-006 
2.5999999999998246736 0.27385760703233763547 -1.5186074589722147188 -2.5342346638656740865 8.5796949606394227627e-007 
2.6249999999998219202 0.27385785028045389611 -1.5186386643973697197 -2.5342348901212612411 8.499263654812046424e-007 
2.6499999999998191669 0.27371505134656332059 -1.5207395498203086781 -2.5342350926269587852 7.4626691085046669888e-007 
2.6749999999998164135 0.27377817635806417362 -1.5213622694385384726 -2.5342352704040118638 5.5612964714572051169e-007 
2.6999999999998136602 0.27375458332270169448 -1.5187567814843108138 -2.5342354157542983373 5.7177224227300218378e-007 
2.7249999999998109068 0.27380782969900363533 -1.5194442426874852359 -2.5342355478252076573 4.594129780995508943e-007 
2.7499999999998081535 0.27381463418996082604 -1.5207817302123660674 -2.534235667764584754 4.2774979016638472794e-007 
2.7749999999998054001 0.27358228285787883349 -1.5196360223217695307 -2.5342357627192870773 3.13657905431206621e-007 
2.7999999999998026468 0.27358234077370363613 -1.5212316016715905498 -2.5342358549668464462 3.9325303127910512592e-007 
2.8249999999997998934 0.27374865899776656963 -1.5221315256896610357 -2.5342359458021808116 2.8048200003489197032e-007 
2.84999999999979714 0.27378172878771511733 -1.5195532406913934143 -2.5342360046621110747 1.8675644581853034924e-007 
2.8749999999997943867 0.27383443045920735637 -1.5188062162331044114 -2.5342360597329780525 2.2830971340018270325e-007 
2.8999999999997916333 0.27384048675246591698 -1.5195204018913202049 -2.5342361172408600645 2.251433998663687883e-007 
2.92499999999978888 0.27377976506560347536 -1.5197437580912338539 -2.5342361714171284248 1.5623511047682599869e-007 
2.9499999999997861266 0.27373935357728507167 -1.5203527749042480277 -2.534236204511194579 1.2673570447001587163e-007 
2.9749999999997833733 0.27363295323612785159 -1.5206323942304114105 -2.5342362413366963381 1.3961862215732660888e-007 
2.9999999999997806199 0.27362232875393277531 -1.5211246437638115125 -2.5342362735691650322 1.1290086831737011358e-007 
3.0249999999997778666 0.27373733482798567884 -1.5214467683268937392 -2.5342363009078376912 9.3473678513050295039e-008 
3.0499999999997751132 0.27375949071877375696 -1.5199920776387738641 -2.5342363254029192099 8.9955443164482210639e-008 
3.0749999999997723599 0.2737920367342458472 -1.5189140163021570551 -2.5342363458149104183 7.4580339204713009496e-008 
3.0999999999997696065 0.2738423051084599158 -1.5190665686000017764 -2.5342363660295204042 7.2205635430800339194e-008 
3.1249999999997668532 0.27376781699262292546 -1.5193624230937674557 -2.5342363817369251144 4.8289527135080416204e-008 
3.1499999999997640998 0.27370651363013898116 -1.5206511333723873314 -2.5342363941472356714 5.3180354402019621903e-008 
3.1749999999997613465 0.27370016638783983831 -1.5216250906941031218 -2.5342364087836237729 5.0370339690957960826e-008 
3.1999999999997585931 0.27368328017986109923 -1.521098265736882782 -2.5342364191212500835 3.5236133526605020197e-008 
3.2249999999997558398 0.2737155384914918832 -1.5204904190060952729 -2.5342364294791495105 3.7422300753056387633e-008 
3.2499999999997530864 0.27376253185466675744 -1.5196106528339141661 -2.5342364371847367899 2.7089716240489291812e-008 
3.274999999999750333 0.27378620024983568726 -1.518981146990994624 -2.5342364444594043249 2.5591459078148065119e-008 
3.2999999999997475797 0.2737927021046784315 -1.5196336590725851856 -2.5342364509282315765 2.5423769021897263184e-008 
3.3249999999997448263 0.27374263024113082432 -1.5202049343023640304 -2.5342364575240341473 2.2985190669335015028e-008 
3.349999999999742073 0.27370202340881361058 -1.5205020156951007948 -2.5342364624913500393 1.5353223184986089791e-008 
3.3749999999997393196 0.27371236225961609323 -1.5208922234589830058 -2.534236465815681516 1.1951190332294808694e-008 
3.3999999999997365663 0.27372051716173728675 -1.520695955170690894 -2.5342364699530781635 1.835775559199469445e-008 
3.4249999999997338129 0.27375022812524907323 -1.5202997856254827358 -2.5342364742060161653 1.3392443425004006429e-008 
3.4499999999997310596 0.27377756481390486121 -1.5199055190143195837 -2.5342364769010488068 7.7903647408763122369e-009 
3.4749999999997283062 0.27375252181347270453 -1.519521756055187911 -2.5342364788097251349 7.1971377778877044128e-009 
3.4999999999997255529 0.27373860222096396688 -1.5197608927689980618 -2.5342364811779041212 1.1493117616211924584e-008 
3.5249999999997227995 0.27374556675219546831 -1.5202223747447545232 -2.5342364841157607458 8.8004750731488126723e-009 
3.5499999999997200462 0.2737326964471540891 -1.5204991610904330379 -2.5342364853919514545 2.3541621866238438226e-009 
3.5749999999997172928 0.27372087592706384473 -1.5206700012648126652 -2.5342364864460691365 5.9992081054443024293e-009 
3.5999999999997145395 0.27372341409596162576 -1.5203578316960146832 -2.534236488093136952 6.1758564304633768923e-009 
3.6249999999997117861 0.27374521182198768843 -1.5199533567873366735 -2.53423648957393155 4.8923432920824028492e-009 
3.6499999999997090327 0.27377002965124425105 -1.5200044312213285558 -2.5342364905586043378 2.5159738445163334479e-009 
3.6749999999997062794 0.27375860960456532833 -1.5200506731996177301 -2.5342364911727446319 2.722108867030427343e-009 
3.699999999999703526 0.27373635891105757567 -1.5200759325125892119 -2.5342364919791449118 3.4754648314007332976e-009 
3.7249999999997007727 0.27373101291536738877 -1.5202980115704254338 -2.5342364929127718653 3.0745458061610163597e-009 
3.7499999999996980193 0.27372837233774666155 -1.5203432049730327691 -2.5342364935284460437 1.9026307731315713741e-009 
3.774999999999695266 0.27373632784717061295 -1.5202219543792969692 -2.5342364939670534163 1.4158006039944144358e-009 
3.7999999999996925126 0.27374787243405457327 -1.5201507523389239385 -2.5342364943379211972 1.776268014064017485e-009 
3.8249999999996897593 0.27374664053453628965 -1.5201193667119574648 -2.5342364949057474277 2.0285473284941196459e-009 
3.8499999999996870059 0.27374612810155285469 -1.5201659252729462501 -2.5342364952821934132 1.0554272134915325957e-009 
3.8749999999996842526 0.27374352078740210592 -1.5201476818594013007 -2.5342364955308807062 9.2385267739850261759e-010 
3.8999999999996814992 0.27373738478019415954 -1.5201275752286642629 -2.534236495800435307 1.0983959317077868737e-009 
3.9249999999996787459 0.27373953628804553739 -1.5202704409927960683 -2.5342364960915904071 1.0641891930120854872e-009 
3.9499999999996759925 0.27373897603566788028 -1.5202743702617325106 -2.5342364963137775646 6.3340973515827640474e-010 
3.9749999999996732392 0.27373680650032505834 -1.5201626070154743431 -2.5342364964637886793 5.9979003121177656652e-010 
3.9999999999996704858 0.27374316075917198843 -1.52018154406806838 -2.5342364966383064129 6.7710460054799152914e-010 
4.0249999999996788347 0.2737469690621678331 -1.5201547460471300788 -2.5342364968078641141 5.8878692512890290759e-010 
4.0499999999996871836 0.27374627635562037709 -1.5201059952934006247 -2.5342364969248567519 3.5325632657396448618e-010 
4.0749999999996955324 0.27374324340546923873 -1.5201557372055991557 -2.5342364970250526035 3.9397849453499466376e-010 
4.0999999999997038813 0.27373693249107844405 -1.520186342593680795 -2.5342364971277695496 4.0632627370793621476e-010 
4.1249999999997122302 0.27373695185242596928 -1.5202172505017452764 -2.5342364972265727374 3.0550252031017017519e-010 
4.1499999999997205791 0.27373970876957731679 -1.5202484547815147131 -2.5342364972905255804 2.3308364337620334597e-010 
4.1749999999997289279 0.2737391181962877118 -1.5202236751557034466 -2.5342364973573050513 2.4843864221947981439e-010 
4.1999999999997372768 0.27374280444156695591 -1.5201908867008764314 -2.5342364974181093018 2.22468369667754646e-010 
4.2249999999997456257 0.27374598895794288733 -1.5201392425271897935 -2.5342364974717819237 1.8976471255605526639e-010 
4.2499999999997539746 0.27374405487248815172 -1.5201154886063199534 -2.5342364975139344274 1.2197083270055364146e-010 
4.2749999999997623235 0.27374300278853047619 -1.520165613523702941 -2.5342364975478117728 1.5810183843677572972e-010 
4.2999999999997706723 0.27374068190760425523 -1.5201799783179370529 -2.5342364975890343537 1.3489033702540009899e-010 
4.3249999999997790212 0.27373837423662378265 -1.5201771177631244747 -2.5342364976195650428 1.1037360619872045186e-010 
4.3499999999997873701 0.27373974341938794863 -1.5202231963108370216 -2.534236497645038888 7.6588077209751960751e-011 
4.374999999999795719 0.27373997016834766827 -1.5202311183368792946 -2.5342364976649651709 8.0112874230897167007e-011 
4.3999999999998040678 0.27374031608904780821 -1.520202475843636547 -2.5342364976849309777 8.0832988280031940694e-011 
4.4249999999998124167 0.27374268905471327296 -1.5201864044944890519 -2.5342364977081337507 8.0262021712317407467e-011 
4.4499999999998207656 0.27374344748716494813 -1.5201475590473187971 -2.5342364977234743684 4.1677815901222903609e-011 
4.4749999999998291145 0.27374369231191603147 -1.5201241344109415188 -2.5342364977329703279 3.6109264040994535036e-011 
4.4999999999998374633 0.27374275023309402322 -1.5201555038420617727 -2.5342364977444375995 5.42911661222268909e-011 
4.5249999999998458122 0.27373992574363054109 -1.5202002611019098666 -2.5342364977596036901 5.044490147048289158e-011 
4.5499999999998541611 0.27373956741568877815 -1.5202289507222610521 -2.5342364977682634297 1.8836105943944319671e-011 
4.57499999999986251 0.27374036017658692765 -1.520210773242461233 -2.5342364977731945963 2.6830417783730622188e-011 
4.5999999999998708589 0.27374056702581672784 -1.5201721533018954791 -2.5342364977817197769 3.1143147746534479716e-011 
4.6249999999998792077 0.27374217044981841163 -1.520171757631219922 -2.5342364977891920219 2.6456125632052626092e-011 
4.6499999999998875566 0.27374263909735357947 -1.5201760305413172247 -2.534236497794349674 1.3209182394611391915e-011 
4.6749999999998959055 0.27374160502597183475 -1.5201718496931149183 -2.5342364977976838958 1.5182382860873263512e-011 
4.6999999999999042544 0.2737417931503995927 -1.5201824356511512981 -2.5342364978027589473 2.1252188898729561561e-011 
4.7249999999999126032 0.27374174997373496021 -1.5201826617081100057 -2.534236497807436983 1.2818631721990161234e-011 
4.7499999999999209521 0.27374108910490851931 -1.5201807414432402243 -2.53423649780976179 7.9607602332474214902e-012 
4.774999999999929301 0.2737408135321485747 -1.520189844499006071 -2.5342364978123175234 1.0442934185673793019e-011 
4.7999999999999376499 0.27374064691660110471 -1.5201870861541668667 -2.5342364978150753174 1.0531918123156243039e-011 
4.8249999999999459988 0.27374148186570596009 -1.5201816137926216221 -2.534236497817691447 9.469359120154579386e-012 
4.8499999999999543476 0.27374229965615531901 -1.5201800045045992249 -2.5342364978196019187 4.4188343816432896145e-012 
4.8749999999999626965 0.27374166015405021479 -1.5201776001306561703 -2.5342364978207156945 5.548455215734163943e-012 
4.8999999999999710454 0.27374126149970906541 -1.5201848012175220859 -2.5342364978223663741 6.1596364591670140285e-012 
4.9249999999999793943 0.27374134778663961054 -1.520188956758882215 -2.5342364978239158013 5.9000611700534826319e-012 
4.9499999999999877431 0.27374123449766779581 -1.5201823179394713392 -2.5342364978251534779 2.9955622362083230313e-012 
4.974999999999996092 0.27374147638962431639 -1.5201791322031281695 -2.5342364978258076214 2.7289433885745643821e-012 
