0.025000000000000015266 0.59691700142613257629 0.0004932597737744640054 -2.2445447941037235395 0.041006119567466269016 
0.05000000000000003747 0.5719682832040062781 0.017334495405300714976 -2.2525775177307831854 0.059641340856072207199 
0.075000000000000052736 0.42884963107588358611 -0.008639880294272317407 -2.273844673008191819 0.096471033254264121348 
0.10000000000000007494 0.38992741412144460433 -0.054296538970279861758 -2.3096954278754249223 0.11140017138017525855 
0.12500000000000008327 0.22363136740625463861 -0.40832505309079369926 -2.3330652001102945015 0.058811932608213976503 
0.15000000000000010547 0.21998316044081261955 -2.0574229821954497233 -2.3480688512554497294 0.054518309313328454369 
0.17500000000000012768 0.30158324856306606421 -2.6418134537492372615 -2.3636627366814852991 0.0555414586580674427 
0.20000000000000014988 0.23326461152076005678 -1.5602419493956423135 -2.3776181801197631138 0.031601994330029588298 
0.22500000000000017208 0.2144521096263439508 -2.0460990662152500619 -2.3862095095559672231 0.038736278962155944183 
0.25000000000000016653 0.26172446160944168314 -1.5893337302879300132 -2.4004163306101706787 0.055529309985575703301 
0.27500000000000018874 0.30410754039892679002 -0.028724646319202795652 -2.4152976009286644121 0.050461025531831654733 
0.30000000000000021094 0.36691924743812059928 0.17603109032837138681 -2.4286422854024394269 0.032447339235356802145 
0.32500000000000023315 0.34536154621213466243 0.59853033791317644674 -2.4371349942518154563 0.031521823662730853732 
0.35000000000000025535 0.32515183127371288796 -0.18397015143763717493 -2.4465248299590127701 0.03739456334680207189 
0.37500000000000027756 0.2783402366818892304 -1.7836092757559862676 -2.4551802412840717516 0.019282452549392887359 
0.40000000000000029976 0.22484788707600070201 -1.8717181217644696112 -2.4595190467903886855 0.014411863681086004019 
0.42500000000000032196 0.29171634758194125991 -1.7096760177847105666 -2.4653154656493403429 0.019534900215726208605 
0.45000000000000034417 0.32535301169786318143 -0.91116724421946626578 -2.4697450770133562159 0.018952322114127766878 
0.47500000000000036637 0.32521228510980898507 -0.44932086096027656907 -2.4756922769889468938 0.017890473491100400416 
0.50000000000000033307 0.3579518977160791593 -1.0196425616112649859 -2.4799314367728504394 0.012182569750627439409 
0.52500000000000035527 0.34030838543695124399 -0.942033861077381518 -2.483254210979126686 0.010615204526044801081 
0.55000000000000037748 0.32971831811192875428 -1.0868058149397952228 -2.4864592870635964239 0.012949018638857076255 
0.57500000000000039968 0.33052782640258743241 -1.3948329583177341284 -2.4894894117235781827 0.007890771865365483681 
0.60000000000000042188 0.300346464089616072 -1.2950528293239487176 -2.492314031239100558 0.011156530076076091179 
0.62500000000000044409 0.29373269773472998612 -1.501631611306620151 -2.4959445347967896822 0.016441159687620655189 
0.65000000000000046629 0.27125891854933448233 -1.5048052533996720825 -2.5021837395737493992 0.024606232549679203647 
0.6750000000000004885 0.23148923163879672749 -1.5291204929722137518 -2.5078182740367411796 0.013463053870663549069 
0.7000000000000005107 0.26675317401726411637 -2.1048758197950618865 -2.5110323010465700477 0.0083260357138535828758 
0.72500000000000053291 0.27777633117688399489 -2.1476129156760519479 -2.5126741985146696656 0.0060007613053532889505 
0.75000000000000055511 0.24760161901278018859 -1.8379983712686893682 -2.5146812744837840903 0.0072491311919900243768 
0.77500000000000057732 0.26104577403225553978 -1.8237446034349162893 -2.5170434004341082357 0.0088907415272073565121 
0.80000000000000059952 0.27087527547023543262 -1.5510802762481488148 -2.5199836600302414347 0.010727401615203937396 
0.82500000000000062172 0.28504481189079233783 -1.3483078541129787098 -2.5223220868442752796 0.0054069445595604373814 
0.85000000000000064393 0.29009062362635390508 -1.381574469813558359 -2.5234306210801418224 0.003467853214546284292 
0.87500000000000066613 0.25928903272449471684 -1.3611260413405070757 -2.5247402578623305835 0.0048599057958422032036 
0.90000000000000068834 0.25721367291122376741 -1.5705541882713585089 -2.5261468260439468025 0.0052324048564847975423 
0.92500000000000071054 0.27835141875455404747 -1.7824212606199609787 -2.5274139182998243136 0.0033336878639708762868 
0.95000000000000073275 0.2722525808149786064 -1.6096780329153763667 -2.5282653266869465902 0.0024226547272962416744 
0.97500000000000075495 0.27155944403380677388 -1.5039315115243110377 -2.5288504883506637277 0.0021090206251727894836 
1.0000000000000006661 0.27496700414890717923 -1.4655548218853331477 -2.5295765912540253417 0.0028634186739917065825 
1.0249999999999979128 0.27020094581306219883 -1.4369592307123069119 -2.5303641911116860896 0.00241636156965796935 
1.0499999999999951594 0.27614683804561224179 -1.613617649177811586 -2.5309251355920134863 0.0013304166239093799529 
1.0749999999999924061 0.27190044655853173872 -1.5682179154263788945 -2.5312218843007778801 0.001078016513278508455 
1.0999999999999896527 0.26704411120955617864 -1.4309421026048325665 -2.5315808352093802647 0.0014570700815672232246 
1.1249999999999868994 0.27744264243897753808 -1.5561344917281099143 -2.5320621870549815391 0.0015377094096118855936 
1.149999999999984146 0.27517368049609575165 -1.5494891153339236389 -2.5323700577480985352 0.00077459152245341943242 
1.1749999999999813927 0.27056511443425962371 -1.4712694245304553942 -2.5325551132791264131 0.00052033182308083229372 
1.1999999999999786393 0.27616748484260439378 -1.5200235940131561208 -2.532734502041331659 0.00087374726359230577358 
1.224999999999975886 0.27268538011570309099 -1.503360842984499568 -2.5330222387644520943 0.00084220946686853548954 
1.2499999999999731326 0.27029681769594104956 -1.5391001962457195873 -2.5331836472177426955 0.00041647361793031184053 
1.2749999999999703792 0.27342207465644108311 -1.5560650005929548279 -2.5332887941057382619 0.00034018087538007559531 
1.2999999999999676259 0.27282037996826019599 -1.5049080099271743283 -2.5334030113901699899 0.00045243916258278865867 
1.3249999999999648725 0.2750856938282474351 -1.5509351337961663209 -2.5335402458738376374 0.00044907697912683480768 
1.3499999999999621192 0.27563737305599161909 -1.5276729672181943442 -2.5336431737403621867 0.00028740585660531604807 
1.3749999999999593658 0.27285273373309582023 -1.4648382348160067234 -2.5337111151515463447 0.00018818001087531806563 
1.3999999999999566125 0.27438103182126971635 -1.5234158222414935224 -2.53376736543552461 0.00022685796339988939171 
1.4249999999999538591 0.27307154736373079329 -1.5494889519615906437 -2.533843802510318266 0.00026733059569316821756 
1.4499999999999511058 0.27105459011431454197 -1.5172546944690949999 -2.5339028534382914692 0.0001647112562739799042 
1.4749999999999483524 0.27370771475957145213 -1.5169932934020802229 -2.5339425516371214542 9.0127884800839122245e-005 
1.4999999999999455991 0.27372636151131785054 -1.5139493699881048094 -2.5339711190700442422 0.00014203205312130238536 
1.5249999999999428457 0.27391092564485736149 -1.5176673673504503803 -2.5340173478356184944 0.00015294639558884797013 
1.5499999999999400924 0.27594913929357772764 -1.5354164561386303145 -2.5340487591720641802 7.2243277314169694224e-005 
1.574999999999937339 0.27392231898202401563 -1.5334537812175579319 -2.5340694090904123392 6.8121113068517473877e-005 
1.5999999999999345857 0.27249970309491977627 -1.5314004028701542204 -2.5340889239640311814 7.9233343346366059989e-005 
1.6249999999999318323 0.2734630018576464372 -1.5118994263081142471 -2.5341139674323525099 8.3779038852035492627e-005 
1.649999999999929079 0.27334320519586380316 -1.4828240591381582902 -2.5341306240445544695 3.2840552291863342699e-005 
1.6749999999999263256 0.27365317523960835944 -1.5127241989418744872 -2.534141733705693067 4.5390651936959512918e-005 
1.6999999999999235722 0.27352178754288364315 -1.5391375996057012898 -2.5341536313244481526 4.6456846323640512818e-005 
1.7249999999999208189 0.2734256836227586529 -1.5219279214016969703 -2.5341685142928960239 4.1926568392950691892e-005 
1.7499999999999180655 0.27463315928029979895 -1.5319306124352434217 -2.5341764039715184431 2.1160579520587988813e-005 
1.7749999999999153122 0.27407128030581240363 -1.5342024260714230977 -2.5341830521703831991 2.4265701777370978848e-005 
1.7999999999999125588 0.27337448721350110503 -1.5140932532846336223 -2.5341901561742004034 2.8256795706392338582e-005 
1.8249999999999098055 0.27404882264624286226 -1.5154694704675160111 -2.5341984287247831809 2.1755694063147094984e-005 
1.8499999999999070521 0.27339989145182647112 -1.5119974141021086389 -2.5342027447083492753 1.217626887714781092e-005 
1.8749999999999042988 0.27316923696535655441 -1.5110674589790380473 -2.5342061439756125019 1.3863319234862807241e-005 
1.8999999999999015454 0.27396053685202048644 -1.5192609466511013405 -2.5342107347421580776 1.5472561012580985317e-005 
1.9249999999998987921 0.27369590185173020558 -1.520947992431033402 -2.5342150061357724411 1.3174885491511639077e-005 
1.9499999999998960387 0.27377595282886002526 -1.53278689954324987 -2.5342174790843734478 5.6433548147708497767e-006 
1.9749999999998932854 0.2740787974501261437 -1.5293877642337816436 -2.5342195461495511388 8.9563491366587219143e-006 
1.999999999999890532 0.27374871461770927672 -1.5127125479260545848 -2.5342219975209046012 7.6829086300764768308e-006 
2.0249999999998880007 0.27386640038539000752 -1.5193229526845777322 -2.5342243237096067077 7.6132649143424689856e-006 
2.0499999999998852473 0.27365033047665049404 -1.521286197578513022 -2.534225841360899345 4.1318371589764734382e-006 
2.074999999999882494 0.27323750518540440568 -1.512400023737453747 -2.5342271189924088226 3.9729987850718326826e-006 
2.0999999999998797406 0.2736516784602068264 -1.5177584891021798086 -2.5342282353061089673 4.4804634741575303229e-006 
2.1249999999998769873 0.27387905373407550602 -1.523758511787187242 -2.5342295831956676011 4.3348456360720405097e-006 
2.1499999999998742339 0.27399352437379126401 -1.5231097083038616091 -2.5342305985216291297 2.7848416748341086855e-006 
2.1749999999998714806 0.27406256201036494069 -1.5219955560677282946 -2.5342312460323666023 1.8132330699562092012e-006 
2.1999999999998687272 0.2734947943435266926 -1.5193306402436896896 -2.5342318203407150357 2.3101779636201807158e-006 
2.2249999999998659739 0.27353039202328061075 -1.5198845671996070728 -2.5342325865573473997 2.9648921837542670631e-006 
2.2499999999998632205 0.27399003707397284746 -1.5212066469213165743 -2.5342332282957928946 1.1886566828681955745e-006 
2.2749999999998604672 0.27366236394783910457 -1.5183996604540883624 -2.5342335245521261378 1.1790996134851934316e-006 
2.2999999999998577138 0.27349460542943770935 -1.5190592023766082974 -2.5342338769127361608 1.2689313363270034189e-006 
2.3249999999998549605 0.27373433328037166667 -1.5206570843191051789 -2.5342342995972821917 1.5978575683959497944e-006 
2.3499999999998522071 0.27378951020403391459 -1.5187701407360743033 -2.5342346449464172586 7.1930722172215972827e-007 
2.3749999999998494538 0.27389883287381633359 -1.5212716677521240793 -2.5342348411425534849 7.1421974757358988789e-007 
2.3999999999998467004 0.27382887298725921976 -1.5227411645088375636 -2.5342350306658234516 6.8126492147731784654e-007 
2.4249999999998439471 0.27369761575108292329 -1.5197129721900823895 -2.53423524982025139 7.9026068244378117707e-007 
2.4499999999998411937 0.2738251319693730812 -1.5203972908292324728 -2.5342354556039898839 5.4503118811485504609e-007 
2.4749999999998384403 0.27368782217562431791 -1.5193630932588626514 -2.534235576166463666 3.8604688747585609813e-007 
2.499999999999835687 0.27353544985935063227 -1.517203137583895689 -2.5342356717666452148 3.0086776171580948915e-007 
2.5249999999998329336 0.27372138627082981399 -1.520527335915641487 -2.5342357917056625993 5.0363159742897823486e-007 
2.5499999999998301803 0.27376571198574389809 -1.5223983471406805634 -2.5342359145321320391 2.8851470800253703501e-007 
2.5749999999998274269 0.27377546359038518187 -1.5216316424377267502 -2.5342359782138554891 2.3403779777180313286e-007 
2.5999999999998246736 0.27384267651650973097 -1.5203058392018391487 -2.5342360361961637771 1.5244385616984436536e-007 
2.6249999999998219202 0.27375351802414765734 -1.5184160449855133024 -2.5342361010432536972 2.8511892628961085795e-007 
2.6499999999998191669 0.27376550060562732103 -1.5197362232926643344 -2.5342361682026748326 1.7204884748987386368e-007 
2.6749999999998164135 0.27377582684848250638 -1.5205362001839095587 -2.5342362059104295291 1.0928687849092590855e-007 
2.6999999999998136602 0.27364126152553774896 -1.5192068126238156278 -2.5342362384573009493 1.1430542990512962479e-007 
2.7249999999998109068 0.27367996615027051499 -1.5203743695416394033 -2.5342362769433082192 1.4761964729730502845e-007 
2.7499999999998081535 0.27374944783219701261 -1.5213205420876148022 -2.5342363107532897004 8.7434714482136841183e-008 
2.7749999999998054001 0.27370961307829078102 -1.5206880157767297401 -2.5342363332929029873 7.1769644863183383139e-008 
2.7999999999998026468 0.27376747165463261036 -1.520648741128950876 -2.5342363532143030724 6.3928651065696716628e-008 
2.8249999999997998934 0.27381552341739945344 -1.5198438158182328017 -2.5342363733847070861 8.3493698496325661649e-008 
2.84999999999979714 0.27378962551469437914 -1.5189665858113023944 -2.5342363928899782621 4.2722770367328785546e-008 
2.8749999999997943867 0.2737572066091520373 -1.5194703856946234488 -2.5342364048016601252 4.4197582910438269076e-008 
2.8999999999997916333 0.27367632296668198411 -1.5201830036504362376 -2.5342364166801183423 3.951406579394560383e-008 
2.92499999999978888 0.27367220846087686459 -1.5209509979714261885 -2.5342364285598457663 4.2595778187022454524e-008 
2.9499999999997861266 0.27374436191262457863 -1.5213026561388387492 -2.5342364384120594778 2.3437162089438065354e-008 
2.9749999999997833733 0.27374509375363875741 -1.5203385614287521221 -2.5342364450891188277 2.607678711793652399e-008 
2.9999999999997806199 0.27376223855331655033 -1.5196340799467979998 -2.5342364528780065847 2.5771105202236051241e-008 
3.0249999999997778666 0.2737921065933772713 -1.5197180160869590004 -2.5342364588598735864 1.7888674545932905357e-008 
3.0499999999997751132 0.27375158166634966372 -1.5196601805888532155 -2.5342364641274714998 1.6170790792092539634e-008 
3.0749999999997723599 0.27373041634699762925 -1.5201137945841463051 -2.5342364683264837488 1.5859142488900997109e-008 
3.0999999999997696065 0.27372340184911914118 -1.5206412947876946085 -2.5342364726815893583 1.1722091009100554976e-008 
3.1249999999997668532 0.27370399645354226426 -1.5205505932058578367 -2.5342364757181181645 1.1946025591745465194e-008 
3.1499999999997640998 0.27373082204053955646 -1.5204967938135744987 -2.5342364790324896084 8.5899089071810926205e-009 
3.1749999999997613465 0.27375775703143945261 -1.5200920158672481808 -2.5342364813293327686 9.1440447472766261794e-009 
3.1999999999997585931 0.27376117750518069727 -1.5197428004420006076 -2.5342364835359108 5.6942178003453838161e-009 
3.2249999999997558398 0.27376574182641683075 -1.520044987686693938 -2.5342364854093761828 7.3427671266636072241e-009 
3.2499999999997530864 0.27374373447548944194 -1.5200767275301338977 -2.5342364873358191879 5.5879513495253086937e-009 
3.274999999999750333 0.27372430786962426152 -1.5201739495612172082 -2.5342364886249058031 3.8147010463100502647e-009 
3.2999999999997475797 0.27372854498726112427 -1.5204981293343169391 -2.5342364896738858171 3.7455211309266457469e-009 
3.3249999999997448263 0.27372929087566633122 -1.5203342653996330114 -2.5342364908650738542 4.1486245874483430928e-009 
3.349999999999742073 0.27374279809238355465 -1.5201918060854757719 -2.5342364919973099369 3.3799949708668398293e-009 
3.3749999999997393196 0.27375361467812520111 -1.5201692830546189583 -2.5342364926139198111 1.6877540290861687552e-009 
3.3999999999997365663 0.27374347288734646177 -1.5200099536877418327 -2.5342364932725840454 2.3433491006481959967e-009 
3.4249999999997338129 0.27374639539228939888 -1.5200413552534262074 -2.5342364939051171824 2.3395079976328139206e-009 
3.4499999999997310596 0.27374900300913107554 -1.5201442517862231441 -2.5342364945294675316 1.7464049887037467541e-009 
3.4749999999997283062 0.27373568645255563769 -1.5202418291057497868 -2.5342364949333862079 1.2656940794610183956e-009 
3.4999999999997255529 0.27373255734062862388 -1.5203371858017682428 -2.5342364952797749034 9.6813730026212681139e-010 
3.5249999999997227995 0.27373666642964633589 -1.5202402507012129362 -2.5342364955901883761 1.4448945504729280705e-009 
3.5499999999997200462 0.27374222186952057445 -1.5201741826232866295 -2.5342364959827423654 1.0665475271766960447e-009 
3.5749999999997172928 0.27374821238174862348 -1.5201882700135620485 -2.5342364962247407867 6.1318752210066729442e-010 
3.5999999999997145395 0.27374323769565650499 -1.5200769231431614514 -2.5342364963898611485 6.0738896717231561615e-010 
3.6249999999997117861 0.27374013076860875815 -1.5200823211647704891 -2.5342364965652341979 7.0899573776218111761e-010 
3.6499999999997090327 0.27374282057788418276 -1.5202478875203515596 -2.5342364967936683584 6.9906871294272769097e-010 
3.6749999999997062794 0.27373981037203443112 -1.5202395737231562123 -2.5342364969339636893 3.2390934763216253427e-010 
3.699999999999703526 0.27373949116105666945 -1.5201611610758338777 -2.5342364970236022081 3.379633118389401162e-010 
3.7249999999997007727 0.27374122288745555975 -1.520191049689116447 -2.534236497118890874 3.6554573141976861343e-010 
3.7499999999996980193 0.27374074056771913188 -1.5202074773388125628 -2.5342364972453226279 4.1321752971415792116e-010 
3.774999999999695266 0.2737441156811731835 -1.5202043764277759497 -2.534236497329630744 2.0957339429751609732e-010 
3.7999999999996925126 0.27374324415831607915 -1.5201721898489382045 -2.5342364973799957895 1.6091295272166906084e-010 
3.8249999999996897593 0.27373888707651500285 -1.5201281969515303416 -2.5342364974315194637 2.053154329665021468e-010 
3.8499999999996870059 0.27374113659283294542 -1.5201645590920576101 -2.5342364975022522167 2.4275165576819761441e-010 
3.8749999999996842526 0.27374217676512596631 -1.5201843700691108907 -2.5342364975481785905 1.0631536041369101337e-010 
3.8999999999996814992 0.27374040411889921653 -1.5201958731705800254 -2.5342364975803723937 1.0616038749252306834e-010 
3.9249999999996787459 0.27374115551240774113 -1.5202331665585799847 -2.5342364976077171868 1.0558090975766109698e-010 
3.9499999999996759925 0.27374131253911715422 -1.5201897300871269891 -2.5342364976471531968 1.3489582306105254015e-010 
3.9749999999996732392 0.27374219696824597658 -1.5201604058061854996 -2.5342364976715696656 6.0766230039954925932e-011 
3.9999999999996704858 0.27374283651073449963 -1.5201768483986985991 -2.5342364976913911434 6.2906885698017972958e-011 
4.0249999999996788347 0.27374096019810256752 -1.5201524635781615835 -2.534236497708155067 6.4101997926795672702e-011 
4.0499999999996871836 0.27374133602001821108 -1.520170677507832746 -2.5342364977270790405 5.9177176905450698478e-011 
4.0749999999996955324 0.27374145761066731586 -1.520210596571141437 -2.5342364977420590577 4.917140813357913697e-011 
4.0999999999997038813 0.27373963534315687296 -1.5201956088613894913 -2.5342364977542390925 3.2508744816777948538e-011 
4.1249999999997122302 0.27374103727793303031 -1.5201835766308431364 -2.534236497763067586 3.13653237834717997e-011 
4.1499999999997205791 0.27374251061828291931 -1.5201849506814713031 -2.534236497772750063 3.7146145137569700086e-011 
4.1749999999997289279 0.2737418714590644786 -1.520182707810513012 -2.5342364977822247063 2.5429486209106609432e-011 
4.1999999999997372768 0.27374205628675690738 -1.5201762571802315271 -2.5342364977890095012 2.0986498644266701231e-011 
4.2249999999997456257 0.27374142234008874697 -1.5201621718538569361 -2.5342364977933917736 1.4299109744431964471e-011 
4.2499999999997539746 0.27374085075764914565 -1.5201743311690769644 -2.5342364977993745434 2.4175240971229155862e-011 
4.2749999999997623235 0.27374160782843598438 -1.5201983223125399292 -2.5342364978045690549 1.1958355621047297902e-011 
4.2999999999997706723 0.27374104673292964929 -1.5201927936894441551 -2.5342364978081359794 1.1596132494872737952e-011 
4.3249999999997790212 0.27374072348415767753 -1.5201880793601252329 -2.5342364978107099205 1.0343047620677015865e-011 
4.3499999999997873701 0.27374163226106884572 -1.5201907134431627 -2.534236497814381206 1.1725211791564904571e-011 
4.374999999999795719 0.2737417518046051379 -1.5201721362502069734 -2.5342364978170333067 7.1833117599815070811e-012 
4.3999999999998040678 0.27374189614607408183 -1.5201653639319068212 -2.534236497818851408 6.220440208133858625e-012 
4.4249999999998124167 0.27374181044436590726 -1.5201821537115709493 -2.534236497820653522 6.5182781355250946801e-012 
4.4499999999998207656 0.27374109701271276407 -1.5201863719619921334 -2.5342364978225710992 6.0340964246706313241e-012 
4.4749999999998291145 0.2737412783280695483 -1.5201854518488362444 -2.5342364978240441431 4.1618545595497196789e-012 
4.4999999999998374633 0.27374125879491856272 -1.5201874528689256483 -2.5342364978250762064 3.756931860234520416e-012 
4.5249999999998458122 0.27374087699855065292 -1.5201847779127413141 -2.5342364978261060493 3.0210777621752340767e-012 
4.5499999999998541611 0.27374151714194971952 -1.5201841429444593601 -2.5342364978271585407 4.0842619068025129239e-012 
4.57499999999986251 0.27374178076821720218 -1.520179253678918041 -2.5342364978280222942 2.0911413837282707818e-012 
4.5999999999998708589 0.27374151220976083998 -1.5201770915017944752 -2.5342364978285849553 1.9337687158499148861e-012 
4.6249999999998792077 0.27374174911468968086 -1.5201831387660962314 -2.5342364978291436195 1.8633309265541366886e-012 
4.6499999999998875566 0.2737415723502935605 -1.5201813916847102259 -2.5342364978297546863 2.3127249678697389744e-012 
4.6749999999998959055 0.27374115390567332895 -1.5201819079455087813 -2.5342364978302525103 1.1747017149103756403e-012 
4.6999999999999042544 0.27374113542656808296 -1.5201865106881613521 -2.5342364978305504941 9.6872824006531573097e-013 
4.7249999999999126032 0.273741150329509908 -1.5201823174711086573 -2.5342364978308609125 1.1415075084845603927e-012 
4.7499999999999209521 0.2737414381484976067 -1.5201818313708099772 -2.5342364978312055257 1.3015843104687752665e-012 
4.774999999999929301 0.27374168157214706643 -1.5201847642419998863 -2.53423649783150573 6.5239556139183737182e-013 
4.7999999999999376499 0.27374151446410238675 -1.5201817941721600391 -2.5342364978316616053 5.3390524246022547069e-013 
4.8249999999999459988 0.27374154731440547561 -1.5201804874158297842 -2.534236497831819257 6.0994698179486606593e-013 
4.8499999999999543476 0.27374154626209357133 -1.5201814393514534451 -2.534236497832028423 7.7680883570378874459e-013 
4.8749999999999626965 0.2737413194320323373 -1.5201820712943239222 -2.5342364978321993974 3.7220413764961663129e-013 
4.8999999999999710454 0.27374131740682966507 -1.5201831471328737244 -2.534236497832287327 2.7820744791288434895e-013 
4.9249999999999793943 0.27374127935256453714 -1.5201826497979527009 -2.5342364978323654867 3.2817461600430486429e-013 
4.9499999999999877431 0.27374125444791130857 -1.5201829117772036604 -2.5342364978324871672 4.6063089528654558161e-013 
4.974999999999996092 0.27374151294909604415 -1.5201839861686958777 -2.5342364978325924163 2.1075445619266885418e-013 
