0.025000000000000015266 0.59726530987499737435 0.00049565413030768293301 -2.2441212264634882168 0.041255837750498979 
0.05000000000000003747 0.57208875742844822465 0.017426751825496883397 -2.2518814266462565676 0.060362295386374852091 
0.075000000000000052736 0.42777476008816195385 -0.009161302695031070531 -2.2725188318169466939 0.097887413801125880419 
0.10000000000000007494 0.38802078021171015898 -0.05448893307499980132 -2.3073092048113093 0.11284137448022445172 
0.12500000000000008327 0.22047726124088173894 -0.40718787295307778962 -2.3299954016705357596 0.059979384170259462949 
0.15000000000000010547 0.21809414428003970343 -2.0839080168794357206 -2.3447922290351508323 0.056636848481000423572 
0.17500000000000012768 0.30143829393323112731 -2.6854610929325559709 -2.3602479640952691575 0.057411437699667521029 
0.20000000000000014988 0.23055843893112951126 -1.5802852290077318287 -2.3741296525034627507 0.033092995426249827151 
0.22500000000000017208 0.21135359477949303142 -2.096677228299379081 -2.3828596253602936095 0.04156703410879198507 
0.25000000000000016653 0.26353979937229499164 -1.6588746755042700354 -2.397457169462157367 0.059749496460549389454 
0.27500000000000018874 0.30970193091286291054 -0.049549592214205850915 -2.4129794801304953467 0.055215464056270473214 
0.30000000000000021094 0.36695637053557239593 0.21590823678511061878 -2.4258200146061885683 0.028988187801709742325 
0.32500000000000023315 0.33046127191615465302 0.68505641040013398602 -2.4342473424489821099 0.035410975551059237221 
0.35000000000000025535 0.31219177063217423695 -0.15371120489393375053 -2.4435452183545702809 0.03509032154942581111 
0.37500000000000027756 0.27769358449943454259 -1.709655479852863591 -2.451445945875540211 0.020792871409591497101 
0.40000000000000029976 0.22801768845119738116 -1.7215521791011858532 -2.4564680054372929341 0.016987261519229052142 
0.42500000000000032196 0.2866709841724630059 -1.5564374757255063919 -2.4619714652604325344 0.018073444090293995512 
0.45000000000000034417 0.31872472110889749075 -0.85841765000287517662 -2.46639724129623783 0.021466006605493720416 
0.47500000000000036637 0.31651934360340711061 -0.43289509209396759282 -2.472761625099052285 0.01907515432688707685 
0.50000000000000033307 0.34853952149305372776 -0.88501642084245757403 -2.4768985525872668774 0.014079413137188303076 
0.52500000000000035527 0.34372037750659922839 -0.86278600551088713289 -2.4806406045919868752 0.010803882464995273952 
0.55000000000000037748 0.34320861573780320208 -1.0433460956211826343 -2.4836567980267618694 0.013316698119041125992 
0.57500000000000039968 0.34146950850543800193 -1.33568673142148997 -2.4867536231578437622 0.0090217587974543936996 
0.60000000000000042188 0.30333739730137870838 -1.267302006110667234 -2.4898650640533488421 0.011505838706474310479 
0.62500000000000044409 0.29942955610236088315 -1.4776470523181450822 -2.492425623834260584 0.0093436583728463036558 
0.65000000000000046629 0.29926405897746022333 -1.4474121575892682223 -2.495796211472931958 0.015538099482474310165 
0.6750000000000004885 0.26836411869713344691 -1.3235845492743480989 -2.5010878123490107861 0.02284610051233670544 
0.7000000000000005107 0.26143541611614390385 -1.6486964686512171063 -2.5071715641311720368 0.016446496621248703207 
0.72500000000000053291 0.26627561426742796247 -1.9290418582593145125 -2.5099412799858185075 0.0081386565661483688261 
0.75000000000000055511 0.25998394984463957247 -2.0063475079772663534 -2.5122875724125171004 0.0072376349277142116093 
0.77500000000000057732 0.25738156563474062777 -2.0422680722833814748 -2.5143234642598262241 0.0080722358418224629539 
0.80000000000000059952 0.25333863135505702013 -1.7577288260235683914 -2.5164537055676130528 0.0083742958979811411846 
0.82500000000000062172 0.26749717721437066276 -1.4304097570905058845 -2.5193811070526264118 0.011741898755451099859 
0.85000000000000064393 0.28929930141971177404 -1.4293458208512952456 -2.5217695817757377341 0.0049791393405333875602 
0.87500000000000066613 0.27741421237538421707 -1.3447601666136710374 -2.5228618459940399532 0.0037130700602220406345 
0.90000000000000068834 0.26182039331455886355 -1.4364044820979522399 -2.5241312619108207116 0.0059125538609713776048 
0.92500000000000071054 0.26662693236506640471 -1.674379102301640998 -2.5257425448994501593 0.0050838261308426679203 
0.95000000000000073275 0.27301235304738380449 -1.7328511896710043771 -2.5269553688687116377 0.0037890210955343816765 
0.97500000000000075495 0.27402378838434560127 -1.635400500693714898 -2.527708979964177427 0.0019207278121128894179 
1.0000000000000006661 0.27277554210233173615 -1.4779331381035303306 -2.5283458692459204187 0.0027131990525194838934 
1.0249999999999979128 0.27199851671363711736 -1.4595706777150350142 -2.5291781918091991166 0.0034835244392188596287 
1.0499999999999951594 0.27401901035413145369 -1.5832819177481451955 -2.5300312515543943448 0.0022153190183777761793 
1.0749999999999924061 0.27095583821961793936 -1.4927267491671383226 -2.5305102460445265677 0.0015530061166184464579 
1.0999999999999896527 0.26993272815041896573 -1.4001233859967805451 -2.5308840392611609005 0.001147309261914715179 
1.1249999999999868994 0.27503978931589878609 -1.5361537546418579936 -2.5312569035341234702 0.001812867636884393438 
1.149999999999984146 0.27352672113512194185 -1.6183746467828736826 -2.5317912191748179751 0.001610959184750913268 
1.1749999999999813927 0.27067264643045324535 -1.5788761332859646558 -2.5321130468603461061 0.00086805667009650982688 
1.1999999999999786393 0.27385300833881404126 -1.5045620173553935217 -2.5322824578374536486 0.00055936851366559018055 
1.224999999999975886 0.2759553976384144236 -1.4411604365671015771 -2.5325347014398249534 0.0011842060399737334552 
1.2499999999999731326 0.27509877441521396468 -1.4793839796033529943 -2.5328327006122961507 0.00083393215528160583548 
1.2749999999999703792 0.27231932800023617158 -1.5258372322513542585 -2.5329960222543599357 0.00047422561158610120058 
1.2999999999999676259 0.26996441261271902912 -1.5531491934793577592 -2.5331145487787236625 0.0004104162370567452007 
1.3249999999999648725 0.27127302109504669581 -1.5891451032307362112 -2.5332616932449125713 0.00061905676282710962906 
1.3499999999999621192 0.27385311606272116913 -1.5281200134221810671 -2.5334168737343425448 0.00049112595295090050694 
1.3749999999999593658 0.27649814490370172582 -1.4739999823651526167 -2.5335204095518295553 0.00027758579544150086774 
1.3999999999999566125 0.27638151428542284682 -1.513258373006376889 -2.5335965323556952633 0.00027097590173264435092 
1.4249999999999538591 0.27225044710535356574 -1.5360442599983668011 -2.5336742768864861652 0.00032407399136677331273 
1.4499999999999511058 0.27099379142577967317 -1.5291510429286767625 -2.5337633768137037826 0.00028629401115624490736 
1.4749999999999483524 0.27308522057741663192 -1.5087860043369560881 -2.5338264911299344107 0.00017046763410979380018 
1.4999999999999455991 0.27359903368382237909 -1.494449409740221224 -2.5338664903450522914 0.00013355766398128607266 
1.5249999999999428457 0.27387067526890973568 -1.5180559295931761454 -2.5339095818963595086 0.00020831860345682791749 
1.5499999999999400924 0.27442164497845172866 -1.5408982130884907313 -2.533967627373475473 0.00015911552885129406649 
1.574999999999937339 0.27428403516256139039 -1.5468312570505498016 -2.5339985311363073528 8.8424030382518176022e-005 
1.5999999999999345857 0.27407166332019150534 -1.5452666528135221569 -2.5340213575399763712 8.9656527361930773187e-005 
1.6249999999999318323 0.27324575859174526915 -1.5122942621614510195 -2.5340516606309417824 0.0001230470971759147652 
1.649999999999929079 0.27319742157188547926 -1.4798586393895130087 -2.5340816108558250619 8.0296014125412392684e-005 
1.6749999999999263256 0.27389723943837507303 -1.5023641243173913029 -2.5340978022573179551 5.2025321653979870009e-005 
1.6999999999999235722 0.27292535766694869803 -1.5296720814436941538 -2.5341126341242925513 5.5668673612800734858e-005 
1.7249999999999208189 0.27276545534430424178 -1.5242173986137399488 -2.5341301742523212326 6.8395836679872314915e-005 
1.7499999999999180655 0.27427641907184135972 -1.5275547704877745492 -2.5341470904024951949 5.0662276979269439366e-005 
1.7749999999999153122 0.27443880382908031335 -1.5355683872173246929 -2.534157072390695209 2.5953945091848409379e-005 
1.7999999999999125588 0.27428596569005148087 -1.5305681206866537103 -2.5341648873732900427 3.1962119160206126512e-005 
1.8249999999999098055 0.27417846359193104311 -1.5199774926154421273 -2.5341749182384103456 4.094127662217446654e-005 
1.8499999999999070521 0.27331475368929603054 -1.508050672935829617 -2.5341853466109647286 3.0306271398164583223e-005 
1.8749999999999042988 0.27328943370281083558 -1.5106709709979120326 -2.5341909610958563981 1.270198462365206578e-005 
1.8999999999999015454 0.27343523366717925605 -1.5114817645651394962 -2.5341949932147720403 1.9116295861760093866e-005 
1.9249999999998987921 0.27320969649363152643 -1.5097946325513444954 -2.5342009195858348214 2.3421282932697668042e-005 
1.9499999999998960387 0.27383833328463741408 -1.5319505216246216417 -2.5342071575863798216 1.7606450802235263352e-005 
1.9749999999998932854 0.27412055523634071275 -1.5397241324143600139 -2.5342101377110628491 7.2155612796096644981e-006 
1.999999999999890532 0.27389731653749210816 -1.5229754994579178806 -2.5342125560224748604 1.1701621525025810745e-005 
2.0249999999998880007 0.27411846835808889589 -1.518679848557549672 -2.5342162735734086176 1.3241621656987247587e-005 
2.0499999999998852473 0.27382631123170120269 -1.516163550120440906 -2.5342193689596013151 8.7781445274697849311e-006 
2.074999999999882494 0.27346807906413489464 -1.510200974035404542 -2.5342212361040066249 6.1284542934784177253e-006 
2.0999999999998797406 0.27353985461959778869 -1.513689704102284983 -2.5342229963221640787 6.3489948869012286423e-006 
2.1249999999998769873 0.27335216773052967154 -1.5219973820837777723 -2.5342247169030538423 5.8778760863696578293e-006 
2.1499999999998742339 0.27371508869904487282 -1.5282871515364482295 -2.5342264276763915021 6.9386489474045418132e-006 
2.1749999999998714806 0.27424482988521575733 -1.5249853392469261415 -2.5342279381193812959 3.2743611807699454765e-006 
2.1999999999998687272 0.27377732198675808206 -1.5181704149273800297 -2.5342287248609260963 2.9861304756888531389e-006 
2.2249999999998659739 0.27352651549663042907 -1.5192726810537302562 -2.5342295840100921289 3.6267500376516996015e-006 
2.2499999999998632205 0.27385403126634427773 -1.5204427011269747716 -2.5342307563696628847 4.2685086862077706597e-006 
2.2749999999998604672 0.27385132779083104504 -1.5183342262012837764 -2.534231563749413052 1.5663245921213099351e-006 
2.2999999999998577138 0.27371743762894795715 -1.5194000877778643943 -2.5342320177970965034 1.9945776932936788229e-006 
2.3249999999998549605 0.27354702048802764791 -1.5196041218023403907 -2.5342325355126100739 2.0080056178325588762e-006 
2.3499999999998522071 0.27351606114054327623 -1.5184445385668983164 -2.5342331794163488468 2.1730480566440330665e-006 
2.3749999999998494538 0.27384714677001864569 -1.5223472088039671224 -2.5342336194696692964 1.2100081003335277033e-006 
2.3999999999998467004 0.27389727077366465835 -1.5240653160413428768 -2.5342339453907603009 1.1921510523218664805e-006 
2.4249999999998439471 0.27379471361302609722 -1.5197244615987846039 -2.5342342291177617497 9.4811094839687822256e-007 
2.4499999999998411937 0.27393171105795655063 -1.5184517917698971967 -2.5342345668960675198 1.3404681194593465937e-006 
2.4749999999998384403 0.27376601240789988356 -1.5191476236588401516 -2.5342348407593817683 7.2449753347928804135e-007 
2.499999999999835687 0.2734782805165759112 -1.518812546844830802 -2.5342350309055015067 6.3922380444047471917e-007 
2.5249999999998329336 0.27356477416487046117 -1.5200595452022223064 -2.5342351904143698427 5.7623592950033609483e-007 
2.5499999999998301803 0.27373396006784728174 -1.5215710927007788378 -2.5342353844103873151 7.6599536674949602007e-007 
2.5749999999998274269 0.2738444062446404037 -1.5224854566219321317 -2.5342355438191797035 4.1996992907768279626e-007 
2.5999999999998246736 0.27384657190088013134 -1.5205690443675994317 -2.534235654012725103 3.4334208362636941787e-007 
2.6249999999998219202 0.27372852063915137366 -1.5176997396183606881 -2.5342357407125533086 3.7079004750854255278e-007 
2.6499999999998191669 0.27377775863465514394 -1.5196506776142806316 -2.5342358603356172075 4.240232577310801359e-007 
2.6749999999998164135 0.27384115977546585885 -1.5212442046540581853 -2.53423594769818461 2.1967793434859380442e-007 
2.6999999999998136602 0.27370896988029114194 -1.519472281594087093 -2.5342360064524109831 2.2816140827940427164e-007 
2.7249999999998109068 0.27363688465758101431 -1.5194823413625799802 -2.5342360687094211968 2.2663813140945148458e-007 
2.7499999999998081535 0.27365867272805871613 -1.5207221880226526878 -2.5342361294118602721 1.91803727471388662e-007 
2.7749999999998054001 0.27368573775628662892 -1.5212811501334124742 -2.5342361764049718964 1.6343338430792614405e-007 
2.7999999999998026468 0.27376478645895369057 -1.521168922792706546 -2.534236217983672379 1.3488068550447730953e-007 
2.8249999999997998934 0.27381884409551660031 -1.5200927555557894877 -2.5342362506721287652 1.0760308004878030958e-007 
2.84999999999979714 0.27382793760339890765 -1.5191929759214359841 -2.5342362840280530101 1.3107158527889036318e-007 
2.8749999999997943867 0.27380464323400882654 -1.5188858226742394386 -2.5342363151094646767 8.9187211621027087789e-008 
2.8999999999997916333 0.27370876814607847383 -1.5193680958514066415 -2.5342363347067724533 6.2331586751201094396e-008 
2.92499999999978888 0.2736555646961614241 -1.5208910313329428998 -2.5342363548751749569 8.1001755996183654642e-008 
2.9499999999997861266 0.2736925248818120604 -1.5216930933476395804 -2.5342363763872515214 7.4093291041972200344e-008 
2.9749999999997833733 0.27372171030300207484 -1.5209163014298772154 -2.5342363920023425194 3.7484962897670868745e-008 
2.9999999999997806199 0.27375052620948192583 -1.5200420785333084162 -2.5342364032006967633 4.8230869437133419782e-008 
3.0249999999997778666 0.27378358884391640338 -1.5196254118628078622 -2.5342364162799788652 4.4662932222684186736e-008 
3.0499999999997751132 0.27378232034308902509 -1.5192943415586430689 -2.5342364275560878006 3.7652626621379266923e-008 
3.0749999999997723599 0.27376558345792506577 -1.5195969037988596995 -2.5342364365117591163 2.5475165314364632796e-008 
3.0999999999997696065 0.27373689349952978755 -1.5203616312561827328 -2.5342364437297879576 2.9369816020540190165e-008 
3.1249999999997668532 0.27370621677713086184 -1.5207950007158661521 -2.5342364509574109022 2.2840966163719568816e-008 
3.1499999999997640998 0.27370252252541643623 -1.5208349696775012028 -2.5342364570629283271 2.0381111182448340492e-008 
3.1749999999997613465 0.27372115594784246495 -1.5204078198365129637 -2.5342364624158584263 1.8807725666361025164e-008 
3.1999999999997585931 0.27375699966259497975 -1.5199898636947524189 -2.5342364670035957275 1.5196264432538735061e-008 
3.2249999999997558398 0.27378203816712670671 -1.519846803332853824 -2.5342364707014528591 1.0847374967846895555e-008 
3.2499999999997530864 0.27376767093364856587 -1.5196419545671870921 -2.5342364740239169407 1.4516154210775422373e-008 
3.274999999999750333 0.27374154526716537594 -1.5199317363313964435 -2.534236477885196237 1.1499150646692635926e-008 
3.2999999999997475797 0.2737208188076236115 -1.5204837282009548982 -2.5342364799802297171 5.5470976538992521484e-009 
3.3249999999997448263 0.27371220206504492944 -1.5205272039917738791 -2.5342364819667704268 8.1124196880150627193e-009 
3.349999999999742073 0.27373031277960530039 -1.5204535461196002633 -2.5342364842613807063 9.0392456291022318872e-009 
3.3749999999997393196 0.27375043654037206631 -1.5203174841459392574 -2.5342364863480830728 5.1659258718944940035e-009 
3.3999999999997365663 0.27375475550295291782 -1.5200410531318402363 -2.5342364875448901707 4.3043480441467228801e-009 
3.4249999999997338129 0.27375321895484466816 -1.5198964836257666811 -2.534236488738324411 4.1555606114973794028e-009 
3.4499999999997310596 0.27374711941292967365 -1.519889522927380332 -2.5342364899168008385 4.8094741092405189979e-009 
3.4749999999997283062 0.27374254654660923336 -1.5201388545397831464 -2.5342364912073689354 3.7560024849602242571e-009 
3.4999999999997255529 0.27373646539296103697 -1.5204025579195354911 -2.5342364920043056742 2.3730149842475663585e-009 
3.5249999999997227995 0.27372658502434776828 -1.5203682159343856473 -2.5342364925660274544 1.9962969710819871572e-009 
3.5499999999997200462 0.27373239243115349284 -1.5203072461381266223 -2.5342364932305097014 2.7845937004171266459e-009 
3.5749999999997172928 0.27374593206102904031 -1.5202234290485474588 -2.5342364940309654031 2.5736959403435517066e-009 
3.5999999999997145395 0.27374897140572768128 -1.5200314070501983466 -2.5342364944872923793 1.0621880903938777658e-009 
3.6249999999997117861 0.2737490222857651978 -1.5200040916269730307 -2.5342364947943227804 1.182342246251053648e-009 
3.6499999999997090327 0.27374443938579162694 -1.5201520201296101487 -2.5342364951803162398 1.7195115392382074204e-009 
3.6749999999997062794 0.27373711571461645242 -1.5202439305033506045 -2.5342364956480736282 1.3311036866447016793e-009 
3.699999999999703526 0.27373779761707356384 -1.5202396842733072457 -2.5342364958867298341 6.9492754143954159252e-010 
3.7249999999997007727 0.27373828316125953242 -1.5202019429024740127 -2.5342364961040733107 7.2140863137382146379e-010 
3.7499999999996980193 0.27373922820323115523 -1.5201934487898993709 -2.5342364963006986933 9.1615157089450117127e-010 
3.774999999999695266 0.27374539221897392638 -1.5202318514754493695 -2.5342364965601364979 7.3768467881326883521e-010 
3.7999999999996925126 0.27374468715067828972 -1.520197110237994087 -2.5342364967222099637 5.3275773666181595299e-010 
3.8249999999996897593 0.27374050527449705905 -1.5201075675333104442 -2.5342364968418693572 3.2192312960095643597e-010 
3.8499999999996870059 0.27374139806622754811 -1.5201112802364145082 -2.5342364969435604571 5.0967605731304602117e-010 
3.8749999999996842526 0.27374138596969144199 -1.5201644117774479881 -2.5342364970974959881 4.7432735093931987299e-010 
3.8999999999996814992 0.27374074964742345362 -1.5202256234277067293 -2.5342364971974289389 2.9880821933430009385e-010 
3.9249999999996787459 0.27373974095218284175 -1.5202565958027696169 -2.5342364972592550387 1.7251357106599159741e-010 
3.9499999999996759925 0.27373846284517916461 -1.5201977039618446153 -2.5342364973241680026 3.0366262702438777814e-010 
3.9749999999996732392 0.27374294936321724725 -1.5201687530514664815 -2.5342364974085729301 2.7011821971064485475e-010 
3.9999999999996704858 0.27374607016257462844 -1.5201700958342350134 -2.5342364974638456054 1.5356129268081426687e-010 
4.0249999999996788347 0.27374256724850282163 -1.5201359303602579587 -2.5342364975021434148 1.2813459149986994407e-010 
4.0499999999996871836 0.2737408431094660588 -1.5201580850862432825 -2.5342364975441138419 1.7282089411375681478e-010 
4.0749999999996955324 0.27374019909884295121 -1.5202017228582822561 -2.5342364975873223898 1.3736442812054516135e-010 
4.0999999999997038813 0.27373869890881297184 -1.5202031506537192485 -2.5342364976176674496 8.825273710568587048e-011 
4.1249999999997122302 0.27374018350348605644 -1.5202005740121597999 -2.5342364976444207159 9.7873854649199839359e-011 
4.1499999999997205791 0.27374174717758287256 -1.5201917529720239131 -2.5342364976669728982 7.7822777075149232236e-011 
4.1749999999997289279 0.27374251413718897474 -1.5201884267593197553 -2.5342364976897489015 8.1496360722144839015e-011 
4.1999999999997372768 0.27374360810812176092 -1.5201797867088837624 -2.5342364977104985257 6.5459254058755500097e-011 
4.2249999999997456257 0.27374212382860441117 -1.5201501928484477677 -2.534236497724791537 3.947083432207929293e-011 
4.2499999999997539746 0.2737406949883536833 -1.5201556141859215998 -2.5342364977354421285 4.9532388313758722693e-011 
4.2749999999997623235 0.2737414151605033763 -1.5201885197689350981 -2.5342364977516655955 5.4007125645029054301e-011 
4.2999999999997706723 0.27374097058525831416 -1.5201996660316536847 -2.5342364977630493783 3.09862049945067463e-011 
4.3249999999997790212 0.27374027625312391532 -1.5202022835963555636 -2.5342364977694260553 2.2238337979549347942e-011 
4.3499999999997873701 0.27374065576974054848 -1.5202003210282879486 -2.534236497777524022 3.2800891134231725638e-011 
4.374999999999795719 0.27374121492624331475 -1.5201799449366020234 -2.534236497786305442 2.932096945113287969e-011 
4.3999999999998040678 0.27374246262895290949 -1.5201644179238231747 -2.5342364977923912406 1.5546911125700363771e-011 
4.4249999999998124167 0.27374282377834080471 -1.5201673146160969985 -2.5342364977964391137 1.6000418947595758345e-011 
4.4499999999998207656 0.27374171437244759764 -1.5201742637408095504 -2.5342364978011873156 1.7171169353260838322e-011 
4.4749999999998291145 0.27374127995242114597 -1.5201840489921001343 -2.5342364978060905045 1.8041643000826607048e-011 
4.4999999999998374633 0.27374088085114345326 -1.5201918269435621411 -2.5342364978096787453 7.9498438449462893397e-012 
4.5249999999998458122 0.27374035290968357081 -1.5201932248760274824 -2.5342364978120150987 9.3704311639450493438e-012 
4.5499999999998541611 0.27374107674254705147 -1.5201918198845678631 -2.5342364978145015542 9.9150536862315746243e-012 
4.57499999999986251 0.27374176875880240623 -1.5201801151367682063 -2.5342364978176310508 1.0939606795023959965e-011 
4.5999999999998708589 0.27374177874064409277 -1.5201723205597388322 -2.5342364978197160497 4.3960608798083070465e-012 
4.6249999999998792077 0.2737419206790606685 -1.5201780381318825697 -2.5342364978208600235 4.8128139611136382582e-012 
4.6499999999998875566 0.2737417940915636283 -1.520178998750206345 -2.5342364978223304028 6.1071658526996074728e-012 
4.6749999999998959055 0.27374142921236965798 -1.5201813844324036928 -2.5342364978242164497 6.3961847901664630029e-012 
4.6999999999999042544 0.27374112331469530046 -1.5201877737186881845 -2.5342364978254008356 2.5119488753406087542e-012 
4.7249999999999126032 0.273740832280857882 -1.5201860627835181994 -2.5342364978260074615 2.5893280595001114966e-012 
4.7499999999999209521 0.27374105248685315361 -1.52018402428867061 -2.5342364978269200648 3.7175309435144540126e-012 
4.774999999999929301 0.27374155467732302904 -1.520183153700534362 -2.5342364978279645626 3.5176942913976069693e-012 
4.7999999999999376499 0.2737417695254734662 -1.5201807247935197331 -2.5342364978286178179 1.4644786640611732215e-012 
4.8249999999999459988 0.27374182493003940131 -1.5201801902269069799 -2.5342364978290472521 1.7462858378079668991e-012 
4.8499999999999543476 0.27374161876495528567 -1.5201799202823962354 -2.5342364978295401912 1.7807438018959925928e-012 
4.8749999999999626965 0.27374129565503657613 -1.5201823814147075176 -2.5342364978300793155 2.1779161728376205173e-012 
4.8999999999999710454 0.27374125657057268857 -1.5201850158170528982 -2.5342364978305527146 1.0112701155111917391e-012 
4.9249999999999793943 0.27374123669778360757 -1.520182784544209742 -2.5342364978307698742 7.5283213911550519951e-013 
4.9499999999999877431 0.27374118094728266959 -1.520181925279660895 -2.5342364978309959156 1.0729354854219301378e-012 
4.974999999999996092 0.27374134960207524569 -1.5201835475705278711 -2.5342364978313747237 1.4020114649761439962e-012 
