0.025000000000000015266 0.59786954995803076596 0.00049981997469568384407 -2.2433815316596472655 0.041691784889327759833 
0.05000000000000003747 0.57229923968695317615 0.017587416779936165812 -2.2506572382572036517 0.061628659307675033585 
0.075000000000000052736 0.42589157151271439528 -0.01008711612071772068 -2.270155556813886033 0.10038804243917576198 
0.10000000000000007494 0.38466311752815646186 -0.054769256119784115455 -2.3030309045307344462 0.11540971593031171261 
0.12500000000000008327 0.21493541577963978795 -0.40473501247294740857 -2.3244890444180810185 0.062097993795335884593 
0.15000000000000010547 0.21480911273385314142 -2.130055940264846015 -2.3388785340882223274 0.060551512755317858649 
0.17500000000000012768 0.30133617487880043351 -2.7630142205740089167 -2.3540469800529679745 0.060914395220719806667 
0.20000000000000014988 0.22607905277492357232 -1.6158110891523405073 -2.3677963554565835125 0.03619579125419291471 
0.22500000000000017208 0.20703037072490523829 -2.1874006809565726961 -2.3768540145490026916 0.047584942458299257784 
0.25000000000000016653 0.26933782127732702749 -1.7960522740998989821 -2.3921747944166851241 0.06731494946763733056 
0.27500000000000018874 0.31428207784223533006 -0.13344234567150414783 -2.4078315284907816363 0.056086440969968509584 
0.30000000000000021094 0.34951293041419462249 -3.0949587073857811603 -2.4188637444044527314 0.029051907515060159531 
0.32500000000000023315 0.30615992480409814913 0.61663324693744170357 -2.4282552086738520281 0.042625714591492322447 
0.35000000000000025535 0.29552797794839036349 -0.068213964290388506839 -2.436842078097559483 0.028539092457154878468 
0.37500000000000027756 0.28334088660023309947 -1.378055896156328064 -2.4440801482254568278 0.028793094938089021373 
0.40000000000000029976 0.23989263022583007245 -1.2460343760787282452 -2.4507308350218393045 0.021222606364275944241 
0.42500000000000032196 0.27907205834267562183 -1.1088128238439982631 -2.4560964798121704966 0.020115493984823533402 
0.45000000000000034417 0.30986736961264876866 -0.71122831287939580758 -2.4609773484085892825 0.02242903602691566356 
0.47500000000000036637 0.29417993526945196425 -0.25036631717466895086 -2.4664415309800595821 0.017018141235707828773 
0.50000000000000033307 0.31407696044835486937 -0.20979970154955873696 -2.4702162373584433119 0.016072658678891110079 
0.52500000000000035527 0.32884463709073957771 -0.06084704431289689186 -2.4742664394283933049 0.011939747830566600426 
0.55000000000000037748 0.34604518824504759689 -0.32892507960086175833 -2.4768625799498300566 0.011441166316812559703 
0.57500000000000039968 0.34732387108733880909 -0.56630355655768749301 -2.4796648559840521742 0.011201200721660810669 
0.60000000000000042188 0.3046348274965637315 -0.60346967383168914623 -2.4831870038990175864 0.012960123562812753475 
0.62500000000000044409 0.29487523078347538386 -1.098044209467569976 -2.48545797288742909 0.0075087399414415292864 
0.65000000000000046629 0.29912581032947199722 -1.260246670401596214 -2.4876193219791562505 0.0088250261380574714087 
0.6750000000000004885 0.30330404003391725487 -1.0915999569369940758 -2.4896781543435353434 0.0077964122612087481679 
0.7000000000000005107 0.33169588914726438889 -1.0876527700246501063 -2.4915977689970034703 0.0063442484398971883686 
0.72500000000000053291 0.34894189075048431814 -0.98418620390509137241 -2.4932333279898766243 0.0075988621616060667008 
0.75000000000000055511 0.34735356968491420959 -1.0192938356837748515 -2.4949994190771400682 0.0054589425604642475426 
0.77500000000000057732 0.33590477608454299974 -1.0558848000230698361 -2.4964804413909491565 0.006899707163901746057 
0.80000000000000059952 0.31538504331325356578 -1.0441510448024269309 -2.4981646343023271584 0.0061201210328399530472 
0.82500000000000062172 0.30981877251646477989 -1.3601087309757589061 -2.4999672742650580481 0.0082334360068430992308 
0.85000000000000064393 0.29611752957961168242 -1.5770809429203755947 -2.5027942658272253063 0.01660735236694825534 
0.87500000000000066613 0.25309842776348068227 -1.5117730682015826371 -2.5083543301041095752 0.02171042867970657958 
0.90000000000000068834 0.23927541668306076539 -1.675620764783495531 -2.5118987767045544146 0.0086049193061383776049 
0.92500000000000071054 0.2676814716546926376 -2.0559927984987242944 -2.5141237240591989277 0.0079381784077362932406 
0.95000000000000073275 0.27391603713373613438 -2.1310605054331279717 -2.5154227444016665771 0.0040999587601743348389 
0.97500000000000075495 0.25244346643199594427 -1.864110338784570331 -2.5168941355257472559 0.006574018770696635032 
1.0000000000000006661 0.25091109072675210623 -1.5737572413180906938 -2.5188363910031918991 0.01009393840220489634 
1.0249999999999979128 0.27748982573126024231 -1.4930268450273405101 -2.5216271250855877284 0.0092510580197381012818 
1.0499999999999951594 0.29744987881874002111 -1.431648549325881703 -2.5231549868509608459 0.0036201174556297075272 
1.0749999999999924061 0.28444383088392555248 -1.2892779888609375849 -2.5238901196002845317 0.0035244668458815978096 
1.0999999999999896527 0.26160879999604130797 -1.3610676752973613901 -2.5251455623801022377 0.005431937244127495526 
1.1249999999999868994 0.26512814504605486388 -1.6181421897789549647 -2.5264757757884717115 0.0049416737833991048606 
1.149999999999984146 0.27405902240093121813 -1.7658155056819186957 -2.5275016264742551364 0.0030628509498617107615 
1.1749999999999813927 0.26901649523026038846 -1.6583331551132203252 -2.5281058408669117021 0.0018839547758305837718 
1.1999999999999786393 0.27008609570607416961 -1.5355017838447844181 -2.5286543109776080662 0.0028008406834567692312 
1.224999999999975886 0.27301595639076509103 -1.4470903326599549032 -2.5294922158001411638 0.0033326653192073847631 
1.2499999999999731326 0.27047125333338234432 -1.4223024149400074201 -2.5301661998878821613 0.0019682747968141089435 
1.2749999999999703792 0.2731181678761710474 -1.4915674390339617172 -2.5305912777147603343 0.0014625149871502754126 
1.2999999999999676259 0.27617875445646122845 -1.5293088063770179375 -2.5309090089625185804 0.0011666134620352118945 
1.3249999999999648725 0.27337594551545491006 -1.5533110693542280245 -2.5313121473709454534 0.0020628197699673481505 
1.3499999999999621192 0.27265665617606060778 -1.5785856489907867939 -2.5317904051191151282 0.0013580303068190244849 
1.3749999999999593658 0.27340279788138044381 -1.5028974263940797496 -2.5320440931889738323 0.00084233374085963905881 
1.3999999999999566125 0.2749438930027137129 -1.4341988372448835065 -2.5322456385163212289 0.00082004558094810736917 
1.4249999999999538591 0.27477990913580835342 -1.4989016069824256938 -2.5324915376699950187 0.0010653624101665539695 
1.4499999999999511058 0.26918503970717011509 -1.5590056075572711336 -2.5327479576437053055 0.00086920298700798393279 
1.4749999999999483524 0.26849483387477035556 -1.5547449374443678138 -2.5329194890684245678 0.00052595318837551376621 
1.4999999999999455991 0.27245153533422339365 -1.5527513709314142432 -2.533043394530256176 0.00049113848498280837478 
1.5249999999999428457 0.27427336637729671232 -1.5287822737986682675 -2.5331849556158103631 0.00062267180047558792939 
1.5499999999999400924 0.27790652243344043937 -1.5054257780776421072 -2.5333350350083674307 0.00049861372483011635621 
1.574999999999937339 0.27783938478064468258 -1.5065814693212917774 -2.5334426887431438224 0.00038274506864992443146 
1.5999999999999345857 0.27216995072746474893 -1.5102831608603561886 -2.5335241549954989893 0.00026049268471698479744 
1.6249999999999318323 0.27080913871030226625 -1.5213542379606783683 -2.5336044041636314184 0.00039229904077587820404 
1.649999999999929079 0.2726166448967099476 -1.5034085421384975056 -2.5336956533830274907 0.00027974269841033496927 
1.6749999999999263256 0.27320950584267628125 -1.5074354847040547511 -2.5337542408668407568 0.00021636094997978396024 
1.6999999999999235722 0.27324362904806875907 -1.5598689486483254818 -2.5338093180925396197 0.00019944174290064114064 
1.7249999999999208189 0.27257408735178212389 -1.542614216964866003 -2.5338583096798754646 0.00020711060004112322131 
1.7499999999999180655 0.27384677005156493612 -1.5074246944878519905 -2.5339091880160751202 0.00016693602023143096691 
1.7749999999999153122 0.27594560494184888766 -1.5278172351626113645 -2.5339455188895572135 0.00014134556201695746419 
1.7999999999999125588 0.27485411168429635387 -1.528121946808022269 -2.533980616684558651 0.00011820413287344299713 
1.8249999999999098055 0.27333069835353707155 -1.5070037322159386406 -2.5340090015181431227 0.00012378875017778214569 
1.8499999999999070521 0.27293815811837496277 -1.5030774780342004426 -2.5340407385574539312 0.00010773020003223638058 
1.8749999999999042988 0.27229539129604651837 -1.5130996586199412235 -2.5340627354722879971 7.1278195430591202155e-005 
1.8999999999999015454 0.27282359109657755569 -1.5200805844858553684 -2.5340791668519861979 6.6969909262911791721e-005 
1.9249999999998987921 0.27398496220246387756 -1.5196950546422558492 -2.5341002896779132314 9.4083018623163788829e-005 
1.9499999999998960387 0.27446983356585019642 -1.5360538515483899147 -2.5341209127409163315 5.7821872452760109476e-005 
1.9749999999998932854 0.27482419395536511475 -1.5454165646538500223 -2.5341305866143888359 3.1931454995703226533e-005 
1.999999999999890532 0.2741078461277434708 -1.5207379527984143941 -2.5341415175286545747 5.0951398842278066098e-005 
2.0249999999998880007 0.27297792412028837328 -1.5075145484449103961 -2.534154899538317629 5.5488859284025384777e-005 
2.0499999999998852473 0.27309787561831083691 -1.5157226859896826276 -2.5341676199063560837 3.4930010177435729952e-005 
2.074999999999882494 0.27341223663656766263 -1.5090228728060925967 -2.5341725987102377005 1.4639108034758766477e-005 
2.0999999999998797406 0.27354659160679123397 -1.5037387128962662608 -2.5341787755777676061 3.3920210280410550204e-005 
2.1249999999998769873 0.27390135327655501518 -1.5250871585999565827 -2.5341880379097658782 3.4601521940104230999e-005 
2.1499999999998742339 0.27396963114974737241 -1.5403539759709448109 -2.534194817346929085 1.7855351958864970326e-005 
2.1749999999998714806 0.27399721741325705482 -1.5314505369143478486 -2.5341980109788448949 1.0874438508003997941e-005 
2.1999999999998687272 0.27399195355522060202 -1.5211757361453412951 -2.5342020274778813693 2.096096507090204378e-005 
2.2249999999998659739 0.27379414934079843169 -1.5143312925518301881 -2.5342072060091562768 1.8008571804738572538e-005 
2.2499999999998632205 0.27386587576846577186 -1.510796868502108703 -2.5342113074052412536 1.3119067553387177733e-005 
2.2749999999998604672 0.27355626402084337601 -1.5144385194196297029 -2.5342135542159600625 7.1600694469307754746e-006 
2.2999999999998577138 0.27284099381876697477 -1.520928149772746707 -2.534215916798623347 1.020659958436112234e-005 
2.3249999999998549605 0.27314218689392283368 -1.525557791690256515 -2.5342184866028660828 1.1379065105583649722e-005 
2.3499999999998522071 0.27419595163777216174 -1.5225111247060443276 -2.5342214572870913614 9.2476060314900125273e-006 
2.3749999999998494538 0.27459748762570279634 -1.5205369136716568867 -2.5342228253152212503 3.7052639323406024793e-006 
2.3999999999998467004 0.27407326634908307783 -1.5226077769605952383 -2.5342241083168719484 5.9763195020994853719e-006 
2.4249999999998439471 0.27347187967170577538 -1.5177875439676964398 -2.5342256498578414892 6.3446272284957890098e-006 
2.4499999999998411937 0.27361507055995065718 -1.5176826851994440482 -2.5342273249228441934 6.1515566868626601798e-006 
2.4749999999998384403 0.27385865846083617958 -1.5231195367329612989 -2.5342283990484593126 2.5450525432040679212e-006 
2.499999999999835687 0.27345840297190632251 -1.5189135942935332313 -2.534229091988742244 3.1554997998061385322e-006 
2.5249999999998329336 0.27326552541471732516 -1.5162592877672755876 -2.5342299069282603341 3.5667254078561745815e-006 
2.5499999999998301803 0.27369406018172809381 -1.5221221407851688312 -2.5342309585364937163 3.9219029732668833242e-006 
2.5749999999998274269 0.27404194929750241849 -1.5241796794328910103 -2.5342316276480811865 1.7790058605883388252e-006 
2.5999999999998246736 0.27404254594316701521 -1.5195376429077607217 -2.5342320943099880814 1.7437732029812717064e-006 
2.6249999999998219202 0.27387338640340591622 -1.5170607207976449793 -2.5342325183208491701 2.0627502717375832626e-006 
2.6499999999998191669 0.27375364163805959716 -1.5213520898415948679 -2.5342331557179238466 2.3225069703374768552e-006 
2.6749999999998164135 0.27368515781033880829 -1.52318968606495031 -2.5342335557475452745 1.1446151232076117248e-006 
2.6999999999998136602 0.27352823210304239021 -1.5183930270436349907 -2.5342338634336321057 1.1947623342124105934e-006 
2.7249999999998109068 0.27355898970647307689 -1.5170347344874208773 -2.5342341288740630745 1.0558250629525249513e-006 
2.7499999999998081535 0.2737965461021302227 -1.5206011169351012491 -2.5342344577265798478 1.3480369996729603832e-006 
2.7749999999998054001 0.27381150875192961092 -1.5217355698995196356 -2.5342347263041107297 8.3311510500367079229e-007 
2.7999999999998026468 0.2737200156824081132 -1.5209909622211661429 -2.5342349249985343107 6.9175817663901679214e-007 
2.8249999999997998934 0.27379250602558624639 -1.5213013954608851641 -2.5342350799507102899 6.2946086154003038144e-007 
2.84999999999979714 0.27388208305285755007 -1.5203927153798422189 -2.5342352611617817715 7.2331240636900654416e-007 
2.8749999999997943867 0.27383553639874430585 -1.5187101487848071457 -2.5342354295891640348 6.0604060556763967563e-007 
2.8999999999997916333 0.27365114343529622909 -1.5188162118101855569 -2.5342355569475101262 3.7937316687573644379e-007 
2.92499999999978888 0.27355483436197214342 -1.5195955736009048032 -2.5342356447428047161 3.7305424826852799912e-007 
2.9499999999997861266 0.2736897766645841612 -1.5206388433676454319 -2.5342357552578320679 4.6515087320629031804e-007 
2.9749999999997833733 0.27377923984433366611 -1.5214345192134430818 -2.5342358569076699482 3.1061575682989415724e-007 
2.9999999999997806199 0.27376066594871134585 -1.5211700930852152247 -2.5342359251674757559 2.5140899344413701354e-007 
3.0249999999997778666 0.27381167410508383542 -1.5207848526968690273 -2.5342359861230909779 2.4556012265048821864e-007 
3.0499999999997751132 0.27382438006243792206 -1.5195219530485171155 -2.5342360583521124084 2.8840123283492824821e-007 
3.0749999999997723599 0.27375662466240968662 -1.5184935394225151928 -2.5342361098475594261 1.2795697511329232517e-007 
3.0999999999997696065 0.27371130964186446421 -1.5194345238932656095 -2.5342361470557994707 1.8455669274218050947e-007 
3.1249999999997668532 0.27367187546404986298 -1.5204745050186134758 -2.5342361953688241627 1.7401012246185964371e-007 
3.1499999999997640998 0.27366867589318660814 -1.5212632645024530831 -2.5342362341863240438 1.3650050148181775364e-007 
3.1749999999997613465 0.27371405852859764796 -1.5214618206098351472 -2.534236262777628923 8.8612086902689371843e-008 
3.1999999999997585931 0.27376086592977705303 -1.5202508383025830074 -2.5342362870601506941 1.1280085342052941344e-007 
3.2249999999997558398 0.27381681302699945046 -1.5193758405421289304 -2.5342363158335645679 1.0242998178612597969e-007 
3.2499999999997530864 0.27381944563293975081 -1.5192028134884416612 -2.5342363398318972223 8.6295000627108776294e-008 
3.274999999999750333 0.27375816123991608686 -1.5194862014473533574 -2.5342363560023937197 4.6185446071717581042e-008 
3.2999999999997475797 0.27371957421678477784 -1.5205623417660312224 -2.5342363713849471729 7.5374470593432111441e-008 
3.3249999999997448263 0.27367735715381108497 -1.5211612190893708529 -2.5342363883452843076 5.5963692190010710703e-008 
3.349999999999742073 0.27365542750418225815 -1.5208448491595478735 -2.5342364023783434668 5.2831497795293211545e-008 
3.3749999999997393196 0.27372851665642961017 -1.5203127374392084725 -2.5342364131239656366 3.2752253313407053288e-008 
3.3999999999997365663 0.27380014850347145217 -1.5197312678525802809 -2.5342364217210775479 3.8702898825530784066e-008 
3.4249999999997338129 0.27380214976718203479 -1.5194572470610094861 -2.534236431660120914 3.5554359981523409806e-008 
3.4499999999997310596 0.27377651625667753787 -1.5197173840680107126 -2.5342364402549573121 3.3988809541574479387e-008 
3.4749999999997283062 0.27373055163732584738 -1.5201757780072793214 -2.5342364475753447195 1.9844435373293149151e-008 
3.4999999999997255529 0.27369720708101602513 -1.520580017713705212 -2.5342364518550541952 2.0016071598217629293e-008 
3.5249999999997227995 0.27370841516250615788 -1.5207572442521533063 -2.5342364576773195317 2.2433395153350745709e-008 
3.5499999999997200462 0.27373640005709620748 -1.5205329705199610579 -2.5342364633321112777 2.1936362171865636879e-008 
3.5749999999997172928 0.27376044643917568644 -1.5202007492376257147 -2.5342364676731472528 1.1980832176681387435e-008 
3.5999999999997145395 0.27375738673175881166 -1.519910248539529718 -2.5342364704702009526 1.1080394293554447115e-008 
3.6249999999997117861 0.2737381889015418901 -1.5195961300422271556 -2.5342364733510911456 1.2291494493616934559e-008 
3.6499999999997090327 0.2737482552921301493 -1.5197816089529756489 -2.5342364769782173006 1.5111369955769485601e-008 
3.6749999999997062794 0.27375622016267509018 -1.5203451953345514802 -2.5342364799551426735 7.1882764152274281102e-009 
3.699999999999703526 0.27373190880647862988 -1.5205755486984502411 -2.5342364813094073739 5.7486451199372076561e-009 
3.7249999999997007727 0.27371838689695171531 -1.5205169302719663271 -2.5342364831449053497 7.737806990476192382e-009 
3.7499999999996980193 0.27373029020857914118 -1.5203008565997735424 -2.5342364851946133086 8.8228267499146771686e-009 
3.774999999999695266 0.27375046890269022493 -1.5200948965305203231 -2.5342364870912934549 4.6630754287034015258e-009 
3.7999999999996925126 0.27376204271283238745 -1.5200209524408787587 -2.5342364879449554849 3.7168490946095139262e-009 
3.8249999999996897593 0.27374881992337168901 -1.519915658616453058 -2.5342364890447455217 4.251536603568985043e-009 
3.8499999999996870059 0.27373364469952682354 -1.5200534524538096282 -2.5342364901621299289 4.8718753607898279718e-009 
3.8749999999996842526 0.27373568602011072448 -1.5203444031704833606 -2.5342364913122468195 3.5828512368501206617e-009 
3.8999999999996814992 0.27373673645696511292 -1.5203047054062399646 -2.5342364920144495599 2.2939886060518893395e-009 
3.9249999999996787459 0.27373628122932758266 -1.5201795017267321075 -2.5342364925247657936 1.7986197348844320089e-009 
3.9499999999996759925 0.27374231834525908358 -1.5202198497033529989 -2.5342364931454404164 3.3471761808440641521e-009 
3.9749999999996732392 0.27374738130905751365 -1.5202622373781591314 -2.5342364939556407677 2.2931798849136691652e-009 
3.9999999999996704858 0.27374799338857730424 -1.5201958178440728719 -2.5342364943423643098 1.2386700619301956459e-009 
4.0249999999996788347 0.27374279341194385218 -1.520068171418953229 -2.534236494638319126 1.0520648379467028381e-009 
4.0499999999996871836 0.27373741813487850738 -1.5200705573289003958 -2.5342364950096269993 2.0222157278347181335e-009 
4.0749999999996955324 0.27373889262823791757 -1.5201850880067238059 -2.5342364954931517751 1.3790888665061859334e-009 
4.0999999999997038813 0.27373921944587203958 -1.5202266244884445889 -2.5342364957338334719 7.5794339751625043679e-010 
4.1249999999997122302 0.27373834670575114547 -1.5202234964617533652 -2.5342364959196883589 7.3243622221048149292e-010 
4.1499999999997205791 0.27374324633992969114 -1.5202348383318105007 -2.5342364961463861306 1.0698575997523743071e-009 
4.1749999999997289279 0.2737465664524471598 -1.5202052256162610355 -2.534236496409925099 8.4314094841633401306e-010 
4.1999999999997372768 0.27374399141690586301 -1.5201509154022057047 -2.534236496563701202 4.8914253605140316864e-010 
4.2249999999997456257 0.27374017876232575874 -1.5201341067172218224 -2.5342364966918968783 5.0911427137164062054e-010 
4.2499999999997539746 0.27373817697644459157 -1.5201435721840934612 -2.5342364968308594975 5.8488183322321579232e-010 
4.2749999999997623235 0.27374004647011862534 -1.5201864687968211776 -2.5342364969627166893 4.2417019546311607505e-010 
4.2999999999997706723 0.27374184867426332168 -1.5202334266035351096 -2.5342364970665873791 4.1664718590936036083e-010 
4.3249999999997790212 0.27374053490175176417 -1.520207305622966798 -2.5342364971558613007 2.716916481466055003e-010 
4.3499999999997873701 0.27374125799572607276 -1.5201764354666726931 -2.534236497228014251 3.2315014164192598002e-010 
4.374999999999795719 0.27374381808015485484 -1.5201828435370883241 -2.5342364973095388159 2.9257581079398103117e-010 
4.3999999999998040678 0.27374374707675541707 -1.5201694632913418381 -2.5342364973713080722 2.0155967684391873524e-010 
4.4249999999998124167 0.27374172631850324233 -1.5201563435003961899 -2.534236497424387391 2.1585961266240861315e-010 
4.4499999999998207656 0.27374000062875541994 -1.520158158326760045 -2.5342364974718885051 1.6916198981579141318e-010 
4.4749999999998291145 0.27374008480020711742 -1.5201809592439805563 -2.5342364975182993803 1.7685279252908723267e-010 
4.4999999999998374633 0.27374043942345205327 -1.5202161943357801466 -2.5342364975538180794 1.1998089979027787939e-010 
4.5249999999998458122 0.27373953868888650787 -1.5202177891512254071 -2.5342364975872428978 1.3063812621980682509e-010 
4.5499999999998541611 0.27374086496229954601 -1.5202076557484200947 -2.5342364976160940415 1.0997129625805216988e-010 
4.57499999999986251 0.27374393152836734577 -1.5201790307638283206 -2.5342364976448905622 1.0143429793410982175e-010 
4.5999999999998708589 0.27374422661651665045 -1.5201274817484913271 -2.5342364976652271835 6.7999321964114895879e-011 
4.6249999999998792077 0.27374256237369282152 -1.5201349910186414682 -2.5342364976833100521 7.5383975613219376869e-011 
4.6499999999998875566 0.27374081810802119996 -1.5201875783786369389 -2.5342364977029210316 7.8383383135585461561e-011 
4.6749999999998959055 0.27373942894201519493 -1.5202136414644811246 -2.5342364977217313182 5.9854346819433374875e-011 
4.6999999999999042544 0.27373961789678696865 -1.5202134433251397461 -2.534236497731308102 2.8295967419616491651e-011 
4.7249999999999126032 0.27374073242909668924 -1.5201983440460353769 -2.5342364977423699202 5.415149551603325056e-011 
4.7499999999999209521 0.27374175344854834169 -1.5201779598489288947 -2.5342364977548701432 4.641809558867967039e-011 
4.774999999999929301 0.27374240192234400304 -1.5201661217637782997 -2.5342364977665905457 3.7231612226631509951e-011 
4.7999999999999376499 0.27374214682138042765 -1.5201667603163477871 -2.5342364977719893382 1.478650344114939446e-011 
4.8249999999999459988 0.27374209297712265299 -1.5201759654411246547 -2.5342364977781905999 3.2075775759605040367e-011 
4.8499999999999543476 0.27374235387886686199 -1.5201817399330037617 -2.5342364977861793207 2.9400911982671806656e-011 
4.8749999999999626965 0.27374140653804318601 -1.5201839454804062512 -2.5342364977927807068 2.0816806990600883133e-011 
4.8999999999999710454 0.27374023928118929039 -1.5201909331934353453 -2.5342364977966616024 1.2252440082274659574e-011 
4.9249999999999793943 0.27374007450779408446 -1.5201935327046576241 -2.5342364978002778209 1.6389093548368107979e-011 
4.9499999999999877431 0.27374065686385401497 -1.520183652645954453 -2.5342364978044757962 1.6694922353059226376e-011 
4.974999999999996092 0.27374193792327150554 -1.5201783505570918287 -2.5342364978088314231 1.5291593725767796076e-011 
