0.025000000000000015266 0.59720189865297723664 0.00049521784440434771235 -2.2441984925504767645 0.041210289504947587857 
0.05000000000000003747 0.57206677832136465511 0.017409936649777413287 -2.2520086728452017866 0.06023055228849565762 
0.075000000000000052736 0.42797102569343714595 -0.0090657129760720045475 -2.2727621739742485119 0.097628199532219975265 
0.10000000000000007494 0.38836945729512195591 -0.054455553452189109365 -2.3077479330820480641 0.1125768973351982255 
0.12500000000000008327 0.22105368876712860882 -0.40740963676354491341 -2.3305598674313192653 0.059763987116461081417 
0.15000000000000010547 0.21843833163600770431 -2.0790791745701837634 -2.3453958016501101902 0.056243885571685317548 
0.17500000000000012768 0.30146016733023467404 -2.6774579733111703028 -2.3608780979769474762 0.057063236640766727692 
0.20000000000000014988 0.23104509884208246362 -1.5766121338927154838 -2.3747732643457553081 0.03280651383037964941 
0.22500000000000017208 0.21188798486259169396 -2.0873708749308139687 -2.3834751994324125945 0.041019137492330222383 
0.25000000000000016653 0.26312296882160385314 -1.6457137020649543757 -2.3979988196790431587 0.058960444591929325742 
0.27500000000000018874 0.30876324273070782089 -0.044363070901226042686 -2.4134267581912882683 0.054543530063198751578 
0.30000000000000021094 0.36757142131107689575 0.21146288030041404671 -2.426414670939400331 0.029451046180856362694 
0.32500000000000023315 0.33325051533518051938 0.67538482506208308287 -2.4347992545704646439 0.034684500435617909853 
0.35000000000000025535 0.31437280853299004457 -0.15958457688509342098 -2.4441402260668430024 0.035643680902258320642 
0.37500000000000027756 0.27752545681849494219 -1.7297248595877372512 -2.4521600843138773307 0.020301242821557964613 
0.40000000000000029976 0.22723658034671620487 -1.7563127185498423888 -2.4570346058694263469 0.016565174099344683739 
0.42500000000000032196 0.28773483919066045189 -1.5914289561400658535 -2.4625971824442403069 0.018227450692626809281 
0.45000000000000034417 0.31987856140461157217 -0.87051316550337776157 -2.4670015084683014628 0.021072040112222033964 
0.47500000000000036637 0.31827093312044263396 -0.44044341394665997846 -2.4733397898356588307 0.019018088708943826221 
0.50000000000000033307 0.35069452621968966177 -0.91767646407761116478 -2.4774920348634421607 0.013595204399808888743 
0.52500000000000035527 0.3432402389578205204 -0.8787694765463882618 -2.4811360304679586086 0.010765094125877214259 
0.55000000000000037748 0.34061593274402407472 -1.0513883883367727279 -2.4842056842656434767 0.013366135076860238134 
0.57500000000000039968 0.33895122207187278196 -1.3491152680587044088 -2.4872999444004890712 0.0087338729348177927825 
0.60000000000000042188 0.30232597139610606352 -1.2741871976692873414 -2.490316462626308347 0.011212625992525353941 
0.62500000000000044409 0.29915547782798762588 -1.4855968405632347107 -2.493001538065765299 0.010378444148706067116 
0.65000000000000046629 0.29577753213681928779 -1.4575923586729375714 -2.4968425532268812006 0.017749167645855511155 
0.6750000000000004885 0.25896210960462090478 -1.3446578138009053216 -2.5026801349700380506 0.022777885671274790413 
0.7000000000000005107 0.25819975710835602056 -1.7330223296523024068 -2.5081274634071877294 0.013368455339626819298 
0.72500000000000053291 0.27062730660131367744 -2.0136853397445895197 -2.5105390719658831067 0.0079619929855699409643 
0.75000000000000055511 0.25820642050599290629 -1.9868680834048937367 -2.512759439273012152 0.0067544451413440063578 
0.77500000000000057732 0.25667779821856628875 -1.990934585061708173 -2.5149043339150320975 0.0084454579658080359411 
0.80000000000000059952 0.25737965958145186951 -1.6957150778682681391 -2.5171524401595926079 0.0093024130978381063678 
0.82500000000000062172 0.27180983706090150465 -1.3900501129165347969 -2.520174405608383239 0.010541937722390880977 
0.85000000000000064393 0.29131395288231520802 -1.4129709260906264667 -2.5221433977039109386 0.0041268475356774003346 
0.87500000000000066613 0.27364672149688717973 -1.3430022571309603308 -2.5232379064034939908 0.0040606311619883822192 
0.90000000000000068834 0.25764636174828253745 -1.4657234127304903382 -2.5245851668002288193 0.0058566478448335733062 
0.92500000000000071054 0.26904886325022986382 -1.7231568535325896274 -2.5261283265922442887 0.0046677479570370250181 
0.95000000000000073275 0.27457095313041668394 -1.722984358218011991 -2.5272589179924747071 0.0035309772321035826949 
0.97500000000000075495 0.27277320560707157826 -1.5775224650160089013 -2.5279572970074219995 0.0018470042399497102383 
1.0000000000000006661 0.27373601658139301573 -1.462906385809864096 -2.5286068105433745501 0.0027811439828738216372 
1.0249999999999979128 0.27204331777035023476 -1.4584921787953710748 -2.5294596978672894139 0.0033448161133148831062 
1.0499999999999951594 0.2737187468594807771 -1.5845869948840189956 -2.5302380244486388783 0.0019633475708442323961 
1.0749999999999924061 0.27155346838472532722 -1.5188627792927646976 -2.5306734861841997386 0.0014181177251315394382 
1.0999999999999896527 0.26924695791137520651 -1.4147630283874867985 -2.53102834848686431 0.0011384400184383128372 
1.1249999999999868994 0.27520435409508420266 -1.5365442855506850073 -2.5314323783821941483 0.0019344922130045513926 
1.149999999999984146 0.27449506184627636696 -1.6074621167628204699 -2.5319377402149720879 0.0013292707928595484321 
1.1749999999999813927 0.27025532826810771958 -1.5503639886468196796 -2.5322129383664870872 0.00077371031761209237837 
1.1999999999999786393 0.274263832677984154 -1.5012546457589763804 -2.5323724424643221376 0.00060870471121746020163 
1.224999999999975886 0.27612936575462310174 -1.4574226674039050256 -2.5326465858839468659 0.0011953204838057629629 
1.2499999999999731326 0.27368773832774356825 -1.4918243170968192857 -2.5329185827633389216 0.00068292243003085281033 
1.2749999999999703792 0.27195619955945432578 -1.5390494142362278751 -2.5330603941547722435 0.0004424023360034818708 
1.2999999999999676259 0.27061166849788986788 -1.547586342696845696 -2.5331751538056548334 0.00042382873715666861437 
1.3249999999999648725 0.27202491981131371457 -1.5730465748300304085 -2.5333262418045787712 0.00059443416782142214499 
1.3499999999999621192 0.27483158922955636116 -1.5275600529858439636 -2.5334695678797061191 0.0004369362664910481607 
1.3749999999999593658 0.27611333152391814849 -1.4729248030942161396 -2.533563050084812307 0.00025987538811105025723 
1.3999999999999566125 0.27545908971473931359 -1.5096079258676682322 -2.5336344735582243537 0.00024740421304733916123 
1.4249999999999538591 0.27230411276393706732 -1.5425611379042094562 -2.5337121243944618065 0.00033181590320151965875 
1.4499999999999511058 0.27096040093201306798 -1.5317303629828562528 -2.5337963666565803678 0.00024699953634242947844 
1.4749999999999483524 0.27313188460646359301 -1.5077044697190000733 -2.5338522692936216174 0.00015451057684127804132 
1.4999999999999455991 0.27388522843225554526 -1.4982096419847410473 -2.5338896607553835771 0.00012966687123222908943 
1.5249999999999428457 0.27377744012402316365 -1.5181314989491700995 -2.5339342125681549867 0.00020952781215607859657 
1.5499999999999400924 0.27472233135406648463 -1.5391077205890173474 -2.5339869821928591165 0.00012830042046141124069 
1.574999999999937339 0.27454477027578783055 -1.5447865682359565032 -2.5340140180156183192 8.5262093105272784041e-005 
1.5999999999999345857 0.27357308686779685525 -1.5417434658422899396 -2.5340365026632230006 8.8681289138238566161e-005 
1.6249999999999318323 0.27306434100257326314 -1.5127735576077867563 -2.5340660588005876619 0.00011670845848607302217 
1.649999999999929079 0.27335761874278574624 -1.4799996235607206785 -2.534093320135185845 6.526047108990544281e-005 
1.6749999999999263256 0.27381767698018000257 -1.5019089997613437326 -2.5341073282510211406 5.1955588985255410492e-005 
1.6999999999999235722 0.27300949090255333118 -1.5335479315197555472 -2.5341218397194351653 5.2618369083309403172e-005 
1.7249999999999208189 0.27298038542242114568 -1.5253508578672900775 -2.5341391958687649044 6.6057918809775436459e-005 
1.7499999999999180655 0.27440095421474597348 -1.5273726196564274549 -2.5341541992686216211 4.0150554855804917629e-005 
1.7749999999999153122 0.27442682194766820913 -1.5371737746094047417 -2.5341625777837424316 2.6221249235051425665e-005 
1.7999999999999125588 0.27400032635054449859 -1.5271578582891423004 -2.5341706293107497672 3.0952699953263411426e-005 
1.8249999999999098055 0.2740453712538183928 -1.5161941171014192697 -2.5341805306729470182 3.8907977881231331182e-005 
1.8499999999999070521 0.27343402272598116287 -1.5090711586457856708 -2.5341895833619463296 2.3995553139092258631e-005 
1.8749999999999042988 0.27324274269567888629 -1.5116116054606782981 -2.5341941307248307957 1.2039754829925245272e-005 
1.8999999999999015454 0.2734722155948929867 -1.512591108048794375 -2.5341985985504225098 2.0018764761325410627e-005 
1.9249999999998987921 0.27341414998494134592 -1.5122857092847343807 -2.5342043439955048711 2.1588517281355628865e-005 
1.9499999999998960387 0.27386302397448142321 -1.5331154879962531901 -2.534209653350435687 1.3214638646926678053e-005 
1.9749999999998932854 0.27407431483019029095 -1.5383837459150608851 -2.5342121197198013149 7.8392079573691210865e-006 
1.999999999999890532 0.27386662570223846425 -1.5199362689294211304 -2.5342147939538426371 1.1481557834769515498e-005 
2.0249999999998880007 0.27404157545263735374 -1.5174789239180617173 -2.534218179005280458 1.1875830669943363515e-005 
2.0499999999998852473 0.27379067212805008324 -1.5179414498394121491 -2.5342209225086480551 7.1683319181711230978e-006 
2.074999999999882494 0.27341665905716594498 -1.5109795382901611838 -2.5342225646657254856 5.9680884087413248925e-006 
2.0999999999998797406 0.27352057189037387586 -1.5137883407673191627 -2.534224223985517277 5.7275147375888092334e-006 
2.1249999999998769873 0.27348551758889994012 -1.5231921541757618144 -2.5342258317238455234 5.6736420772643295928e-006 
2.1499999999998742339 0.27382635053886961174 -1.5278241627363979838 -2.5342274643339868234 6.0389567725962116777e-006 
2.1749999999998714806 0.27422424209438533982 -1.5234635182251494712 -2.5342287010130313263 2.7306016613329980294e-006 
2.1999999999998687272 0.27370268899326649636 -1.5181553214241785277 -2.534229439072586576 2.7854281008731074981e-006 
2.2249999999998659739 0.2734770509178225395 -1.5196694504067396192 -2.5342302718574174492 3.6553377069128954271e-006 
2.2499999999998632205 0.27388330862639814756 -1.520708777817491919 -2.5342313874298292298 3.5807440924660868026e-006 
2.2749999999998604672 0.27385387745210226784 -1.5184353120049289831 -2.5342320131774758174 1.2735111066444754089e-006 
2.2999999999998577138 0.27364940805767684617 -1.5191630380850709159 -2.5342324497966313146 1.8497570693497031343e-006 
2.3249999999998549605 0.27356262722460555903 -1.5198784055043745855 -2.534232945045374219 2.0501745779281010683e-006 
2.3499999999998522071 0.27359454089651313868 -1.5185622323820275881 -2.5342335507641369219 1.7601767939718344536e-006 
2.3749999999998494538 0.27386829558125602713 -1.521928668346784308 -2.534233904349083577 1.0715459452370344851e-006 
2.3999999999998467004 0.27388472758295373533 -1.5239707252836991458 -2.5342342032358962101 1.0453741440754543241e-006 
2.4249999999998439471 0.2737750834624123053 -1.519724593975828153 -2.5342344638608897966 9.6127505919317355212e-007 
2.4499999999998411937 0.27390726521620206713 -1.5186902455058004513 -2.5342347916294798438 1.1537181830320255318e-006 
2.4749999999998384403 0.27374642966071038863 -1.5194554178630452768 -2.5342350159108750773 6.194236588667025398e-007 
2.499999999999835687 0.27347168766142121443 -1.5183749834306317084 -2.5342351839724854834 5.4579842861568997747e-007 
2.5249999999998329336 0.27359853356842495087 -1.5198239594371112382 -2.5342353304949738479 5.740230469791130041e-007 
2.5499999999998301803 0.27376498531032089634 -1.5219759238857311079 -2.5342355179868389925 6.6757632518233226864e-007 
2.5749999999998274269 0.27382623461789451502 -1.522548706281171782 -2.534235647375001399 3.5496527596686578946e-007 
2.5999999999998246736 0.27383351834087638066 -1.5204303958226823568 -2.5342357470498022565 2.9214994057645046882e-007 
2.6249999999998219202 0.27373789573209739157 -1.5177352925182034937 -2.5342358260797750447 3.6290334522817522886e-007 
2.6499999999998191669 0.27377963092285123592 -1.5196268393884442283 -2.5342359371939329193 3.6315150600153538252e-007 
2.6749999999998164135 0.27383429218694321783 -1.5211384077726091135 -2.5342360100266025924 1.8535484409403457794e-007 
2.6999999999998136602 0.27368950084296034264 -1.5193479408032821709 -2.5342360632751312899 2.0114952275611990618e-007 
2.7249999999998109068 0.27363040141518424342 -1.5196032337212312946 -2.5342361187673438927 2.1207663468509541118e-007 
2.7499999999998081535 0.27368245357554932262 -1.5210565612344435493 -2.5342361745861676781 1.6457585171634888549e-007 
2.7749999999998054001 0.27369806025473997213 -1.521241588044588422 -2.5342362148640105168 1.3839547154797867837e-007 
2.7999999999998026468 0.27376283805842860364 -1.5209159547411919 -2.534236251221538172 1.1977745143884493369e-007 
2.8249999999997998934 0.27382344363084959449 -1.5200485775515497622 -2.5342362801006337314 9.9900790307557816912e-008 
2.84999999999979714 0.27382338069337203157 -1.5191286580519225424 -2.5342363119128421545 1.1358927366799016348e-007 
2.8749999999997943867 0.27379187888300288156 -1.518890485059370743 -2.5342363370040956738 7.1762157628422761216e-008 
2.8999999999997916333 0.27369773908854549971 -1.5195801178329888526 -2.5342363545387445178 6.0656105366069118603e-008 
2.92499999999978888 0.27365129306995406022 -1.5209989647449226879 -2.5342363734046009505 7.1489267908032119103e-008 
2.9499999999997861266 0.27370490837284239261 -1.5216725376695325878 -2.5342363922225317197 6.0809025330272529275e-008 
2.9749999999997833733 0.27373339368298604812 -1.5208109372490128397 -2.5342364046612804174 3.2925185881637890782e-008 
2.9999999999997806199 0.27375243601508458813 -1.519861220665374546 -2.5342364156514536333 4.543937644019756481e-008 
3.0249999999997778666 0.27378900079166101911 -1.5195815784509330015 -2.5342364271419990374 3.6653392649528319426e-008 
3.0499999999997751132 0.27377909478348827488 -1.5193638511701461624 -2.5342364367176708484 3.2650633970795569376e-008 
3.0749999999997723599 0.27375202841648149654 -1.5197163881600461721 -2.5342364442696263538 2.1813745228780635194e-008 
3.0999999999997696065 0.2737311259503865668 -1.52051766904453034 -2.5342364511349990686 2.6763947873878915648e-008 
3.1249999999997668532 0.27370502327641310636 -1.5207865899891688244 -2.5342364571635971338 1.8831900746223063655e-008 
3.1499999999997640998 0.2737066798601238693 -1.520711763877227618 -2.53423646263300828 1.82355043617707556e-008 
3.1749999999997613465 0.27373290750424844608 -1.5203220860833455141 -2.5342364671746229199 1.5604197994380805482e-008 
3.1999999999997585931 0.27376156644873417267 -1.5198973018338564067 -2.5342364712093150558 1.3275430686998846364e-008 
3.2249999999997558398 0.27377865318378796777 -1.5198480134859415625 -2.5342364743469460997 9.5769866902639942496e-009 
3.2499999999997530864 0.27376232477444456537 -1.5197750524636979286 -2.534236477475116267 1.2968910608466709549e-008 
3.274999999999750333 0.27373460913240388326 -1.5200266231164274444 -2.5342364806678130407 8.8531414564879674996e-009 
3.2999999999997475797 0.27372011924121814053 -1.5205056869900190897 -2.5342364823694718545 5.1752669359849828422e-009 
3.3249999999997448263 0.27371693254553602914 -1.5204935149655280924 -2.5342364842256888124 7.2031656722692521365e-009 
3.349999999999742073 0.27373373829756475484 -1.5203714220213675468 -2.5342364863013546739 7.9769596974756379527e-009 
3.3749999999997393196 0.27375336854393539365 -1.5202631650619133907 -2.534236487959034001 3.6528804755592576917e-009 
3.3999999999997365663 0.27375360368371659536 -1.5200206326303478122 -2.5342364889809791961 4.0659641637447283287e-009 
3.4249999999997338129 0.27374925990071397042 -1.5199124614234906794 -2.5342364900535416794 3.6196204830144819248e-009 
3.4499999999997310596 0.27374715973595814544 -1.5199660587908991882 -2.5342364911378401082 4.3250130292733013515e-009 
3.4749999999997283062 0.27374196026298686091 -1.5201913560840265571 -2.534236492181671796 2.7445741209933379486e-009 
3.4999999999997255529 0.27373417509902003841 -1.5203931083343045216 -2.5342364928336347241 2.089191823181035274e-009 
3.5249999999997227995 0.27372838569800067576 -1.5203414996779063273 -2.5342364933293444196 1.8877163320560398824e-009 
3.5499999999997200462 0.27373559057441360087 -1.5202642179545571288 -2.5342364939665822376 2.4804732838691434653e-009 
3.5749999999997172928 0.27374739915502105392 -1.5201963693757214457 -2.534236494618467006 1.8778098119668600651e-009 
3.5999999999997145395 0.27374841207631644968 -1.5200428113739703484 -2.5342364949639946126 9.7535994765071298418e-010 
3.6249999999997117861 0.27374608127346972131 -1.52002096969375744 -2.5342364952498370734 1.0628498436619232116e-009 
3.6499999999997090327 0.2737429980430846066 -1.5201795151317356591 -2.5342364956112457541 1.5405814024488405968e-009 
3.6749999999997062794 0.27373798214337624612 -1.5202611451627503492 -2.5342364959931535928 9.7911835176200484102e-010 
3.699999999999703526 0.2737381343233452613 -1.520217396354091921 -2.5342364961795578182 6.2576885691666512742e-010 
3.7249999999997007727 0.27373912727960775237 -1.5201868131103222215 -2.5342364963660677368 5.8189607783372888979e-010 
3.7499999999996980193 0.2737402754440174113 -1.5201984917491588867 -2.5342364965516988029 8.7427866958256761977e-010 
3.774999999999695266 0.27374504287983408846 -1.5202297563590545515 -2.5342364967685249155 5.4688541106801981631e-010 
3.7999999999996925126 0.27374410828368883619 -1.5201931405636437411 -2.5342364968954536053 4.2971419028485805866e-010 
3.8249999999996897593 0.2737399171970434919 -1.5201074068714639509 -2.5342364969938251384 2.7812342516136279883e-010 
3.8499999999996870059 0.27374107927901097925 -1.5201200638928495934 -2.5342364970924733392 4.8853489366193987829e-010 
3.8749999999996842526 0.27374189482921779115 -1.5201751967589489656 -2.5342364972216335772 3.4334953864033456169e-010 
3.8999999999996814992 0.27374078315599947864 -1.5202186506803907484 -2.5342364972980981896 2.4489356655242804588e-010 
3.9249999999996787459 0.27373977536720606185 -1.5202482770693488412 -2.5342364973501019243 1.5561410175288048573e-010 
3.9499999999996759925 0.27373934260760074411 -1.520200137372770044 -2.5342364974113604781 2.7726526541666278098e-010 
3.9749999999996732392 0.27374303423263940394 -1.5201662166548324251 -2.5342364974810687173 1.9599840164624221695e-010 
3.9999999999996704858 0.27374517946117105094 -1.5201678267312674908 -2.5342364975236852942 1.3324177744577903981e-010 
4.0249999999996788347 0.27374197083296369915 -1.5201404757154590719 -2.5342364975571642915 1.1155150631706401126e-010 
4.0499999999996871836 0.27374080334860140251 -1.5201616319197968075 -2.5342364975939992711 1.4423700438007435677e-010 
4.0749999999996955324 0.27374062065448939718 -1.5202049890556881273 -2.5342364976291333889 1.1023354177110555962e-010 
4.0999999999997038813 0.27373905456564001648 -1.5202026814163116519 -2.5342364976545299626 7.7156060802536428954e-011 
4.1249999999997122302 0.27374029905378144401 -1.5201948822938859962 -2.5342364976768672058 7.5066117537235861826e-011 
4.1499999999997205791 0.27374202846260536903 -1.5201896056517725242 -2.5342364976951956557 6.9532515181216985989e-011 
4.1749999999997289279 0.27374249626212526776 -1.520187535413514146 -2.5342364977153057914 6.6681215897021623255e-011 
4.1999999999997372768 0.27374313414501882935 -1.5201782452296490611 -2.534236497731870319 5.2558266404815753346e-011 
4.2249999999997456257 0.27374184855025851526 -1.5201530309338942004 -2.5342364977435178908 3.0976196735430359935e-011 
4.2499999999997539746 0.27374066146182374215 -1.5201596132499481939 -2.5342364977527229719 4.5698801739875971002e-011 
4.2749999999997623235 0.27374148055895025644 -1.520191458544629004 -2.5342364977665456927 4.0624337598707291968e-011 
4.2999999999997706723 0.2737410842951275014 -1.520200509878018913 -2.5342364977752813715 2.5532221691821414264e-011 
4.3249999999997790212 0.27374033780164075402 -1.5201985487537983399 -2.5342364977806579596 1.8995291997129148796e-011 
4.3499999999997873701 0.27374087628983462261 -1.5201967202144273106 -2.534236497787753617 2.8312610762645694956e-011 
4.374999999999795719 0.27374145155971130183 -1.5201778094594451396 -2.5342364977949927152 2.2049054616857069547e-011 
4.3999999999998040678 0.27374234737998626166 -1.5201628155411843757 -2.5342364977995455178 1.269487410745032162e-011 
4.4249999999998124167 0.27374255127518859476 -1.5201704766592101237 -2.5342364978030973433 1.3857614894807390628e-011 
4.4499999999998207656 0.27374151397587909162 -1.5201791733178602328 -2.5342364978071891812 1.4475464349154104712e-011 
4.4749999999998291145 0.27374121704371562336 -1.5201855939880737356 -2.5342364978112126295 1.3806250989996745955e-011 
4.4999999999998374633 0.27374098990646517082 -1.5201912241076678267 -2.5342364978138345322 6.3513090927592541218e-012 
4.5249999999998458122 0.27374047862377703932 -1.5201904800294263609 -2.5342364978159563904 7.922315588522034547e-012 
4.5499999999998541611 0.27374118953017395617 -1.5201887326677865353 -2.5342364978180511592 8.7519298897778067926e-012 
4.57499999999986251 0.27374185428471115022 -1.5201798695102204384 -2.5342364978206424198 8.0254016446360247925e-012 
4.5999999999998708589 0.27374171051131135357 -1.5201734564136191175 -2.5342364978221150196 3.3995638539610144501e-012 
4.6249999999998792077 0.27374183644757205114 -1.5201793507081622359 -2.5342364978231821659 4.3570271961370904338e-012 
4.6499999999998875566 0.27374176869494842856 -1.5201801391523819262 -2.5342364978244491525 5.269932451236788237e-012 
4.6749999999998959055 0.2737413506809948105 -1.5201814198836725023 -2.5342364978259648289 4.5383669239943564016e-012 
4.6999999999999042544 0.27374108676675973362 -1.5201874996809805474 -2.5342364978268130393 2.0405084610131748348e-012 
4.7249999999999126032 0.27374089428522169198 -1.5201854111392887337 -2.5342364978273752563 2.363918153949165455e-012 
4.7499999999999209521 0.27374114204949556717 -1.5201830929757496058 -2.5342364978281461951 3.0670844831511521109e-012 
4.774999999999929301 0.27374163470418627631 -1.5201834988112534752 -2.5342364978290010669 2.6164340216277553809e-012 
4.7999999999999376499 0.2737417397605793612 -1.5201812278887960606 -2.534236497829464696 1.149327644625268931e-012 
4.8249999999999459988 0.27374172641658012228 -1.5201800045353450752 -2.5342364978298319578 1.4526889747225745649e-012 
4.8499999999999543476 0.27374159695924576985 -1.5201803228194201711 -2.5342364978302476253 1.5495185572226545604e-012 
4.8749999999999626965 0.27374130396952883748 -1.5201824824961029936 -2.5342364978307112544 1.6764963457244272976e-012 
4.8999999999999710454 0.27374125772756519037 -1.5201843468160456396 -2.534236497831042545 7.0228308302055755764e-013 
4.9249999999999793943 0.27374125210372091122 -1.5201827109026035956 -2.5342364978312188484 6.3829735621412690249e-013 
4.9499999999999877431 0.27374118411541747964 -1.5201822501851038894 -2.5342364978314244617 9.8800119294460872346e-013 
4.974999999999996092 0.27374138201949521632 -1.5201838039147979043 -2.5342364978317424296 1.0317662756311808383e-012 
