0.025000000000000015266 0.59713852409005185873 0.00049478198048882870985 -2.2442756456499894924 0.041164805797901243833 
0.05000000000000003747 0.57204483253075932847 0.017393139847860866753 -2.2521356141102915061 0.060099103490962611784 
0.075000000000000052736 0.42816691962341707489 -0.0089704738049559695767 -2.2730044982013648536 0.097369739477328409727 
0.10000000000000007494 0.388717235710781428 -0.054421456253739841635 -2.3081844858676117127 0.11231351259940745846 
0.12500000000000008327 0.22162880190202666197 -0.40762467029273474761 -2.3311215064976402722 0.059549995674825155489 
0.15000000000000010547 0.21878219868888007515 -2.0742561785963955501 -2.3459958684426012177 0.055854419413837758102 
0.17500000000000012768 0.30148406209673095368 -2.6694848689092154359 -2.3615040716060575754 0.056718741509164227743 
0.20000000000000014988 0.23153425621705989168 -1.5729518265839161906 -2.3754126745413302046 0.03252705170650829064 
0.22500000000000017208 0.21243576196151067736 -2.0781129710045984638 -2.3840878297168264233 0.04048638882953427276 
0.25000000000000016653 0.26274479220834562332 -1.6327854065545670537 -2.3985386711783345248 0.058179793897811263315 
0.27500000000000018874 0.30777821184823911382 -0.039819249880207685521 -2.4138609225275091674 0.053774382244307493417 
0.30000000000000021094 0.36791151532881122277 0.20564402885828780843 -2.4269755147093214909 0.030009215362139046723 
0.32500000000000023315 0.33603101492714199106 0.66289034106204025587 -2.4353385387708184062 0.033960561600911987057 
0.35000000000000025535 0.31663271934493431026 -0.16509080201837156299 -2.4447118428923171329 0.036142577653434086737 
0.37500000000000027756 0.27747373498485566889 -1.7467893633739830506 -2.4528596688505324153 0.019902972559927296914 
0.40000000000000029976 0.22654595778160879771 -1.7877413558748949107 -2.4575951037698309243 0.016125509311228334447 
0.42500000000000032196 0.28876314593401425368 -1.6232374263080471266 -2.4632178206246266861 0.018441579760617724665 
0.45000000000000034417 0.32107008218374405439 -0.88136103298159240715 -2.4676091018561048251 0.020637373701566652517 
0.47500000000000036637 0.31993180122259590181 -0.44574165707867552388 -2.4738957493636357654 0.018880462181515407505 
0.50000000000000033307 0.35259585347476157802 -0.94600817576194062841 -2.478062696010465249 0.013165344816882357595 
0.52500000000000035527 0.34262914801787935914 -0.89301757523704672348 -2.4816194538094520361 0.010738920118513311033 
0.55000000000000037748 0.33807456777805627857 -1.0589092306099143759 -2.4847350653732878101 0.01335868699876963453 
0.57500000000000039968 0.33669965214833041944 -1.3605896805021691076 -2.4878182956946726101 0.0084583476983011076505 
0.60000000000000042188 0.3016349868689675584 -1.2799512068029850198 -2.4907534561469999446 0.011017280209459223358 
0.62500000000000044409 0.29869670813434162637 -1.4917018200968115149 -2.4935892750827810538 0.011488918416651150087 
0.65000000000000046629 0.29163670752757808735 -1.466524665029355301 -2.4979337771934555512 0.019918423202417996631 
0.6750000000000004885 0.25059845354230125825 -1.3710887676330669738 -2.5040934332926645389 0.021383349771367705233 
0.7000000000000005107 0.25773715585810330619 -1.8187484430075331332 -2.5088853517335261145 0.011399654969209379804 
0.72500000000000053291 0.27408024086786691997 -2.073774974501331414 -2.5110857570007278916 0.0075843292344533377175 
0.75000000000000055511 0.25564552767085318985 -1.9576601482447872904 -2.5131939055775349701 0.0066967879603889836695 
0.77500000000000057732 0.25693197309096993397 -1.9493595164463801694 -2.5154370782505663939 0.0084848013931122980708 
0.80000000000000059952 0.26088111721209217286 -1.6487122335260462336 -2.5178165122051829883 0.010151060184614030604 
0.82500000000000062172 0.27536105149410283754 -1.3672309451223947363 -2.5208009453261244204 0.0091379282645228706444 
0.85000000000000064393 0.29239584547937819137 -1.4007694610639513932 -2.5224653252019200167 0.003748048662791182966 
0.87500000000000066613 0.26988698872848382315 -1.3429761465641645302 -2.5235925145256139501 0.0043612624881834280086 
0.90000000000000068834 0.25552292843707824499 -1.4919190112120550573 -2.524982918671226706 0.0057136380432796290627 
0.92500000000000071054 0.27169093750452705249 -1.756108428342990857 -2.5264600694785603885 0.0043128083362147170976 
0.95000000000000073275 0.27485285748754895163 -1.7010245453797470105 -2.5275224565644123231 0.0032906998877223971219 
0.97500000000000075495 0.27192714386726168918 -1.5391939918589176983 -2.5281782916979373965 0.0018440746809475626767 
1.0000000000000006661 0.2745642962433908485 -1.460299659678696127 -2.5288443951488277506 0.0028280879994674905029 
1.0249999999999979128 0.27169725317725712532 -1.4546956275795133173 -2.5297002893878484109 0.003146597471678226534 
1.0499999999999951594 0.2738368935236765167 -1.5884305512130856286 -2.5304153791506371896 0.0017910382163106681672 
1.0749999999999924061 0.27199299500458357093 -1.5394475007146342094 -2.5308157542997689049 0.0013026278010087786151 
1.0999999999999896527 0.26858686228022221609 -1.4217700558297869939 -2.5311594316236947222 0.001171236651046624359 
1.1249999999999868994 0.27561604242221998673 -1.5382691850482497209 -2.5315940844524176256 0.0019636127740563771513 
1.149999999999984146 0.2750124271765734818 -1.5961211453971984042 -2.5320560188107830157 0.0011105795320390464929 
1.1749999999999813927 0.26994905165003751923 -1.5269279114222524818 -2.532300905208896058 0.00070015529212100939636 
1.1999999999999786393 0.27481858973716061234 -1.5028623231656323966 -2.5324573221216608587 0.00067325744820594384411 
1.224999999999975886 0.27582690747394050801 -1.4703812722907083632 -2.532746016136401046 0.0011556035846057876627 
1.2499999999999731326 0.27251696058121671618 -1.5033356694752608718 -2.532989426035362257 0.0005762201486208393857 
1.2749999999999703792 0.27203816968477184668 -1.5482587823994811149 -2.5331182647494250304 0.00041442322619133576192 
1.2999999999999676259 0.27117632948022052375 -1.5382587579904902775 -2.533231067847161011 0.000441650076476895971 
1.3249999999999648725 0.27272160967801473141 -1.5625454136743246458 -2.5333825796249729301 0.00055842368638438905342 
1.3499999999999621192 0.27545749203765584889 -1.5289927200692989828 -2.5335148136740288649 0.00039401165509608267841 
1.3749999999999593658 0.27546086411452075371 -1.4706032926356149559 -2.5336012975186097407 0.00024589732159772026334 
1.3999999999999566125 0.27486331858942747441 -1.5092568295295989422 -2.5336679637578782831 0.00023155400561649533225 
1.4249999999999538591 0.27247549872603554766 -1.5477762611551491023 -2.5337461424017364564 0.00032873096585981276176 
1.4499999999999511058 0.27094300273696342307 -1.5305176983718458139 -2.5338244825827787032 0.00021744364800963314737 
1.4749999999999483524 0.27326548955818102948 -1.5075476390037600982 -2.5338754716607851947 0.00014092895878752508508 
1.4999999999999455991 0.27400274802418955744 -1.5023139608692410718 -2.5339102308884644543 0.00012796443368961264763 
1.5249999999999428457 0.27369287239532807954 -1.5181943735628400383 -2.5339561268737869071 0.00020377695416384032753 
1.5499999999999400924 0.27505450199376879628 -1.5379143713878200561 -2.5340033205605489997 0.00010658935430984255199 
1.574999999999937339 0.27458912935179891068 -1.5424205611803185612 -2.5340280648849571321 8.2222751853530659841e-005 
1.5999999999999345857 0.27315426328912212339 -1.5389733059684269634 -2.5340500252388382663 8.6853622550515021815e-005 
1.6249999999999318323 0.27306278128959671214 -1.5131399292963734204 -2.5340786949182882992 0.00010992244572780692695 
1.649999999999929079 0.27345005381300185876 -1.4797789628104869308 -2.5341032349573371363 5.3584042746601757219e-005 
1.6749999999999263256 0.27374549832213451728 -1.5030288415815844516 -2.5341160521951171525 5.1933392497916897968e-005 
1.6999999999999235722 0.27312663438782930347 -1.5366181967955232501 -2.5341300289895949405 5.0151600355444023074e-005 
1.7249999999999208189 0.27313198235616276133 -1.5249705095832721824 -2.5341470852733123387 6.2058193978387763052e-005 
1.7499999999999180655 0.2744808880726809508 -1.5278546998568200976 -2.5341601285851709235 3.2298535005231951336e-005 
1.7749999999999153122 0.27437032793523774554 -1.5380465577526558629 -2.5341677090557679364 2.7067161003511538346e-005 
1.7999999999999125588 0.27377099661029402622 -1.5235503985271128258 -2.5341757200774734926 2.9694318999041937891e-005 
1.8249999999999098055 0.27400713294080569771 -1.514222203684395307 -2.5341853928564930243 3.5784823072148870104e-005 
1.8499999999999070521 0.27349981797519057336 -1.5102674694005502332 -2.5341931195193336812 1.9468960459955627756e-005 
1.8749999999999042988 0.27318920400499763224 -1.5119382925416173791 -2.5341970943100022851 1.2395119268133161346e-005 
1.8999999999999015454 0.27356074029097132705 -1.5137682046955869275 -2.5342018226990550289 1.9621966816552395324e-005 
1.9249999999998987921 0.2735548551685477725 -1.5145047630159038654 -2.5342072577450522886 1.9657829457754259637e-005 
1.9499999999998960387 0.27384780809150838232 -1.5337442275702279915 -2.5342117456298236533 1.0185454334672221314e-005 
1.9749999999998932854 0.27405238723953495583 -1.5366408768816999242 -2.5342139815251645274 8.5163161501071441879e-006 
1.999999999999890532 0.27383821800325885976 -1.517426547482801702 -2.5342167459325630752 1.0672678286302570875e-005 
2.0249999999998880007 0.27398288392629932542 -1.5173007212410523081 -2.5342198221864427055 1.083718629108839351e-005 
2.0499999999998852473 0.27376259717369660907 -1.519369810793319342 -2.5342222438041965837 5.9292331724064499979e-006 
2.074999999999882494 0.27336743046185002504 -1.5112595105010591112 -2.5342237638836335734 5.765308703042268222e-006 
2.0999999999998797406 0.27352968921703246785 -1.5143148684321654507 -2.5342252891525141045 5.1975240944028625791e-006 
2.1249999999998769873 0.27360170454592158684 -1.5240406841045612829 -2.5342268212165652841 5.4907800378152365136e-006 
2.1499999999998742339 0.27389426515434389664 -1.5268758516340694698 -2.5342283376559220365 5.1111493472964001597e-006 
2.1749999999998714806 0.27419391252725860975 -1.52247814328799147 -2.5342293708361816051 2.442153786177648177e-006 
2.1999999999998687272 0.27363950898264766121 -1.5184348171735606581 -2.5342300680186116146 2.6047798182385163089e-006 
2.2249999999998659739 0.27345677249846217505 -1.5198893050500767998 -2.5342308858422195605 3.6109818399790511909e-006 
2.2499999999998632205 0.27391823419473304568 -1.5208498294520065297 -2.5342319110098698864 2.9002641558798911445e-006 
2.2749999999998604672 0.27383291780684326788 -1.5184627939277222097 -2.5342324068031469864 1.183004766995140545e-006 
2.2999999999998577138 0.27359332046154860585 -1.5190581369886406726 -2.5342328308897958955 1.6803742163330157665e-006 
2.3249999999998549605 0.27359405653814777848 -1.5201261936906602656 -2.5342333092534357064 2.038128428614621733e-006 
2.3499999999998522071 0.27365537601891176678 -1.5185849071880859196 -2.5342338577342977679 1.4020068274271834612e-006 
2.3749999999998494538 0.27387911864011266205 -1.521688339453603156 -2.5342341541944328753 9.9233406999260957097e-007 
2.3999999999998467004 0.2738727552515524688 -1.5238295369340317809 -2.5342344270684882268 9.1288280716550364421e-007 
2.4249999999998439471 0.27375672351431212803 -1.5196386847268166242 -2.5342346732800522524 9.6500076893885206516e-007 
2.4499999999998411937 0.27388695650563371631 -1.5190261724567184487 -2.5342349788556091106 9.6972252399816233669e-007 
2.4749999999998384403 0.27372910121792748406 -1.5196335789237220837 -2.5342351675166021607 5.5308790682478182748e-007 
2.499999999999835687 0.27347479876694319456 -1.5179560359198145392 -2.5342353167451023843 4.6719138314947916399e-007 
2.5249999999998329336 0.27363316668701359591 -1.5198156185817950359 -2.5342354538643245832 5.7077054420844303886e-007 
2.5499999999998301803 0.27377942033935198651 -1.5222821621764983657 -2.5342356303593622791 5.6354787132332612787e-007 
2.5749999999998274269 0.27380761709248707669 -1.5224446890979113078 -2.5342357368553227737 3.1808019355643146632e-007 
2.5999999999998246736 0.27382986431598865806 -1.5203200929721729651 -2.5342358267898652535 2.4562355320340386758e-007 
2.6249999999998219202 0.27374525245557213005 -1.5178350100073734197 -2.5342359007555952388 3.5379441072205270961e-007 
2.6499999999998191669 0.27377842547877745405 -1.5196439212443868527 -2.5342360020374998797 3.0580816758753262952e-007 
2.6749999999998164135 0.27382453004470497238 -1.5210101225563865679 -2.5342360636998053636 1.6411914459206881213e-007 
2.6999999999998136602 0.27367316846909778283 -1.5192500830334023654 -2.534236111840472816 1.7445301340895171695e-007 
2.7249999999998109068 0.27363379055377085036 -1.5197844497565515809 -2.534236162194384967 1.9943004306697203993e-007 
2.7499999999998081535 0.27370329694667822062 -1.5212673397146421195 -2.5342362127557871432 1.4058020940889773975e-007 
2.7749999999998054001 0.27370394861118058083 -1.5211150308729020075 -2.5342362476804956017 1.191240156687706978e-007 
2.7999999999998026468 0.27376235484745936599 -1.5207652765973254105 -2.5342362797110720152 1.0503232454163576851e-007 
2.8249999999997998934 0.27382523146646625678 -1.5200280456946209107 -2.5342363055759786761 9.5654643204180515224e-008 
2.84999999999979714 0.27381640983958877023 -1.5190565508800433214 -2.5342363351983498987 9.437264604930815068e-008 
2.8749999999997943867 0.27378200878902697601 -1.518960211056632037 -2.5342363556379372547 6.1629291027005619539e-008 
2.8999999999997916333 0.27368980963939915085 -1.5197737916804729963 -2.534236371820231426 5.7082556691895342249e-008 
2.92499999999978888 0.27365158196472588736 -1.5210405600546346161 -2.534236388995098288 6.3150334022518477056e-008 
2.9499999999997861266 0.27371660412098397508 -1.5216121790388574819 -2.5342364053987278538 4.9194532337670592168e-008 
2.9749999999997833733 0.27373986582921921995 -1.520699022435135328 -2.5342364156849521706 3.1254397241733522458e-008 
2.9999999999997806199 0.27375410560816576533 -1.519748155550211699 -2.5342364262573435774 4.0912242750840703157e-008 
3.0249999999997778666 0.27379271760421020065 -1.5195833089526229465 -2.5342364361848130905 3.0458366259736080203e-008 
3.0499999999997751132 0.27377347132464652235 -1.5194282714130740164 -2.5342364444582625715 2.8234001775754036394e-008 
3.0749999999997723599 0.27374255722366719334 -1.5198287354046464692 -2.5342364509306540832 1.9871646223327903366e-008 
3.0999999999997696065 0.27372820016816989952 -1.5206120930353872467 -2.5342364573774478487 2.302678883085507481e-008 
3.1249999999997668532 0.27370422079195239062 -1.5207375076746525444 -2.5342364623711985949 1.6386543456698029475e-008 
3.1499999999997640998 0.27371174374054857426 -1.5206277511546479886 -2.5342364673352668625 1.5911132589141439875e-008 
3.1749999999997613465 0.27374176429849317316 -1.5202615310730891451 -2.534236471176341432 1.3399182526278102017e-008 
3.1999999999997585931 0.2737631974870470275 -1.5198285079403079934 -2.5342364747549557258 1.1235716677976454675e-008 
3.2249999999997558398 0.27377544503983664015 -1.5198766569909092361 -2.534236477447811442 8.9352669339399345384e-009 
3.2499999999997530864 0.27375747226554364433 -1.5198814942399896388 -2.5342364803510872839 1.1106441615595485066e-008 
3.274999999999750333 0.27372994062177891106 -1.5200850883041794326 -2.5342364829599004494 7.0130097430062568706e-009 
3.2999999999997475797 0.27372128758815245098 -1.5205116595371923616 -2.534236484423399105 4.9083800636873778376e-009 
3.3249999999997448263 0.27372068328142429294 -1.5204562926287490399 -2.534236486129797683 6.3741745768555352034e-009 
3.349999999999742073 0.27373631416271132499 -1.5203112872057680249 -2.5342364879819299084 6.7868300558836333728e-009 
3.3749999999997393196 0.27375495156256213214 -1.5202282128274684503 -2.534236489288879568 2.7830601878026587284e-009 
3.3999999999997365663 0.27375143564252613082 -1.5200087826220300968 -2.5342364902084741907 3.7377754221230882464e-009 
3.4249999999997338129 0.27374691253090160936 -1.5199386854152330262 -2.5342364911583827869 3.2104080777336967709e-009 
3.4499999999997310596 0.27374783542080233234 -1.5200263698658198486 -2.5342364921445601489 3.7073880890827215582e-009 
3.4749999999997283062 0.27374084830643136135 -1.5202174603511791062 -2.5342364929765306414 2.1373766797396937184e-009 
3.4999999999997255529 0.27373279188605759149 -1.5203808615912630664 -2.5342364935389074532 1.8035355787247405258e-009 
3.5249999999997227995 0.27373040292477202051 -1.5203181917418331359 -2.5342364939757300313 1.7926750476186937695e-009 
3.5499999999997200462 0.27373787571839081068 -1.5202306574547139739 -2.5342364945686992606 2.1296859446503515246e-009 
3.5749999999997172928 0.27374815975254862543 -1.5201839780251544809 -2.5342364950926459244 1.3985969029542728211e-009 
3.5999999999997145395 0.27374740901571775753 -1.5200546642891290539 -2.5342364953713047981 9.0217303460676079108e-010 
3.6249999999997117861 0.27374387258906218712 -1.520035300700333547 -2.5342364956315317492 9.6213794018631568483e-010 
3.6499999999997090327 0.27374248234578324457 -1.5202013980800264115 -2.5342364959643877143 1.333313818314759169e-009 
3.6749999999997062794 0.27373864218665461268 -1.5202661549812834796 -2.5342364962718817445 7.358960332083310634e-010 
3.699999999999703526 0.27373839281871664708 -1.5201982574267609571 -2.5342364964256338666 5.6260087469127610608e-010 
3.7249999999997007727 0.273739890273170694 -1.5201809322877908315 -2.5342364965841830404 4.91743226624975731e-010 
3.7499999999996980193 0.27374076673227498713 -1.5202025990196310623 -2.5342364967593624669 7.8572233790233700262e-010 
3.774999999999695266 0.27374465360000077574 -1.5202260801667182299 -2.5342364969358945892 4.1858417202646468236e-010 
3.7999999999996925126 0.27374377277445255396 -1.5201884321540246603 -2.5342364970386781486 3.477712890228125483e-010 
3.8249999999996897593 0.27373952360206993406 -1.5201087062856519783 -2.5342364971208608537 2.5138497130036894766e-010 
3.8499999999996870059 0.27374097407412900651 -1.5201308845524570401 -2.5342364972155162484 4.4301373988521252533e-010 
3.8749999999996842526 0.27374219988350512178 -1.5201818949731580322 -2.534236497320302206 2.5146966857660211833e-010 
3.8999999999996814992 0.27374069385332544524 -1.520211073158147741 -2.5342364973814253126 2.0397838480938064276e-010 
3.9249999999996787459 0.27373998141816036078 -1.5202431853689724051 -2.5342364974258306809 1.4219736353379859079e-010 
3.9499999999996759925 0.27374002086101956177 -1.5202006557058325154 -2.5342364974825470902 2.4478647403890034834e-010 
3.9749999999996732392 0.27374291966849945146 -1.5201633133511207596 -2.5342364975387914328 1.434750252794159975e-010 
3.9999999999996704858 0.2737444678734218817 -1.5201679162820445068 -2.5342364975734272825 1.1654512412745331072e-010 
4.0249999999996788347 0.27374157280367461542 -1.5201445830178310636 -2.5342364976022513368 9.7424987003936308119e-011 
4.0499999999996871836 0.27374086900067151618 -1.5201643866687910567 -2.5342364976343625393 1.1893422361524666266e-010 
4.0749999999996955324 0.27374095967177025646 -1.5202070977970121302 -2.5342364976630364914 9.0359765094177277352e-011 
4.0999999999997038813 0.27373926636559331449 -1.5202013859398988416 -2.5342364976847329139 6.6513491951307235635e-011 
4.1249999999997122302 0.2737404282453038129 -1.5201910319303306718 -2.5342364977029192552 5.8179952202768655459e-011 
4.1499999999997205791 0.27374223961036164843 -1.520188143932752034 -2.5342364977184264063 6.2084429123150647646e-011 
4.1749999999997289279 0.27374238931028332944 -1.5201861469923183545 -2.534236497735823157 5.3957251613342640016e-011 
4.1999999999997372768 0.27374276804565850219 -1.5201774735675130934 -2.534236497749194239 4.2958641130245949808e-011 
4.2249999999997456257 0.27374167822399997352 -1.5201556800638242883 -2.5342364977586315788 2.4407525062643491886e-011 
4.2499999999997539746 0.27374067295197312966 -1.5201630123556850727 -2.534236497766860996 4.157333314672410459e-011 
4.2749999999997623235 0.27374154243854176283 -1.5201939117513094679 -2.5342364977783167213 3.0270565688656241647e-011 
4.2999999999997706723 0.27374112800523703326 -1.5202000007059925935 -2.5342364977852289698 2.1511543755313739981e-011 
4.3249999999997790212 0.27374040425323548087 -1.5201950969546946801 -2.5342364977897804401 1.6299843143074274765e-011 
4.3499999999997873701 0.27374108829780841035 -1.5201944272138634418 -2.5342364977959808137 2.4037538911165913536e-011 
4.374999999999795719 0.27374159118346885755 -1.5201762566121752585 -2.5342364978018250277 1.6586925308973840126e-011 
4.3999999999998040678 0.27374222202244330449 -1.5201623329257780703 -2.5342364978053932845 1.0834059875096629793e-011 
4.4249999999998124167 0.27374233779980267078 -1.5201735490228589498 -2.5342364978084841454 1.1797735985347958247e-011 
4.4499999999998207656 0.27374136858219932922 -1.5201823362669855122 -2.5342364978119706898 1.2080879104820661997e-011 
4.4749999999998291145 0.2737412012512691617 -1.5201862245613415592 -2.5342364978152258637 1.0450402369619465308e-011 
4.4999999999998374633 0.27374108098738125783 -1.5201903793611462046 -2.5342364978172340351 5.6205638638590184088e-012 
4.5249999999998458122 0.27374058123191941094 -1.5201883456249267734 -2.5342364978191147529 6.3757594802463247631e-012 
4.5499999999998541611 0.27374128786021789672 -1.5201869143945567764 -2.5342364978208835602 7.6561434518210293359e-012 
4.57499999999986251 0.27374188263400689447 -1.5201797825574860923 -2.5342364978229774408 5.8096319377879098073e-012 
4.5999999999998708589 0.27374164214593399436 -1.5201743178901909737 -2.5342364978240756734 2.9533713499817369363e-012 
4.6249999999998792077 0.27374179275778698361 -1.5201805332170099661 -2.5342364978250420116 3.6792309033933711174e-012 
4.6499999999998875566 0.27374173501648557671 -1.5201808306106170399 -2.5342364978261207042 4.5072407793597395611e-012 
4.6749999999998959055 0.2737412842702286464 -1.5201813617647645938 -2.5342364978273188569 3.2361606908668660263e-012 
4.6999999999999042544 0.27374108011809195062 -1.5201872850221000988 -2.5342364978279610099 1.7393750374096446231e-012 
4.7249999999999126032 0.27374095636524603536 -1.5201847332120004275 -2.5342364978284668275 2.0565582535830831466e-012 
4.7499999999999209521 0.27374122293099545367 -1.5201824860063504197 -2.5342364978291107569 2.5485967487257937048e-012 
4.774999999999929301 0.27374168031403089962 -1.5201838661477569126 -2.5342364978298026479 1.9102228732940025468e-012 
4.7999999999999376499 0.27374168890567546208 -1.5201815188927891853 -2.5342364978301450407 9.7356412977093069127e-013 
4.8249999999999459988 0.27374165642216002903 -1.5201799819425363403 -2.5342364978304567913 1.1807902009409229697e-012 
4.8499999999999543476 0.2737415853367099472 -1.5201806620401590031 -2.5342364978308080659 1.3562147461603013576e-012 
4.8749999999999626965 0.27374130790424033854 -1.520182426856432123 -2.5342364978311948676 1.2378952120822980943e-012 
4.8999999999999710454 0.27374126766070017158 -1.5201839079426149315 -2.5342364978314315671 5.4214093080575744439e-013 
4.9249999999999793943 0.27374126419833666457 -1.5201826978238108801 -2.5342364978315767843 5.3804003180340807913e-013 
4.9499999999999877431 0.27374119197738122633 -1.5201824530110759071 -2.534236497831764634 8.7267766557803401244e-013 
4.974999999999996092 0.27374141644479643709 -1.520183973114324516 -2.5342364978320199853 7.421474338767987262e-013 
