0.025000000000000015266 0.59755111474509037262 0.00049762265040046924081 -2.2437721264112933106 0.041461606310906021222 
0.05000000000000003747 0.57218807836906471209 0.017502648106666435224 -2.2513050254903252956 0.060958798953648363206 
0.075000000000000052736 0.42688694744513938639 -0.0095958262402729421758 -2.2714110898182902076 0.099063277926818030239 
0.10000000000000007494 0.38644055487685707861 -0.054630122725089713676 -2.3053077440989491187 0.11404522429437535802 
0.12500000000000008327 0.21786703771359303139 -0.40610519904208708386 -2.3274199151580612366 0.060966374435004869192 
0.15000000000000010547 0.21654143630605365844 -2.1057077319414290173 -2.3420320883312766291 0.058449438020947028227 
0.17500000000000012768 0.30136555811900506141 -2.721850232279971582 -2.3573598825033794668 0.05902561223056339984 
0.20000000000000014988 0.22840202369666004478 -1.5969715014531367103 -2.3711801166651618189 0.034473312361630883971 
0.22500000000000017208 0.20912645684671074542 -2.1391411957757626716 -2.3800517030030894361 0.044228463168821202656 
0.25000000000000016653 0.26588694176759175569 -1.7210498322452973952 -2.3949917185453220014 0.063362595732545545779 
0.27500000000000018874 0.31306489774440393603 -0.081246991002057900033 -2.4107667779940555874 0.056861983484990774596 
0.30000000000000021094 0.36102200103959297683 -2.9844935080178771614 -2.4227834784220507736 0.028177400315253394586 
0.32500000000000023315 0.31825179407243314733 0.69102399361073729711 -2.4315911610777631857 0.038712304121893463538 
0.35000000000000025535 0.30336590166645777122 -0.12012324290827558482 -2.4405932796313054567 0.032094862786909393593 
0.37500000000000027756 0.27963776283509284015 -1.5824333855849901376 -2.4480731323271811561 0.024002365715539940999 
0.40000000000000029976 0.23266539773811709124 -1.5254935967129532592 -2.4538342169219089506 0.018821362757587049852 
0.42500000000000032196 0.28212533236400549885 -1.3636043328289924048 -2.4591491443505746339 0.018241704935285867062 
0.45000000000000034417 0.31413698461585920496 -0.79076830967930855643 -2.4637454835298409073 0.022547200488385925332 
0.47500000000000036637 0.30715850997135291101 -0.36986332734133442468 -2.4698815706523813418 0.01828195056365241461 
0.50000000000000033307 0.33455876358134167825 -0.65769963237684092583 -2.4738515068343929215 0.016056811600104598653 
0.52500000000000035527 0.34128530236556425814 -0.70264860141212359679 -2.4780872230922583732 0.011751454428692874321 
0.55000000000000037748 0.35319103499567539028 -0.97672582709259103684 -2.4809405025912250053 0.012838541338668916017 
0.57500000000000039968 0.35427199797764424849 -1.2362372617886658865 -2.4839601687743257941 0.0099823072971343181775 
0.60000000000000042188 0.31246976459405728654 -1.2107996157022160588 -2.48744580660082093 0.013563706564577584363 
0.62500000000000044409 0.30162409886457247632 -1.4445616310977835717 -2.4899507378229563948 0.0070576138542336507367 
0.65000000000000046629 0.30529215460465164433 -1.3931314163399761696 -2.4920225145905998687 0.0087734780624773613111 
0.6750000000000004885 0.30017608536004464215 -1.2493202618250265346 -2.494537544133968332 0.010877585154618684554 
0.7000000000000005107 0.31344515667988825935 -1.4006307305787912831 -2.4984259038659319963 0.019082610339154797846 
0.72500000000000053291 0.28446745883624385831 -1.3926931767877248625 -2.5047378479834252474 0.024126585646232941162 
0.75000000000000055511 0.24650716176594875129 -1.5930200123300399806 -2.5088054593798272407 0.0092727969502427783771 
0.77500000000000057732 0.25906748498018333793 -2.0896428434224700865 -2.5114582653430930215 0.0090905715141256938222 
0.80000000000000059952 0.24961549902066748619 -2.1482884676354743192 -2.5131548430975145791 0.0056865371557459640575 
0.82500000000000062172 0.24229290234488728983 -1.9418487207116417181 -2.5149827875590706761 0.0078933813260158580682 
0.85000000000000064393 0.26606350370752479551 -1.7607159842401303163 -2.5175665949719205905 0.012218944043101793648 
0.87500000000000066613 0.27129999016469558137 -1.4104934568496081404 -2.5205327571721038993 0.0070301212126710893591 
0.90000000000000068834 0.28784180805674097758 -1.3170863455160817246 -2.5218560336206450323 0.0050865392957073294472 
0.92500000000000071054 0.28897760816565531972 -1.374189163890176868 -2.5231137656642275147 0.0048991580979929538406 
0.95000000000000073275 0.25981872745131495694 -1.4150647829792264432 -2.5246623979666642512 0.0057053861931490156695 
0.97500000000000075495 0.26495438709314717007 -1.7305383931406779219 -2.5259547680278164883 0.0042259561974161566691 
1.0000000000000006661 0.27612916597339598468 -1.7719718671380291219 -2.5269146991090498666 0.0032462597391098618922 
1.0249999999999979128 0.26965489722840574327 -1.4991432090341638705 -2.5276651200021600374 0.0025845869880021109417 
1.0499999999999951594 0.27548731969655609886 -1.5693822562429549095 -2.5285129955962313275 0.0034274955436984842587 
1.0749999999999924061 0.27022696117692379669 -1.4756108475308313821 -2.5293483124484863467 0.0030050247075869519417 
1.0999999999999896527 0.26488387892991488437 -1.2863262125973822236 -2.5299622509436727746 0.0015638679161458655855 
1.1249999999999868994 0.27751996370847958895 -1.4904220127616207847 -2.5303874048621759485 0.0017554643261287628669 
1.149999999999984146 0.27346025514474986418 -1.651552566489491447 -2.5308561639664395315 0.0017486140667330150617 
1.1749999999999813927 0.26763844470735581593 -1.6538449104607817475 -2.531327525662113942 0.0018701992559216774198 
1.1999999999999786393 0.27459565471954461291 -1.620048748092825619 -2.5317514569533670077 0.0010934271185122329106 
1.224999999999975886 0.27163567037984720498 -1.4498220267657495608 -2.5319833966264999603 0.00084019999888183187313 
1.2499999999999731326 0.27433562326644483909 -1.4000229350929458416 -2.5322363844988142745 0.001106610185411186463 
1.2749999999999703792 0.28181243896814184291 -1.4454424731579889052 -2.5325279785857879311 0.0010172534638534186466 
1.2999999999999676259 0.27454691532891822847 -1.4767194118122459745 -2.5327610898009047524 0.00068201660994836028982 
1.3249999999999648725 0.26808602168289685785 -1.622586567657238632 -2.5329208692383096135 0.00058455437435856784107 
1.3499999999999621192 0.26704952789186275908 -1.6212348492312260717 -2.5330647860728139342 0.00054918438379412785888 
1.3749999999999593658 0.26960275420867457763 -1.4953049508630287256 -2.5332249808155125059 0.00060434383115981536814 
1.3999999999999566125 0.2779778549318641101 -1.5446093740111921377 -2.5333676251894825526 0.00042808538232689717033 
1.4249999999999538591 0.27741644864619180444 -1.5606569932126928002 -2.5334587786082898297 0.00033432197991962200835 
1.4499999999999511058 0.27256414837102654891 -1.4767656739911205754 -2.5335501654016008288 0.00034297509308027561252 
1.4749999999999483524 0.27454380780444237464 -1.4734534784141324337 -2.5336483153160860304 0.00037368347592451527182 
1.4999999999999455991 0.27322633361258952256 -1.4822407974744207237 -2.53372790427900485 0.00019824635049233991623 
1.5249999999999428457 0.27223849143833123154 -1.4967206678488427229 -2.5337699349106266311 0.00019946355807825400354 
1.5499999999999400924 0.27439967995152586555 -1.5512063063065038016 -2.5338348476802332598 0.00023690337266733967384 
1.574999999999937339 0.27198563492867128266 -1.5705410333881923979 -2.5338930334503038111 0.00019612410355416634859 
1.5999999999999345857 0.27244809702982186739 -1.5654755096974892759 -2.5339329714200040655 0.00012193174166608823996 
1.6249999999999318323 0.27572009996683088939 -1.5276504819421259374 -2.5339656849417959705 0.00013025857724498638769 
1.649999999999929079 0.27428355708618695763 -1.4800308350522772827 -2.5340009470612852027 0.00012548745356593020233 
1.6749999999999263256 0.27361301663647180638 -1.5100036631488626959 -2.5340334264124155794 0.00011516848990664729226 
1.6999999999999235722 0.2736560005720001798 -1.5226626542893000327 -2.5340582812449405914 8.2117420681215950182e-005 
1.7249999999999208189 0.27242675409143485288 -1.4875648496071849358 -2.5340782544441298185 6.3966465364625419506e-005 
1.7499999999999180655 0.27319468840177657531 -1.5138345939426642861 -2.5340965514914604029 7.5568067250301280621e-005 
1.7749999999999153122 0.27355611055860440395 -1.538241078331775924 -2.5341168960583009273 7.9126964101347937357e-005 
1.7999999999999125588 0.27413323791301352772 -1.531872581901551067 -2.5341337498799556549 3.8600695637066291077e-005 
1.8249999999999098055 0.27549819732794539329 -1.5480586142161414376 -2.5341414661935464103 3.3383044018252620562e-005 
1.8499999999999070521 0.27381884931821448559 -1.5311007147769410963 -2.534154266971371694 5.4623969467593851688e-005 
1.8749999999999042988 0.2729356968419304752 -1.5013547198755237133 -2.5341669274026985548 4.4707085412066387175e-005 
1.8999999999999015454 0.27400163387014975225 -1.5034662199598185506 -2.5341764103585422419 1.9852466885052373873e-005 
1.9249999999998987921 0.27285488410387459535 -1.5047076211065899543 -2.534180534442762589 1.8832049684017817008e-005 
1.9499999999998960387 0.27265040173117083278 -1.5177247097190602609 -2.5341873679352429072 3.294773255554652526e-005 
1.9749999999998932854 0.27407259295812236299 -1.5296591375090076159 -2.5341961155624956881 2.7609345835951743599e-005 
1.999999999999890532 0.27412538090453092421 -1.5281256223474493083 -2.5342008335690699994 9.391331210148917401e-006 
2.0249999999998880007 0.27424422860610969677 -1.5378971539613914832 -2.5342037889453967736 1.552653770031087833e-005 
2.0499999999998852473 0.27418496694278238213 -1.5252139345975308515 -2.5342081130724101179 1.599758953618801431e-005 
2.074999999999882494 0.27371679820799788008 -1.5016761627887520447 -2.5342121205900474123 1.3841554123451747536e-005 
2.0999999999998797406 0.27399613063953248693 -1.51154923737374558 -2.534215491056695857 1.0151003550783483718e-005 
2.1249999999998769873 0.27340508912725058899 -1.5198116141821609304 -2.5342175808021996097 8.0384536510131238173e-006 
2.1499999999998742339 0.27281597104608573678 -1.5187882689851572859 -2.5342198337547987563 8.0281866888322095014e-006 
2.1749999999998714806 0.2735906483117896415 -1.5285155531770537873 -2.5342220441112708329 8.4920609507655894462e-006 
2.1999999999998687272 0.27388548566555270813 -1.5275476228842672644 -2.5342240700251714713 6.3738815837701103665e-006 
2.2249999999998659739 0.27401818476465478192 -1.5185326272736365816 -2.5342254426964747616 4.759615207992376949e-006 
2.2499999999998632205 0.27423147226347810435 -1.5168407390150047132 -2.5342267207855693201 4.7396786652583955754e-006 
2.2749999999998604672 0.27365787865660046174 -1.5168374844324064021 -2.5342280260160032768 4.5708691121898729321e-006 
2.2999999999998577138 0.27367336073316195222 -1.5205802462966597766 -2.5342290921427350625 4.0638788471673527373e-006 
2.3249999999998549605 0.27395737497705308083 -1.5211286551507032794 -2.5342300762037726081 3.022134537819773803e-006 
2.3499999999998522071 0.273456876851420283 -1.5166410833615837639 -2.5342307867918250075 2.316825741885507814e-006 
2.3749999999998494538 0.27341714080561885236 -1.5224273546279345481 -2.5342314134674142068 2.7542640520299820834e-006 
2.3999999999998467004 0.27368585658158811613 -1.5259779272169682329 -2.5342321854599054731 2.7085765580715722521e-006 
2.4249999999998439471 0.27374601885008303936 -1.5194354235235005834 -2.5342327312789985072 1.5350341636138560681e-006 
2.4499999999998411937 0.2740746472687977664 -1.5185886362212377421 -2.5342331397630060152 1.4445051649001495257e-006 
2.4749999999998384403 0.27401291305940994603 -1.5179713489158208617 -2.534233512215262607 1.6362969694837775982e-006 
2.499999999999835687 0.2736474604956258827 -1.5168658638858496523 -2.5342339548183963061 1.4718630422915366927e-006 
2.5249999999998329336 0.27359899614874511053 -1.5224820618210723744 -2.5342342753588851245 9.2407204614248047002e-007 
2.5499999999998301803 0.27350616859553456006 -1.5231250451159705772 -2.5342345172804847664 1.0228533600189877155e-006 
2.5749999999998274269 0.27365864998519057183 -1.5201802758019331563 -2.5342347727900569332 8.7651799342384886983e-007 
2.5999999999998246736 0.27395579111187079446 -1.5200333039683144865 -2.5342349944912481163 7.5531848535777933179e-007 
2.6249999999998219202 0.27377633997587219605 -1.5187318881482974042 -2.5342351731776444623 6.0324172535267895391e-007 
2.6499999999998191669 0.27369714063393063563 -1.520178929808055468 -2.5342353404543001005 6.675960428983056628e-007 
2.6749999999998164135 0.27382013904300478435 -1.5214703297861886799 -2.5342354856954574238 4.5892187724649777319e-007 
2.6999999999998136602 0.27375815480484966269 -1.5191305076320009704 -2.5342356160431052103 4.464670060301927463e-007 
2.7249999999998109068 0.27379603806975189029 -1.5196312461720755671 -2.5342357189181416999 3.9911579076943797071e-007 
2.7499999999998081535 0.27373343292299195939 -1.5201738198826144632 -2.5342358191677729629 3.1973455831842888972e-007 
2.7749999999998054001 0.27354003883185595836 -1.5197560272013910243 -2.5342358947707048777 2.8668840081047151232e-007 
2.7999999999998026468 0.27366191212622731355 -1.5219036771506806449 -2.534235981006832894 3.169709962630646357e-007 
2.8249999999997998934 0.27379565139843509147 -1.5215451889280395825 -2.5342360473018907818 2.0343553186335684915e-007 
2.84999999999979714 0.27378954503470442905 -1.5192096906386629573 -2.5342360937654371256 1.6286235838818153579e-007 
2.8749999999997943867 0.273849493743021144 -1.5192191661296656768 -2.534236143184965151 1.9599160834987318565e-007 
2.8999999999997916333 0.27381017097455423448 -1.5192480274072486246 -2.5342361958855765813 1.8947483582444703005e-007 
2.92499999999978888 0.27374002587646351081 -1.5196664192566604612 -2.5342362304116901051 8.8965250195051024628e-008 
2.9499999999997861266 0.27371171169377528365 -1.5209584263230779833 -2.5342362595163603345 1.3000781214627511377e-007 
2.9749999999997833733 0.27362528340576791619 -1.5208649162764560359 -2.5342362936148465913 1.1374828562434897346e-007 
2.9999999999997806199 0.273668891514157131 -1.5209493560711497828 -2.5342363187018199788 8.2423352987690473485e-008 
3.0249999999997778666 0.27376777732820012368 -1.5210263831092565301 -2.5342363383527386489 7.4268968421430659537e-008 
3.0499999999997751132 0.27375630478549589641 -1.5195357547972385692 -2.5342363596883612509 7.2188559150736527918e-008 
3.0749999999997723599 0.27380395356419212627 -1.5189444105235989646 -2.5342363767498814475 6.6107723441099143652e-008 
3.0999999999997696065 0.27382431518813349358 -1.5193556250193469559 -2.5342363931738765004 5.28822683273493649e-008 
3.1249999999997668532 0.27373365078139233475 -1.5198081216872816324 -2.5342364045138405793 3.5822148034597380633e-008 
3.1499999999997640998 0.27370583169327172834 -1.5210551101433305021 -2.5342364158334462765 4.7752030128150823398e-008 
3.1749999999997613465 0.27369551050446211393 -1.5213352381888438636 -2.5342364268552799444 3.5637899895467338843e-008 
3.1999999999997585931 0.27368612395296110229 -1.5206637741954072141 -2.5342364357396545138 3.301012901773062359e-008 
3.2249999999997558398 0.27374780625559463898 -1.5203723832226512247 -2.534236443785200521 2.3739211639084131383e-008 
3.2499999999997530864 0.27378041739037589641 -1.519413470268615729 -2.5342364496762619375 2.384945584905512274e-008 
3.274999999999750333 0.27378108565214875902 -1.5190547574440294021 -2.5342364555533585246 2.1227185772974727349e-008 
3.2999999999997475797 0.27377295008732649428 -1.5199924222272922503 -2.5342364614405346046 2.0828277113589462702e-008 
3.3249999999997448263 0.27371871375822481864 -1.5203624852701735914 -2.5342364661460692332 1.4709069436062606577e-008 
3.349999999999742073 0.27370220255770644213 -1.5206021786532675222 -2.5342364696473800301 1.2645021693429061219e-008 
3.3749999999997393196 0.27372407464501574692 -1.5208655747506547584 -2.5342364727622053167 1.2108756540121966707e-008 
3.3999999999997365663 0.27373048263736926566 -1.520458532958234521 -2.5342364764751019734 1.3413868960514529958e-008 
3.4249999999997338129 0.27376221704005515578 -1.520104480341058828 -2.534236479330412628 8.8410586727528708727e-009 
3.4499999999997310596 0.27377208598122859673 -1.519780334582979453 -2.5342364812544997399 6.1910479714943107644e-009 
3.4749999999997283062 0.27374158206634535695 -1.5195961274224538684 -2.5342364829030863405 6.8358936119473765254e-009 
3.4999999999997255529 0.27374301956404384351 -1.520019117972583711 -2.5342364852901986261 9.9607658669765946125e-009 
3.5249999999997227995 0.27374261141820172005 -1.5203529314951671481 -2.534236487214639677 4.2211476029518437578e-009 
3.5499999999997200462 0.27372250760355776311 -1.5205073793374075386 -2.5342364879125893751 2.4725631344843823385e-009 
3.5749999999997172928 0.27372402626850622642 -1.520589050712432666 -2.5342364890317754522 5.4830418351577050088e-009 
3.5999999999997145395 0.27373405408079282131 -1.5201902341719022438 -2.5342364905131051778 5.1286632113026266363e-009 
3.6249999999997117861 0.27375329014828736485 -1.5199181955788092502 -2.534236491504326505 2.6651336956337790617e-009 
3.6499999999997090327 0.27376727666254146998 -1.5200617973812748929 -2.5342364920895721347 1.8375192367575512654e-009 
3.6749999999997062794 0.27374727170100104923 -1.5200540832603315344 -2.5342364926998164343 2.7774982980106887876e-009 
3.699999999999703526 0.27373287975163457242 -1.5201326764714486739 -2.5342364934393173392 2.8078300647180554795e-009 
3.7249999999997007727 0.27373401674639297187 -1.5203529293545829937 -2.5342364940947201823 1.9277759724667160451e-009 
3.7499999999996980193 0.27373085482927927981 -1.520282938980387355 -2.5342364945057975767 1.2697558909567262577e-009 
3.774999999999695266 0.27374030262240994782 -1.5201850116604747054 -2.5342364948331925767 1.2547766758478031126e-009 
3.7999999999996925126 0.27374840892028262651 -1.520184504980076623 -2.5342364952133942246 1.7791261527142654326e-009 
3.8249999999996897593 0.27374406456047400971 -1.5201373123102115414 -2.534236495650740828 1.1124263706978703777e-009 
3.8499999999996870059 0.2737454416461114759 -1.5201416495675799112 -2.5342364958665459795 7.4830902571481740444e-010 
3.8749999999996842526 0.27374227860512928556 -1.5201144538141184714 -2.5342364960639280902 8.0527367259172101626e-010 
3.8999999999996814992 0.27373736672861309627 -1.5201623514557980332 -2.5342364963125163513 1.0073092903451452981e-009 
3.9249999999996787459 0.27374083385851155636 -1.5203080826214705468 -2.5342364965436021684 6.2538947040883170676e-010 
3.9499999999996759925 0.27373766733192345102 -1.520230615137317054 -2.534236496670748906 4.3418597336610108914e-010 
3.9749999999996732392 0.27373716873143177919 -1.5201485587436129876 -2.5342364967925337105 5.361176895890361507e-010 
3.9999999999996704858 0.27374607342018447698 -1.5202020966905074317 -2.5342364969462867208 5.4335232472029353613e-010 
4.0249999999996788347 0.27374744981814369549 -1.5201364416467550988 -2.5342364970708675109 3.6191481388951208397e-010 
4.0499999999996871836 0.27374459295027747663 -1.5201112506688272408 -2.5342364971445321409 2.8800825829037532897e-010 
4.0749999999996955324 0.27374091728564559078 -1.5201828229427309935 -2.5342364972301227866 3.1231954644363334788e-010 
4.0999999999997038813 0.27373597595869808563 -1.5201905409117433265 -2.53423649731119216 2.9674029894068980502e-010 
4.1249999999997122302 0.27373835539706092845 -1.5202173292077487687 -2.5342364973789952565 2.0475536587268563288e-010 
4.1499999999997205791 0.27374054150831650389 -1.5202371854529719286 -2.5342364974296267555 2.089087125093412042e-010 
4.1749999999997289279 0.27373988830730910937 -1.5202046637601926982 -2.5342364974806312894 1.5259733738234211351e-010 
4.1999999999997372768 0.27374432362584733003 -1.5201815085585228537 -2.5342364975255016191 1.9026417782632605571e-010 
4.2249999999997456257 0.27374547830243783908 -1.5201390546331694509 -2.5342364975679707584 1.239947335097047272e-010 
4.2499999999997539746 0.27374242353258165794 -1.5201310044515685682 -2.5342364975939823957 8.8535060818196555646e-011 
4.2749999999997623235 0.27374211610711057796 -1.5201759583528229314 -2.5342364976239544205 1.269301327221725089e-010 
4.2999999999997706723 0.2737402893346290722 -1.5201782648043713486 -2.534236497654750675 1.0149634311677810245e-010 
4.3249999999997790212 0.27373902869599497922 -1.5201911106573984256 -2.5342364976767113305 6.9438155963551956786e-011 
4.3499999999997873701 0.27374032218797111904 -1.5202303495355304896 -2.5342364976932998388 5.7229262363080848195e-011 
4.374999999999795719 0.2737398165362881497 -1.5202104052708325099 -2.5342364977097417977 6.2341435156913715509e-011 
4.3999999999998040678 0.27374100305577347969 -1.5201862796861047578 -2.5342364977263756032 6.9506160641346701582e-011 
4.4249999999998124167 0.27374343577140292094 -1.5201794441510605438 -2.5342364977425004824 4.3592970801451447366e-011 
4.4499999999998207656 0.27374323240123726864 -1.5201436367498764035 -2.5342364977517748414 2.9679434954812659302e-011 
4.4749999999998291145 0.27374305055428288513 -1.5201405997872545761 -2.5342364977596960607 3.3492454807882017329e-011 
4.4999999999998374633 0.27374170583132972911 -1.5201776844812249223 -2.5342364977700242434 4.4350522995848663681e-011 
4.5249999999998458122 0.27373947936044296103 -1.5202044030227845894 -2.5342364977804496817 2.6726577046782190793e-011 
4.5499999999998541611 0.27374016154707075943 -1.5202193030623889491 -2.5342364977849034524 1.2730035814352519605e-011 
4.57499999999986251 0.27374084302864432061 -1.5201979980239712642 -2.5342364977897480216 2.5354655675729520041e-011 
4.5999999999998708589 0.27374101290209151838 -1.5201686819268007689 -2.5342364977965536887 2.382658454653146149e-011 
4.6249999999998792077 0.2737424571379292737 -1.5201736668325196433 -2.5342364978020590627 1.4130713446063738724e-011 
4.6499999999998875566 0.27374229031450930671 -1.5201738216006195348 -2.5342364978044322754 8.6276705320676674646e-012 
4.6749999999998959055 0.27374148861068114957 -1.5201748286694711787 -2.5342364978075688775 1.4987577567048974812e-011 
4.6999999999999042544 0.27374180085778193616 -1.5201867895393419428 -2.5342364978118929741 1.5107370209759659075e-011 
4.7249999999999126032 0.27374130709194538502 -1.5201825168737377325 -2.5342364978147413623 6.1299272131903277803e-012 
4.7499999999999209521 0.27374084612226357027 -1.52018453776803808 -2.5342364978161748823 7.0361473759818364899e-012 
4.774999999999929301 0.27374092998236609908 -1.5201903891055108531 -2.5342364978182461144 7.7925783608363763774e-012 
4.7999999999999376499 0.27374099045435629218 -1.5201812974752830776 -2.5342364978204261483 7.9791619348251119726e-012 
4.8249999999999459988 0.27374191903667072223 -1.5201801194486890267 -2.5342364978222735594 5.8272530618887171475e-012 
4.8499999999999543476 0.27374220868896892433 -1.5201810669228401629 -2.5342364978233327122 2.8857173002590678817e-012 
4.8749999999999626965 0.27374134819607293112 -1.5201784610619151206 -2.5342364978243039353 4.4089492017631710713e-012 
4.8999999999999710454 0.27374126922994757027 -1.5201857581069919689 -2.5342364978255691454 4.8557372002754742332e-012 
4.9249999999999793943 0.2737413393599411604 -1.5201872389789841122 -2.5342364978267459819 3.7509517792969238877e-012 
4.9499999999999877431 0.27374119328167828558 -1.5201809914470305607 -2.5342364978273796972 1.4123947972201807381e-012 
4.974999999999996092 0.27374144746598755296 -1.5201802299973312671 -2.5342364978278921761 2.5546653931990674452e-012 
