0.025000000000000015266 0.59732875778274852063 0.0004960908386228632394 -2.2440438472236294842 0.041301450638504683122 
0.05000000000000003747 0.57211076995126275424 0.017443585397910355006 -2.2517538747801046917 0.060494333442022457659 
0.075000000000000052736 0.42757812213902712806 -0.0092572441437964725353 -2.2722744678115454064 0.098147384756318928334 
0.10000000000000007494 0.38767120231714863321 -0.054521589971374018191 -2.3068682913328655282 0.11310695085741639954 
0.12500000000000008327 0.21989951800246204661 -0.40695932514484689513 -2.3294280940080320796 0.060196198259838108735 
0.15000000000000010547 0.2177496402425312394 -2.0887426164963063258 -2.3441851254669376914 0.057033344491495996387 
0.17500000000000012768 0.30141846720961296135 -2.693494363076220921 -2.3596136332333230712 0.057763396628569593783 
0.20000000000000014988 0.23007437369275046679 -1.5839710779133131524 -2.3734817918866193409 0.033386654122889117269 
0.22500000000000017208 0.21083303457778021506 -2.1060315114051242347 -2.3822410575723713677 0.042130400811057427957 
0.25000000000000016653 0.26399515548445690039 -1.6722708875446341548 -2.3969135253334430402 0.060545577130862671122 
0.27500000000000018874 0.31058371739405488121 -0.05539493291043617873 -2.4125176466271076592 0.055781966918801904887 
0.30000000000000021094 0.36607295099467140886 0.21886151850510682237 -2.4251937736834880965 0.028628839950692066413 
0.32500000000000023315 0.32768228364370838301 0.69180637470763572949 -2.4336821837727544704 0.03613877571148996215 
0.35000000000000025535 0.31009004969396092299 -0.14734593940866391737 -2.4429272941652979689 0.034487981970772234319 
0.37500000000000027756 0.27796863110877778613 -1.6865675709024887663 -2.4507180646530337675 0.021372933655654183932 
0.40000000000000029976 0.22888972458290882117 -1.6834887255976012099 -2.4558948684599108958 0.017396813588386149385 
0.42500000000000032196 0.28559791745177587341 -1.5183547095055467402 -2.4613429530661399269 0.017985388435863607082 
0.45000000000000034417 0.31761645403013116784 -0.84508418931586126721 -2.4657973624044511318 0.021810577284107662138 
0.47500000000000036637 0.31466168533263677576 -0.42299605774470983022 -2.4721602338961425893 0.019044924147845837537 
0.50000000000000033307 0.34607583332471780757 -0.84710429455598545978 -2.4762778559801637002 0.014596383321909328287 
0.52500000000000035527 0.34397511553957044184 -0.84336676328527537816 -2.4801290491616883038 0.010877197535731556247 
0.55000000000000037748 0.34580951856552605284 -1.0344093230420576823 -2.4830883990653735971 0.013216888557827181569 
0.57500000000000039968 0.34423043157795230051 -1.3196586467271447241 -2.4861768310967087281 0.0092949563644404969293 
0.60000000000000042188 0.30474117862293981229 -1.258986524169104948 -2.489390474197006764 0.011900865534750408939 
0.62500000000000044409 0.29961615806833796771 -1.4681774382450702987 -2.4918598945528573907 0.0084127870034906016006 
0.65000000000000046629 0.30200808596535289041 -1.4353277728405380298 -2.4948073457795869601 0.013466887797330649723 
0.6750000000000004885 0.27809917237804560042 -1.3060742115578560796 -2.4993855984658952529 0.021154977860583481369 
0.7000000000000005107 0.26859216988421136252 -1.5711915132923346405 -2.5058671887791619248 0.02057299427344449344 
0.72500000000000053291 0.26200150928114945836 -1.8172702974029593115 -2.509290783308950612 0.0083917047006709325624 
0.75000000000000055511 0.25988934631942300912 -2.0007323296016905623 -2.5117327023518201123 0.0082354908966262522357 
0.77500000000000057732 0.25940071296571015624 -2.101743964245598395 -2.5137265667863770702 0.0072599327072527383362 
0.80000000000000059952 0.24922036623532239918 -1.835596768683123603 -2.5157245496681626129 0.0076499631735540817717 
0.82500000000000062172 0.26213193139290091871 -1.498113931193576942 -2.5184076948808624685 0.012092632150478604264 
0.85000000000000064393 0.28608905739929202383 -1.454009283310167655 -2.5212768730706485165 0.006790721611859297166 
0.87500000000000066613 0.2803754394895280333 -1.3492230606977508867 -2.5224704643651092439 0.0033618679895471579103 
0.90000000000000068834 0.26839342320273540388 -1.4051544900945458494 -2.523620960677658509 0.0057082607069611282502 
0.92500000000000071054 0.26559713262651168941 -1.6096408788981118043 -2.5252795180395026797 0.0055714840331332633055 
0.95000000000000073275 0.26971231098278281024 -1.7173693437751889057 -2.5265960063146830628 0.0041082251494065028657 
0.97500000000000075495 0.27530867359731703292 -1.706689537693662162 -2.5274263113486279408 0.0021031897137469379548 
1.0000000000000006661 0.27213660510262221992 -1.5143882883981700793 -2.5280635882233184475 0.0026356065145566533355 
1.0249999999999979128 0.27130326687045502876 -1.4588589914809220183 -2.5288515752859836994 0.0034866645080558231022 
1.0499999999999951594 0.2747019609283865571 -1.5852450851314108249 -2.5297802201811370182 0.0025868401829911543202 
1.0749999999999924061 0.27024658746522817188 -1.4659135562328842184 -2.5303211557342653037 0.0017128672986436316045 
1.0999999999999896527 0.2704213857273771171 -1.3754069115974156823 -2.5307210029429847431 0.0012072398446706883533 
1.1249999999999868994 0.2754364672265882108 -1.5349634317674438755 -2.5310735729028515095 0.001631801552387629993 
1.149999999999984146 0.27215160990370745875 -1.6270614752137162462 -2.5316077227832689545 0.0018834222427091876478 
1.1749999999999813927 0.2708892702035081701 -1.6106472454084594936 -2.5319958546507757013 0.0010223208883812099149 
1.1999999999999786393 0.27378359619072412112 -1.5181025755480486161 -2.5321861135445811186 0.00054695219906849298994 
1.224999999999975886 0.27517332034672992158 -1.4228258363222492378 -2.5324132326939574611 0.0011091177626000108761 
1.2499999999999731326 0.27652691342474505776 -1.4651841599374053615 -2.5327255772417514024 0.0010063808239640708794 
1.2749999999999703792 0.27345345684027488886 -1.5096433684571028966 -2.5329229066311285123 0.00053334496433983925954 
1.2999999999999676259 0.26938359876607759213 -1.5505450255078918609 -2.5330487175103235664 0.00041112566652267090945 
1.3249999999999648725 0.27044513888705928872 -1.609334550276298792 -2.5331895678018185869 0.00061671780580459245602 
1.3499999999999621192 0.27251461783557673346 -1.5344587609093269798 -2.5333537661213862968 0.00055345033228570885819 
1.3749999999999593658 0.27632186421068222204 -1.4735093130057455024 -2.5334722566336171923 0.00031378911452745856213 
1.3999999999999566125 0.27759155076497016301 -1.5205319692377898821 -2.5335533332553334951 0.00029433310926493783891 
1.4249999999999538591 0.27247637429962645594 -1.5305971667726194774 -2.5336328037601623109 0.0003093446378548035604 
1.4499999999999511058 0.27101915996676950726 -1.5213413407317386561 -2.533723820267713922 0.00033051995395535674989 
1.4749999999999483524 0.27323234491417419667 -1.5092414461088692335 -2.533797529377205926 0.00019525812787651159168 
1.4999999999999455991 0.27317475426635395852 -1.4909170347064970574 -2.5338403345840259107 0.0001363943893881509775 
1.5249999999999428457 0.27387345794091838558 -1.5176598033110157981 -2.5338823538381585188 0.00020258342335902404779 
1.5499999999999400924 0.27424225094361409649 -1.544141331249148763 -2.5339439874097293703 0.00019544022401924245926 
1.574999999999937339 0.27374430349633199766 -1.5485555393686061265 -2.5339812876117928653 9.5385860959795070509e-005 
1.5999999999999345857 0.27450270958695222046 -1.5494910332289320021 -2.5340045259733638972 8.942630776055687401e-005 
1.6249999999999318323 0.27370697035394014884 -1.5126698380349163919 -2.5340352875716209979 0.00012930682042243808695 
1.649999999999929079 0.2730178568560989727 -1.4786840600685824398 -2.5340674877270101817 9.5960963499332302645e-005 
1.6749999999999263256 0.27394936844968459377 -1.5042679379173340415 -2.5340872726935685932 5.5630725613380905268e-005 
1.6999999999999235722 0.27292456025265543484 -1.5259002964176913153 -2.5341023383524237111 5.875299116335297385e-005 
1.7249999999999208189 0.2725000546362529863 -1.5205695337760531949 -2.534119984740837328 6.8824508555831524206e-005 
1.7499999999999180655 0.27409035635402123621 -1.5280940861233229811 -2.5341383436005902041 6.189328388250144833e-005 
1.7749999999999153122 0.2743655613942477256 -1.5337425035354441683 -2.5341510240532052478 2.9630781849209841225e-005 
1.7999999999999125588 0.27456970344420489338 -1.5331025475931392421 -2.5341585267532167336 3.1452585353009922047e-005 
1.8249999999999098055 0.27446141965256765083 -1.5258259254499397795 -2.5341685149068724492 4.1687982830866986757e-005 
1.8499999999999070521 0.27318187092520868076 -1.5079077224187065198 -2.5341800980834077173 3.7650426111985283047e-005 
1.8749999999999042988 0.27328781554837733303 -1.5089867777148970873 -2.5341874570932878541 1.6270987126885520259e-005 
1.8999999999999015454 0.27348003508574442177 -1.5105552146008045522 -2.5341911179198821635 1.620209521297577714e-005 
1.9249999999998987921 0.27296149073679337738 -1.5070509207362139392 -2.5341969059617142079 2.4812206434100569544e-005 
1.9499999999998960387 0.27373312526734339123 -1.5300089688827653855 -2.5342040416120381607 2.3157308530639579759e-005 
1.9749999999998932854 0.27418860199944278255 -1.5403404077391904536 -2.5342080132886510846 7.7415473263047051292e-006 
1.999999999999890532 0.27393072779259475258 -1.5261300877534300646 -2.5342100749758968981 1.0669714224189955212e-005 
2.0249999999998880007 0.27420798737199164608 -1.5213725882542703527 -2.5342140219666484668 1.5038943387317211368e-005 
2.0499999999998852473 0.27387917936758232607 -1.5146720976206164977 -2.5342175050906683431 1.0577680732927203293e-005 
2.074999999999882494 0.27351492320011400183 -1.5085768573328879327 -2.5342197575580422964 6.7030675301891136465e-006 
2.0999999999998797406 0.27360239130728508661 -1.5139305763631158985 -2.5342215875047267026 6.7838349000659552048e-006 
2.1249999999998769873 0.27322545140598969438 -1.5206977962643253299 -2.5342234514912855836 6.2999173573859952328e-006 
2.1499999999998742339 0.27354209001650675592 -1.5278957589016504137 -2.5342252039095347627 7.5478836439871942822e-006 
2.1749999999998714806 0.27423565583982523197 -1.5268765236611114844 -2.5342270381999210116 4.3231512699387129417e-006 
2.1999999999998687272 0.2738593856006393823 -1.5187634153409910187 -2.5342279140137735638 3.1268989403125213235e-006 
2.2249999999998659739 0.27361052784347378308 -1.5187956193816829487 -2.5342288202548814979 3.6422725004616935516e-006 
2.2499999999998632205 0.27384560857147799418 -1.520022957174789191 -2.5342300009125997562 4.7694302805682322274e-006 
2.2749999999998604672 0.27381794273566389952 -1.5180455125577982933 -2.5342310245253383272 2.2058649766654192683e-006 
2.2999999999998577138 0.27378929489409592479 -1.5197783116310914497 -2.5342315316925052571 2.0880313232635381799e-006 
2.3249999999998549605 0.27356543797225568726 -1.5194342152377466881 -2.5342320808165430535 1.9910366715241992708e-006 
2.3499999999998522071 0.27342341105544920588 -1.5180800712793045548 -2.5342327292438850961 2.5019828313500668722e-006 
2.3749999999998494538 0.27380309535587221692 -1.522910890695718944 -2.5342332834343501702 1.5040107265115124689e-006 
2.3999999999998467004 0.27390532960646124527 -1.5242855885177777342 -2.5342336493780472928 1.3346847460691325479e-006 
2.4249999999998439471 0.27381352958175597667 -1.5195810662476523234 -2.5342339666603161952 9.7432917857840036509e-007 
2.4499999999998411937 0.27396364382528509696 -1.5183054601033560971 -2.5342342983544603463 1.4523365774404836729e-006 
2.4749999999998384403 0.27379000414643639427 -1.5187248543440761139 -2.5342346329381015835 9.1789254670599009644e-007 
2.499999999999835687 0.27349529348694168185 -1.5191368723528120288 -2.5342348537297265665 7.4515309771734403376e-007 
2.5249999999998329336 0.27354010352840579801 -1.5205845307496370644 -2.534235031039471675 5.9047039864126289638e-007 
2.5499999999998301803 0.27368401441404971441 -1.5211720224376388266 -2.5342352272120209911 8.312488126725753024e-007 
2.5749999999998274269 0.2738527495188160521 -1.5222026713642597961 -2.5342354204288177755 5.3743036519480271782e-007 
2.5999999999998246736 0.2738715473469602868 -1.5207101215533280758 -2.5342355452864153698 3.9118059751115027198e-007 
2.6249999999998219202 0.27371948603325518823 -1.5177268125618512684 -2.5342356429060637346 3.8742032490831919062e-007 
2.6499999999998191669 0.27377126646375737895 -1.519738377296883769 -2.534235769551789641 4.7770576688185029056e-007 
2.6749999999998164135 0.27384416283124807245 -1.5213304079735940899 -2.5342358736203522973 2.7799225508788288827e-007 
2.6999999999998136602 0.27372932926087217842 -1.5195626851627481724 -2.534235940116895236 2.4929240637045782377e-007 
2.7249999999998109068 0.27365822184473892476 -1.5194736823116499203 -2.5342360106250514384 2.5052983454037360299e-007 
2.7499999999998081535 0.27363665965774186528 -1.5203265369094616233 -2.5342360759793476355 2.1779545924241685555e-007 
2.7749999999998054001 0.27366195647634061761 -1.521148450780881678 -2.5342361305348668488 1.9601635049971256529e-007 
2.7999999999998026468 0.27376681129880892085 -1.5215008289451277257 -2.5342361792203211834 1.5131322085594638453e-007 
2.8249999999997998934 0.27381271908073256949 -1.5202112479735214734 -2.5342362164178560135 1.2227785582021665995e-007 
2.84999999999979714 0.27382740914970038482 -1.5192310996958091618 -2.5342362508982163583 1.4119780191658857733e-007 
2.8749999999997943867 0.2738202600603450998 -1.5189502470709539406 -2.5342362885040548015 1.1750233459493629779e-007 
2.8999999999997916333 0.27372386255351810469 -1.5191708725024120064 -2.5342363121956874572 6.4120395772221499775e-008 
2.92499999999978888 0.27366579901247184425 -1.5207111496375449455 -2.534236332862257246 9.0019236655636869037e-008 
2.9499999999997861266 0.27368215284797892117 -1.5216550328463862574 -2.5342363571989983129 8.7676670477151584752e-008 
2.9749999999997833733 0.2737029871839601336 -1.5209798976638884138 -2.5342363770602163164 4.8340205306317279925e-008 
2.9999999999997806199 0.2737468918425134401 -1.520291453701017037 -2.5342363888438388386 4.8443553085691590269e-008 
3.0249999999997778666 0.27377771753057955628 -1.5197571964374108067 -2.5342364031323358908 5.3796727146155076031e-008 
3.0499999999997751132 0.27378095095969356976 -1.5192196784086546835 -2.5342364165893491723 4.3611961998379587747e-008 
3.0749999999997723599 0.27378233350571068438 -1.5194750454132757156 -2.5342364272944677417 3.2016946401345171913e-008 
3.0999999999997696065 0.27374743180966265577 -1.5201545642787976931 -2.5342364351265085354 3.0108897808794086967e-008 
3.1249999999997668532 0.27370800735464112519 -1.5207226980947274875 -2.5342364433864208451 2.8666750115558598253e-008 
3.1499999999997640998 0.27370064993541259879 -1.52098390037646225 -2.5342364504777958878 2.248382564218688161e-008 
3.1749999999997613465 0.27370740264221077309 -1.5205367560622145007 -2.5342364566746051757 2.311336658185272373e-008 
3.1999999999997585931 0.27374735324937377046 -1.5201075341624843418 -2.5342364620322435087 1.7012662810027692111e-008 
3.2249999999997558398 0.27378460395772741265 -1.5198897529909727311 -2.534236466347334904 1.3150808460997639963e-008 
3.2499999999997530864 0.27377321038319291091 -1.5194948935558096892 -2.5342364699343526979 1.5351922388499965201e-008 
3.274999999999750333 0.27375070633480752536 -1.5197906718778213531 -2.53423647442668587 1.4997544065150154485e-008 
3.2999999999997475797 0.273725152840781083 -1.5204357450836805121 -2.5342364771808671975 6.5083122875697937178e-009 
3.3249999999997448263 0.27370710862022701315 -1.5205407437615212629 -2.5342364792944582774 8.9505146930037967375e-009 
3.349999999999742073 0.27372558457861551062 -1.5205541855352948666 -2.5342364818085854061 9.8064349850958894595e-009 
3.3749999999997393196 0.27374604003048347289 -1.5204048973281425461 -2.5342364843270157593 7.4560418557125969924e-009 
3.3999999999997365663 0.27375374691116316495 -1.5200730226524421518 -2.534236485867704225 4.6373386220529792407e-009 
3.4249999999997338129 0.27375854268059368612 -1.5198999731156526138 -2.534236487175149044 4.78665197620770646e-009 
3.4499999999997310596 0.27374863361291201791 -1.5198082601356390775 -2.5342364884508974399 5.0602813740560473837e-009 
3.4749999999997283062 0.27374231413279032088 -1.5200465921752996934 -2.5342364899691993685 5.2119624606449370689e-009 
3.4999999999997255529 0.2737397283715486962 -1.5203954817822373791 -2.5342364910316441673 2.7834593444050305954e-009 
3.5249999999997227995 0.27372580167089155534 -1.5203977881684052065 -2.5342364916675244046 2.1303420427645255944e-009 
3.5499999999997200462 0.27372817414637662381 -1.5203598903038915147 -2.5342364923365292562 2.9649205530694347156e-009 
3.5749999999997172928 0.27374337994182351697 -1.520271005802524833 -2.534236493283334557 3.4730876860480067899e-009 
3.5999999999997145395 0.27374856933718194618 -1.5200260384435440031 -2.5342364939264072632 1.2900215979167476445e-009 
3.6249999999997117861 0.27375237984276978853 -1.5199858904701637474 -2.5342364942524846505 1.3054461569155875609e-009 
3.6499999999997090327 0.27374745716520459959 -1.520121154628994109 -2.53423649465853984 1.8280991982315774732e-009 
3.6749999999997062794 0.27373633538066027837 -1.5202081949845978048 -2.5342364952103610953 1.7897663649919202579e-009 
3.699999999999703526 0.27373716513426216146 -1.5202588254805746715 -2.5342364955365686008 8.3255420782014915288e-010 
3.7249999999997007727 0.27373754099647312765 -1.5202312047051178556 -2.5342364957872121067 9.0450884584695667713e-010 
3.7499999999996980193 0.2737375457115507893 -1.52018901851449173 -2.5342364960017937925 9.0005384581851380126e-010 
3.774999999999695266 0.27374541470586422065 -1.5202307946940136762 -2.534236496295400709 9.8362803392707548195e-010 
3.7999999999996925126 0.2737455036341518988 -1.5202014110152100024 -2.534236496510376746 6.8201418516456462101e-010 
3.8249999999996897593 0.27374129558723936384 -1.5201086344785474935 -2.5342364966588593056 3.9085585263008688366e-010 
3.8499999999996870059 0.27374209532776577758 -1.5201060921892626254 -2.5342364967661952235 5.0219182508165995502e-010 
3.8749999999996842526 0.27374077031371191193 -1.5201499781894356467 -2.534236496938501837 6.3199094819339370077e-010 
3.8999999999996814992 0.27374042984496360642 -1.5202289768959529326 -2.5342364970739921226 3.8540074883813235509e-010 
3.9249999999996787459 0.27373997734323246567 -1.5202691804895134275 -2.5342364971502706616 1.9756145753095647708e-010 
3.9499999999996759925 0.27373746403987786469 -1.5201945947610140397 -2.5342364972183686334 3.1884716365808378929e-010 
3.9749999999996732392 0.27374243640099327202 -1.5201696510864937117 -2.5342364973158706398 3.6041997427649150999e-010 
3.9999999999996704858 0.2737470729574805195 -1.5201751468430086955 -2.5342364973911366555 1.9216129187129321188e-010 
4.0249999999996788347 0.27374345462993926459 -1.5201310369594380756 -2.5342364974351707652 1.4419658976110440966e-010 
4.0499999999996871836 0.27374107492084764903 -1.5201537475388284815 -2.5342364974823858859 2.0307355794331716595e-010 
4.0749999999996955324 0.27373976898212803999 -1.5201976795010947452 -2.5342364975349536138 1.7345359804830086161e-010 
4.0999999999997038813 0.27373814534089163653 -1.5202014357157587199 -2.5342364975726989762 1.0424441541495527319e-010 
4.1249999999997122302 0.27374005055285921539 -1.520208286744963555 -2.5342364976037350388 1.2293646678469429594e-010 
4.1499999999997205791 0.27374140955657216834 -1.52019614233567113 -2.5342364976324796011 9.1128294682591661624e-011 
4.1749999999997289279 0.27374235578036026917 -1.5201881590288648383 -2.5342364976578330982 9.6717973845193675036e-011 
4.1999999999997372768 0.2737441672476125798 -1.5201816651780459821 -2.5342364976839002466 8.3808756026619950182e-011 
4.2249999999997456257 0.27374256139221547768 -1.5201478169594517809 -2.5342364977014755212 4.8948845111487152671e-011 
4.2499999999997539746 0.27374080229909991679 -1.5201509149006309229 -2.5342364977142670668 5.534976204566055052e-011 
4.2749999999997623235 0.27374138480713683386 -1.5201850702617549782 -2.5342364977327611619 6.8603179407921050207e-011 
4.2999999999997706723 0.27374076850389034155 -1.5201970539770750523 -2.5342364977478375465 3.9804558472838269803e-011 
4.3249999999997790212 0.2737401918738129325 -1.5202056098719984867 -2.5342364977555784655 2.6062999164502317332e-011 
4.3499999999997873701 0.27374047218834601791 -1.5202055405857102244 -2.5342364977648172975 3.7804208195335354746e-011 
4.374999999999795719 0.27374085859249458474 -1.5201829067769287995 -2.5342364977751379307 3.7399545049484759054e-011 
4.3999999999998040678 0.27374249868302585886 -1.5201676899311147295 -2.5342364977835112327 2.1235296598589613288e-011 
4.4249999999998124167 0.27374315075573601996 -1.5201649566273292002 -2.5342364977882563259 1.8041471962779670439e-011 
4.4499999999998207656 0.27374199222004858001 -1.5201670363964194799 -2.534236497793657783 1.9943204956606402071e-011 
4.4749999999998291145 0.27374143293915192965 -1.5201808197430128899 -2.5342364977994793485 2.2762628141271678283e-011 
4.4999999999998374633 0.27374077644187216896 -1.5201919917793123016 -2.5342364978044940038 1.1842010186920894864e-011 
4.5249999999998458122 0.27374018680710482387 -1.5201961831141967973 -2.5342364978071674209 1.01496491411167115e-011 
4.5499999999998541611 0.27374095688163263551 -1.5201965799536099055 -2.5342364978100393458 1.1263171670407426714e-011 
4.57499999999986251 0.27374160949606574089 -1.5201811522777264329 -2.5342364978137004172 1.4264536436352202573e-011 
4.5999999999998708589 0.27374180892210436822 -1.5201708265728044456 -2.5342364978167184475 6.8213023121332339999e-012 
4.6249999999998792077 0.27374206137275552964 -1.5201766706297248355 -2.5342364978180067503 4.6549283249799155054e-012 
4.6499999999998875566 0.27374181710920569843 -1.5201774365139248957 -2.534236497819643219 7.0947865035700577072e-012 
4.6749999999998959055 0.27374150673259017852 -1.5201810302431186805 -2.5342364978219200644 8.7322169028563034787e-012 
4.6999999999999042544 0.27374121127876854809 -1.5201879728863287866 -2.5342364978236395778 3.5360517108916137825e-012 
4.7249999999999126032 0.27374078592758005479 -1.520186465031283074 -2.534236497824312373 2.5931124210753561905e-012 
4.7499999999999209521 0.27374095893324074114 -1.5201853846522053182 -2.5342364978253586472 4.5473116663735786533e-012 
4.774999999999929301 0.27374143571690551235 -1.5201831272793948635 -2.5342364978266114228 4.5336395364437975843e-012 
4.7999999999999376499 0.27374174781354604358 -1.520179906973489814 -2.5342364978275466747 2.1385812231729767993e-012 
4.8249999999999459988 0.27374194761035064438 -1.5201805763296807328 -2.5342364978280644827 2.0042048930368884019e-012 
4.8499999999999543476 0.2737416668289647248 -1.520179579263267966 -2.534236497828643131 2.1007393992837272733e-012 
4.8749999999999626965 0.27374127970831635404 -1.5201818879469248813 -2.5342364978292564182 2.6483421861884191621e-012 
4.8999999999999710454 0.27374126832704109846 -1.5201858950875068999 -2.5342364978299172229 1.6052504888483029138e-012 
4.9249999999999793943 0.27374122264913069991 -1.5201831098919069696 -2.5342364978302085454 8.8390840044086424665e-013 
4.9499999999999877431 0.27374118064167451969 -1.5201814354623210956 -2.5342364978304559031 1.1248544102291665915e-012 
4.974999999999996092 0.27374132931102201916 -1.5201831567467967155 -2.5342364978308880019 1.8073143633135410124e-012 
