0.025000000000000015266 0.59688539189733302859 0.00049304273616867719254 -2.2445831314721162997 0.040983514282146471519 
0.05000000000000003747 0.57195738055710731995 0.01732613592179715889 -2.2526403444380100893 0.05957623820474502313 
0.075000000000000052736 0.42894679194388224408 -0.0085929990917189558175 -2.27396369364021389 0.096343392291128593374 
0.10000000000000007494 0.39009940559200095844 -0.054277993906101329458 -2.3099091348719169581 0.11127076298841430402 
0.12500000000000008327 0.22391613887197461819 -0.40841856232987294728 -2.3333400963037518316 0.058707861598433497274 
0.15000000000000010547 0.22015439403137107566 -2.0550243853873597644 -2.3483615719053951842 0.054330809212458683333 
0.17500000000000012768 0.30159935151875394421 -2.6378899478270505519 -2.3639670819241422883 0.055376805028633839523 
0.20000000000000014988 0.23351397636596230023 -1.5584391604005156662 -2.3779292078499008056 0.031476331093768926406 
0.22500000000000017208 0.21475203202844178607 -2.0415758185645414002 -2.3865098155022961279 0.038500243196623790132 
0.25000000000000016653 0.26161680595755182344 -1.5833507070310031128 -2.4006832910546598292 0.055162463554945861954 
0.27500000000000018874 0.30356978767024966892 -0.027719691131933399397 -2.4154945394621512023 0.049926655496753506724 
0.30000000000000021094 0.36650763824366322519 0.17079032617526901383 -2.4288400035777568675 0.032811573043735157984 
0.32500000000000023315 0.34659932995513059728 0.58693067608574489569 -2.4373808127442928573 0.031202095208862381387 
0.35000000000000025535 0.32644371509492703387 -0.18697204550501667075 -2.446759995903450946 0.03750374254227854115 
0.37500000000000027756 0.27861098223464353385 -1.7861016654625867517 -2.45549371148942841 0.019292427240070946642 
0.40000000000000029976 0.22469931112769950254 -1.8804857877040976888 -2.4597906604040629119 0.014146002062462867746 
0.42500000000000032196 0.29201826459312374418 -1.7190309059240214129 -2.4656017351919436997 0.019714430683962894802 
0.45000000000000034417 0.32595041951387654366 -0.91472852632430257103 -2.4700492743002970819 0.018711407007913686412 
0.47500000000000036637 0.32591127792207186253 -0.44836083735042064902 -2.4759333473736453435 0.01769820976671716492 
0.50000000000000033307 0.35860783571296939165 -1.0274585305950205694 -2.4801861423141988716 0.012107743783779347652 
0.52500000000000035527 0.34001039334895583055 -0.94970690949175573525 -2.4834838958743588044 0.010591320643660633027 
0.55000000000000037748 0.32857905380712981724 -1.0917980780320992729 -2.4866946259065434433 0.012859489957705361185 
0.57500000000000039968 0.32976566186888262022 -1.4000170861773488795 -2.4897216707962219751 0.0078870988564710229479 
0.60000000000000042188 0.30010877833535076764 -1.2970783146373556782 -2.4925630885755700739 0.01132690309367447544 
0.62500000000000044409 0.29223523002120521674 -1.5023005719494801902 -2.4963701113251914876 0.017413249366566515425 
0.65000000000000046629 0.26738479460254926945 -1.5137556406291969857 -2.502863579124336102 0.024509335689686384541 
0.6750000000000004885 0.23019392320494405646 -1.5635978153669416457 -2.5082422121423277872 0.012508213386963893884 
0.7000000000000005107 0.26872703758070010105 -2.1425009066485376508 -2.511320088586723287 0.0079093105453861105303 
0.72500000000000053291 0.27731561768932661005 -2.1421977727905088251 -2.512879294565386612 0.0059555652467224379568 
0.75000000000000055511 0.2469563452715856644 -1.8153083235500728776 -2.514909595332558645 0.0072716547385251132513 
0.77500000000000057732 0.2619962371954917546 -1.7992776278956714719 -2.5172951227411632935 0.0092040588677520275562 
0.80000000000000059952 0.2724963683260687719 -1.5402612991833701805 -2.5203035463547132089 0.01042354647680323286 
0.82500000000000062172 0.28614156955512459746 -1.349977102805816509 -2.5225022965191157276 0.004961224173699686768 
0.85000000000000064393 0.28882128341768076307 -1.3826158617998336453 -2.5235657532372202105 0.0035785629594230570355 
0.87500000000000066613 0.25806801812369706273 -1.3684395152385206984 -2.5249114838690758233 0.0048421279488070510452 
0.90000000000000068834 0.25823412400721196258 -1.5824186301434102209 -2.5263084359560621373 0.0051528329995445048758 
0.92500000000000071054 0.27899891194629472535 -1.7773797863734768221 -2.5275424365828236262 0.0032111596116897226337 
0.95000000000000073275 0.27183291625328814822 -1.5967411443349164291 -2.5283609216134097508 0.0023035822164090284832 
0.97500000000000075495 0.27165483250673361226 -1.5037438309941277836 -2.5289477092438277239 0.0021641807540083678185 
1.0000000000000006661 0.27467986525506227213 -1.4640704746167489958 -2.5296808625307130036 0.0028487013622647680208 
1.0249999999999979128 0.27013794427674359122 -1.4367012601996234089 -2.5304512732344308645 0.0023187317315512940251 
1.0499999999999951594 0.27656334786954911431 -1.618250196567300403 -2.5309918109041680268 0.001254687547150339132 
1.0749999999999924061 0.2716348875045538902 -1.5688134709403716016 -2.5312755196615848163 0.0010711501238280397158 
1.0999999999999896527 0.2669859915977473297 -1.4336281194286644158 -2.5316446739079139228 0.0015112630712073367879 
1.1249999999999868994 0.27773598480909073016 -1.5582280104403398724 -2.5321214092312027688 0.001430016511126772083 
1.149999999999984146 0.2751281295105966751 -1.5402838130895857294 -2.5324105198785220594 0.00075235094182865276495 
1.1749999999999813927 0.27084165658327347126 -1.4662656997293503913 -2.5325884040680088916 0.0005114438805364462633 
1.1999999999999786393 0.27615248573602790838 -1.523839890135269215 -2.5327751170338004272 0.0008942860693716697543 
1.224999999999975886 0.27205856318642701597 -1.5081187080334417239 -2.5330568490903826451 0.000784631982152742425 
1.2499999999999731326 0.27017461612907206492 -1.543993109493527971 -2.5332083984708924085 0.00040536672700811223445 
1.2749999999999703792 0.27366747250837797356 -1.5545279237942226658 -2.5333116131989887876 0.00033719364306075504502 
1.2999999999999676259 0.27312596607949601868 -1.5004544881813932644 -2.533426328373217018 0.00044644818786995473306 
1.3249999999999648725 0.27544740105594189838 -1.5501407811178824492 -2.5335607507410089489 0.00043455175958499991365 
1.3499999999999621192 0.27544377518706719687 -1.5261697015317232662 -2.5336596518982985593 0.00027494642284322867243 
1.3749999999999593658 0.27249561204501487888 -1.4655614507937491098 -2.5337250016085137716 0.00017990186647911680711 
1.3999999999999566125 0.27440555738431809951 -1.5265858772524505405 -2.5337809767429986252 0.00022974002736442672998 
1.4249999999999538591 0.27310797611553377928 -1.5481076546879855016 -2.5338562553578625192 0.00025419482960628136253 
1.4499999999999511058 0.27110346192497675188 -1.5158025596441269123 -2.5339128837472579825 0.00016093602633884365499 
1.4749999999999483524 0.27375019840330433452 -1.5188606320514399517 -2.5339509538179560977 8.2615480744255840369e-005 
1.4999999999999455991 0.27367128370308768659 -1.5145912935626526519 -2.5339793978336841995 0.00014545754348587318122 
1.5249999999999428457 0.27403368921102455591 -1.5177303575049374551 -2.5340249271484402982 0.00014365480059175549142 
1.5499999999999400924 0.27601746354458361887 -1.5351507400038659767 -2.5340545223598698321 6.997387221919284259e-005 
1.574999999999937339 0.27376191702084645696 -1.5319930278218503172 -2.534074731452558904 6.5786997340561655426e-005 
1.5999999999999345857 0.27248032747964767708 -1.5304208245416501821 -2.5340939169179623747 7.8411441965654224461e-005 
1.6249999999999318323 0.27351453957451166143 -1.5116878137550253669 -2.5341184053690648526 7.9712884912027916423e-005 
1.649999999999929079 0.27329512376494397019 -1.4839823720028006981 -2.5341340335543978135 3.1163342155009816253e-005 
1.6749999999999263256 0.27365934220503101981 -1.5142328337992889686 -2.5341449849551374029 4.4056961143783377084e-005 
1.6999999999999235722 0.27357565246983361895 -1.5387586296787234552 -2.5341566998668914046 4.6395398988252503723e-005 
1.7249999999999208189 0.27347571142022297774 -1.5218714601486347249 -2.5341710972110584876 3.8599281902345827983e-005 
1.7499999999999180655 0.27464579597376348463 -1.5323158803717109588 -2.5341784406114498118 2.0666050241477490717e-005 
1.7749999999999153122 0.2740112238791604371 -1.5328335045094427791 -2.5341849818038100217 2.3433423001189313423e-005 
1.7999999999999125588 0.27335031674846255179 -1.5133990165313617737 -2.534192020920782884 2.8360250832177639449e-005 
1.8249999999999098055 0.27405017100699496924 -1.5160870532127737054 -2.5341999702894413282 1.9535107001875037384e-005 
1.8499999999999070521 0.27336409140142381435 -1.5117969169240215166 -2.534203915700156351 1.1707760625382731575e-005 
1.8749999999999042988 0.27319297617227511488 -1.5110841444756304419 -2.5342073265443176844 1.4026700328180380134e-005 
1.8999999999999015454 0.27401101026882296319 -1.5203484070188051369 -2.53421182629430497 1.4841392686978087417e-005 
1.9249999999998987921 0.27369384226732457188 -1.521730267981531437 -2.5342159271887605421 1.2196372073043446483e-005 
1.9499999999998960387 0.27377724543026166204 -1.5322896080928973817 -2.5342181769033222949 5.4226366739667880717e-006 
1.9749999999998932854 0.27408384968114868352 -1.5282064925379943432 -2.5342202548750236701 8.8572717187357971857e-006 
1.999999999999890532 0.27373607532827076705 -1.5123581346466039577 -2.5342226279134565381 7.3599025349716811723e-006 
2.0249999999998880007 0.27385388363605273065 -1.5196919063461438171 -2.5342248655089787412 7.0938025713932086449e-006 
2.0499999999998852473 0.2736261657630776889 -1.5214014667034911898 -2.5342262819180412237 4.0724549090222077094e-006 
2.074999999999882494 0.27322605406246136539 -1.5127943881576482177 -2.5342275162501040064 3.6677777404360368834e-006 
2.0999999999998797406 0.27367851419321131967 -1.5182234081434882178 -2.5342286012484014357 4.4673717021509868453e-006 
2.1249999999998769873 0.27391195729833545114 -1.5233766436211690909 -2.5342299180766381106 4.0999846514303808689e-006 
2.1499999999998742339 0.27399945776171902301 -1.5227023020158498845 -2.534230859319786866 2.55890143487399452e-006 
2.1749999999998714806 0.27403629858298039768 -1.52208506970350399 -2.5342314719039604753 1.7350689173214063611e-006 
2.1999999999998687272 0.27348232001583794304 -1.5193681773768403787 -2.5342320347708593431 2.3016388626087675123e-006 
2.2249999999998659739 0.27355362019744794422 -1.5199274021145119384 -2.5342327924126792915 2.8259999302891284342e-006 
2.2499999999998632205 0.27398801032488767637 -1.5212531958224380091 -2.5342333747308334324 1.0243543800955567421e-006 
2.2749999999998604672 0.27363151468953095247 -1.5183389262189477265 -2.5342336613122182776 1.16980333927617567e-006 
2.2999999999998577138 0.27349302401886110836 -1.5190853251403235724 -2.5342340027251966106 1.2427759998556096392e-006 
2.3249999999998549605 0.27375642031912128527 -1.5207101245535386003 -2.5342344160738377035 1.5068625153680199329e-006 
2.3499999999998522071 0.27380513436701092722 -1.5188051988948734206 -2.5342347355698038314 6.6332901162549016668e-007 
2.3749999999998494538 0.27390018716370129193 -1.5212013940015425284 -2.5342349214195305507 6.7039492973163338619e-007 
2.3999999999998467004 0.27381909700335216318 -1.5225811442727925638 -2.5342351027580360956 6.7312803828973685387e-007 
2.4249999999998439471 0.27368881061638283825 -1.51982693207495001 -2.5342353178934584612 7.4915498636290622643e-007 
2.4499999999998411937 0.27381640398192058639 -1.5205424144130863517 -2.534235509567730471 5.0344835865575617656e-007 
2.4749999999998384403 0.27368493809367622216 -1.5192316313337346223 -2.5342356237351162385 3.6368081571829683321e-007 
2.499999999999835687 0.27354896619457513829 -1.5171946145479850987 -2.5342357129633916735 2.9118222154962506883e-007 
2.5249999999998329336 0.27372951483598245703 -1.5206380689827723174 -2.5342358319152458179 4.8523054167955024925e-007 
2.5499999999998301803 0.27376069160655330803 -1.5223262001517328112 -2.5342359460517283054 2.614414340531159581e-007 
2.5749999999998274269 0.27377473940433472155 -1.5215384757323886511 -2.5342360062731876802 2.2136159477574589024e-007 
2.5999999999998246736 0.27384396756000523032 -1.5203386412948203255 -2.5342360602308784401 1.4756041080451134818e-007 
2.6249999999998219202 0.27375370929806558395 -1.5184955453809498849 -2.534236124189240158 2.7191945153657042039e-007 
2.6499999999998191669 0.27376339569649832395 -1.519745129203860845 -2.5342361870092178222 1.5868201214175766879e-007 
2.6749999999998164135 0.27376674003659112744 -1.5204685405343467686 -2.5342362220153917818 1.023518438497915104e-007 
2.6999999999998136602 0.2736396631287494885 -1.5192233705373763275 -2.5342362528704724944 1.0924329467058549103e-007 
2.7249999999998109068 0.2736889760915303671 -1.5204423502537189883 -2.5342362900717043672 1.4006813224320140645e-007 
2.7499999999998081535 0.2737532770553135486 -1.5212924759644517181 -2.5342363217641561413 8.1680763800665148633e-008 
2.7749999999998054001 0.27371028789064183462 -1.5206508113633134816 -2.5342363428902627831 6.649684434049592206e-008 
2.7999999999998026468 0.27376869865399838799 -1.5206351860008111565 -2.5342363614138343486 6.0345461539171947139e-008 
2.8249999999997998934 0.27381289683098297694 -1.5197991766824716642 -2.5342363812510342314 8.0514028428588266552e-008 
2.84999999999979714 0.27378581149477437817 -1.5189874679579342676 -2.5342363990889014147 3.7830244854174004391e-008 
2.8749999999997943867 0.27375353687643710909 -1.5195511895409108405 -2.534236410385897198 4.2318361613635230274e-008 
2.8999999999997916333 0.27367566420693412166 -1.5202161261867446207 -2.5342364216781589903 3.7312656810902109237e-008 
2.92499999999978888 0.27367684820837434589 -1.5209391317841163271 -2.5342364329595263861 4.0094979881709641612e-008 
2.9499999999997861266 0.27374684268155263789 -1.5212492952832925575 -2.5342364420144813941 2.1160888091364514746e-008 
2.9749999999997833733 0.2737452506867866231 -1.520281733869119245 -2.5342364484041803863 2.5150551532090537036e-008 
2.9999999999997806199 0.27376372155261352592 -1.51963663546414951 -2.5342364557852308238 2.3965962556559798491e-008 
3.0249999999997778666 0.27379052357077288127 -1.5197460227195527249 -2.5342364613442729393 1.6787053886676319653e-008 
3.0499999999997751132 0.27374882588009413764 -1.519696110834638958 -2.5342364662783452012 1.4826447001774410044e-008 
3.0749999999997723599 0.27372989240406708777 -1.5201435017548248219 -2.5342364702685551414 1.5205914673758140005e-008 
3.0999999999997696065 0.27372238587451669378 -1.5206288000559675666 -2.5342364743059775378 1.0688352805970762823e-008 
3.1249999999997668532 0.27370465559599782557 -1.5205309120849368476 -2.534236477204296456 1.1407085731280238553e-008 
3.1499999999997640998 0.27373391823891907171 -1.5204796041857124855 -2.534236480281504722 7.7657625710398610984e-009 
3.1749999999997613465 0.27375894619481211389 -1.520066962108468811 -2.5342364824406211632 8.6553300880449022912e-009 
3.1999999999997585931 0.27376048712131301199 -1.5197478813151816812 -2.534236484472805806 5.2290912911672274701e-009 
3.2249999999997558398 0.2737642160074328368 -1.5200690959508462718 -2.53423648628787479 7.0620683409068482836e-009 
3.2499999999997530864 0.27374193667852125822 -1.5200919705199877896 -2.5342364880694061569 4.9506351533314553202e-009 
3.274999999999750333 0.27372425286112805898 -1.5201860647201470567 -2.5342364892314188651 3.5966401938916576369e-009 
3.2999999999997475797 0.27372961727394456988 -1.5204928129161419115 -2.5342364902443530461 3.5670947903637199702e-009 
3.3249999999997448263 0.27373045676179846852 -1.5203143283544995334 -2.5342364913730337506 3.8949932335386531466e-009 
3.349999999999742073 0.27374361976513506001 -1.5201804374729608327 -2.5342364924136440152 3.0015401148166125621e-009 
3.3749999999997393196 0.27375280326980949708 -1.5201640990755582727 -2.5342364929715319732 1.6248385740770737548e-009 
3.3999999999997365663 0.27374259817278745466 -1.5200129652086311616 -2.5342364935972425677 2.178091504877933636e-009 
3.4249999999997338129 0.2737467787020139709 -1.5200569108882460156 -2.5342364942008637207 2.2298506675546485491e-009 
3.4499999999997310596 0.27374871599120542687 -1.5201571513616529696 -2.5342364947725957158 1.5367704956457704859e-009 
3.4749999999997283062 0.2737349713408939178 -1.5202429229281353429 -2.5342364951413620666 1.1900292554274130784e-009 
3.4999999999997255529 0.27373294511954765484 -1.5203276129246658943 -2.5342364954622373929 8.9309428136761555418e-010 
3.5249999999997227995 0.27373748690133409278 -1.5202286736825945113 -2.5342364957634448963 1.3875222582921765603e-009 
3.5499999999997200462 0.273742684645317369 -1.5201724016807234285 -2.5342364961259495892 9.43539178985933539e-010 
3.5749999999997172928 0.27374802002162840209 -1.5201896103726266762 -2.5342364963415904278 5.6059752767586232619e-010 
3.5999999999997145395 0.27374257934123763514 -1.5200784482752696114 -2.5342364964975834241 5.6532454489272889086e-010 
3.6249999999997117861 0.27373985525908478555 -1.5200915002339523419 -2.5342364966632304757 6.8375927512205194787e-010 
3.6499999999997090327 0.27374292605192851457 -1.5202514834206390937 -2.5342364968776442957 6.2409129608868263963e-010 
3.6749999999997062794 0.27373994712464122525 -1.5202322840106605728 -2.5342364970018560477 2.9261666496197972939e-010 
3.699999999999703526 0.2737396804545067508 -1.520159150500244305 -2.5342364970849913242 3.1065770662687411978e-010 
3.7249999999997007727 0.27374128073087472535 -1.520194120353419498 -2.5342364971753785774 3.5740265133149840799e-010 
3.7499999999996980193 0.27374072229499823994 -1.5202066546064925134 -2.5342364972938824508 3.6738931363034452809e-010 
3.774999999999695266 0.27374410788432962383 -1.5202005793743793571 -2.5342364973696631658 1.899925255987418764e-010 
3.7999999999996925126 0.27374311755859354056 -1.5201708930344925985 -2.5342364974144957479 1.4613671864754560302e-010 
3.8249999999996897593 0.27373885492359828486 -1.5201322691335437121 -2.5342364974640991804 2.0089769800398765818e-010 
3.8499999999996870059 0.27374119094902471527 -1.5201676311480065706 -2.5342364975307138941 2.1581570259457817203e-010 
3.8749999999996842526 0.27374209128781534783 -1.5201836470833312021 -2.5342364975709319452 9.623295049731262641e-011 
3.8999999999996814992 0.27374040884373623816 -1.5201954778661721512 -2.5342364976005415933 9.6786209272630715026e-011 
3.9249999999996787459 0.27374134695156571162 -1.5202313471257524746 -2.5342364976263493936 1.0206429327648341127e-010 
3.9499999999996759925 0.27374141525025735833 -1.5201874449162671166 -2.5342364976634197404 1.2025071028793108391e-010 
3.9749999999996732392 0.27374208304328034869 -1.5201613966499532005 -2.5342364976847577829 5.6005331961581185249e-011 
3.9999999999996704858 0.27374265068496722586 -1.5201779954309926346 -2.5342364977031941464 5.6764096974775734191e-011 
4.0249999999996788347 0.27374093109369995735 -1.5201527088709758662 -2.5342364977188140962 6.0262607063306167634e-011 
4.0499999999996871836 0.27374140411236302928 -1.5201718309877279012 -2.5342364977361935274 5.3523846996700858652e-011 
4.0749999999996955324 0.27374146583167718871 -1.5202108382790990859 -2.5342364977499354239 4.5118303628505798824e-011 
4.0999999999997038813 0.27373969642211254394 -1.5201944894952097442 -2.5342364977609950216 2.883219735160075196e-011 
4.1249999999997122302 0.27374113663739457758 -1.5201829630176137975 -2.5342364977690672312 2.9407641539265679388e-011 
4.1499999999997205791 0.2737424986099605273 -1.520184875349487541 -2.5342364977781293156 3.4085700368155421992e-011 
4.1749999999997289279 0.27374180295423439224 -1.5201823218793002468 -2.5342364977867077869 2.2878230861197279837e-011 
4.1999999999997372768 0.27374199248937497453 -1.5201758381496164318 -2.5342364977928917291 1.8589061929569815293e-011 
4.2249999999997456257 0.2737414003548229724 -1.5201630781077239973 -2.53423649779682858 1.3941929581761478436e-011 
4.2499999999997539746 0.27374088702197962863 -1.5201761155115716129 -2.5342364978025302413 2.1683728495493271303e-011 
4.2749999999997623235 0.27374159872433639906 -1.5201983267124776766 -2.5342364978070861525 1.0694322191541035852e-011 
4.2999999999997706723 0.27374102458322652209 -1.520191546962630369 -2.5342364978103630868 1.0510551770053063003e-011 
4.3249999999997790212 0.27374078233465942711 -1.5201876696290854696 -2.5342364978127580599 9.8020163023650549306e-012 
4.3499999999997873701 0.27374169317443131089 -1.5201900973546389473 -2.5342364978161304734 1.0391284278887981291e-011 
4.374999999999795719 0.27374175932724215121 -1.5201715846519670006 -2.5342364978184876989 6.4220348696751845858e-012 
4.3999999999998040678 0.27374185318179605764 -1.5201663545663346433 -2.5342364978201525894 5.7748959979165271934e-012 
4.4249999999998124167 0.27374174051756400283 -1.5201831919489081635 -2.5342364978218241411 5.9847806761589150324e-012 
4.4499999999998207656 0.27374108100557770218 -1.5201864646028480088 -2.5342364978235747408 5.3851422837280114943e-012 
4.4749999999998291145 0.27374129689510229291 -1.5201852108665923069 -2.5342364978248741458 3.6896564464158379395e-012 
4.4999999999998374633 0.27374127148108229335 -1.5201870604825304945 -2.5342364978258329344 3.4878453063967771444e-012 
4.5249999999998458122 0.27374092025396207228 -1.5201844489521345594 -2.5342364978267677422 2.7963304313195656747e-012 
4.5499999999998541611 0.2737415398451658044 -1.520183856676934786 -2.5342364978277465148 3.6087755271768798069e-012 
4.57499999999986251 0.27374175541656559085 -1.5201792530107982593 -2.5342364978284908084 1.861717833844355488e-012 
4.5999999999998708589 0.27374150550135173399 -1.5201775322789070621 -2.5342364978290174982 1.7998675903518177525e-012 
4.6249999999998792077 0.27374174285204477819 -1.5201833114283536119 -2.5342364978295277567 1.6993742375293694357e-012 
4.6499999999998875566 0.27374154501174402521 -1.5201814466174068396 -2.5342364978300881972 2.0657466644849699776e-012 
4.6749999999998959055 0.27374114500597884758 -1.5201821062111871008 -2.5342364978305256251 1.0297971499974448328e-012 
4.6999999999999042544 0.27374114663501819544 -1.5201862601266751263 -2.5342364978307942991 8.9534156066150686907e-013 
4.7249999999999126032 0.27374117795051478019 -1.5201819684056383508 -2.5342364978310816248 1.0418752490809971734e-012 
4.7499999999999209521 0.27374146302231883165 -1.520181903675727586 -2.5342364978313982604 1.171402608964280217e-012 
4.774999999999929301 0.27374167012460931536 -1.5201848285723893461 -2.5342364978316611612 5.6583441063683680591e-013 
4.7999999999999376499 0.2737414949058000202 -1.5201817813376632404 -2.5342364978318028257 4.7800434293478853156e-013 
4.8249999999999459988 0.27374154006041140352 -1.5201806166707640955 -2.5342364978319453783 5.6961113914791077496e-013 
4.8499999999999543476 0.27374153886613600273 -1.5201815122438064876 -2.5342364978321398894 7.0211769865742066296e-013 
4.8749999999999626965 0.27374132250654642506 -1.5201820038640123656 -2.5342364978322899915 3.0940328086046331252e-013 
4.8999999999999710454 0.27374132237823706193 -1.5201830795823925158 -2.534236497832366819 2.5238838258284224257e-013 
4.9249999999999793943 0.2737412789449339412 -1.5201826699894911421 -2.5342364978324383173 3.1120932861485279397e-013 
4.9499999999999877431 0.27374126812506655027 -1.5201829751657698342 -2.5342364978325520042 4.1265419887666481219e-013 
4.974999999999996092 0.27374152356573594469 -1.5201839178287515075 -2.5342364978326430425 1.7016445991464695016e-013 
