0.025000000000000015266 0.59682220023110088558 0.00049260897579984225247 -2.244659722106114863 0.040938351714747696353 
0.05000000000000003747 0.57193559986913922177 0.017309430646898174566 -2.2527657719730211916 0.059446251096471364184 
0.075000000000000052736 0.42914083750798159844 -0.0084994950622626075365 -2.2742009864599124214 0.096088666560234001213 
0.10000000000000007494 0.39044272284664688355 -0.054240385278854441609 -2.3103349543371249908 0.11101273964797102323 
0.12500000000000008327 0.22448470177424653671 -0.40860073664431251217 -2.333887826360107276 0.05850073088540935079 
0.15000000000000010547 0.22049660782775878931 -2.0502319035586968887 -2.3489444784867505867 0.053958295420096259731 
0.17500000000000012768 0.30163297638524488864 -2.63006494005357494 -2.3645727890785686043 0.055050083916328609868 
0.20000000000000014988 0.23401422268781887914 -1.5548433059591433292 -2.3785482834535338625 0.031229687571664114382 
0.22500000000000017208 0.21536025478884954221 -2.0325675239723794974 -2.3871083814446083515 0.038038231734869504264 
0.25000000000000016653 0.26142958676448729838 -1.5715501083553942152 -2.4012163913797532899 0.054438409587549876911 
0.27500000000000018874 0.30249426011365054823 -0.026121076713959912041 -2.4158837228288683185 0.048825487829421650166 
0.30000000000000021094 0.3654948593492626796 0.15966095159627236022 -2.4292039212384506364 0.033509159752919251418 
0.32500000000000023315 0.34896649640741123077 0.56211658717872881041 -2.437864521317707478 0.030603532050096284023 
0.35000000000000025535 0.32908032505595291584 -0.19350981277116896528 -2.4472127669604164524 0.037664361097887601171 
0.37500000000000027756 0.27927203985461973579 -1.7891527631521886299 -2.4561055402818530169 0.019383310399918481093 
0.40000000000000029976 0.22447636858976291463 -1.8956797445610353847 -2.4603328067725298567 0.013604380133552498172 
0.42500000000000032196 0.29250884110813246686 -1.7357169811853223607 -2.4661615341823770464 0.020071494538584918471 
0.45000000000000034417 0.3271073142220505825 -0.92164990002525026824 -2.4706551346705913907 0.018246164158282968809 
0.47500000000000036637 0.3272689022077452381 -0.44572164210973064247 -2.4764063656347738984 0.017284534586821182628 
0.50000000000000033307 0.35985741926007708269 -1.0412339112294644039 -2.4806881924795942673 0.012003269911173267484 
0.52500000000000035527 0.33945857421722541725 -0.9658539143962825424 -2.4839427340466180283 0.010543482268654669545 
0.55000000000000037748 0.32631715520445542245 -1.1032168490820208895 -2.4871628085458610258 0.012676543625876163582 
0.57500000000000039968 0.32822597241987927497 -1.4113457654021441812 -2.4901926984956870292 0.0079598551833143585399 
0.60000000000000042188 0.29939034263746605591 -1.3015391427797462498 -2.4931063614865118794 0.011864641763263078164 
0.62500000000000044409 0.28820711060722575825 -1.5036343325618575228 -2.4973526813279995906 0.019636712736478177666 
0.65000000000000046629 0.25894552391257530388 -1.5371055794581227616 -2.5042578440682370378 0.023338446889432894193 
0.6750000000000004885 0.22906130869895466318 -1.6438887567322999494 -2.5090363310920578144 0.011055319563958779933 
0.7000000000000005107 0.27274041423441769405 -2.2105114458165022739 -2.5118793127850946867 0.0068705704647561045839 
0.72500000000000053291 0.27571238002583570159 -2.1156338439298627563 -2.5132986204256342333 0.0061502806057279176336 
0.75000000000000055511 0.24639084306139816261 -1.7584376976757174482 -2.5154004331351540458 0.0072899630107407147397 
0.77500000000000057732 0.2644158937677602017 -1.7381781050462214999 -2.5178861315683138677 0.010048694631747399561 
0.80000000000000059952 0.27619080126007705678 -1.51851932719628957 -2.5209724146659264754 0.0094427452806038827959 
0.82500000000000062172 0.28783071819667782609 -1.3567180764076467447 -2.522844779136426574 0.0040766317350872062139 
0.85000000000000064393 0.28529770934281517558 -1.3890273743621288638 -2.5238579544758046325 0.0039815340459825581537 
0.87500000000000066613 0.25592948304283302807 -1.3898259096848857297 -2.5252783869999881894 0.0047277620596155771684 
0.90000000000000068834 0.26084968653551421358 -1.6081928280267838716 -2.5266430557210841634 0.0049495983303287586358 
0.92500000000000071054 0.28013282495260172222 -1.7606700157486456781 -2.5278056663866110831 0.0029629460965569084582 
0.95000000000000073275 0.27111937100459476691 -1.5707519002132230845 -2.5285524210945196089 0.0020995403974496265956 
0.97500000000000075495 0.27178813242024146835 -1.5024096416199597126 -2.5291546835376554903 0.002269107784764041319 
1.0000000000000006661 0.27382329465643079347 -1.4589294622143680336 -2.5298989328186398673 0.0028001007778021389134 
1.0249999999999979128 0.2702797056448049684 -1.4403353295919163468 -2.5306280936903973178 0.002117879636299986254 
1.0499999999999951594 0.27732848592187825387 -1.6273371631971491613 -2.5311239448384816875 0.0010921919919049700044 
1.0749999999999924061 0.27089392772275827648 -1.5687692461307092273 -2.5313849658771943041 0.0010880774461356596764 
1.0999999999999896527 0.26712269873794675101 -1.4415399865956057823 -2.531783062192791256 0.0016095988669724697884 
1.1249999999999868994 0.27832462170542926483 -1.5592777753963060761 -2.5322364276425677332 0.0011949109780097987802 
1.149999999999984146 0.27502511608856994307 -1.5193151199185481737 -2.5324915763854392026 0.00070657466105938644511 
1.1749999999999813927 0.27149982887826484834 -1.4600127148634320928 -2.5326561667920595156 0.00051778414608136561978 
1.1999999999999786393 0.27584776282516071388 -1.5328219131549696286 -2.5328604380148806996 0.00092353589307137538313 
1.224999999999975886 0.27072500173478286634 -1.5186937190075759929 -2.5331245811036775528 0.00066023629726545338126 
1.2499999999999731326 0.27008067965788801201 -1.5537696011137489549 -2.533257304971790802 0.00038820289496290958861 
1.2749999999999703792 0.27418976041763887253 -1.548826145170930868 -2.5333581632458397337 0.0003368930578489950727 
1.2999999999999676259 0.27390516958745131371 -1.4911895668711219187 -2.5334735662687064561 0.00043257282555502309714 
1.3249999999999648725 0.27617807127422294711 -1.5478739388736193483 -2.533601742651265365 0.00040024974703700553396 
1.3499999999999621192 0.27486334745529839019 -1.52250005629655627 -2.5336922754933235424 0.0002523562722069487888 
1.3749999999999593658 0.27180684059253246154 -1.4692210749896925659 -2.5337522662912599358 0.00016538151003719659413 
1.3999999999999566125 0.27444737500122956542 -1.533374611174056934 -2.5338089536915924249 0.00023572643505066851735 
1.4249999999999538591 0.27312616841909370669 -1.5448153257915915315 -2.5338806613553517266 0.00022511492155639060584 
1.4499999999999511058 0.27125778777466824643 -1.5139989874258483749 -2.5339328386369830426 0.00015437516985138002943 
1.4749999999999483524 0.27382061834422083413 -1.5218442998341576988 -2.5339672563091459878 6.9336709135236671529e-005 
1.4999999999999455991 0.27360126072025903188 -1.5148222893573195513 -2.53399631813985593 0.00015134827970103480947 
1.5249999999999428457 0.2743676573801585028 -1.5184016109179960807 -2.5340396401434777118 0.00012432654780545045821 
1.5499999999999400924 0.27607403801097141205 -1.5343273401344874607 -2.5340658892610590236 6.6608367835518144718e-005 
1.574999999999937339 0.27339886563052018253 -1.5288000217794761593 -2.5340851942300570698 6.0779285595242247696e-005 
1.5999999999999345857 0.27248066173287183167 -1.528766221477969367 -2.5341038311935442096 7.7376065399981084117e-005 
1.6249999999999318323 0.27358504069867717323 -1.5115067176980576669 -2.534127131089932039 7.0672444511557056001e-005 
1.649999999999929079 0.27318995668852097403 -1.4868218429631636646 -2.5341406459435269483 2.8591834051627528125e-005 
1.6749999999999263256 0.27368866620637710696 -1.5170578454041407923 -2.53415132806024479 4.1352858297854575681e-005 
1.6999999999999235722 0.27369430727102650458 -1.5377946182153732213 -2.534162853537283322 4.6416577904572121514e-005 
1.7249999999999208189 0.27360820842017347099 -1.5222249776141478783 -2.5341760408364391033 3.1551421672280985235e-005 
1.7499999999999180655 0.27464914079184382656 -1.5324486160210426533 -2.534182411215976316 2.0111676405462725558e-005 
1.7749999999999153122 0.27386379718291647967 -1.5296194323000111837 -2.5341887257816622103 2.1934225108993776336e-005 
1.7999999999999125588 0.27332276431882285284 -1.51268352461452249 -2.53419576297509197 2.8381243202029520861e-005 
1.8249999999999098055 0.27404253676596024292 -1.5171957691612045771 -2.5342028770102444923 1.4983361355184627857e-005 
1.8499999999999070521 0.27328985857290999384 -1.5110986148770770843 -2.5342061638968687021 1.1144893587206295234e-005 
1.8749999999999042988 0.27326104523255267953 -1.5116042385153272143 -2.5342096768557667019 1.4284830152710819158e-005 
1.8999999999999015454 0.27409835109527036501 -1.5227546101615470064 -2.5342139481547527602 1.3605113458955749508e-005 
1.9249999999998987921 0.27368877573045341522 -1.5231568587602697384 -2.5342176758233061484 1.0080068994869586287e-005 
1.9499999999998960387 0.27379109957588387836 -1.5310341252578774096 -2.534219518733764609 5.2962703887442431254e-006 
1.9749999999998932854 0.27408325751018342009 -1.5256476356953729834 -2.5342216431128252729 8.5120596194568264118e-006 
1.999999999999890532 0.27371177917260253176 -1.5117748968190247716 -2.5342238450223431023 6.8359405672921039093e-006 
2.0249999999998880007 0.27382774941241777578 -1.5204642522957485529 -2.5342258968653021967 5.967168578746955541e-006 
2.0499999999998852473 0.27356787711114877171 -1.5216919683489684711 -2.5342271350706111477 4.00901842250560263e-006 
2.074999999999882494 0.27321388734436979906 -1.5137888159545025424 -2.5342282667743858404 3.11920367925370758e-006 
2.0999999999998797406 0.27374317536220049707 -1.518970603839092659 -2.5342293185589612747 4.4559456969305441873e-006 
2.1249999999998769873 0.27397765921604999573 -1.522460507126240703 -2.5342305585061861706 3.5645952608028134807e-006 
2.1499999999998742339 0.27400405228498087018 -1.5220547082240081238 -2.5342313502021025506 2.1688939569505685288e-006 
2.1749999999998714806 0.27397274986013436804 -1.5222141353500078242 -2.5342319027184823099 1.5996244512355484003e-006 
2.1999999999998687272 0.27346555617082857204 -1.5194209088466230639 -2.5342324506721087829 2.3107371309187956654e-006 
2.2249999999998659739 0.27360661940888608701 -1.5201567693111672774 -2.5342331872947272409 2.4824251075945051752e-006 
2.2499999999998632205 0.27396953993545353212 -1.5212689941337669275 -2.5342336456094440855 7.7046312299272105344e-007 
2.2749999999998604672 0.27356977990313324778 -1.518148301605229733 -2.5342339229396442235 1.1315218885873240461e-006 
2.2999999999998577138 0.27350180574076110585 -1.5191857705804521217 -2.5342342454069468616 1.2147663170930951662e-006 
2.3249999999998549605 0.27380233316207752692 -1.5207936954487557557 -2.534234636859800549 1.3068712690194245826e-006 
2.3499999999998522071 0.27383683640414696603 -1.5188567669124499737 -2.5342349058252930938 5.6680914051485185937e-007 
2.3749999999998494538 0.27389987710524393849 -1.5210553434967222231 -2.5342350719671928871 5.8757815566618744463e-007 
2.3999999999998467004 0.27379380900952471345 -1.5223238342046061522 -2.534235241605976352 6.6762281990074314824e-007 
2.4249999999998439471 0.27367073342906927946 -1.5201300177960319626 -2.5342354467834513621 6.5835854481755946924e-007 
2.4499999999998411937 0.27379862172107838347 -1.5207332623940490457 -2.5342356103026060232 4.2957514859736097418e-007 
2.4749999999998384403 0.27368229166575097633 -1.5189260590325563971 -2.5342357131385853108 3.1692367371497504925e-007 
2.499999999999835687 0.2735798684582563256 -1.5172521529062601431 -2.534235790988367043 2.8550643431328006066e-007 
2.5249999999998329336 0.27374277644221478578 -1.5208133619133297199 -2.5342359083431529321 4.3792390935514729462e-007 
2.5499999999998301803 0.27375058531959900465 -1.5221568922550732239 -2.5342360045204137542 2.1670984132307987797e-007 
2.5749999999998274269 0.27377485930902378808 -1.5214167067927650834 -2.5342360588870196381 1.9332259683981461881e-007 
2.5999999999998246736 0.27384425540924728359 -1.5204007969354234042 -2.5342361055094166922 1.4407066916295803218e-007 
2.6249999999998219202 0.27375489029542199315 -1.5186367418879744839 -2.5342361677406151088 2.437322793201402131e-007 
2.6499999999998191669 0.27375875132617644159 -1.5197632633772191202 -2.5342362221312089154 1.333196329455595224e-007 
2.6749999999998164135 0.2737461740862474624 -1.5203221362639842695 -2.5342362519227257245 8.9709041467536116771e-008 
2.6999999999998136602 0.27363939556080663085 -1.5192670572069872925 -2.5342362798554911585 1.0150630342868342404e-007 
2.7249999999998109068 0.27370822513863246606 -1.5205799312575321025 -2.5342363147816042712 1.2467160167663660127e-007 
2.7499999999998081535 0.27375895847337711198 -1.521237697460394056 -2.5342363421849678495 7.0459077957705435576e-008 
2.7749999999998054001 0.27371250308613781499 -1.5205874087338131506 -2.534236360626436646 5.6704656945175240318e-008 
2.7999999999998026468 0.27377133168072159686 -1.5205810989556072244 -2.5342363767299698196 5.5851112520547926858e-008 
2.8249999999997998934 0.27380679330455315323 -1.5197055648033055419 -2.5342363960420843938 7.2157676065195152484e-008 
2.84999999999979714 0.27377795290676315565 -1.5190584192892990778 -2.5342364104018044735 3.0133319162396156014e-008 
2.8749999999997943867 0.27374541482637809731 -1.5197010207691885597 -2.5342364207838961043 3.8750514360119781129e-008 
2.8999999999997916333 0.27367551715963789327 -1.5202792819711306027 -2.5342364309684994872 3.331023928846778242e-008 
2.92499999999978888 0.27368727785975033306 -1.5209325552180921193 -2.5342364411212172648 3.4943400455561171712e-008 
2.9499999999997861266 0.27375076484894284023 -1.5211243911257295025 -2.5342364486193029727 1.7448258022127588932e-008 
2.9749999999997833733 0.2737458904138866389 -1.5201583938527196693 -2.5342364545616380411 2.3353669184525573924e-008 
2.9999999999997806199 0.27376676894904927728 -1.5196551214074593972 -2.5342364611428163101 2.0455886340033880492e-008 
3.0249999999997778666 0.27378621248578499658 -1.519805775360805189 -2.5342364659323441956 1.4849481092157382149e-008 
3.0499999999997751132 0.27374378567655671679 -1.5197699668278432661 -2.534236470223476978 1.2509473109755614266e-008 
3.0749999999997723599 0.27372881917407798635 -1.5201989902900787666 -2.5342364738548415204 1.3676208867568809059e-008 
3.0999999999997696065 0.27371981700918335267 -1.5206008796989620713 -2.5342364772775396453 9.1000767679585998869e-009 
3.1249999999997668532 0.27370718842479568877 -1.5204943259519061449 -2.5342364799553767085 1.0248589254426182492e-008 
3.1499999999997640998 0.27374058070766144057 -1.5204358903635544209 -2.5342364825545851126 6.3192928137800267074e-009 
3.1749999999997613465 0.27376063876736261848 -1.5200181131830037273 -2.5342364844788911604 7.6529078005060983766e-009 
3.1999999999997585931 0.27375887461772868692 -1.5197708659826600908 -2.5342364861879449478 4.5602769672023637467e-009 
3.2249999999997558398 0.27376078407785336966 -1.5201130425248683409 -2.5342364879094056995 6.4311648564993824918e-009 
3.2499999999997530864 0.27373832284402255244 -1.5201210479514823959 -2.5342364893923088331 3.7452756557116109658e-009 
3.274999999999750333 0.27372451597507724275 -1.5202157441764891921 -2.5342364903412590849 3.2924697121064225183e-009 
3.2999999999997475797 0.27373180227690596666 -1.5204748976003723548 -2.534236491288792692 3.2255325976792675825e-009 
3.3249999999997448263 0.27373305741260822721 -1.5202705631931947572 -2.5342364923031821533 3.4016806302840595065e-009 
3.349999999999742073 0.27374518037729428377 -1.5201612409784892588 -2.5342364931625858127 2.3048269589590017751e-009 
3.3749999999997393196 0.27375077192763963563 -1.5201529569381539986 -2.5342364936231787098 1.5345912391416914582e-009 
3.3999999999997365663 0.27374118679302422708 -1.5200203508285223819 -2.5342364941885322516 1.9024208380583359436e-009 
3.4249999999997338129 0.27374758344117977593 -1.5200917155652771129 -2.534236494742150736 1.9819524005956996041e-009 
3.4499999999997310596 0.27374766144630352516 -1.5201842675975052455 -2.5342364952076219531 1.1731809053265713968e-009 
3.4749999999997283062 0.27373370880329173094 -1.5202430247383009743 -2.5342364955181273523 1.0525728187454682752e-009 
3.4999999999997255529 0.27373399078195309597 -1.5203032658879824801 -2.5342364957933276592 7.7984717216781969165e-010 
3.5249999999997227995 0.27373912065275018968 -1.5202062547597430253 -2.5342364960802656881 1.2600610804324747804e-009 
3.5499999999997200462 0.27374364065275791358 -1.5201724121746411633 -2.5342364963809993483 7.1365216091442916012e-010 
3.5749999999997172928 0.27374746876511119043 -1.5201897845993459502 -2.5342364965520980391 4.8732896390500606978e-010 
3.5999999999997145395 0.27374116026757372433 -1.520082471757535858 -2.534236496692452878 4.8154111441126079322e-010 
3.6249999999997117861 0.2737394098499212336 -1.5201133926822922859 -2.534236496841400843 6.3924456875962441767e-010 
3.6499999999997090327 0.27374314131305255149 -1.5202551530269561297 -2.5342364970274551261 4.8289440400018612391e-010 
3.6749999999997062794 0.27374025773043569876 -1.520215972400450255 -2.5342364971235973314 2.4098163677158783799e-010 
3.699999999999703526 0.27374007467116751036 -1.5201581931300942596 -2.5342364971948518892 2.6361840137090392643e-010 
3.7249999999997007727 0.27374134458451998553 -1.520200237470048954 -2.5342364972782793764 3.4156364730517045053e-010 
3.7499999999996980193 0.27374076009483011562 -1.5202034324050333058 -2.5342364973802937733 2.8409603437470754883e-010 
3.774999999999695266 0.27374406235243436969 -1.5201930913948595858 -2.5342364974408733147 1.5189425440024929667e-010 
3.7999999999996925126 0.27374276439247008375 -1.5201694458340568872 -2.5342364974761251162 1.2561765731843828538e-010 
3.8249999999996897593 0.27373886492867122167 -1.5201404985788222746 -2.5342364975232793967 1.9216056063206338735e-010 
3.8499999999996870059 0.27374131063071971415 -1.520172209177710565 -2.5342364975810580674 1.6341315666330876017e-010 
3.8749999999996842526 0.27374187261277288519 -1.5201825895835732183 -2.5342364976113005426 8.0805956931654979614e-011 
3.8999999999996814992 0.27374048066236916776 -1.5201957388665938709 -2.5342364976365421292 8.0637744784159396775e-011 
3.9249999999996787459 0.27374173939018137114 -1.5202266614516979359 -2.5342364976599318638 9.652633016042246725e-011 
3.9499999999996759925 0.2737415723114873245 -1.5201832860257982194 -2.5342364976920634945 9.1168359808821193169e-011 
3.9749999999996732392 0.27374184310737920134 -1.5201645092592594999 -2.5342364977082145749 4.9561586012753256589e-011 
3.9999999999996704858 0.27374228801401362388 -1.5201791966868780648 -2.534236497724144499 4.6158770132629983939e-011 
4.0249999999996788347 0.27374090772784337444 -1.5201528503670838077 -2.5342364977378157853 5.2574787888550567011e-011 
4.0499999999996871836 0.27374153218356872541 -1.520174818991512744 -2.5342364977523135217 4.3882228615860201234e-011 
4.0749999999996955324 0.2737414562668307183 -1.5202107805689704101 -2.534236497763898921 3.7625030156607937738e-011 
4.0999999999997038813 0.27373985318989757509 -1.5201919330033399902 -2.5342364977728761843 2.2643998841266189457e-011 
4.1249999999997122302 0.27374132978126636262 -1.5201823295524852231 -2.5342364977797364745 2.6065485614346806461e-011 
4.1499999999997205791 0.27374243577869555866 -1.5201850339906264331 -2.5342364977876470356 2.8199885749730077882e-011 
4.1749999999997289279 0.27374167941626553757 -1.5201813090035196652 -2.5342364977945863735 1.8793649346491547789e-011 
4.1999999999997372768 0.27374187353108420107 -1.520174762708429661 -2.534236497799706278 1.405483380998181905e-011 
4.2249999999997456257 0.27374135905256857804 -1.5201652572353130388 -2.5342364978029481293 1.3733394950186962952e-011 
4.2499999999997539746 0.27374097082587911522 -1.5201797571434876311 -2.5342364978080529347 1.6797729681144864631e-011 
4.2749999999997623235 0.27374156542344996179 -1.5201977445416041679 -2.5342364978115021756 8.7826054043066520893e-012 
4.2999999999997706723 0.27374098089753573504 -1.5201892076860215042 -2.5342364978142759568 8.5670455413051214739e-012 
4.3249999999997790212 0.27374091630211555559 -1.5201871085753637658 -2.5342364978163747224 8.8079998989330375536e-012 
4.3499999999997873701 0.27374180861446884006 -1.5201883933057582787 -2.5342364978191804781 8.0399763080564286935e-012 
4.374999999999795719 0.27374176661948712574 -1.5201706647421238117 -2.5342364978210274451 5.0951602767709113249e-012 
4.3999999999998040678 0.27374175607372869257 -1.5201688730802107585 -2.5342364978224365402 5.0374260559826774997e-012 
4.4249999999998124167 0.27374159745506321251 -1.5201850892245638569 -2.5342364978238767215 5.0488027764191875175e-012 
4.4499999999998207656 0.27374106839818013182 -1.5201864544764158715 -2.5342364978253200114 4.1635574262302415417e-012 
4.4749999999998291145 0.2737413352029560154 -1.520184753074631967 -2.5342364978263169917 2.9734703808576973455e-012 
4.4999999999998374633 0.27374129099470928539 -1.5201861911397234195 -2.5342364978271545439 2.9455895669385791953e-012 
4.5249999999998458122 0.2737410149074970267 -1.5201837290641435629 -2.5342364978279290355 2.4788182271996698645e-012 
4.5499999999998541611 0.27374157917186103806 -1.5201833256324353005 -2.5342364978287608146 2.6821301446704216843e-012 
4.57499999999986251 0.27374170052061369551 -1.5201793969689807451 -2.5342364978293061561 1.538182204265979509e-012 
4.5999999999998708589 0.27374149807574987836 -1.520178412668572232 -2.5342364978297720057 1.54713657424351006e-012 
4.6249999999998792077 0.27374172316449196796 -1.5201835344640168834 -2.5342364978301961109 1.4178897390138751999e-012 
4.6499999999998875566 0.27374148783977408916 -1.5201816886606795975 -2.5342364978306664014 1.6172244190677530471e-012 
4.6749999999998959055 0.27374113350664547317 -1.5201825397951866936 -2.5342364978309954715 7.9474110243053334243e-013 
4.6999999999999042544 0.27374117020941146627 -1.5201855504014396558 -2.5342364978312206247 7.736410698200863942e-013 
4.7249999999999126032 0.27374123618468321206 -1.5201813278928963946 -2.5342364978314670942 8.6674730173307482525e-013 
4.7499999999999209521 0.27374150991945567224 -1.5201821731792901637 -2.5342364978317299951 9.3023579515089870444e-013 
4.774999999999929301 0.2737416413078735955 -1.5201848576210845732 -2.5342364978319285029 4.3373615088383286836e-013 
4.7999999999999376499 0.27374146040606495145 -1.5201817476591328315 -2.5342364978320448543 3.7387589213717947903e-013 
4.8249999999999459988 0.27374152742628149459 -1.5201809328303506064 -2.5342364978321647584 5.1151505335760385197e-013 
4.8499999999999543476 0.27374152270336971071 -1.5201816102457192947 -2.5342364978323335123 5.540994404683540972e-013 
4.8749999999999626965 0.27374133018404117612 -1.5201818480137196943 -2.5342364978324405378 2.1362198189067138763e-013 
4.8999999999999710454 0.27374132819564073182 -1.5201829822497714417 -2.5342364978325031544 2.0804770871951595807e-013 
4.9249999999999793943 0.27374127759262995019 -1.5201827543653154695 -2.5342364978325657709 2.8217557781017743908e-013 
4.9499999999999877431 0.27374130038229388395 -1.5201830943650702643 -2.5342364978326621383 3.2379900675748669111e-013 
4.974999999999996092 0.27374154210143158972 -1.5201837310477275267 -2.5342364978327265312 1.0601325142576183301e-013 
