0.025000000000000015266 0.59780578914300919191 0.00049937965858348407067 -2.2434598794135078847 0.04164561831763014671 
0.05000000000000003747 0.5722769390862054717 0.017570425906079156775 -2.2507874181527145474 0.061494087368909343405 
0.075000000000000052736 0.42609140144677770667 -0.0099881367087585326558 -2.2704087668683410328 0.10012153844148355408 
0.10000000000000007494 0.38502043869378793639 -0.054742953675626426779 -2.3034907919900180495 0.11513451355592906056 
0.12500000000000008327 0.21552438754705344204 -0.40502344942852053222 -2.3250811374914341911 0.061868656674087196823 
0.15000000000000010547 0.2151561515022169524 -2.1251762229812980465 -2.3395166994862011123 0.060123459619856295388 
0.17500000000000012768 0.30133757499751306907 -2.7547189933361169167 -2.3547185372986665364 0.060528298200760791148 
0.20000000000000014988 0.22653688058390480942 -1.6120181424680761761 -2.3684823797712426519 0.035834420258123535208 
0.22500000000000017208 0.20741513412439546715 -2.1776613041881285326 -2.3775005017293637799 0.046878640263486454076 
0.25000000000000016653 0.26858345431406327464 -1.7805335084811841906 -2.3927466858025856489 0.06654528009143376166 
0.27500000000000018874 0.31430327061219903717 -0.12152894100620481588 -2.4084628420909655055 0.056422693046969618624 
0.30000000000000021094 0.35213666888907013686 -3.0735964758328275792 -2.4196858886380034903 0.028802234484859790681 
0.32500000000000023315 0.30842839860868714874 0.63905281710653272231 -2.4289592330242579798 0.041808723208700347695 
0.35000000000000025535 0.29692294349771064521 -0.079485942099475126454 -2.4376289238899393474 0.029209236372856668684 
0.37500000000000027756 0.28251736671142935187 -1.423302032613914303 -2.4448954862605920546 0.027784343557543497022 
0.40000000000000029976 0.2383030492120840893 -1.3055269934486652961 -2.4513684567528408742 0.020688174401966637206 
0.42500000000000032196 0.27946366664658245371 -1.1606057401743783419 -2.4566994747628565499 0.01960796124791210418 
0.45000000000000034417 0.31071347717415154221 -0.72589912856348015602 -2.4615148060462099799 0.022521913514075037055 
0.47500000000000036637 0.29685645085875378424 -0.277999787359793471 -2.4671124296821158595 0.017095510122320467516 
0.50000000000000033307 0.31791811373072959013 -0.31293787593485311582 -2.4708713771055808017 0.016034876119684540047 
0.52500000000000035527 0.3308005167959385262 -0.23293801266219194002 -2.4749813155158144617 0.011964876824801469468 
0.55000000000000037748 0.34803523339990927177 -0.55499524100574226804 -2.4776852171040246731 0.012256742887690408317 
0.57500000000000039968 0.35192054253440857581 -0.86116480893444591338 -2.4807060485388938709 0.011696171223357662225 
0.60000000000000042188 0.31195900916368546341 -0.95023560919729199714 -2.4844676989371672349 0.014283650431482487059 
0.62500000000000044409 0.30513795062922544066 -1.4237622941297864987 -2.4871051156206740451 0.0085771580682977577315 
0.65000000000000046629 0.3105891743405559402 -1.5029726953773250298 -2.4894135375619379502 0.0087110556238533653345 
0.6750000000000004885 0.30792473412553555967 -1.2423548275604532343 -2.4914493780952455815 0.008082863345037629571 
0.7000000000000005107 0.32650116113238797366 -1.2420759763341999715 -2.4935816992915849077 0.0073647338698703780288 
0.72500000000000053291 0.33390496595554253201 -1.1690853714230899918 -2.4959028550439685823 0.012750641176539966731 
0.75000000000000055511 0.31334559278348650402 -1.1621399687982978399 -2.499874389765705196 0.018318170492196510918 
0.77500000000000057732 0.26971341973843454554 -1.3082445272378717682 -2.5054695667997171071 0.021654066268430940262 
0.80000000000000059952 0.23144157885700281096 -1.6490383503920451602 -2.5091105023907509519 0.0088651941535749737705 
0.82500000000000062172 0.24019628832635828153 -2.1210854998355030965 -2.5116799657835229276 0.010297995935157023759 
0.85000000000000064393 0.25653254597263341896 -2.2241502259612895287 -2.5138290322108800545 0.0083245049068231512235 
0.87500000000000066613 0.25289594323778791241 -1.7796505444870411861 -2.5163125067942528901 0.0087591184700807570712 
0.90000000000000068834 0.26486586961223623771 -1.3107814463683666872 -2.5183341208632907815 0.0096325005687371567653 
0.92500000000000071054 0.28800096968446181611 -1.2537911847174143531 -2.5206821765561251425 0.0060612154180800263334 
0.95000000000000073275 0.28827757966633899001 -1.2412839576720753332 -2.5221412538738476883 0.0066780342930289945252 
0.97500000000000075495 0.26812834769669641188 -1.3842533949092432621 -2.5235496682171154603 0.0045712353676413460674 
1.0000000000000006661 0.25648472880343242686 -1.6795644994775411618 -2.5249291036343182171 0.0051079044984820879891 
1.0249999999999979128 0.26923901364107810652 -1.7366213753380863594 -2.5258572467697719688 0.0033758068362511124867 
1.0499999999999951594 0.27934045575961558017 -1.6616130328268354788 -2.5269691377059899651 0.0042691717519093052083 
1.0749999999999924061 0.26944235856207698898 -1.437009651948653266 -2.5278847155451238393 0.0034671981093652433185 
1.0999999999999896527 0.26842075941268644934 -1.3325845987497588752 -2.5286452016041751634 0.0021747488875158873904 
1.1249999999999868994 0.27395487521595740521 -1.4478470512063361664 -2.5292505868938892633 0.0027329826187287627887 
1.149999999999984146 0.26916654549025059717 -1.5417704442879003324 -2.5298635027415516952 0.0020358915153566316779 
1.1749999999999813927 0.26761642334533769505 -1.6674581866853477319 -2.5304237672358826927 0.0021345119788446216373 
1.1999999999999786393 0.27461178543469083602 -1.6665317560488324133 -2.5308602533351240993 0.0015272134398576088076 
1.224999999999975886 0.27305242665719547945 -1.5389106648073798134 -2.531290586148264854 0.0017030671928766750838 
1.2499999999999731326 0.26971513953031373001 -1.4999553840954658046 -2.5316594111923840238 0.0011127177412070619195 
1.2749999999999703792 0.27494733037808738452 -1.430612562704269175 -2.5319133459599565406 0.0010353338597485991796 
1.2999999999999676259 0.28000542263987082681 -1.3762485503643255846 -2.5322138915735692422 0.0012212382308661254033 
1.3249999999999648725 0.27927667702438646602 -1.4824415094954259686 -2.5324830248205443262 0.00085086057053456267719 
1.3499999999999621192 0.27029887437554211971 -1.5865070527108353637 -2.532681997700858556 0.00071719285606639362248 
1.3749999999999593658 0.26482465753371353667 -1.5954428547172141428 -2.5328536787507167638 0.00067895877026035312673 
1.3999999999999566125 0.26823675107604849632 -1.5944758046262894613 -2.5330301542494284561 0.00062997954356668387204 
1.4249999999999538591 0.27069964091925374783 -1.5881727033289272377 -2.53317535806670735 0.00053661802962273893146 
1.4499999999999511058 0.27674859830027770391 -1.5347860680285183577 -2.5333020135224497693 0.00044494104779378750372 
1.4749999999999483524 0.28231203185865033634 -1.4574588790803955085 -2.53341532155077509 0.00044470319313027697637 
1.4999999999999455991 0.27615641264093626628 -1.4279110332466919964 -2.5335193236761983648 0.00035181146266846056048 
1.5249999999999428457 0.26989309305336578459 -1.474166699436721073 -2.5336024918332422651 0.0003028788516849439472 
1.5499999999999400924 0.27113267238190780217 -1.5286395976488860171 -2.5336721605497518617 0.00025936849966905873395 
1.574999999999937339 0.27269550565816819132 -1.5474967167092805731 -2.5337443139065047859 0.00028241800152689969239 
1.5999999999999345857 0.27316068053942210714 -1.5799782715234331754 -2.5338078180972258835 0.00021560733416430859417 
1.6249999999999318323 0.27333346121465340595 -1.5576095379286989395 -2.5338559030067147049 0.00016737980548958583627 
1.649999999999929079 0.27393115773321308204 -1.4939912345661714443 -2.5338996039841328312 0.00017084203026145419226 
1.6749999999999263256 0.27496134582569237148 -1.5264009953516310958 -2.5339420061939823547 0.0001602095692167973377 
1.6999999999999235722 0.27383780833769127971 -1.5487485631588651103 -2.5339791077404196784 0.00012318229677066444019 
1.7249999999999208189 0.27303069743177016404 -1.483288060734661018 -2.534009247714572588 0.0001225067121128355595 
1.7499999999999180655 0.27422719161243436226 -1.4581187340209691428 -2.5340364450067505153 7.998627735910745877e-005 
1.7749999999999153122 0.27359531552183463665 -1.5045552299797195772 -2.5340587386167130468 0.00010081939298486434782 
1.7999999999999125588 0.27272675124504786037 -1.5515433167488756894 -2.5340816338984448741 7.9322523656176645497e-005 
1.8249999999999098055 0.27354591303308811723 -1.5531543726293901564 -2.5341026839876965582 7.0768055315553526625e-005 
1.8499999999999070521 0.27380432249443470427 -1.5421748171828468799 -2.5341151416871130486 4.5663059656192434141e-005 
1.8749999999999042988 0.27429677431675225652 -1.5413372556390687595 -2.5341300498607877145 5.7928095109689003029e-005 
1.8999999999999015454 0.27473494876429771505 -1.5052278517528425716 -2.5341441040881393931 5.8536911852951703798e-005 
1.9249999999998987921 0.27361778556330806911 -1.4790015191814145368 -2.5341566315682659827 3.1891085608380949465e-005 
1.9499999999998960387 0.27285256256992646007 -1.5126134637174837305 -2.5341643229004926496 3.2904540882486174548e-005 
1.9749999999998932854 0.27302588988594306274 -1.5298071673009405735 -2.5341717558197132121 2.9527249833351848805e-005 
1.999999999999890532 0.27338092300541128044 -1.5132377065537605532 -2.534181688665553267 3.8349035100894252276e-005 
2.0249999999998880007 0.27400821653079582285 -1.5258648772928613546 -2.5341882332316507664 1.9528424919589989318e-005 
2.0499999999998852473 0.27406312120800963017 -1.5462166570609017224 -2.534193612911303628 1.8584235416872590919e-005 
2.074999999999882494 0.27396986571100445662 -1.5275628778238385941 -2.5341982007021210954 2.1154879905739278442e-005 
2.0999999999998797406 0.27433481156202083051 -1.5055630966690198846 -2.5342033297040584827 1.5699698223895859123e-005 
2.1249999999998769873 0.27400814061689299228 -1.5101328228022636857 -2.5342072794615502218 1.5963400587820143918e-005 
2.1499999999998742339 0.27344235166870300979 -1.5156803333011987789 -2.5342108646225383062 1.3176603186365476602e-005 
2.1749999999998714806 0.27330294581781039431 -1.5157846224206590335 -2.5342142630406225834 1.0716943432482740851e-005 
2.1999999999998687272 0.27305867829070062935 -1.5257233988772358479 -2.5342162737032114528 7.8865418720757917255e-006 
2.2249999999998659739 0.27337689414384080955 -1.5355262457022136324 -2.5342187327267224894 1.0060982966866763882e-005 
2.2499999999998632205 0.27420140552158328573 -1.523268718153606649 -2.5342213496567866926 9.931770401188302227e-006 
2.2749999999998604672 0.27433341696451479796 -1.5067071743675908291 -2.5342231677362296871 4.617584420500981315e-006 
2.2999999999998577138 0.27391369540949478401 -1.5159591589356891106 -2.5342244908739455234 5.5881538135503378288e-006 
2.3249999999998549605 0.27360069133407055597 -1.5253772914102894376 -2.5342257928261457955 5.5343964661041160173e-006 
2.3499999999998522071 0.27371213921760467747 -1.5185860307850647111 -2.5342274221179130755 5.7271129735790530317e-006 
2.3749999999998494538 0.27390500033515741141 -1.5210311536540348509 -2.5342285042709904452 3.4184498579045147989e-006 
2.3999999999998467004 0.27350439343985138985 -1.5251780593623460724 -2.534229306146944527 2.8970419773861712985e-006 
2.4249999999998439471 0.27325282126284289319 -1.5193044541406490744 -2.5342301695393834038 3.7960727222345623802e-006 
2.4499999999998411937 0.27373637130706179876 -1.5179531698130017681 -2.5342309971340371 2.6005074627896287724e-006 
2.4749999999998384403 0.27401278131490042211 -1.5204782859578671594 -2.5342316939075471005 2.7054060911736567212e-006 
2.499999999999835687 0.27391056031832422546 -1.5190599742120101112 -2.5342322398307137732 1.7567891129834005451e-006 
2.5249999999998329336 0.27388600961243220189 -1.5166594944474018902 -2.5342327000326254627 1.7986203091931206573e-006 
2.5499999999998301803 0.27378042270154101523 -1.5208462709060410756 -2.5342331942259233024 2.0207095313706551985e-006 
2.5749999999998274269 0.27358699073034664639 -1.526616070173540507 -2.5342336140610126627 1.2443394503020435323e-006 
2.5999999999998246736 0.27350448201220872724 -1.5211064961160079001 -2.5342339593785387919 1.4296785707017926598e-006 
2.6249999999998219202 0.27366763318510239911 -1.5152597640893321618 -2.5342342398501154221 8.4717685755294800533e-007 
2.6499999999998191669 0.27392708769617968301 -1.5204178644660215625 -2.5342345070805620821 1.146058722910192703e-006 
2.6749999999998164135 0.27383900773553521146 -1.5227718686103732804 -2.5342347574360011286 9.306219750107050361e-007 
2.6999999999998136602 0.27364306193169357639 -1.5181942961390584301 -2.5342349938203314608 7.0536058536994483161e-007 
2.7249999999998109068 0.27376345716051875279 -1.5181029512907515677 -2.5342351384599579589 6.4956778193905313414e-007 
2.7499999999998081535 0.27385982315921558738 -1.5214763828109816313 -2.5342353169174778316 5.9582396918411795914e-007 
2.7749999999998054001 0.2737618633771106702 -1.5210506118703059908 -2.5342354585942334921 5.6314270167712825234e-007 
2.7999999999998026468 0.27366683717183676317 -1.5200039781844398856 -2.5342355762702792887 3.6889937137492772153e-007 
2.8249999999997998934 0.273597397596515024 -1.5215209715768045484 -2.5342356952884390608 5.1358513775869219866e-007 
2.84999999999979714 0.27364183976566813783 -1.521495805319751593 -2.5342357950782767873 3.1178796497595060827e-007 
2.8749999999997943867 0.27377831470887492582 -1.5189399328585306836 -2.5342358764205652477 2.7181375483331372228e-007 
2.8999999999997916333 0.27385706750303401291 -1.5180245924306341454 -2.5342359410240873352 3.0122438391831760978e-007 
2.92499999999978888 0.27389467796658223397 -1.5200065836680762832 -2.5342360177446847658 2.3743065134818343615e-007 
2.9499999999997861266 0.27382160092712271027 -1.5205889622053718746 -2.5342360772382455103 2.4954779637262742907e-007 
2.9749999999997833733 0.27365786179665824163 -1.5194553199259617227 -2.5342361259382171212 1.3312604388268183188e-007 
2.9999999999997806199 0.27361208431213440706 -1.5211131641088009303 -2.5342361680875891139 1.8461090150426017658e-007 
3.0249999999997778666 0.27364801195390542343 -1.5225284831202627878 -2.5342362077210647264 1.4784202022402266613e-007 
3.0499999999997751132 0.27370131303551886726 -1.5205361035190874119 -2.5342362462817087376 1.1835878758628362463e-007 
3.0749999999997723599 0.27380237814506086513 -1.5192462357930112127 -2.534236272705640669 1.2225254761777262824e-007 
3.0999999999997696065 0.27384003076897028839 -1.519160763577147133 -2.5342363034762898089 9.257537904434920765e-008 
3.1249999999997668532 0.27379859026296138325 -1.5187697972034341909 -2.5342363249989707796 8.6782214852688306185e-008 
3.1499999999997640998 0.27375094490814011472 -1.5192873333643559519 -2.5342363444381166282 6.9304639674276473132e-008 
3.1749999999997613465 0.27370285114340475729 -1.5209033522862835941 -2.5342363651799906243 7.8537320837402202351e-008 
3.1999999999997585931 0.27370354055485607292 -1.5222671480248397557 -2.5342363802521279403 5.2250144004622378829e-008 
3.2249999999997558398 0.27371727658761196844 -1.5214551078092193315 -2.5342363941262315841 4.8893145450405259616e-008 
3.2499999999997530864 0.27369759993615910831 -1.51957485511165169 -2.5342364070807454901 5.5094133227605167363e-008 
3.274999999999750333 0.27374017793640065266 -1.5193029225227601131 -2.5342364184528216597 3.1614268057093852601e-008 
3.2999999999997475797 0.27380640388679494679 -1.519537832922758902 -2.5342364269793260512 3.5489511570252499333e-008 
3.3249999999997448263 0.27378864827771132173 -1.5194300894760490728 -2.5342364350547352814 3.1595111083947673509e-008 
3.349999999999742073 0.27374199149390371355 -1.520094302149441079 -2.5342364444305829352 3.4348863264047517642e-008 
3.3749999999997393196 0.27371107420854356995 -1.5208503173161787014 -2.5342364504743750686 1.6878622894082425036e-008 
3.3999999999997365663 0.2736988947790048865 -1.520851861234634006 -2.5342364547321509782 1.7534083089102704474e-008 
3.4249999999997338129 0.27372417274821969624 -1.5206310340886513011 -2.5342364605779281739 2.6167291200087871897e-008 
3.4499999999997310596 0.2737553668867542811 -1.5203205491291753582 -2.5342364659114529069 1.5273623031692062556e-008 
3.4749999999997283062 0.27377204659169268597 -1.5197458797037839417 -2.5342364693957519783 1.1703116128908160404e-008 
3.4999999999997255529 0.27376728315198289865 -1.5194512582950161494 -2.534236472035375165 1.1090827160374740955e-008 
3.5249999999997227995 0.27373514897668399515 -1.5198160498337869306 -2.534236475501721042 1.423150748000583012e-008 
3.5499999999997200462 0.27372496935949047758 -1.5204175470465712827 -2.5342364787938453929 1.1189841218128715578e-008 
3.5749999999997172928 0.27373555885136841015 -1.5206753181688212884 -2.5342364808235666729 4.9586758145892946443e-009 
3.5999999999997145395 0.27372417198001486316 -1.5204529571775493579 -2.5342364823463130463 7.8170390323086612405e-009 
3.6249999999997117861 0.27372773040023290481 -1.5202030001270026016 -2.5342364844636207089 8.1267645684856412189e-009 
3.6499999999997090327 0.27375783860484165233 -1.5200389877934235017 -2.5342364863872735015 6.3385787586931564812e-009 
3.6749999999997062794 0.27376663879647011868 -1.5198923147865497363 -2.5342364876843079813 4.2088835395032922063e-009 
3.699999999999703526 0.27375242969882479516 -1.52009343454889434 -2.5342364886734860541 3.7227095773710000355e-009 
3.7249999999997007727 0.27373428545359274056 -1.5202930370265907989 -2.5342364897607425611 4.7031594002866548252e-009 
3.7499999999996980193 0.27372477991318250323 -1.5202333789915558615 -2.5342364908757089026 3.8768607688881771373e-009 
3.774999999999695266 0.27373123178852298842 -1.5203107874704877567 -2.5342364918204469681 3.194726262355256666e-009 
3.7999999999996925126 0.27373908296926630079 -1.5202696265037900503 -2.5342364924149518579 1.9034027667823943864e-009 
3.8249999999996897593 0.27374689532315243934 -1.5200455515027180287 -2.5342364929779588323 2.390646853749979921e-009 
3.8499999999996870059 0.27375446913313061792 -1.5200634221357911535 -2.5342364936372612227 2.7761125700109617083e-009 
3.8749999999996842526 0.27374646197922181123 -1.5201906524795314457 -2.5342364942288888585 1.5169174624192353129e-009 
3.8999999999996814992 0.2737360482156289132 -1.5202118700773521454 -2.5342364945804707332 1.6265459891640029412e-009 
3.9249999999996787459 0.27373701511154285848 -1.5201731065859442893 -2.5342364949701292609 1.2300066398371176934e-009 
3.9499999999996759925 0.27373821589621738504 -1.520215635246235264 -2.5342364953234794989 1.5571691679086418779e-009 
3.9749999999996732392 0.27373971583695594356 -1.520305689428000484 -2.5342364956396203901 9.0225697263496005005e-010 
3.9999999999996704858 0.27374235012972208958 -1.5202005584738347288 -2.534236495888396945 1.0299667542208593809e-009 
4.0249999999996788347 0.27374192504382810487 -1.5200786883738151012 -2.5342364961278689428 9.0319103649763564495e-010 
4.0499999999996871836 0.27374402519911922305 -1.520153390585273101 -2.5342364963492207686 6.9321710221340133325e-010 
4.0749999999996955324 0.27374639293499941628 -1.520175373204204039 -2.5342364965004970934 6.2980804439691894896e-010 
4.0999999999997038813 0.27374382331798408075 -1.5201095257253949278 -2.534236496665830618 6.0254672009925869712e-010 
4.1249999999997122302 0.273739528474611582 -1.5201691584785845812 -2.5342364968245916224 5.8980407969908735588e-010 
4.1499999999997205791 0.2737354661975323622 -1.5202673674680025062 -2.5342364969371340422 3.6089013972702019756e-010 
4.1749999999997289279 0.27373605508255233199 -1.5202553385805803732 -2.5342364970381932032 3.7902351614757154225e-010 
4.1999999999997372768 0.27374134960215995571 -1.520216715449350886 -2.534236497133113275 4.1510267479598269344e-010 
4.2249999999997456257 0.27374388337266047921 -1.520185845220720644 -2.5342364972304847193 2.7196272888916480523e-010 
4.2499999999997539746 0.27374511562452308322 -1.520126856784902003 -2.5342364972956965552 2.8982709880343653613e-010 
4.2749999999997623235 0.27374620304619157185 -1.5201104047726246016 -2.5342364973580937537 1.9073273311590068717e-010 
4.2999999999997706723 0.27374263578617558101 -1.5201539979228670951 -2.5342364974165438873 2.3729539978029046815e-010 
4.3249999999997790212 0.27373855506066185894 -1.5201914161481298038 -2.5342364974640796405 1.8509111774057929629e-010 
4.3499999999997873701 0.2737383505642642656 -1.5201928434455105332 -2.5342364975183588882 1.7293241475314381357e-010 
4.374999999999795719 0.2737397162114462712 -1.5202037628525042479 -2.5342364975497067014 1.240928465753942363e-010 
4.3999999999998040678 0.27374091982007453527 -1.520251549746578279 -2.5342364975810518501 9.4724857527317859148e-011 
4.4249999999998124167 0.27374099488536651759 -1.5202306657155255643 -2.5342364976110371977 1.572900321166520856e-010 
4.4499999999998207656 0.27374156034558205786 -1.5201475853286432471 -2.5342364976447315783 8.8902104694827873584e-011 
4.4749999999998291145 0.27374364690819347201 -1.5201269463563473749 -2.5342364976667042242 7.7616683486824887752e-011 
4.4999999999998374633 0.27374393319445855521 -1.5201368158868433511 -2.5342364976797888687 5.2217922839799082406e-011 
4.5249999999998458122 0.27374248134092021845 -1.5201579370127267232 -2.5342364977010642946 8.9729060815880753622e-011 
4.5499999999998541611 0.27374091667857375354 -1.5202152389911971486 -2.5342364977195708242 6.4409651609663724527e-011 
4.57499999999986251 0.27373897076700220987 -1.5202339534541517985 -2.5342364977331759412 3.345455409347920619e-011 
4.5999999999998708589 0.27373915218123218152 -1.5201984124629523976 -2.5342364977420608341 4.80767150522263428e-011 
4.6249999999998792077 0.27374150696258792159 -1.5201691532058576595 -2.534236497754430939 4.0892626674923962903e-011 
4.6499999999998875566 0.27374249063359651357 -1.5201698641348162511 -2.5342364977648825786 4.025044501955694878e-011 
4.6749999999998959055 0.27374221795418102188 -1.5201800679681982675 -2.5342364977725693187 2.1836367765100939081e-011 
4.6999999999999042544 0.27374188415632316751 -1.5201751937090846045 -2.5342364977787923408 2.7612017033090791717e-011 
4.7249999999999126032 0.27374159456013624769 -1.520176801697135982 -2.5342364977864115794 3.0254912010728387866e-011 
4.7499999999999209521 0.27374164557518043672 -1.5201883269038991564 -2.5342364977924325409 1.5349032590537032351e-011 
4.774999999999929301 0.27374126447149732533 -1.5201823275390742296 -2.5342364977962552608 1.7894637582749669354e-011 
4.7999999999999376499 0.2737407842424212645 -1.5201798243942854505 -2.5342364978009443988 1.6738473633911590279e-011 
4.8249999999999459988 0.27374109210306163398 -1.5201922283896756039 -2.5342364978050602176 1.5160651514586997782e-011 
4.8499999999999543476 0.27374132121173577747 -1.520186126616930089 -2.5342364978084792604 1.2402503616119190817e-011 
4.8749999999999626965 0.27374154550051194024 -1.5201702974944695246 -2.5342364978115021756 1.0044080329859480047e-011 
4.8999999999999710454 0.27374190669943360144 -1.5201793651614183833 -2.5342364978137084108 8.6398828650933874939e-012 
4.9249999999999793943 0.27374154895574687174 -1.5201937632622897212 -2.5342364978161442401 9.4330006447589386701e-012 
4.9499999999999877431 0.27374125698366402748 -1.5201884087683823488 -2.5342364978183988811 8.2940401007045952377e-012 
4.974999999999996092 0.27374145429812474228 -1.5201795733272724931 -2.5342364978201969983 5.6043921309128244725e-012 
