0.025000000000000015266 0.5966643806939352368 0.00049152640897865210179 -2.2448507090465512626 0.040825724715654106156 
0.05000000000000003747 0.57188129111401597715 0.017267747198212335391 -2.2530780273924357893 0.059122552344141085512 
0.075000000000000052736 0.42962434429571139116 -0.0082672354272764203564 -2.2747898748733961227 0.095455082647470088086 
0.10000000000000007494 0.39129714533794240916 -0.054143368304057415408 -2.3113902564468045142 0.11037227172347735538 
0.12500000000000008327 0.22590040189537097248 -0.40902821366384711776 -2.3352452060603341444 0.057988741021480078031 
0.15000000000000010547 0.22135064586139086007 -2.0382786476825094368 -2.3503870971236526799 0.053041317696920081692 
0.17500000000000012768 0.30172517156021194662 -2.610630041191864148 -2.3660698514425093641 0.054248088980195750819 
0.20000000000000014988 0.23527318117672044173 -1.5459105880491625928 -2.3800788301726578666 0.030639568778360437573 
0.22500000000000017208 0.2169272860811909398 -2.010272151954417108 -2.3885930584645431729 0.036939897983484890065 
0.25000000000000016653 0.26112224763529851002 -1.5430008428461090553 -2.4025448327156935235 0.052686910008853005127 
0.27500000000000018874 0.29984455827783595971 -0.024411488748526055659 -2.4168354969952274836 0.045940457353280117481 
0.30000000000000021094 0.36195844227322027109 0.12850652284584018759 -2.4299314996718806015 0.034857243718197657156 
0.32500000000000023315 0.3540625232350372853 0.49173580863334109825 -2.4390242466706597568 0.029477337372164069684 
0.35000000000000025535 0.33595154559706558173 -0.21451082500676244003 -2.4482456164774295537 0.037696893388053376306 
0.37500000000000027756 0.28165943401800963564 -1.7863530612908642414 -2.4575378517124191191 0.019989465773029020668 
0.40000000000000029976 0.22437914999505037539 -1.9204088231374778495 -2.4616876105980338707 0.012254636489376493497 
0.42500000000000032196 0.29300879583847355692 -1.7670771449363891215 -2.4674772101016433368 0.020838704928434155506 
0.45000000000000034417 0.32962373944329720343 -0.93933509210732824002 -2.4721444286966645087 0.017259993547581634066 
0.47500000000000036637 0.33038827875267501311 -0.43695184033267331358 -2.4775467818355427774 0.016120959269438780992 
0.50000000000000033307 0.36259581703206911207 -1.0650636158221022942 -2.4819045497218432672 0.01197796795835111977 
0.52500000000000035527 0.33831164396408730521 -1.0112919448214847673 -2.4850981412413997163 0.010473235215375298335 
0.55000000000000037748 0.32057121764936807873 -1.1431004702911613524 -2.4883586311963150628 0.012339448465503756458 
0.57500000000000039968 0.32353313677463901854 -1.4484008582936207521 -2.491495606238796956 0.008820289448866262122 
0.60000000000000042188 0.29442429760869248678 -1.3183926638504470663 -2.494968932900464953 0.015232114953508481964 
0.62500000000000044409 0.2693016142971093041 -1.509606607164261316 -2.5009175206440388273 0.02486262473470771811 
0.65000000000000046629 0.23837601882574910306 -1.6464274621844861013 -2.5074021641377388647 0.015252510229931570684 
0.6750000000000004885 0.2365199415989645837 -1.8894430888677407054 -2.5108477392696388897 0.010247638111707977823 
0.7000000000000005107 0.27920659301807732033 -2.2702288026454233716 -2.5130625656571501381 0.0039843866474132717814 
0.72500000000000053291 0.27035651046453273993 -1.9178412515010085926 -2.5146765705787439416 0.0081758088948581681549 
0.75000000000000055511 0.25244929795855119981 -1.4956033836797772985 -2.5171441573512627343 0.0084424050725006184043 
0.77500000000000057732 0.27462548286774762785 -1.5084486265307606168 -2.5201926923262019109 0.010981094270136328508 
0.80000000000000059952 0.2862852627136755479 -1.4832506886419163372 -2.5226077557054744638 0.0048933900332839329675 
0.82500000000000062172 0.28437190046465110616 -1.4083172121130642651 -2.5236274126740485535 0.0032336570438029261544 
0.85000000000000064393 0.2699998610594672166 -1.4500817519593902638 -2.5249409402848459472 0.0054700440306731691609 
0.87500000000000066613 0.25528596844252388065 -1.5159466156567478201 -2.5263979040614326088 0.0038385023910129274782 
0.90000000000000068834 0.27108611019190814728 -1.6692451574173494677 -2.5275780771579192674 0.0042087892239749792947 
0.92500000000000071054 0.28152398762270985921 -1.6551337997091408738 -2.5285179640009607382 0.0021368218657287466229 
0.95000000000000073275 0.27064106992332070956 -1.500104385387407202 -2.5291015231999383062 0.0020917958054923148012 
0.97500000000000075495 0.27074025678342078516 -1.4864103733593800882 -2.5297987891915574288 0.0024385045909253084441 
1.0000000000000006661 0.27065670622319487615 -1.4510825671418789984 -2.5305339353858040674 0.0023540932143383840915 
1.0249999999999979128 0.27261814537726464236 -1.4816745870764369553 -2.5310937059883076294 0.0015869726110081280694 
1.0499999999999951594 0.27738146152990261761 -1.6419737811279340178 -2.5314519692459240829 0.00069009860333441822456 
1.0749999999999924061 0.26900842766281990448 -1.5682029839759099588 -2.5317258622051017625 0.0014796198828852188695 
1.0999999999999896527 0.26995436949013851269 -1.4646377279484736889 -2.5322094121423806001 0.001424123292943115307 
1.1249999999999868994 0.27877987191840120085 -1.5230505665602658283 -2.5325011560384149689 0.00068462521497496947858 
1.149999999999984146 0.27491780516669839241 -1.4710245343868482149 -2.5327002491350572022 0.00058599536132165300651 
1.1749999999999813927 0.27328004909188785554 -1.4771167637346773738 -2.5328610188332878472 0.00067372038101838410077 
1.1999999999999786393 0.27282899499998058968 -1.5599819739787061934 -2.5331068415705417785 0.00083104248873034898635 
1.224999999999975886 0.26769192012027859251 -1.5601477109326209458 -2.5332812763236134401 0.00035043829617387455043 
1.2499999999999731326 0.27092520795959046387 -1.5709903562647440367 -2.5333853374412980131 0.00037883636007625165519 
1.2749999999999703792 0.27602256855081586107 -1.5082489698689194313 -2.5334886762838326746 0.00036147261071998651591 
1.2999999999999676259 0.27721054692843843936 -1.4654818850935349417 -2.5336032712690661484 0.00036486860212118224977 
1.3249999999999648725 0.27727725077242099117 -1.5366863674212671853 -2.533702090867193224 0.00030027871314014737206 
1.3499999999999621192 0.27215222967594127068 -1.5150260083887869822 -2.5337762840137463272 0.00018967143118495138508 
1.3749999999999593658 0.27035434476124453607 -1.4955981828010362911 -2.5338229187406340337 0.00017243353356820605073 
1.3999999999999566125 0.27408386751824559413 -1.5518825662909772056 -2.5338860343271338849 0.00021368605393913553403 
1.4249999999999538591 0.27310855319238397376 -1.5375375854956052635 -2.5339394676926798589 0.00015908063242131394101 
1.4499999999999511058 0.27223683293945105666 -1.5118967443455177957 -2.5339840407648277498 0.00012539284899332957214 
1.4749999999999483524 0.27389358375427652614 -1.5185491173548177901 -2.5340078376481725009 6.5584558044765536053e-005 
1.4999999999999455991 0.27403991340063987847 -1.5145619672065526728 -2.5340421413332347989 0.0001433600236201934303 
1.5249999999999428457 0.27557066427115828322 -1.5228205768905493933 -2.5340744721260977101 7.753251623845927728e-005 
1.5499999999999400924 0.27531172829816835668 -1.5260347135283192088 -2.5340948751798695326 6.1543814732016135821e-005 
1.574999999999937339 0.27233167170133337764 -1.5227498909519154857 -2.5341107966065163914 5.1078557405064665422e-005 
1.5999999999999345857 0.27267118433638787289 -1.528520962987650833 -2.5341301456263241043 7.3937533044973199154e-005 
1.6249999999999318323 0.27352879530871343494 -1.5112754501688383524 -2.5341476897643988586 4.10771152948031574e-005 
1.649999999999929079 0.27303937352209523004 -1.4969047120601923773 -2.5341567574362620086 2.7925791138675270099e-005 
1.6749999999999263256 0.27392808743575952635 -1.5235323873738915168 -2.5341670772414488511 3.8971066728249252034e-005 
1.6999999999999235722 0.27419333104216259134 -1.5355691220895342219 -2.5341791280503529471 3.8776266025505033187e-005 
1.7249999999999208189 0.27406781711638061871 -1.5241014624264901389 -2.5341867981116337205 1.5744260812609269011e-005 
1.7499999999999180655 0.27424847059170864849 -1.5269151740070145973 -2.5341921948908945339 2.0532335157935746378e-005 
1.7749999999999153122 0.273375893870348885 -1.5209737776767897621 -2.5341982123825443907 2.1752143792882292498e-005 
1.7999999999999125588 0.27347670876224411396 -1.51424124413532879 -2.5342053149947565416 2.1698533722527898885e-005 
1.8249999999999098055 0.27393310284498356699 -1.5176912547179726154 -2.534208920812105692 5.6655150752932529246e-006 
1.8499999999999070521 0.27314287979874496415 -1.5106192806087814784 -2.5342117348303987434 1.3448302511239854275e-005 
1.8749999999999042988 0.27354035037082424786 -1.5165278180832726385 -2.5342157290578852802 1.2553675587064445904e-005 
1.8999999999999015454 0.27424516607321841599 -1.5284250186665098159 -2.5342190271621523046 1.0055058327036640748e-005 
1.9249999999998987921 0.27373761754713188399 -1.5259361271149827211 -2.5342213909198783028 4.9066789816316907588e-006 
1.9499999999998960387 0.2738062596255431691 -1.525660942408970655 -2.5342228892199654133 6.7803886990926655109e-006 
1.9749999999998932854 0.27396791762023942063 -1.5175190528102489029 -2.5342249873925690729 6.5100324860244570505e-006 
1.999999999999890532 0.27369197028179675923 -1.5120385319391429491 -2.5342267830000633211 5.6944845493572776818e-006 
2.0249999999998880007 0.27371746156780824011 -1.5232523247462748106 -2.5342281598820086685 3.3534698133154509857e-006 
2.0499999999998852473 0.27338899252778692262 -1.5228031630914449224 -2.5342291639896661337 3.5418866540563907941e-006 
2.074999999999882494 0.27332452224128339635 -1.5168213079235726148 -2.5342300003178706014 2.6705070025866515048e-006 
2.0999999999998797406 0.27397560729575454186 -1.5196127890865023247 -2.5342311040734619709 4.0798175576221350515e-006 
2.1249999999998769873 0.27411419901812283939 -1.5199284665954160278 -2.5342319702603144371 1.7711005768451098075e-006 
2.1499999999998742339 0.27392583286389488029 -1.5207063449010793654 -2.5342324386850485496 1.7093563159816325457e-006 
2.1749999999998714806 0.27374806966257841934 -1.5219651109660203847 -2.5342329106987904197 1.4466328242566053535e-006 
2.1999999999998687272 0.27350420854469720267 -1.5206608557597058873 -2.5342334853031136532 2.369624218848401872e-006 
2.2249999999998659739 0.27373518495757970248 -1.5213108045741976504 -2.5342340410830237474 1.0733019487100372608e-006 
2.2499999999998632205 0.27382840046570294801 -1.5200643313790882516 -2.5342342384666989297 7.1713158436729730077e-007 
2.2749999999998604672 0.2734756069566561254 -1.5177655580782136724 -2.5342345261060232886 1.0102431737585644797e-006 
2.2999999999998577138 0.27360336195426687711 -1.5197358632863298133 -2.5342348375590670884 1.1081827449723770041e-006 
2.3249999999998549605 0.27391880112241123735 -1.520451452243086754 -2.5342351158847824522 7.1384664014116009603e-007 
2.3499999999998522071 0.27391202534790626277 -1.5191241381859725834 -2.5342352763767186374 4.33573958321006265e-007 
2.3749999999998494538 0.27385130600972645842 -1.5210233252789695513 -2.5342354092809351584 4.7046751795236371382e-007 
2.3999999999998467004 0.2736979213275096412 -1.5220405953734672533 -2.53423557503841268 6.3178293020554635951e-007 
2.4249999999998439471 0.2736346679984139052 -1.5209271082135928932 -2.5342357278887517325 3.6879131608100363167e-007 
2.4499999999998411937 0.27374875290747990864 -1.5205109009127548703 -2.5342358290541810995 3.3919670184597925531e-007 
2.4749999999998384403 0.2737043881333277584 -1.5182135379663439512 -2.5342359084279215686 1.7433964194844315237e-007 
2.499999999999835687 0.27368259706256803376 -1.5176921488715877651 -2.5342359745699867268 3.4102519414896785687e-007 
2.5249999999998329336 0.2737563731506028053 -1.5209435406016376113 -2.5342360754736397155 2.5142788481710713687e-007 
2.5499999999998301803 0.2737277601825331419 -1.5219812254599554002 -2.5342361313944934409 1.5952269055453574721e-007 
2.5749999999998274269 0.27377340160777652311 -1.5213462066678982154 -2.5342361716305510377 1.1383564328484838201e-007 
2.5999999999998246736 0.2738341611764334993 -1.5202784239796152121 -2.5342362094405421757 1.6521849597930274014e-007 
2.6249999999998219202 0.27376939888711776527 -1.5190237077481076877 -2.534236263502220865 1.5837372007656622241e-007 
2.6499999999998191669 0.27373049329691018228 -1.519725041679156563 -2.5342362970439542558 7.6705978161720504993e-008 
2.6749999999998164135 0.27368487740916402906 -1.5197986318550111839 -2.534236315677618645 6.5468412532025549895e-008 
2.6999999999998136602 0.27366785159235967884 -1.5196474809004389961 -2.5342363405127446008 1.0105656040078888056e-007 
2.7249999999998109068 0.27375482269674905611 -1.5210467141167436367 -2.5342363690454048353 7.1675437569899101443e-008 
2.7499999999998081535 0.27376204422455940879 -1.5210271198343980892 -2.534236384871443537 4.9410560005851770366e-008 
2.7749999999998054001 0.27372937095194055379 -1.5203549963331379757 -2.5342363980522160105 3.7885314889588437333e-008 
2.7999999999998026468 0.27377480792294517364 -1.5202902820631156722 -2.5342364117101214838 5.712345231192321127e-008 
2.8249999999997998934 0.27378460328036102744 -1.5195405825147894063 -2.5342364270433104245 3.4205448392601886753e-008 
2.84999999999979714 0.27375432993444304142 -1.5193275479006431716 -2.5342364338901672838 2.6266244098626286405e-008 
2.8749999999997943867 0.27372056815766282467 -1.5200128928527580907 -2.5342364434979658405 2.9635114530697614304e-008 
2.8999999999997916333 0.27368735284763395788 -1.5205688607300102966 -2.5342364510290544821 2.4816525396531414039e-008 
2.92499999999978888 0.27371867956295431457 -1.5209246946853376414 -2.5342364580882943415 1.9448869552476623347e-008 
2.9499999999997861266 0.27375490983608175011 -1.5205950764638316297 -2.534236462471376683 1.5060340496442598808e-008 
2.9749999999997833733 0.27375251472224160221 -1.5198865871053219845 -2.5342364679028333008 1.7572190366183352345e-008 
2.9999999999997806199 0.2737709780403998483 -1.5197992623913108012 -2.5342364723194719112 1.2915466699713431599e-008 
3.0249999999997778666 0.27376747862720490767 -1.5199412983345159667 -2.5342364755352355665 9.7521024656060466766e-009 
3.0499999999997751132 0.27373323031064750177 -1.5200040109996852955 -2.5342364785040194519 1.008258321294426933e-008 
3.0749999999997723599 0.27372259317481201224 -1.5203320781979634546 -2.5342364813368227772 8.1454406841840760741e-009 
3.0999999999997696065 0.27371561316647191608 -1.5204822140165412669 -2.534236483525432071 7.6371910210619941981e-009 
3.1249999999997668532 0.27372572928762528566 -1.5203707489835731614 -2.534236485727811683 6.2543931208672436483e-009 
3.1499999999997640998 0.27375656117949581647 -1.5202731597903760274 -2.5342364871720666208 4.4090483742765140137e-009 
3.1749999999997613465 0.2737591132693637519 -1.5199465031930787795 -2.5342364886802051238 4.7967731192305260018e-009 
3.1999999999997585931 0.2737529626878053568 -1.5198934210820698176 -2.534236489835890449 4.2881828430658314182e-009 
3.2249999999997558398 0.27374849492989328237 -1.5202096727024980716 -2.534236491275188019 3.8947175346380653121e-009 
3.2499999999997530864 0.27372996842995556133 -1.520233010912175331 -2.5342364919706175108 1.7708827943643821454e-009 
3.274999999999750333 0.27372814136894391135 -1.520279780718267304 -2.5342364926777039003 2.8126455993118755259e-009 
3.2999999999997475797 0.27373849371394087804 -1.5203449465977660893 -2.5342364934759684658 2.6406999039385172544e-009 
3.3249999999997448263 0.27374181281992132631 -1.5201665104107693338 -2.5342364942011625928 1.8893735944053771317e-009 
3.349999999999742073 0.27374735778028641553 -1.520126938269071637 -2.534236494614738433 1.1225380169410881654e-009 
3.3749999999997393196 0.27374367723509807071 -1.520103866053047259 -2.534236494972942122 1.4369491546522943663e-009 
3.3999999999997365663 0.2737397883144441213 -1.5200784208320468061 -2.5342364954251483944 1.5113099503963322273e-009 
3.4249999999997338129 0.2737478823673285544 -1.5202222424850158067 -2.5342364958344836268 1.0297584747645166709e-009 
3.4499999999997310596 0.27374270291230778929 -1.5202448669873076526 -2.5342364960448389155 6.8150561585830862362e-010 
3.4749999999997283062 0.27373285009937403656 -1.5202097198267683353 -2.5342364962861068101 7.7460892600827644751e-010 
3.4999999999997255529 0.2737378905904224724 -1.5202164257778747469 -2.534236496477904943 6.7731992834815515378e-010 
3.5249999999997227995 0.27374358530410031198 -1.5201648627888977305 -2.5342364967226487238 7.6487458151194005743e-010 
3.5499999999997200462 0.27374612245235335761 -1.5201771905990342226 -2.5342364968636310607 3.2957494274837175715e-010 
3.5749999999997172928 0.27374411230102008163 -1.5201775784842572747 -2.5342364969793638174 4.0263311794338655696e-010 
3.5999999999997145395 0.273737169198992214 -1.5201205503722508006 -2.5342364970835298266 3.2650887591766879045e-010 
3.6249999999997117861 0.27373927137595088777 -1.5201763820130591576 -2.5342364972055588801 4.8114419909451407622e-010 
3.6499999999997090327 0.27374368943180005243 -1.5202314920895347861 -2.5342364973126678684 2.1347145918124745644e-010 
3.6749999999997062794 0.27374132111490362407 -1.5201811134104046275 -2.5342364973621980262 1.4607165590548574113e-010 
3.699999999999703526 0.27374119863803375585 -1.5201740709492446157 -2.5342364974129609756 2.2147573343304239496e-010 
3.7249999999997007727 0.2737415091654015753 -1.5202050735620042943 -2.5342364974897062524 2.5533660573417779346e-010 
3.7499999999996980193 0.27374103186718629077 -1.5201905494142395892 -2.5342364975441253883 1.2401722080282745862e-010 
3.774999999999695266 0.27374309020905879253 -1.5201787887175171043 -2.5342364975756295209 7.7997295266366256076e-011 
3.7999999999996925126 0.27374164283644419893 -1.5201678949347123826 -2.53423649759961922 1.2052410780116264176e-010 
3.8249999999996897593 0.27373968055597264204 -1.5201586858023312665 -2.5342364976443065849 1.4567993483342999632e-010 
3.8499999999996870059 0.27374140200864427452 -1.5201791073410890753 -2.5342364976733988691 5.3653253653219696631e-011 
3.8749999999996842526 0.27374124717580639032 -1.5201845926213755078 -2.5342364976892750583 6.4308500698802991372e-011 
3.8999999999996814992 0.27374121955321661925 -1.5201967369859255008 -2.5342364977072744381 5.7184983405578206454e-011 
3.9249999999996787459 0.27374252754960609613 -1.5202107325849092412 -2.5342364977274360882 7.4161843792952075792e-011 
3.9499999999996759925 0.27374156442181402094 -1.5201810231929360206 -2.5342364977442106699 3.4285632011869069946e-011 
3.9749999999996732392 0.27374114103248098351 -1.5201727980213060043 -2.5342364977540867699 3.9869871506831174647e-011 
3.9999999999996704858 0.27374145898317142622 -1.5201738544336347303 -2.5342364977645703839 3.0258823895008472635e-011 
4.0249999999996788347 0.27374110704672649508 -1.5201575722587010731 -2.5342364977744322729 3.2574662795138479059e-011 
4.0499999999996871836 0.27374180142777926328 -1.520183709856553822 -2.5342364977829459072 2.7263081941046786177e-011 
4.0749999999996955324 0.27374142350071795082 -1.5202037626718811758 -2.5342364977905074142 2.135072333877968762e-011 
4.0999999999997038813 0.27374046478997443588 -1.5201876696035165892 -2.5342364977951921112 1.3633542416446704748e-011 
4.1249999999997122302 0.27374162201036583708 -1.5201852464165694911 -2.5342364978004852105 1.981849951127581807e-011 
4.1499999999997205791 0.27374209918534414543 -1.5201837882794047019 -2.5342364978054789937 1.4202393083485804564e-011 
4.1749999999997289279 0.27374144721560900173 -1.5201769074754984956 -2.5342364978095024419 1.2753981135055231344e-011 
4.1999999999997372768 0.27374152336199730762 -1.5201737963622052874 -2.5342364978122748909 6.2338734025581949003e-012 
4.2249999999997456257 0.27374133878293049893 -1.5201737245197000092 -2.5342364978149860555 1.2663414535422403668e-011 
4.2499999999997539746 0.2737412589346656655 -1.5201869729945898246 -2.5342364978180826895 6.7517782850379182678e-012 
4.2749999999997623235 0.27374136637888640822 -1.5201932777133293495 -2.5342364978198039793 6.1147100652650288506e-012 
4.2999999999997706723 0.27374097755974829971 -1.5201850289594207588 -2.5342364978216136429 5.4081865980213369785e-012 
4.3249999999997790212 0.2737413778648018492 -1.5201843867773860985 -2.5342364978232549966 6.0547902911357149199e-012 
4.3499999999997873701 0.2737419954661489685 -1.5201816696411794005 -2.5342364978247364782 3.5568370487942214181e-012 
4.374999999999795719 0.27374166801848981434 -1.5201724320733884799 -2.5342364978257072572 3.3280697867032552854e-012 
4.3999999999998040678 0.27374141528718459737 -1.5201775710499418892 -2.5342364978267424291 3.481226957115895089e-012 
4.4249999999998124167 0.27374129112837131128 -1.5201879243360210126 -2.5342364978277376331 3.1818145818019142202e-012 
4.4499999999998207656 0.2737411687738904309 -1.5201864504693012314 -2.5342364978284281918 1.5665915333548789737e-012 
4.4749999999998291145 0.27374139413650461217 -1.520183183868474952 -2.534236497829001511 2.2957382422739923911e-012 
4.4999999999998374633 0.27374135508268249151 -1.5201823085500254518 -2.5342364978296019196 1.7212096742077973617e-012 
4.5249999999998458122 0.27374132099251458072 -1.5201819465716543966 -2.5342364978301148426 1.7719800811052750329e-012 
4.5499999999998541611 0.27374160511761996828 -1.5201829432670297404 -2.5342364978305296219 9.0419889923696667393e-013 
4.57499999999986251 0.27374154611327000675 -1.5201803847265520364 -2.5342364978308191681 1.2446328924767297013e-012 
4.5999999999998708589 0.27374149315440626795 -1.520180318139554787 -2.5342364978311695545 9.4630411709501866344e-013 
4.6249999999998792077 0.27374160645286843563 -1.5201841268782985139 -2.5342364978314204649 8.961672148456794553e-013 
4.6499999999998875566 0.27374135715895636656 -1.5201831806608381292 -2.5342364978316904711 7.1917186337886306215e-013 
4.6749999999998959055 0.27374114887598754997 -1.520182730744018329 -2.5342364978318476787 5.1159130555588408235e-013 
4.6999999999999042544 0.27374124124426363336 -1.5201827913927350444 -2.5342364978320013336 4.980562766414220591e-013 
4.7249999999999126032 0.27374141166702609107 -1.5201808829771281673 -2.5342364978321669788 5.9096507338675692103e-013 
4.7499999999999209521 0.27374159643391693386 -1.5201830006496197534 -2.5342364978323179692 3.8906664275830340078e-013 
4.774999999999929301 0.27374153470934614596 -1.5201841386930925459 -2.5342364978324085634 2.6596352230348907221e-013 
4.7999999999999376499 0.27374140200043373117 -1.5201821324698485682 -2.5342364978324756208 2.1110399399407110271e-013 
4.8249999999999459988 0.27374149542478298791 -1.5201818194942591234 -2.5342364978325715441 4.1520009384056359622e-013 
4.8499999999999543476 0.27374148098961537112 -1.5201813039369274083 -2.5342364978326696878 1.9112097208786936e-013 
4.8749999999999626965 0.27374135091785684049 -1.5201816233394902511 -2.5342364978327047709 1.1722353585982224327e-013 
4.8999999999999710454 0.27374131298321607852 -1.5201831256891167321 -2.5342364978327474034 1.4766872008773293871e-013 
4.9249999999999793943 0.2737412960038971832 -1.5201831047278202558 -2.5342364978327980296 2.0909055201693821661e-013 
4.9499999999999877431 0.27374140963144416583 -1.5201832544183968565 -2.5342364978328535408 1.2148400199003352101e-013 
4.974999999999996092 0.27374155870260286072 -1.5201830761842309858 -2.5342364978328735248 5.0424034674881681707e-014 
