0.025000000000000015266 0.59739224240288946177 0.00049652796977886493046 -2.2439663546652472981 0.0413471282730965492 
0.05000000000000003747 0.57213281598932108629 0.01746043738994332295 -2.2516260165116368519 0.060626667114261581504 
0.075000000000000052736 0.4273811111769698079 -0.0093535385081183752831 -2.2720290780250000928 0.098408114879824273857 
0.10000000000000007494 0.38732072146900303755 -0.054553518967174752241 -2.3064251828740682804 0.11337363333884435679 
0.12500000000000008327 0.21932045778793460289 -0.40672393922918159692 -2.328857929130462967 0.060414440926457688152 
0.15000000000000010547 0.21740482322034762608 -2.0935828828401072954 -2.3435744655789134683 0.057433410356724078072 
0.17500000000000012768 0.30140071253283834407 -2.7015579205211217584 -2.3589750681881609395 0.058119166057074463094 
0.20000000000000014988 0.22959300210375163664 -1.5876696468616087188 -2.3728296343744541552 0.033687649997998593554 
0.22500000000000017208 0.21032675072757778256 -2.1154331934854693209 -2.3816194431868926706 0.042709552089780417061 
0.25000000000000016653 0.26448876557255152075 -1.6859050069348184842 -2.3963676700212541704 0.061347115732232324059 
0.27500000000000018874 0.31139777147525382617 -0.061914109972143971383 -2.4120398407870577984 0.056236590671890518411 
0.30000000000000021094 0.36493049603739802222 0.2201998152800238584 -2.4245381254961366757 0.028375398117759208227 
0.32500000000000023315 0.32493001943023769318 0.69553862721844395001 -2.4331031730201897467 0.036868342466503327415 
0.35000000000000025535 0.30806807659665802479 -0.1403952645700415891 -2.4422870429336245301 0.03384302147619297485 
0.37500000000000027756 0.27834110027590364123 -1.660474045203665705 -2.4499772090774540878 0.022035320458427511831 
0.40000000000000029976 0.22985333849093006475 -1.6421845693972367819 -2.4553149112332719461 0.017799797657911224646 
0.42500000000000032196 0.2845413517307581186 -1.4773390572004481136 -2.4607137548245439085 0.01796739025521625413 
0.45000000000000034417 0.31655858658645213977 -0.8306086600862371272 -2.465202855801038595 0.022098814272948692772 
0.47500000000000036637 0.31268382283201179295 -0.41070992077706836021 -2.4715354717346853519 0.018924915892727340455 
0.50000000000000033307 0.34325656388270092689 -0.80286412483134828033 -2.4756258867410187996 0.015110347710014532946 
0.52500000000000035527 0.34388500207761241168 -0.81798242588155956057 -2.479594994284807008 0.011014880786563293127 
0.55000000000000037748 0.34833723125575560831 -1.0239498562528477343 -2.4825011252307183085 0.013083991876230730012 
0.57500000000000039968 0.34716297551651220665 -1.300479194049157794 -2.4855702999797806285 0.0095288812777402278481 
0.60000000000000042188 0.3065718698973023959 -1.2488109237177331678 -2.4888841608791505422 0.012385528459273788954 
0.62500000000000044409 0.29983208346427059343 -1.4581393640386455246 -2.4913059249528859418 0.0076502999823564975246 
0.65000000000000046629 0.30391077630652957309 -1.4214043939910816494 -2.4938937439853585687 0.011682924088567178678 
0.6750000000000004885 0.28703040303782623166 -1.2900497124564731521 -2.4977193590438573345 0.018015437071309953199 
0.7000000000000005107 0.28016206574011343067 -1.5066090296823457795 -2.5040638489291149327 0.024442792979903090606 
0.72500000000000053291 0.26008538850842255474 -1.6839895042472998732 -2.5085424622785184035 0.0097782133585050945435 
0.75000000000000055511 0.25685688224585867534 -1.9490622289841672554 -2.5110365310003142092 0.0093051718159558090976 
0.77500000000000057732 0.26233942375636576383 -2.1577226917306351339 -2.5131565194052987167 0.0064099442198183725905 
0.80000000000000059952 0.24619157284278020414 -1.9259706387132433658 -2.5149697752508819448 0.0072643742216526394767 
0.82500000000000062172 0.25575863241173396601 -1.6003106321898055153 -2.5173307176588433087 0.011097647458637090526 
0.85000000000000064393 0.28148615994615450164 -1.4967495223699829321 -2.5205405718064555209 0.0096662726250170780823 
0.87500000000000066613 0.2812674021489585674 -1.3572069219371818427 -2.5220635863401494881 0.0031971279000359269923 
0.90000000000000068834 0.27666050308470052643 -1.3749419689640989262 -2.5230896673966261012 0.005131731345841861712 
0.92500000000000071054 0.2676713123598787325 -1.5344323700622302109 -2.5247161911059210482 0.0060512075253027035326 
0.95000000000000073275 0.26494878261510662609 -1.6643970915531904886 -2.5261569599295854438 0.0045155327216975385887 
0.97500000000000075495 0.27561266109601262331 -1.7705607109984327074 -2.5270989996745862882 0.0024605748855095373184 
1.0000000000000006661 0.27249113796164331491 -1.5762562086669142936 -2.5277688540728178168 0.0026222295904749473756 
1.0249999999999979128 0.27001432198732777668 -1.4589544193598524835 -2.528495005997006384 0.0032718539357110528257 
1.0499999999999951594 0.27551033874980856986 -1.5896481216206765907 -2.5294689652575201855 0.0030409618807577206735 
1.0749999999999924061 0.26955124726128520951 -1.4474872879017768312 -2.5301010991101682279 0.0019425037949931116439 
1.0999999999999896527 0.27017423856487599032 -1.342696664478601809 -2.5305346634812657669 0.0013039033142136394021 
1.1249999999999868994 0.2765950178863978981 -1.5307958484864208071 -2.5308893140361856666 0.001490270950516662694 
1.149999999999984146 0.27092786277835967379 -1.6322232603226107805 -2.5313916302672874181 0.0020080709225192747668 
1.1749999999999813927 0.27044698648642789829 -1.6380624846106275339 -2.5318515846444600292 0.0012915717135581318911 
1.1999999999999786393 0.27415036343193099899 -1.545747427214945624 -2.5320812254240023798 0.00058603327129265220686 
1.224999999999975886 0.27386614777783208075 -1.4086936616732845806 -2.5322891329968046925 0.00098925284132123764667 
1.2499999999999731326 0.2774415614057262891 -1.4472882716177966067 -2.5325963503859094672 0.0011393087097887810363 
1.2749999999999703792 0.2755927293839546266 -1.4929456487493533157 -2.5328355340659842732 0.00065401702955084984117 
1.2999999999999676259 0.26926507399805205134 -1.5371061206951601719 -2.5329775284448565742 0.00043143582816751571739 
1.3249999999999648725 0.26953492357192743167 -1.6277986475354411233 -2.5331136905807962734 0.00058793012034291083825 
1.3499999999999621192 0.27093584974531476073 -1.5501483300656180297 -2.533278843802821978 0.00060499412728760501839 
1.3749999999999593658 0.27527798794940122606 -1.4726962610760230277 -2.5334158894116738381 0.00038501649219954242305 
1.3999999999999566125 0.27880406961536080557 -1.5303386886810814715 -2.5335056607470454182 0.00030688300845668292725 
1.4249999999999538591 0.2732224566551109679 -1.5298880943422838996 -2.5335882252196211262 0.00030439060282138404208 
1.4499999999999511058 0.27102326563846862451 -1.5083618512357612751 -2.5336772191355128037 0.00036072132663017244429 
1.4749999999999483524 0.27361720474280865067 -1.506907421546382464 -2.5337640801091207976 0.00023857075035893808481 
1.4999999999999455991 0.27279436239558030319 -1.4873047665551599739 -2.5338115377461596367 0.00013593311350225813043 
1.5249999999999428457 0.27365067709096840831 -1.5152404533615082549 -2.5338528913494160477 0.00020047103929416132092 
1.5499999999999400924 0.27425956612770790999 -1.5494039473001812723 -2.5339156256101373899 0.00022359588282813174149 
1.574999999999937339 0.27298881232676119879 -1.5510934083456837662 -2.5339614758468669287 0.00011374423650025290797 
1.5999999999999345857 0.27458869636377514212 -1.5536444153585635686 -2.5339862829071626571 8.950488168247669094e-005 
1.6249999999999318323 0.27445705529663327882 -1.5151902385260456185 -2.534016957792105007 0.00013479044747424434657 
1.649999999999929079 0.27295202331931839312 -1.4768355531975920769 -2.5340507923416804026 0.00010721479704182932681 
1.6749999999999263256 0.27392021469018434932 -1.5065151277111330508 -2.5340751472067717387 6.8030821726883461626e-005 
1.6999999999999235722 0.27305951808466416564 -1.5232279110847852799 -2.5340910945420231926 6.128614277573753101e-005 
1.7249999999999208189 0.27225062125880478137 -1.5138556148804149792 -2.5341088090459233939 6.7671809778924819695e-005 
1.7499999999999180655 0.27384331174886372695 -1.5280064638560080237 -2.534127804424141317 7.024465856948684079e-005 
1.7749999999999153122 0.27418763143140895133 -1.5325912590621930676 -2.5341438816991921357 4.1023504251502007395e-005 
1.7999999999999125588 0.27472709750933510531 -1.5340496799327996147 -2.5341518009004877499 2.8552392008210099978e-005 
1.8249999999999098055 0.27488388240566280496 -1.5334528448134632228 -2.534161396132447841 4.1657954926803454914e-005 
1.8499999999999070521 0.27313401204339893269 -1.5097850956990694904 -2.5341737050211716742 4.392122467461460802e-005 
1.8749999999999042988 0.27320287457493580563 -1.5064073109463245181 -2.5341832200891927229 2.4363246288415070848e-005 
1.8999999999999015454 0.27361409781184087286 -1.5099594486900065338 -2.5341872086459917846 1.1980370674684144089e-005 
1.9249999999998987921 0.27273664325239643791 -1.5045475552413252185 -2.5341923670622072962 2.5130308355697605856e-005 
1.9499999999998960387 0.27351153291506197229 -1.526893281066376451 -2.5342001276084049621 2.8608222491219652918e-005 
1.9749999999998932854 0.27425672043086851692 -1.5397830743893687888 -2.5342055681964339442 1.0972350224548883316e-005 
1.999999999999890532 0.27396820242199326767 -1.528730892972602895 -2.5342075115884776793 8.3484563111764651321e-006 
2.0249999999998880007 0.27428601596247526029 -1.5255687841568836838 -2.5342113806824633215 1.6819875563116207066e-005 
2.0499999999998852473 0.27396056680166708253 -1.5145531080346892328 -2.534215271147381987 1.2287991599648997958e-005 
2.074999999999882494 0.27355297715204962561 -1.506162824579257542 -2.5342180526994466661 8.3063809064777000934e-006 
2.0999999999998797406 0.27370926032902781477 -1.5141666345821138684 -2.5342200328466990555 6.7934453712775841162e-006 
2.1249999999998769873 0.27315291446931327934 -1.5196321797174709989 -2.5342220055675279689 7.0848711708777539338e-006 
2.1499999999998742339 0.27330866150895433142 -1.5263723452946080794 -2.5342238075661573937 7.6668546524508803566e-006 
2.1749999999998714806 0.27416276701327629839 -1.5287048845192963142 -2.5342259310109662707 5.9339763100946373996e-006 
2.1999999999998687272 0.27393444685110401871 -1.5201327799495425452 -2.5342270078801472089 3.2441566417105220984e-006 
2.2249999999998659739 0.27372755346498789386 -1.5183530810410341694 -2.5342279739064466071 3.8785266084571929881e-006 
2.2499999999998632205 0.2738786703232381492 -1.5195430659011441854 -2.5342291380940769052 4.8868238264639015048e-006 
2.2749999999998604672 0.27375327446079145144 -1.5175538245646711388 -2.5342303466905100606 3.1447127983283029677e-006 
2.2999999999998577138 0.27384242184768792239 -1.5201468247854843518 -2.5342309867899404097 2.2549568748138767487e-006 
2.3249999999998549605 0.27363950896798816537 -1.5195874072881956351 -2.5342315800304948681 2.107650106733626476e-006 
2.3499999999998522071 0.27333878707502912153 -1.5174356270107327571 -2.534232209635278732 2.5484056285840034985e-006 
2.3749999999998494538 0.27372115766347054899 -1.5233417948022720534 -2.5342328682097878811 2.0144631074513559535e-006 
2.3999999999998467004 0.27389601954235609504 -1.5247930918117038601 -2.5342333121206914726 1.5015947010313816121e-006 
2.4249999999998439471 0.27382443912950360509 -1.5193874289057269777 -2.5342336721003224653 1.0894008756666477506e-006 
2.4499999999998411937 0.27400444060876699703 -1.51823222920283607 -2.534233992343245756 1.4079755969946550118e-006 
2.4749999999998384403 0.27382572767203999797 -1.5182330361968054966 -2.5342343780488501004 1.2293782812354437387e-006 
2.499999999999835687 0.27352146690302381327 -1.5191438352801625022 -2.534234648561204839 8.7088273468884958897e-007 
2.5249999999998329336 0.27353331111586243196 -1.5213789349419832853 -2.5342348497089073334 6.276942934892744866e-007 
2.5499999999998301803 0.27362096536089286491 -1.5209729895389336729 -2.5342350491290739356 8.5706773360882332039e-007 
2.5749999999998274269 0.27383849455114089855 -1.5216689361356037224 -2.5342352691344673943 6.9949647040961003554e-007 
2.5999999999998246736 0.27390630729062265258 -1.5208311929899824833 -2.5342354192333647056 4.4049561445803595665e-007 
2.6249999999998219202 0.27371493907218658048 -1.5178280206729461987 -2.534235530651250734 4.2470487187098468207e-007 
2.6499999999998191669 0.27375821863098614983 -1.5198609651405647902 -2.5342356649659123491 5.1806762645554485118e-007 
2.6749999999998164135 0.27384346751788246621 -1.521425408578239491 -2.5342357837675306698 3.5757892220850802273e-007 
2.6999999999998136602 0.27374584274430052711 -1.5195465677709010244 -2.5342358637987323355 2.6679309671649270578e-007 
2.7249999999998109068 0.27369635650988199949 -1.5195606795107936549 -2.5342359427209895095 2.9045030258095606959e-007 
2.7499999999998081535 0.27362799533312226474 -1.520011834270015294 -2.5342360138936341762 2.3919875075587911588e-007 
2.7749999999998054001 0.27362336648040813669 -1.5208144156212179965 -2.5342360754515214083 2.3195716539432891611e-007 
2.7999999999998026468 0.27376269626884580655 -1.5218220874353061145 -2.534236134124738804 1.7622414153890683124e-007 
2.8249999999997998934 0.27380817422627612423 -1.5204464642522945717 -2.5342361763272958086 1.4366113186443079605e-007 
2.84999999999979714 0.27381971218116335498 -1.5192371934755084517 -2.5342362127318773801 1.4274529764278994815e-007 
2.8749999999997943867 0.27383649932920400838 -1.5190700077721990269 -2.5342362553504043099 1.5289466997779160441e-007 
2.8999999999997916333 0.2737438288944788467 -1.5190271943034128199 -2.534236286665855431 7.4435738785536497258e-008 
2.92499999999978888 0.27368232657552765685 -1.5204610802218023746 -2.5342363072207629848 9.4944233132465250415e-008 
2.9499999999997861266 0.27367825804813505908 -1.5215635648405436697 -2.5342363342488782862 1.0028939162556745592e-007 
2.9749999999997833733 0.27367737229256028364 -1.5209714456559986218 -2.534236358771951636 6.646243291676293143e-008 
2.9999999999997806199 0.27373807117422882529 -1.5205602464985585875 -2.5342363725818084497 4.874680269055480971e-008 
3.0249999999997778666 0.27377380528595907094 -1.520022756830696764 -2.5342363875063558254 6.1939469885712075062e-008 
3.0499999999997751132 0.27377385921810304392 -1.5191655949939737447 -2.5342364034137081497 5.0827030713276517473e-008 
3.0749999999997723599 0.27379860998272675943 -1.5193385826005703088 -2.5342364161028352321 4.133457051498264596e-008 
3.0999999999997696065 0.27376442011972496049 -1.5199286839877079736 -2.5342364253880509395 3.0990067829316313234e-008 
3.1249999999997668532 0.27371063239899062758 -1.5205477930799116137 -2.5342364341324250532 3.4225546575091714999e-008 
3.1499999999997640998 0.27370205974909017632 -1.5211156822996239057 -2.534236442719225213 2.5904454030121805843e-008 
3.1749999999997613465 0.27369519313087586898 -1.5207178835965970976 -2.5342364497282554581 2.775359892365688684e-008 
3.1999999999997585931 0.27373112501218266335 -1.5202475837741293851 -2.5342364561822092739 1.9645015984316576201e-008 
3.2249999999997558398 0.27378387402054354949 -1.5199913686566259852 -2.5342364611064005508 1.602943121109185602e-008 
3.2499999999997530864 0.27377839069187198673 -1.5193644538703783287 -2.5342364652038100736 1.59333189682214251e-008 
3.274999999999750333 0.27376089818517618246 -1.5196009801839989173 -2.5342364701079693745 1.8645154547757848861e-008 
3.2999999999997475797 0.27373461664842951846 -1.5203596103634726688 -2.5342364738271254687 8.8598131010404637455e-009 
3.3249999999997448263 0.27370360729696019408 -1.520515707327854571 -2.5342364761867828271 9.5091309913824238264e-009 
3.349999999999742073 0.27371929867154781713 -1.5206445442025233739 -2.5342364789246563106 1.0487515929274537845e-008 
3.3749999999997393196 0.2737405252920653842 -1.5205361209962280356 -2.5342364817527895937 9.9766472335237928644e-009 
3.3999999999997365663 0.27374959884987082326 -1.5201266815545497746 -2.5342364838786570758 5.6426794487196195677e-009 
3.4249999999997338129 0.27376382387441916544 -1.5199271435147734266 -2.5342364853443637429 5.4504530034129071477e-009 
3.4499999999997310596 0.2737526630500939917 -1.5197471103381765545 -2.5342364867336981682 5.1703378997174387288e-009 
3.4749999999997283062 0.27374111273781359666 -1.5199154924552518153 -2.5342364883758956573 6.6787734039443862806e-009 
3.4999999999997255529 0.27374338973704620548 -1.5203495682407064393 -2.5342364898698770403 3.7652608712987796798e-009 
3.5249999999997227995 0.2737274069397421794 -1.5204208334946609504 -2.5342364906229302157 2.290610872122307804e-009 
3.5499999999997200462 0.27372346837982114431 -1.5204185992684235984 -2.5342364912764248075 2.9777213759780645136e-009 
3.5749999999997172928 0.27373932434947545467 -1.520343573711073315 -2.534236492329609014 4.3691363105860338609e-009 
3.5999999999997145395 0.27374667670534003072 -1.5200345152485559286 -2.5342364932437773106 1.9321963371717460688e-009 
3.6249999999997117861 0.27375521471527464179 -1.5199677088972711747 -2.5342364936184638147 1.4050531201954454745e-009 
3.6499999999997090327 0.27375242523343451539 -1.5200954226740635011 -2.5342364940416746144 1.8514369594754054381e-009 
3.6749999999997062794 0.27373646103812243613 -1.5201533312376243057 -2.5342364946530135938 2.2586117649414358442e-009 
3.699999999999703526 0.27373596361631746809 -1.5202601426229787052 -2.5342364951073799162 1.173301657871713732e-009 
3.7249999999997007727 0.27373698740082469394 -1.5202762266910396782 -2.5342364954070322192 1.090881259011673943e-009 
3.7499999999996980193 0.2737354618505926096 -1.520191010637898188 -2.5342364956531753251 8.7404082877730451694e-010 
3.774999999999695266 0.27374480761693292807 -1.5202224739640253226 -2.5342364959605578889 1.2085036547976227779e-009 
3.7999999999996925126 0.2737464295647393242 -1.5202068146804066373 -2.5342364962459669187 9.30422500791050862e-010 
3.8249999999996897593 0.27374213305684652608 -1.5201123089793431298 -2.5342364964378427672 4.8460294587728599195e-010 
3.8499999999996870059 0.27374322472290563146 -1.5201056337830527454 -2.5342364965592563131 4.9670624142594226268e-010 
3.8749999999996842526 0.2737403834071995834 -1.5201335278805372386 -2.534236496737479527 7.6326809914361371427e-010 
3.8999999999996814992 0.27373967346570710069 -1.5202246754088335479 -2.5342364969184378864 5.3520629379166809932e-010 
3.9249999999996787459 0.27374047708372845067 -1.5202855211972363669 -2.5342364970194162233 2.4019642297600650655e-010 
3.9499999999996759925 0.27373665478658260053 -1.5201935747901220708 -2.5342364970926039014 3.2776578249705852101e-010 
3.9749999999996732392 0.27374127230681694067 -1.5201675416726581069 -2.5342364971984223665 4.4332543542540683052e-010 
3.9999999999996704858 0.27374788593609067355 -1.5201834496382296003 -2.5342364973000379713 2.7097598674500903384e-010 
4.0249999999996788347 0.27374467406009145298 -1.5201260464479626755 -2.5342364973548439089 1.589753066162079594e-010 
4.0499999999996871836 0.27374161464225088558 -1.5201473135252188129 -2.5342364974067956851 2.3449296598145259676e-010 
4.0749999999996955324 0.27373949134040004294 -1.5201945699427523717 -2.5342364974689837176 2.1458703242213991408e-010 
4.0999999999997038813 0.27373740518071298933 -1.5201967550348087777 -2.534236497517466713 1.3502162802161572761e-010 
4.1249999999997122302 0.27373984053268168859 -1.5202159928581151505 -2.5342364975534734661 1.4296046917304661959e-010 
4.1499999999997205791 0.27374106574406747994 -1.5202050476005410928 -2.5342364975898341584 1.1692490251773378757e-010 
4.1749999999997289279 0.27374191845847145599 -1.5201875736236383219 -2.5342364976183828773 1.086203207663070077e-010 
4.1999999999997372768 0.27374469739262241585 -1.5201823912995873211 -2.5342364976505655783 1.0985060227953470121e-010 
4.2249999999997456257 0.2737432183065641178 -1.5201461566604344 -2.5342364976726776682 5.9345067463186514103e-011 
4.2499999999997539746 0.27374101593609595495 -1.5201460183379373881 -2.534236497688103551 6.5841576784911509529e-011 
4.2749999999997623235 0.27374144457821719678 -1.5201813853049794822 -2.5342364977091316192 8.1207486707078982458e-011 
4.2999999999997706723 0.273740507246799325 -1.5201922459837007295 -2.5342364977285996019 5.4595840514442687014e-011 
4.3249999999997790212 0.27374002619191434293 -1.5202072425791648413 -2.5342364977385982705 3.1050771296150612955e-011 
4.3499999999997873701 0.27374038032073200188 -1.5202126261713666544 -2.5342364977491196321 4.3716935664357133603e-011 
4.374999999999795719 0.2737404196426202474 -1.5201869198381610104 -2.534236497760957274 4.4176395671175230531e-011 
4.3999999999998040678 0.27374235056281304157 -1.5201726232628569591 -2.5342364977721691943 3.228981201455476033e-011 
4.4249999999998124167 0.27374347133472265448 -1.5201651748978046719 -2.5342364977783198299 2.0228717953788557371e-011 
4.4499999999998207656 0.27374235218247039425 -1.5201577582040317616 -2.5342364977843407914 2.2375682481600456242e-011 
4.4749999999998291145 0.27374173280922436957 -1.520174467328234913 -2.5342364977909879187 2.7226723202679956495e-011 
4.4999999999998374633 0.27374074457170771701 -1.5201914879691282856 -2.5342364977977736018 1.9381330536823044435e-011 
4.5249999999998458122 0.27373996064102518178 -1.5201988820222791521 -2.5342364978013565135 1.0360975482131058182e-011 
4.5499999999998541611 0.27374083018027167702 -1.5202026905665588785 -2.5342364978044678026 1.2741516511157591305e-011 
4.57499999999986251 0.27374138922298990595 -1.5201838080850769153 -2.5342364978086249216 1.7414541281619166873e-011 
4.5999999999998708589 0.27374173881566093991 -1.5201692730711668933 -2.534236497812803357 1.1442859511984511882e-011 
4.6249999999998792077 0.27374224959997645046 -1.520175379441494945 -2.534236497814600142 4.054869192007221535e-012 
4.6499999999998875566 0.27374186031091779503 -1.5201756752186716959 -2.5342364978162650324 8.1910156587405262038e-012 
4.6749999999998959055 0.27374155570451830233 -1.5201801666254268763 -2.5342364978189153568 1.1111029288440065882e-011 
4.6999999999999042544 0.27374136700172346792 -1.5201879569344973753 -2.5342364978213711701 5.6668700433918472437e-012 
4.7249999999999126032 0.27374079147833008108 -1.5201861036164876495 -2.5342364978222562399 2.4480266478182276341e-012 
4.7499999999999209521 0.27374087184381040716 -1.5201868972632184285 -2.5342364978233780093 5.4760420728572521822e-012 
4.774999999999929301 0.27374128585863477525 -1.5201840470492067325 -2.5342364978248577145 5.5186503014324687013e-012 
4.7999999999999376499 0.27374163806616635952 -1.5201788785287373429 -2.5342364978261517905 3.4145313820309325947e-012 
4.8249999999999459988 0.27374206490868674413 -1.5201809808035622318 -2.5342364978268538955 2.2650381717761992379e-012 
4.8499999999999543476 0.27374176347203482695 -1.5201796248763961295 -2.534236497827508483 2.5230823433553170399e-012 
4.8749999999999626965 0.27374125662655263147 -1.5201808444626854211 -2.5342364978282065913 2.9969273202218981282e-012 
4.8999999999999710454 0.27374129039357142368 -1.5201866668865837706 -2.5342364978290672362 2.5534899559587448116e-012 
4.9249999999999793943 0.2737412228981112583 -1.5201839240122667629 -2.5342364978295122135 1.1172513925621031153e-012 
4.9499999999999877431 0.27374117938880387912 -1.5201808824211491267 -2.5342364978297862166 1.1660216844006502492e-012 
4.974999999999996092 0.27374133497604374865 -1.5201825434723803543 -2.5342364978302525103 2.1482613026555025246e-012 
