0.025000000000000015266 0.59736049550210290615 0.00049630935131930384308 -2.2440051151196165335 0.041324281355961986484 
0.05000000000000003747 0.57212178877465680316 0.017452009090039771744 -2.2516899839921729054 0.060560463284836787978 
0.075000000000000052736 0.42747966332644937726 -0.0093053471372560037089 -2.2721519013873230364 0.098277654766523572794 
0.10000000000000007494 0.38749607489613574485 -0.054537645781144283852 -2.3066470120887685447 0.11324015340366641591 
0.12500000000000008327 0.21961015259395386123 -0.40684249034773967146 -2.3291433696823848898 0.060305140295055646715 
0.15000000000000010547 0.21757727062050727374 -2.0911620470498490931 -2.3438802416575987841 0.057232928879286069923 
0.17500000000000012768 0.30140932927696717503 -2.6975223472790350598 -2.3592948823275952108 0.057940801713987501176 
0.20000000000000014988 0.22983334493611909388 -1.5858187744784286721 -2.3731562532893852868 0.033536224812760979941 
0.22500000000000017208 0.21057808007627978886 -2.1107264611569815926 -2.3819306346286088782 0.042417984064670476163 
0.25000000000000016653 0.26423720166445857638 -1.6790580373569974348 -2.3966408885508689863 0.060945770477789207309 
0.27500000000000018874 0.31099989448685261273 -0.05856940074056338208 -2.4122808269159223826 0.056023585756437954686 
0.30000000000000021094 0.36553342410851674682 0.21974034669857955837 -2.4248694933467072055 0.028488939087934872507 
0.32500000000000023315 0.32630188033359869282 0.69405570478030298442 -2.4333944471258375231 0.036503259784586100656 
0.35000000000000025535 0.30906906516779958372 -0.14394840145945708709 -2.4426099188462924161 0.034170394224207575884 
0.37500000000000027756 0.27814327737416927322 -1.6738946192940218349 -2.4503492118663618982 0.021694260698680391253 
0.40000000000000029976 0.22936004357817413313 -1.663236451525564652 -2.4556057551317538312 0.017598728582125213599 
0.42500000000000032196 0.28506601236723394521 -1.4982009822070880833 -2.461028316754474865 0.017967439490689060544 
0.45000000000000034417 0.31708104166659939471 -0.83797986157770321114 -2.4654993798808506611 0.021962093504586503029 
0.47500000000000036637 0.31368855227282749221 -0.41715110620991197043 -2.4718507405882714778 0.01899606224377483471 
0.50000000000000033307 0.34471294513401018467 -0.82584564409575000887 -2.4759559903338552722 0.014856542306406742351 
0.52500000000000035527 0.34398149397833499563 -0.83161701731334014553 -2.4798653551215297242 0.010935986838977916624 
0.55000000000000037748 0.34708961860384296427 -1.0294311616062545855 -2.4827970832599204343 0.013153005485138428293 
0.57500000000000039968 0.34568177065374811052 -1.3104911178957698858 -2.4858770818306679118 0.0094179464523792468661 
0.60000000000000042188 0.30560332689728658684 -1.2541644978196702098 -2.4891417869425214171 0.012133948615894622064 
0.62500000000000044409 0.29971165239285713078 -1.4631390623378419669 -2.4915813410990987897 0.0080052038142378531549 
0.65000000000000046629 0.30306869107263473273 -1.4285497296295925906 -2.4943400407378546468 0.012532749361420457077 
0.6750000000000004885 0.28274212715713425981 -1.2979957826536043797 -2.4985371917538090614 0.019707541712977682397 
0.7000000000000005107 0.27385820866529086981 -1.5370044803630791286 -2.5050330924121082532 0.022691034007013062557 
0.72500000000000053291 0.26054948611925227153 -1.7524792742172934368 -2.5089359395099095629 0.0088402992505642336712 
0.75000000000000055511 0.25877319520271707676 -1.9819188366691260494 -2.511404980022998501 0.008818756442645620322 
0.77500000000000057732 0.26083661878834535353 -2.1314713417207649115 -2.5134368176216490554 0.0067837541360741037202 
0.80000000000000059952 0.2474732069295651482 -1.8795772597082498478 -2.5153499821585527663 0.0074252872245233660781 
0.82500000000000062172 0.25904216469687590951 -1.5448339780637878604 -2.5178732071952674154 0.011762122450713261707 
0.85000000000000064393 0.28396343457912665009 -1.4722420107857736582 -2.5209478384579075971 0.0081332693545795916451 
0.87500000000000066613 0.28116226734605659354 -1.3527478632153204785 -2.5222702541883061933 0.0032333861312350826826 
0.90000000000000068834 0.27242479177224565579 -1.389691564999643969 -2.5233541135648605014 0.0054586366890546538302 
0.92500000000000071054 0.26614116264705539594 -1.57274959907595413 -2.5250111646549791011 0.0058261791526663777099 
0.95000000000000073275 0.26744416410165638975 -1.6959492355029266442 -2.5263880766450275139 0.0043016227711293207256 
0.97500000000000075495 0.27567207930117110237 -1.7413839502998191833 -2.5272692736791793067 0.0022546878707782836912 
1.0000000000000006661 0.27215296364727575851 -1.5423143809655359693 -2.527917314237950297 0.0026130262426415171856 
1.0249999999999979128 0.27070456152030758501 -1.4586341767477311038 -2.528675015167521245 0.0034089683164698590667 
1.0499999999999951594 0.27511480088598594396 -1.5873307707565917912 -2.5296327325953447129 0.0028121826306917014314 
1.0749999999999924061 0.2698817798975205462 -1.455003747427135119 -2.5302154686204829659 0.0018138939532112686136 
1.0999999999999896527 0.27043414565379747527 -1.3596810272773782735 -2.5306309208153128232 0.0012530016124320103848 
1.1249999999999868994 0.27592951174466834319 -1.5333454745493830806 -2.5309813418301265742 0.0015484865121324811309 
1.149999999999984146 0.27146120802612760947 -1.6300083597289627413 -2.5315026295074636309 0.001972537425973401419 
1.1749999999999813927 0.27077419296100280199 -1.6255735951061369704 -2.5319278998697822836 0.0011404999248681144987 
1.1999999999999786393 0.27391823030181411402 -1.5302110375914208529 -2.5321349187945512149 0.00055993932925601337062 
1.224999999999975886 0.27456510086711782836 -1.4145975850169940635 -2.5323510302966747432 0.0010517287114206973469 
1.2499999999999731326 0.27709219081218411374 -1.4568248919295281318 -2.5326633843114549904 0.0010819537965054220295 
1.2749999999999703792 0.27439687156186914896 -1.5012206285582110343 -2.5328814855949093321 0.00058498862796937652151 
1.2999999999999676259 0.26923095814845365847 -1.5451529431768391554 -2.5330138001344981724 0.00041842803354419610658 
1.3249999999999648725 0.26999952314964231759 -1.6192819164629692619 -2.5331517893138424391 0.00060432496261870593396 
1.3499999999999621192 0.27174233480342840918 -1.5410103550809108874 -2.5333177123532881758 0.00058234360887453979431 
1.3749999999999593658 0.27592090006862390883 -1.4729894713949240881 -2.5334453407715726847 0.00034477302794187671825 
1.3999999999999566125 0.27822846961687996981 -1.5252679112753924073 -2.5335299372866146861 0.00030200454375204678365 
1.4249999999999538591 0.27276849995927821002 -1.5294074523250560382 -2.5336109009989282725 0.00030428863009215070768 
1.4499999999999511058 0.27102089024079756285 -1.5154033309914429761 -2.5337013129299350567 0.00034907588279635111753 
1.4749999999999483524 0.27339956330147846542 -1.5085608375489374389 -2.5337814915191878562 0.00021406454582645345489 
1.4999999999999455991 0.2729618394472858034 -1.4891059237991917108 -2.5338262182170576686 0.00013641094817902274104 
1.5249999999999428457 0.27379719258450785357 -1.5168683376348532921 -2.5338678878026126284 0.00020055117574630017415 
1.5499999999999400924 0.27422534144976717929 -1.5465646399786807663 -2.5339303460199729123 0.00021162937537216330061 
1.574999999999937339 0.27338133476489839824 -1.5495851435633367643 -2.5339717851553507089 0.0001026512250133900043 
1.5999999999999345857 0.27460857134518523726 -1.5516401895990294957 -2.5339955582559827718 8.9177086745557883904e-005 
1.6249999999999318323 0.27405312370077439255 -1.5136089554990437289 -2.5340263530052027363 0.00013232965566571007953 
1.649999999999929079 0.27295905403128517541 -1.4777496231725324449 -2.5340594383228469688 0.00010237229987608091857 
1.6749999999999263256 0.27394826006198375046 -1.5054379237079000831 -2.5340814680396648306 6.0498175403950413547e-005 
1.6999999999999235722 0.2729731609128770442 -1.5243897323353214901 -2.5340968191283947952 6.007510826367627976e-005 
1.7249999999999208189 0.2723666082729710447 -1.5175997583408187275 -2.534114500939032677 6.8407143282800972426e-005 
1.7499999999999180655 0.27397350737004094734 -1.5282146505193565655 -2.5341332854587523826 6.6637537767015792619e-005 
1.7749999999999153122 0.27428872606744564289 -1.5330148841573019158 -2.5341476410330665558 3.4250178901579977767e-005 
1.7999999999999125588 0.27467319207532009395 -1.5338104268530980967 -2.5341551870763785459 3.0258049742307702553e-005 
1.8249999999999098055 0.27466093749727887863 -1.5294697065459312846 -2.5341650378414848355 4.1730658037598330763e-005 
1.8499999999999070521 0.27313967273367428801 -1.5085009133328952657 -2.534177037368883223 4.1056352776469421696e-005 
1.8749999999999042988 0.27325624339082760228 -1.5078174450246872862 -2.5341854658673672596 1.9754602297038910896e-005 
1.8999999999999015454 0.27353717433267044079 -1.5102240538762619071 -2.5341891541601233584 1.4096136622048826886e-005 
1.9249999999998987921 0.27284010574975164909 -1.5057067885815631492 -2.5341946901817888893 2.5160749467284619494e-005 
1.9499999999998960387 0.27363794491539600306 -1.5286185816299249218 -2.5342021883474474819 2.6002645803140743945e-005 
1.9749999999998932854 0.2742250084806763244 -1.5402462846579041411 -2.5342068505771888631 8.9510004772152110318e-006 
1.999999999999890532 0.27394871326871805817 -1.5275424116462705815 -2.534208791633789204 9.6087022262033999629e-006 
2.0249999999998880007 0.27425083456963644801 -1.523308976914853119 -2.5342127483745544581 1.5991814491502448172e-005 
2.0499999999998852473 0.27391589235943386571 -1.5143704447485295539 -2.534216436046496046 1.1456143443180585341e-005 
2.074999999999882494 0.27353477107706858362 -1.5074399872255341837 -2.5342189415103431038 7.3553133199972214643e-006 
2.0999999999998797406 0.27365124240890392748 -1.5140767434577659944 -2.5342208241779653477 6.8340668439568537661e-006 
2.1249999999998769873 0.27317897062470869463 -1.5201140017240406532 -2.5342227527032790135 6.6496730385359091386e-006 
2.1499999999998742339 0.27343131772514367439 -1.5272848622656503004 -2.5342245246681827098 7.6698452846332352395e-006 
2.1749999999998714806 0.27420952603761217237 -1.5278333131814412216 -2.5342265153464742511 5.0752252486629187146e-006 
2.1999999999998687272 0.27389929659563966302 -1.5193432615520938711 -2.5342274726283959829 3.1709853529226806343e-006 
2.2249999999998659739 0.27366546010920983489 -1.5185684057805941549 -2.5342284082521180366 3.7274239034030945934e-006 
2.2499999999998632205 0.27385556249462361667 -1.5197838420269018656 -2.5342295802801055871 4.8797005615028392797e-006 
2.2749999999998604672 0.27378896655188167397 -1.5178140128991000068 -2.5342307056722006564 2.6560485088589488525e-006 
2.2999999999998577138 0.27382034114769504551 -1.5199792342313909188 -2.5342312676022400453 2.1441385367948455179e-006 
2.3249999999998549605 0.27359452429549063757 -1.5194589132067757298 -2.5342318364808482656 2.0298155628885015051e-006 
2.3499999999998522071 0.27337768439330345505 -1.5177825865388694382 -2.5342324761476682227 2.5679711270163593797e-006 
2.3749999999998494538 0.27376754728692109797 -1.523168756708853433 -2.5342330877108394382 1.7350451943262579787e-006 
2.3999999999998467004 0.27390396514330073163 -1.5245026759635911251 -2.5342334862684228192 1.4098548981867374341e-006 
2.4249999999998439471 0.2738206607989133734 -1.5194781727831336848 -2.5342338238341599599 1.0197075292679288561e-006 
2.4499999999998411937 0.27398312002529451314 -1.5182583362618644607 -2.5342341489810924493 1.4507979218714473188e-006 
2.4749999999998384403 0.27380571249951629609 -1.5184822853974140333 -2.5342345123528926543 1.0608650954181261588e-006 
2.499999999999835687 0.27350731163286506886 -1.519195049098532424 -2.5342347549612145308 8.0418511694529434917e-007 
2.5249999999998329336 0.27353409214419210915 -1.5209548052632713144 -2.5342349432855804103 6.0596812768447980825e-007 
2.5499999999998301803 0.27365336661360484261 -1.5210311921965007365 -2.5342351404393377301 8.469540018364240766e-007 
2.5749999999998274269 0.27384921430408964982 -1.5219682587266687435 -2.5342353487191666694 6.1654044950435626716e-007 
2.5999999999998246736 0.27388808494489630396 -1.520775786268645291 -2.5342354845465138169 4.1387167792424247014e-007 
2.6249999999998219202 0.27371631935228268873 -1.5177646663609842825 -2.5342355887271659221 4.0314206435105382897e-007 
2.6499999999998191669 0.27376572203791482707 -1.5197998691383691749 -2.5342357188926523115 4.991720923925254514e-007 
2.6749999999998164135 0.27384420193801350951 -1.521375284601996114 -2.5342358308968999658 3.1648973517888042994e-007 
2.6999999999998136602 0.2737384074676479373 -1.5195704278623760608 -2.5342359032249031081 2.5754076109880689259e-007 
2.7249999999998109068 0.27367538513543482326 -1.5195104186166761284 -2.5342359780240322209 2.684053460071644807e-007 
2.7499999999998081535 0.27362967084318012834 -1.5201492800312479403 -2.5342360460087562934 2.2906161388261070244e-007 
2.7749999999998054001 0.27364443880481731375 -1.5210038670130079375 -2.5342361042263119586 2.1413580548840723088e-007 
2.7999999999998026468 0.27376616849616969285 -1.521670002310298031 -2.5342361575341612046 1.6196076076801793516e-007 
2.8249999999997998934 0.27381004343227977049 -1.5203129614332984154 -2.5342361971582296754 1.3249703644283083331e-007 
2.84999999999979714 0.27382447700399537016 -1.519238127050958731 -2.5342362324081171288 1.4262213821253884635e-007 
2.8749999999997943867 0.27382855155200747088 -1.5190046976789890465 -2.5342362728418601492 1.3510509683066458674e-007 
2.8999999999997916333 0.2737332079457194256 -1.5190897425470877291 -2.5342362998622309789 6.736532009371697347e-008 
2.92499999999978888 0.27367333092897089264 -1.5205952999063421238 -2.5342363204815385735 9.3292363804602147742e-008 
2.9499999999997861266 0.27367908772211957391 -1.5216148137354554848 -2.5342363462016845865 9.4095078064028770508e-008 
2.9749999999997833733 0.27369087533610814145 -1.520984529684859643 -2.5342363684065047913 5.6670274631720830071e-008 
2.9999999999997806199 0.27374343603695577842 -1.520428634897371456 -2.5342363809636974104 4.8224817191903679914e-008 
3.0249999999997778666 0.27377535902844463145 -1.5198717032238260316 -2.5342363956232603073 5.8136208633353916372e-008 
3.0499999999997751132 0.27377806789259401254 -1.5191866622407994569 -2.5342364102987033903 4.7081126107806638148e-008 
3.0749999999997723599 0.27379087766977228124 -1.5194101339609740187 -2.5342364219793722668 3.6413603092555879298e-008 
3.0999999999997696065 0.27375506162857282666 -1.5200419722065063866 -2.534236430402292406 3.0254059751975690266e-008 
3.1249999999997668532 0.27370918712904762637 -1.5206478144926940388 -2.5342364389774023614 3.1729245306841431718e-008 
3.1499999999997640998 0.27370096108839592208 -1.5210553144027230132 -2.5342364467585052346 2.3879586697493346642e-008 
3.1749999999997613465 0.27370077668561726414 -1.5206209468393172557 -2.5342364533623680245 2.5485363011436310771e-008 
3.1999999999997585931 0.2737400536236668791 -1.5201752887323134455 -2.534236459227693139 1.8126746832029306303e-008 
3.2249999999997558398 0.27378486991543943274 -1.5199327708516516822 -2.5342364638456871262 1.4599172615051971675e-008 
3.2499999999997530864 0.27377588771079947039 -1.5194248765794897693 -2.5342364676495470199 1.5584036306864602274e-008 
3.274999999999750333 0.2737557913066840376 -1.5197017631346501076 -2.5342364723827857098 1.688772105010001937e-008 
3.2999999999997475797 0.2737292101724022042 -1.5204009699325098381 -2.5342364755863910908 7.4637796054811774195e-009 
3.3249999999997448263 0.27370498489205258297 -1.5205334980951272783 -2.5342364777945891596 9.2637071912956615366e-009 
3.349999999999742073 0.27372263226665988212 -1.5206035905548702658 -2.5342364804211547913 1.012678041192146076e-008 
3.3749999999997393196 0.27374338121758157172 -1.5204651320544084747 -2.5342364831155772542 8.7572919029954516217e-009 
3.3999999999997365663 0.27375208763374092591 -1.5200960264085994211 -2.5342364849196101773 5.0070789044673734653e-009 
3.4249999999997338129 0.27376132656877527616 -1.5199106891959039967 -2.5342364862937505343 5.1137627753197379646e-009 
3.4499999999997310596 0.27375028940182166703 -1.5197734523701673659 -2.5342364876233847149 5.1171517283014502781e-009 
3.4749999999997283062 0.27374182617508863169 -1.5199848216371356635 -2.5342364892208295579 5.9947962140745116723e-009 
3.4999999999997255529 0.27374159068711906295 -1.5203787119884437651 -2.5342364904796519376 3.1628355240871313644e-009 
3.5249999999997227995 0.27372621292402399273 -1.5204111589681557071 -2.5342364911638761704 2.2068955035958216539e-009 
3.5499999999997200462 0.27372580453563433167 -1.5203890192767901546 -2.5342364918270239293 2.9916453712024562811e-009 
3.5749999999997172928 0.27374156244234276736 -1.5203040292880189988 -2.5342364928340548325 3.9418408610520250662e-009 
3.5999999999997145395 0.27374783308621652989 -1.5200279729379939653 -2.5342364936042525159 1.5408499140128048576e-009 
3.6249999999997117861 0.27375394123828944437 -1.5199768642734408086 -2.534236493947095159 1.3578504930662441018e-009 
3.6499999999997090327 0.27374970587215408102 -1.5201069416035659643 -2.5342364943618487239 1.8491477517370826733e-009 
3.6749999999997062794 0.27373621277789911277 -1.5201826112672689462 -2.5342364949478644043 2.0328201279209621566e-009 
3.699999999999703526 0.27373664600232050503 -1.5202628793185197775 -2.5342364953339679978 9.6880068872433423662e-010 
3.7249999999997007727 0.27373724840726049168 -1.5202520235128924586 -2.5342364956053731184 9.9952566506199220763e-010 
3.7499999999996980193 0.27373652641991835788 -1.5201885954442946325 -2.5342364958338299274 8.8255471721153171312e-010 
3.774999999999695266 0.2737452019819781035 -1.5202278535466344778 -2.5342364961372108034 1.1063521343139369255e-009 
3.7999999999996925126 0.27374596260065131581 -1.5202040882432119595 -2.534236496385955828 7.9016855660796471266e-010 
3.8249999999996897593 0.27374172430125653932 -1.5201099092741974239 -2.5342364965535373322 4.3477918637062448246e-010 
3.8499999999996870059 0.27374261555910500698 -1.5201051717004245845 -2.5342364966665482662 4.9562598572335153298e-010 
3.8749999999996842526 0.27374051854610664813 -1.5201418619355071549 -2.5342364968433961359 7.0544384987422096637e-010 
3.8999999999996814992 0.27374010906084395023 -1.5202280553931362128 -2.534236497001006061 4.5089904057902423483e-010 
3.9249999999996787459 0.27374020410351612709 -1.5202770074321794169 -2.5342364970878734631 2.157722284343974548e-010 
3.9499999999996759925 0.27373700723515387301 -1.5201935868348814829 -2.5342364971580471078 3.2310381664779572412e-010 
3.9749999999996732392 0.2737419416780123016 -1.5201690648927947969 -2.5342364972603825812 4.0468044541527854019e-010 
3.9999999999996704858 0.2737475332906190717 -1.5201788634005704015 -2.5342364973483717527 2.2571199104409847911e-010 
4.0249999999996788347 0.27374402659862789866 -1.5201284743882188533 -2.5342364973967508313 1.512125862230399146e-010 
4.0499999999996871836 0.27374129879912156849 -1.5201509732644367112 -2.534236497446435088 2.185963988124437452e-010 
4.0749999999996955324 0.27373959758546889676 -1.5201958871654932537 -2.5342364975038425001 1.9394350508124576234e-010 
4.0999999999997038813 0.27373779346647736377 -1.5201994105710969762 -2.5342364975465492272 1.1710750420710472897e-010 
4.1249999999997122302 0.27373995997302863481 -1.5202123810002969861 -2.5342364975798474802 1.3391861061818267766e-010 
4.1499999999997205791 0.27374123342760042776 -1.5201999292578736167 -2.5342364976123277209 1.0203512985181685895e-010 
4.1749999999997289279 0.2737421771701114559 -1.5201877392844629355 -2.534236497639104968 1.0334631543487112633e-010 
4.1999999999997372768 0.27374444813058768089 -1.5201822743802684279 -2.5342364976681848177 9.5776805762298143782e-011 
4.2249999999997456257 0.27374286000531267149 -1.5201469362486912384 -2.5342364976878126726 5.38712280419749071e-011 
4.2499999999997539746 0.27374089356776648563 -1.5201484464848735723 -2.534236497701892965 6.0008959525709708977e-011 
4.2749999999997623235 0.27374140028048732365 -1.5201832082048973849 -2.5342364977215652289 7.5256438597711022791e-011 
4.2999999999997706723 0.2737406404209742905 -1.5201949405233015078 -2.5342364977388029956 4.635157704142621903e-011 
4.3249999999997790212 0.27374012359506944003 -1.5202067553308495906 -2.5342364977475146937 2.8316702525660278485e-011 
4.3499999999997873701 0.27374041248368868873 -1.5202088387371164302 -2.5342364977573770268 4.0656546552668022694e-011 
4.374999999999795719 0.27374064356837851664 -1.5201847506643171304 -2.5342364977684463945 4.1054115576334440873e-011 
4.3999999999998040678 0.273742454135659119 -1.5201700001311437838 -2.5342364977782096958 2.5984858735866312723e-011 
4.4249999999998124167 0.27374331849385469262 -1.5201646190156292704 -2.534236497783522335 1.9057882390243881824e-011 
4.4499999999998207656 0.27374216339269730192 -1.5201625648753125386 -2.5342364977892337663 2.1222494305132352813e-011 
4.4749999999998291145 0.27374156137630417662 -1.5201781464813191036 -2.5342364977954905392 2.5070808954455760719e-011 
4.4999999999998374633 0.27374074477283905082 -1.5201918535314762337 -2.5342364978013662835 1.5136438305579327882e-011 
4.5249999999998458122 0.2737400818834589411 -1.5201975762024408922 -2.5342364978043847579 1.0240951399858001098e-011 
4.5499999999998541611 0.2737408955137505262 -1.5201995219435906481 -2.5342364978074041204 1.2013901592121354321e-011 
4.57499999999986251 0.27374150437026106841 -1.5201822404894587137 -2.5342364978113165463 1.5890058466134496476e-011 
4.5999999999998708589 0.27374179044990637477 -1.5201700199834877747 -2.5342364978149021226 8.8573867752270096235e-012 
4.6249999999998792077 0.27374215195576978576 -1.5201760018046335254 -2.5342364978163756106 4.3401508003568301837e-012 
4.6499999999998875566 0.27374183396035045579 -1.5201765590710110132 -2.5342364978180471624 7.6478455013049511265e-012 
4.6749999999998959055 0.27374153688992619582 -1.5201806710888612351 -2.5342364978205149662 9.9527017738690728556e-012 
4.6999999999999042544 0.27374128059695479465 -1.5201879915300651192 -2.5342364978225830896 4.436309726641054794e-012 
4.7249999999999126032 0.27374077905435728608 -1.5201864152571713529 -2.5342364978233322681 2.5129617561868663198e-012 
4.7499999999999209521 0.27374091361772640019 -1.520186170805453596 -2.5342364978244242835 5.0138736965153054123e-012 
4.774999999999929301 0.27374136347701416572 -1.5201834239555909178 -2.5342364978257889696 5.0370976922251649346e-012 
4.7999999999999376499 0.27374170585909812781 -1.5201793916915267157 -2.5342364978268978604 2.6950973212785392311e-012 
4.8249999999999459988 0.27374201013401422422 -1.5201808018263531785 -2.5342364978274911635 2.1193587544698999077e-012 
4.8499999999999543476 0.2737417077129533638 -1.5201795300374858488 -2.5342364978281102239 2.3045352221356115333e-012 
4.8749999999999626965 0.27374126860867792344 -1.5201814296064566356 -2.534236497828763035 2.8383933224740827155e-012 
4.8999999999999710454 0.27374127879396187302 -1.520186327496056311 -2.534236497829524204 2.0395124329080920706e-012 
4.9249999999999793943 0.27374121985228266896 -1.5201834471220823097 -2.5342364978298799194 9.7565309864291343153e-013 
4.9499999999999877431 0.27374118035479899635 -1.5201811518662702305 -2.5342364978301388234 1.1453789505708603551e-012 
4.974999999999996092 0.27374132814170260009 -1.5201828828835717289 -2.5342364978305913503 1.9923620774390197768e-012 
