0.025000000000000015266 0.59578478769143938809 0.0004855121707169757217 -2.2459074188279286588 0.040202321493278021791 
0.05000000000000003747 0.57158087137917434895 0.017036409839674263034 -2.2547924647945691845 0.057342908740806122769 
0.075000000000000052736 0.43229000074868584313 -0.0070054242822532031276 -2.277975508460533316 0.091990700032330771641 
0.10000000000000007494 0.39598117297424206829 -0.053524294863047883197 -2.3170620329604512122 0.10690258806377354872 
0.12500000000000008327 0.23367891390522047002 -0.41071738840291160955 -2.3425406763346416916 0.055268804890733790047 
0.15000000000000010547 0.22609183381418265779 -1.9721276519168773333 -2.3580943688828628346 0.048262255269580521533 
0.17500000000000012768 0.30243987275276051907 -2.5050825188906116203 -2.3740207270835740339 0.050117588585103262089 
0.20000000000000014988 0.24248978949149599393 -1.4974116070814575963 -2.3882226704721447597 0.027945771162160532725 
0.22500000000000017208 0.22667128987537352169 -1.8916125876905138803 -2.3966145220622121492 0.032063125973263981172 
0.25000000000000016653 0.26313032325622676133 -1.4067508894714417789 -2.4098935123288280913 0.044479057456588436126 
0.27500000000000018874 0.28877067392533545265 -0.06261873326031464071 -2.4220765161780302144 0.030562161637839344724 
0.30000000000000021094 0.33171353926710089866 -0.090336350630103701143 -2.4312344248801291968 0.024964696398668322075 
0.32500000000000023315 0.34481106649261505925 0.017876591850329415223 -2.441911273375197311 0.038369297383730259499 
0.35000000000000025535 0.36861764634352894854 -0.54964108950802259557 -2.4523074188176678945 0.027921925440495019149 
0.37500000000000027756 0.31833089077758797147 -1.629248331168759556 -2.4615429185464714479 0.025629974974605843757 
0.40000000000000029976 0.24174301052077093455 -1.7084128087422203457 -2.4681360509067467035 0.014953787123389666175 
0.42500000000000032196 0.28358818438382576987 -1.80197629913389612 -2.4731647115753481181 0.014324736852665579875 
0.45000000000000034417 0.3200754781301746732 -1.1439269793963215971 -2.4780104480021267754 0.018094523133327974906 
0.47500000000000036637 0.3314215468728157199 -0.50912717771138238376 -2.4828696207132914253 0.010789710662487515466 
0.50000000000000033307 0.36451719581825142713 -1.0031486733381378418 -2.4872631153819648731 0.014078658455746181216 
0.52500000000000035527 0.33054103055057021399 -1.1915851912577237748 -2.4920411932691965973 0.01827108876073136462 
0.55000000000000037748 0.26636536190736448404 -1.4648777179008418692 -2.4997438588233773515 0.027226739808735259118 
0.57500000000000039968 0.23164608280597989709 -1.9440307282831086333 -2.5069336351908630967 0.01261567364957070711 
0.60000000000000042188 0.22644660978778446969 -2.0160095500982824213 -2.5094194126070621387 0.0073527925143342725764 
0.62500000000000044409 0.24831746742402968642 -1.9986405083187634979 -2.5124900951963349272 0.01001586944075547915 
0.65000000000000046629 0.27162009850413404433 -1.8457415176302158777 -2.5160574442615404323 0.010976897063884480388 
0.6750000000000004885 0.26900378652062723051 -1.3973154419414577365 -2.518712003532096233 0.0054510685152911585866 
0.7000000000000005107 0.28085414633470651147 -1.3479402586558792976 -2.5211288180168511808 0.0090084852181870987003 
0.72500000000000053291 0.29095316189539160989 -1.3690374694271820744 -2.5232712340060228229 0.0047818080400487735643 
0.75000000000000055511 0.26887559725889403905 -1.282868803582845274 -2.5249137087180582029 0.003975401686815287737 
0.77500000000000057732 0.26313151066384454779 -1.5645442512766389864 -2.5260628464163277229 0.0044468081604479760965 
0.80000000000000059952 0.26845169714450395348 -1.7773394056534521646 -2.5274471995696159432 0.0029918201821254159466 
0.82500000000000062172 0.26946373222158875871 -1.5872273682617552559 -2.5284687550981352899 0.0037223775845531049435 
0.85000000000000064393 0.27497276279117832676 -1.4262717962080420087 -2.5294553997711313187 0.0021385388879916443494 
0.87500000000000066613 0.27161394409432787489 -1.4137016049792112682 -2.5301298109529199998 0.0016788770744907452297 
0.90000000000000068834 0.26798097249587132795 -1.4426151238189701687 -2.5305707272810642472 0.0016895707398057672587 
0.92500000000000071054 0.27285448362209091533 -1.5445052478750880276 -2.531261220038393045 0.0019165463493533961298 
0.95000000000000073275 0.27180025951610076174 -1.617441766800088665 -2.5317525599272627801 0.0013244798485915506951 
0.97500000000000075495 0.27229983614149111393 -1.6464959724357932647 -2.5321014049015806435 0.00073878366602998226872 
1.0000000000000006661 0.27677562474601230535 -1.5762028354776975725 -2.5323982002711864503 0.0010878921595168747783 
1.0249999999999979128 0.27244229625187366128 -1.4215132242808929952 -2.5326682890896661249 0.00062828127550045888283 
1.0499999999999951594 0.27182169461899180485 -1.4488211610122594397 -2.5329257285215969198 0.0008036870358113720747 
1.0749999999999924061 0.27671157039253013732 -1.5064621729760052649 -2.5331274547116997553 0.00056693344561943072053 
1.0999999999999896527 0.27661352400623917536 -1.4572459526381615902 -2.533304054743163114 0.00037740595389152542917 
1.1249999999999868994 0.27465041004672047231 -1.5352901347880218985 -2.5334206079373955411 0.00044293016363246523297 
1.149999999999984146 0.26980936849768372143 -1.5979267455151267008 -2.5335597741991904286 0.00033587342470028149497 
1.1749999999999813927 0.2671060391412933277 -1.5437113220154770055 -2.5336573843336105405 0.00029760980492355256421 
1.1999999999999786393 0.27102426318855826759 -1.5395726835090079998 -2.5337439794373510793 0.00021448276652858523162 
1.224999999999975886 0.27492672767985371074 -1.5447046272520892352 -2.5338214069406728157 0.00024900191412185042296 
1.2499999999999731326 0.27809588798999501646 -1.515957647404568398 -2.5338855052567228476 0.00016352333736921730598 
1.2749999999999703792 0.27846227980356436094 -1.4762477496148826983 -2.533939118122858325 0.00014535282463991146457 
1.2999999999999676259 0.27346767667857424522 -1.4664910363411973737 -2.5339819669545775582 0.00011826437105918097183 
1.3249999999999648725 0.27100213602556705306 -1.5256675925883995681 -2.5340173930489959808 0.0001099965434061497035 
1.3499999999999621192 0.27231818502741789167 -1.5447722769441913915 -2.5340546273932296195 0.00010548282222468925793 
1.3749999999999593658 0.27280394751420977695 -1.5208092533247805633 -2.5340844748336657233 7.4291627790406029202e-005 
1.3999999999999566125 0.27371877145878026338 -1.542580144335860437 -2.5341042881992934532 5.2421515076925269503e-005 
1.4249999999999538591 0.27426749446209180983 -1.5411448058743166811 -2.5341233294793061859 6.7678374510532189894e-005 
1.4499999999999511058 0.27366105161053250194 -1.5090606604807725866 -2.5341429100038674882 4.0273255913162161004e-005 
1.4749999999999483524 0.27381709670339676732 -1.5185308995506447971 -2.5341551938449144998 4.3136122808121841413e-005 
1.4999999999999455991 0.27381963884402171772 -1.5246884917392256042 -2.5341685069940576014 3.7304924708330720949e-005 
1.5249999999999428457 0.27406010758790128046 -1.4981936216731361888 -2.5341804383572368309 2.9190621847081125252e-005 
1.5499999999999400924 0.27449421274086915901 -1.4991183065858573187 -2.5341865545193504872 1.5797952725773135797e-005 
1.574999999999937339 0.27333947796043273071 -1.5285655004616844899 -2.5341941795291305084 2.6342514913821304305e-005 
1.5999999999999345857 0.27280885127303899917 -1.5383378359124320056 -2.5342015601608331998 2.034696423119375849e-005 
1.6249999999999318323 0.27361335158714522597 -1.5285071936704648365 -2.5342069530084838647 1.0372629997714655973e-005 
1.649999999999929079 0.27391159763544831174 -1.5218633875306657455 -2.5342107478309916502 1.5640689603563589995e-005 
1.6749999999999263256 0.27438133515792217931 -1.5225297561626014442 -2.534215193037399505 9.4116225311436613556e-006 
1.6999999999999235722 0.27432310508312057751 -1.5132475143161940867 -2.5342182118123552925 9.10679097697612932e-006 
1.7249999999999208189 0.27315443008792666957 -1.5046728339243615746 -2.5342206590052382964 7.5926573991815804679e-006 
1.7499999999999180655 0.27297931128474223206 -1.523083526463596904 -2.534223553408185392 7.402499938922191291e-006 
1.7749999999999153122 0.27355950358962871638 -1.5315239607736568228 -2.5342252864579712934 5.4749974494452052299e-006 
1.7999999999999125588 0.2738729139180664518 -1.5168868380720696987 -2.5342271068130810541 4.1332252743745813379e-006 
1.8249999999999098055 0.27416655485871682663 -1.5200566167515161542 -2.5342284601047242454 4.6713645331023180408e-006 
1.8499999999999070521 0.27399753959529432601 -1.5253918366273873097 -2.5342296016256207203 2.4805288674159910199e-006 
1.8749999999999042988 0.27382357570927823298 -1.5165690099442836747 -2.5342307104094370374 3.8053810231908122812e-006 
1.8999999999999015454 0.27389774584135778701 -1.5157948721364424838 -2.5342315790408194154 2.0231739871884078025e-006 
1.9249999999998987921 0.27351021276330400589 -1.5203006591356622579 -2.5342323913686475301 2.2705120094918690172e-006 
1.9499999999998960387 0.27342829285582731513 -1.5219855825814239125 -2.5342329878772540397 1.9685877793265201013e-006 
1.9749999999998932854 0.27375177302896969156 -1.5215165461986801532 -2.534233499865947703 7.4713136695384726871e-007 
1.999999999999890532 0.27360422077035917443 -1.5209640148484695477 -2.5342338506949730892 1.7173004613391457816e-006 
2.0249999999998880007 0.27362843771137873583 -1.5224564779386025037 -2.5342343743495212571 1.2787406270565307926e-006 
2.0499999999998852473 0.27396069480146600927 -1.5188564204543368863 -2.5342347438257659675 8.5691589885493647505e-007 
2.074999999999882494 0.27392774614311371506 -1.5156945410501658777 -2.5342349181081846865 4.9305631074034481072e-007 
2.0999999999998797406 0.27380939549068034067 -1.5205880414191272898 -2.5342351582340900684 7.4443518597383257973e-007 
2.1249999999998769873 0.27375569463477883447 -1.5221057318386144175 -2.5342353607855749864 6.6822466094362053833e-007 
2.1499999999998742339 0.27370894372514315007 -1.5195316062789288036 -2.53423557414186984 4.7563097109398064131e-007 
2.1749999999998714806 0.27372963495750252116 -1.5212807518726416678 -2.5342357084774875808 3.7984468834889197505e-007 
2.1999999999998687272 0.27359803399231685805 -1.5218147832872577219 -2.534235801790376108 2.620896243860179534e-007 
2.2249999999998659739 0.27357957439759339469 -1.5187644532511259676 -2.5342359109527214933 3.4626997909114171754e-007 
2.2499999999998632205 0.27382308938284433131 -1.5189195604012786234 -2.5342360110123207662 2.6915856883215825749e-007 
2.2749999999998604672 0.27383925683684379182 -1.520741663597576343 -2.5342360862601416294 1.8019601475480530552e-007 
2.2999999999998577138 0.27375073225453649961 -1.520301845107953298 -2.5342361412449054825 1.8224351240916239243e-007 
2.3249999999998549605 0.2738035426213996093 -1.5200794706292399816 -2.5342361959605228527 1.3514757241291516424e-007 
2.3499999999998522071 0.27374772112729683915 -1.5206314073237621187 -2.5342362443480941359 1.5557289804770488243e-007 
2.3749999999998494538 0.27367902830277868187 -1.520464651521613364 -2.5342362842062788886 9.7805349761822481677e-008 
2.3999999999998467004 0.27373051117066254934 -1.5195394654497957898 -2.5342363143859523156 7.4788873657997690846e-008 
2.4249999999998439471 0.27375448146008296568 -1.5193877805699396166 -2.5342363383059316462 8.6346931952654461817e-008 
2.4499999999998411937 0.27375275199391962966 -1.5210245406004960778 -2.5342363677837695946 7.9766163104445353071e-008 
2.4749999999998384403 0.27372187481138127163 -1.5209922337842689544 -2.5342363884683059005 4.9487403683568271872e-008 
2.499999999999835687 0.27369659747399899263 -1.5193778510607058863 -2.534236401843549924 3.5473565051222558089e-008 
2.5249999999998329336 0.2737619352747668322 -1.5200468930611401586 -2.5342364161331518702 4.9422123236971555806e-008 
2.5499999999998301803 0.27378917342301734017 -1.5206294230301127257 -2.5342364298528852196 3.4690945904305472153e-008 
2.5749999999998274269 0.27375057863120372259 -1.5198221495086619015 -2.5342364398577506002 2.5277976930395844165e-008 
2.5999999999998246736 0.27373903408615762878 -1.5201156264323394396 -2.5342364487390121042 3.112317734108163935e-008 
2.6249999999998219202 0.27371037731173186724 -1.5205483138869122506 -2.5342364571635678239 1.5764494686310543295e-008 
2.6499999999998191669 0.27370121238282801857 -1.5202016668417592804 -2.5342364616019725787 1.5974132553069587549e-008 
2.6749999999998164135 0.27375390429718843288 -1.5199169267032051067 -2.5342364671089607775 1.7081202540130521093e-008 
2.6999999999998136602 0.27377811007444025071 -1.5200033810027662184 -2.5342364731168434133 1.5710827109613672086e-008 
2.7249999999998109068 0.27376869924814317692 -1.5203278690491166536 -2.5342364761712303789 7.2578524675458156691e-009 
2.7499999999998081535 0.27375005791141115985 -1.5202286071972610504 -2.5342364795966783042 1.056429347187869682e-008 
2.7749999999998054001 0.27371391187507576603 -1.5201068578325465097 -2.5342364821401521802 7.1251827177418632223e-009 
2.7999999999998026468 0.27370699794385350279 -1.5204697959654374095 -2.534236484554649671 5.9951690124299390264e-009 
2.8249999999997998934 0.27373046983094379003 -1.5203861005380696625 -2.534236486572464031 7.4995952705647921547e-009 
2.84999999999979714 0.27374998769756797579 -1.519953767040517878 -2.5342364885004591279 3.3546030603903679962e-009 
2.8749999999997943867 0.27376474141238593685 -1.5200016970632215241 -2.5342364897693214765 4.6117266576937085421e-009 
2.8999999999997916333 0.27375732220934756445 -1.5200981276446878798 -2.5342364909674719442 3.104312235375695647e-009 
2.92499999999978888 0.27373774495104896687 -1.5200010038550755276 -2.5342364920237634429 2.7479051568918148991e-009 
2.9499999999997861266 0.27373596672004157915 -1.5202150843876063302 -2.5342364928290086468 2.8135621932747828022e-009 
2.9749999999997833733 0.27373820569995716001 -1.5205022728958295097 -2.5342364937543404579 2.0394194203043522928e-009 
2.9999999999997806199 0.27373811142157133958 -1.5204112282386139654 -2.5342364942726360866 1.732056184766753862e-009 
3.0249999999997778666 0.27373836207226265316 -1.5201702662680627309 -2.5342364948006954606 1.3784190462550770778e-009 
3.0499999999997751132 0.27373493781909646883 -1.5200230935338712168 -2.5342364953327241039 1.523443435384181309e-009 
3.0749999999997723599 0.27374172764090060062 -1.5200313357950854254 -2.5342364956359588746 7.7783998684386397064e-010 
3.0999999999997696065 0.27375106273783522681 -1.520095189168069183 -2.534236495972411074 9.9738130730150064751e-010 
3.1249999999997668532 0.2737461851001761759 -1.5201330755855488874 -2.5342364962876069434 1.0267555952385787418e-009 
3.1499999999997640998 0.27374102007510647816 -1.5202768861524584842 -2.5342364965518311415 4.7495128499712423933e-010 
3.1749999999997613465 0.27373939052884455059 -1.5203295054738066305 -2.5342364966970380991 5.3325169512827089411e-010 
3.1999999999997585931 0.27373634272606567341 -1.5202083786933839882 -2.5342364968572828055 4.3106176620401500614e-010 
3.2249999999997558398 0.27373881573374819753 -1.5201870740980130137 -2.5342364970318236317 5.3549753216783392129e-010 
3.2499999999997530864 0.27374360411974546503 -1.5201629882464637866 -2.5342364971563471343 3.3236522770810158112e-010 
3.274999999999750333 0.27374535771639185722 -1.520100873636691885 -2.5342364972615096796 2.2442050245147655275e-010 
3.2999999999997475797 0.27374376762587615541 -1.5201504006303676597 -2.5342364973307356379 2.5717461319778456749e-010 
3.3249999999997448263 0.27373929178222494718 -1.5201887782544865058 -2.5342364974121305288 2.1630478839009363686e-010 
3.349999999999742073 0.27373891689190088528 -1.5201915303010598013 -2.5342364974816224965 1.9718825889741823309e-010 
3.3749999999997393196 0.27374094919137548221 -1.5202093378134811097 -2.5342364975318263376 1.2962816110426173537e-010 
3.3999999999997365663 0.27374004444316324403 -1.5202041962747796511 -2.5342364975787621262 1.3513598989485038706e-010 
3.4249999999997338129 0.27374193566520532706 -1.5201935149211993625 -2.5342364976158422429 1.1010897053886689557e-010 
3.4499999999997310596 0.27374452467388304955 -1.5201679727260339892 -2.5342364976494322626 8.3287684510664873728e-011 
3.4749999999997283062 0.27374247571977095017 -1.5201571612243007792 -2.5342364976781559527 9.0157554304246269208e-011 
3.4999999999997255529 0.27374090092947184205 -1.5201893045809613536 -2.5342364976993052572 4.9114623312662715563e-011 
3.5249999999997227995 0.27374061515551001422 -1.5201914872672295242 -2.5342364977198519327 6.7267905622004862387e-011 
3.5499999999997200462 0.27374000483982352527 -1.5201771583975653979 -2.5342364977391294012 5.6272761264227189215e-011 
3.5749999999997172928 0.27374097326285351528 -1.5201904506107770665 -2.5342364977548230698 2.7374028599571669717e-011 
3.5999999999997145395 0.27374185508411980061 -1.520181492783673205 -2.5342364977617743982 3.2299332575360729237e-011 
3.6249999999997117861 0.27374204012770703143 -1.5201612701083013768 -2.534236497774512209 3.4221277509395482455e-011 
3.6499999999997090327 0.27374211446055324304 -1.520182445206089028 -2.5342364977845583951 2.8553601680567804385e-011 
3.6749999999997062794 0.27374111975906806338 -1.5202002425021086118 -2.5342364977914879631 1.5383408615065956858e-011 
3.699999999999703526 0.27374100734228085097 -1.5201860385931587061 -2.5342364977978508733 2.1563551431841880804e-011 
3.7249999999997007727 0.27374167101606039498 -1.5201807893748702227 -2.5342364978027109856 1.0324657186320978583e-011 
3.7499999999996980193 0.27374117232782041453 -1.5201838904175222211 -2.5342364978070084369 1.4080248388368217925e-011 
3.774999999999695266 0.27374130600229951149 -1.5201811785839292046 -2.5342364978114049201 1.4148812357313255977e-011 
3.7999999999996925126 0.2737417360095370511 -1.5201780737092869256 -2.5342364978153177901 7.4960664058366323738e-012 
3.8249999999996897593 0.27374119262231949579 -1.5201780251851202408 -2.5342364978173339551 6.8063370674375575768e-012 
3.8499999999996870059 0.27374149554956944685 -1.5201853226322712409 -2.5342364978196170178 6.5641041165500416961e-012 
3.8749999999996842526 0.27374197885230100447 -1.520181891929565321 -2.5342364978218512306 6.6744431966622242564e-012 
3.8999999999996814992 0.27374141063809059871 -1.5201747714069844264 -2.5342364978235432105 4.3770657933846485441e-012 
3.9249999999996787459 0.27374106584282598131 -1.520187414104998691 -2.5342364978251707974 4.208969769030572611e-012 
3.9499999999996759925 0.2737410044343092097 -1.5201916514189859342 -2.5342364978261127106 3.0395071385689760514e-012 
3.9749999999996732392 0.27374113254794701922 -1.520183217145462784 -2.53423649782722471 2.9452067683046994353e-012 
3.9999999999996704858 0.27374164497333858259 -1.5201839301401947058 -2.5342364978282074794 3.0549612884240076734e-012 
4.0249999999996788347 0.27374176574179726051 -1.5201803157677251654 -2.534236497828892265 1.2528812703310882238e-012 
4.0499999999996871836 0.27374174367204978653 -1.520174768742398097 -2.5342364978294664724 2.3213201239154766727e-012 
4.0749999999996955324 0.27374168809048332607 -1.5201794538316022454 -2.5342364978300939704 1.4217467039223702941e-012 
4.0999999999997038813 0.27374116199642001268 -1.5201839509362145009 -2.5342364978305518264 1.1821318082673163701e-012 
4.1249999999997122302 0.27374104453094266765 -1.5201839883147272303 -2.5342364978308804524 1.2049228217572109677e-012 
4.1499999999997205791 0.27374140488972609209 -1.5201834042461634944 -2.5342364978312690305 8.1004498387616253102e-013 
4.1749999999997289279 0.27374141545989122415 -1.5201850915773280626 -2.5342364978314986246 7.6071064501576038127e-013 
4.1999999999997372768 0.27374138974670791935 -1.5201863580130283715 -2.5342364978317304391 7.0605564365918172012e-013 
4.2249999999997456257 0.27374144466573258061 -1.5201819913730039158 -2.5342364978319853464 6.8644523303272521885e-013 
4.2499999999997539746 0.27374141385251254954 -1.5201787188873976397 -2.534236497832137669 3.5997636101779944298e-013 
4.2749999999997623235 0.27374155230039154407 -1.520180671615750434 -2.5342364978322651226 3.4634028060601417224e-013 
4.2999999999997706723 0.27374161641872307715 -1.5201809559532362126 -2.5342364978323743685 4.0233391007252444207e-013 
4.3249999999997790212 0.27374146371987306825 -1.5201811547009080883 -2.534236497832501378 3.0899681456440412993e-013 
4.3499999999997873701 0.2737413487294810821 -1.5201850880257490317 -2.5342364978326017422 2.8264532029083970908e-013 
4.374999999999795719 0.27374124778930386537 -1.5201854983698468438 -2.534236497832660362 1.3816927646973580632e-013 
4.3999999999998040678 0.27374128956592913564 -1.5201817800739618747 -2.5342364978327216463 1.8659884199579990415e-013 
4.4249999999998124167 0.27374147804632414926 -1.5201814019296593372 -2.5342364978327740488 1.7105626892582850994e-013 
4.4499999999998207656 0.27374149058555713454 -1.5201824500967262566 -2.5342364978328264513 1.1957103328399648818e-013 
4.4749999999998291145 0.27374143893334695887 -1.5201820434493154011 -2.534236497832864643 1.2832506948326272097e-013 
4.4999999999998374633 0.27374146032034296638 -1.5201823381969647997 -2.5342364978328988379 7.2016494033079139211e-014 
4.5249999999998458122 0.2737414266266188223 -1.5201828514706190454 -2.5342364978329241509 7.7848028773482364135e-014 
4.5499999999998541611 0.27374141619901443123 -1.5201825860429880599 -2.534236497832944135 6.7118527682308846458e-014 
4.57499999999986251 0.27374144351571361167 -1.5201816837344210853 -2.534236497832969004 6.5091279923974508544e-014 
4.5999999999998708589 0.27374142421014291404 -1.5201817904519128177 -2.5342364978329858793 4.3476453507965891419e-014 
4.6249999999998792077 0.27374140994703283214 -1.520183250567171962 -2.5342364978329983138 3.542639033934609437e-014 
4.6499999999998875566 0.27374138846119111523 -1.5201828932676217931 -2.5342364978330116365 4.4641864210780476931e-014 
4.6749999999998959055 0.27374138050646246167 -1.5201820083279051765 -2.5342364978330227387 1.9813584315972878891e-014 
4.6999999999999042544 0.27374143409128848248 -1.5201828959964214238 -2.5342364978330302883 2.5719972615615995483e-014 
4.7249999999999126032 0.27374145556344398056 -1.5201828609770158263 -2.5342364978330382819 2.5485656318355007217e-014 
4.7499999999999209521 0.27374143943412626578 -1.5201819234428310956 -2.5342364978330444991 1.5738797273578173448e-014 
4.774999999999929301 0.27374143997938005235 -1.520182067371242951 -2.5342364978330502723 1.5360482518869355852e-014 
4.7999999999999376499 0.27374142145830354655 -1.5201824035660491674 -2.5342364978330560454 1.2160228874109709917e-014 
4.8249999999999459988 0.27374140188503354176 -1.5201823230712836477 -2.5342364978330582659 1.0555827850953980322e-014 
4.8499999999999543476 0.27374140723745793435 -1.5201823464011345877 -2.5342364978330613745 8.625299982216775622e-015 
4.8749999999999626965 0.27374141834921872363 -1.5201826670745597347 -2.5342364978330653713 1.0995885311426252373e-014 
4.8999999999999710454 0.27374143822275148752 -1.520182815675164445 -2.5342364978330675918 4.2747858906372332997e-015 
4.9249999999999793943 0.27374143948869067433 -1.5201824470767006936 -2.5342364978330693681 5.6756341141289204005e-015 
4.9499999999999877431 0.27374141718343625307 -1.5201822642435902644 -2.5342364978330711445 4.7473527251076602093e-015 
4.974999999999996092 0.2737414140927405537 -1.5201824789796947179 -2.5342364978330715886 4.3096580908108845713e-015 
