0.025000000000000015266 0.59537881246321366913 0.00048274739821885584434 -2.2463907229421065104 0.039917048272609584325 
0.05000000000000003747 0.57144348196255989603 0.016930197408541472481 -2.2555690894302817817 0.056535397543780320506 
0.075000000000000052736 0.43350374702696914397 -0.0064414177705236497218 -2.2793917397499634525 0.090429328886106191687 
0.10000000000000007494 0.39809888576957447315 -0.053195589457528891231 -2.3195626746920456895 0.1053560285506047467 
0.12500000000000008327 0.23720526231795791006 -0.41111940942093039286 -2.3457583500805863075 0.054085972501727065664 
0.15000000000000010547 0.22826794451589879631 -1.9419023407341220455 -2.361469511753060857 0.04623338512471773798 
0.17500000000000012768 0.30287419759016276366 -2.4579168303108929194 -2.3774778082444183447 0.048386738095107510726 
0.20000000000000014988 0.24589967818984512227 -1.475788061555712849 -2.3917743168553466937 0.026987175264621562909 
0.22500000000000017208 0.23157777433347437324 -1.8402307280002383472 -2.4001783983480362572 0.030377651646995941503 
0.25000000000000016653 0.26575487871194192202 -1.3558864816874636183 -2.4132498715022476787 0.041508954899717481757 
0.27500000000000018874 0.28656645313907264105 -0.09907750259296743689 -2.4246394504509467538 0.025298366442844708035 
0.30000000000000021094 0.32070837075271507732 -0.19199936892597391225 -2.4319736010093975231 0.017867974446402996175 
0.32500000000000023315 0.32545446831837643309 -0.17768842913619431467 -2.4405867788486887981 0.032863354419801288353 
0.35000000000000025535 0.35650459805951356662 -0.76980196700922243203 -2.4522768550843032642 0.032796607861176961529 
0.37500000000000027756 0.34311117135163021752 -1.5899945672256443618 -2.4606877226401202563 0.02064004056501488743 
0.40000000000000029976 0.27011615965821006435 -1.3876083203266489363 -2.4678735954182040579 0.019152621332180028157 
0.42500000000000032196 0.28811077930109602052 -1.634107720289590171 -2.4748609849176808062 0.017833573286618026321 
0.45000000000000034417 0.30739497797105930221 -1.2944133634373899966 -2.478957492408770058 0.012179893210109796545 
0.47500000000000036637 0.3162173767871888086 -0.68522026526359369747 -2.4833191957341624878 0.011033181298814163929 
0.50000000000000033307 0.3613310167353038227 -0.97277732732605803889 -2.4871896835031996886 0.010403485533668297564 
0.52500000000000035527 0.34714372146053107393 -1.0341112764685340686 -2.4907216182779512437 0.011910167933973222695 
0.55000000000000037748 0.30698827216611562774 -1.376082842382562621 -2.4954399345608413441 0.017119952888644325573 
0.57500000000000039968 0.27458609083282042862 -1.7279482175806022415 -2.5029267255541856052 0.023966367233825884575 
0.60000000000000042188 0.22139467541682095186 -1.577216181159917241 -2.5092288357361831608 0.010434912713222024155 
0.62500000000000044409 0.23317105276336438924 -1.7030753307247032957 -2.511765957808551164 0.0077903157104175797115 
0.65000000000000046629 0.26810421444651866274 -1.7874000970184855674 -2.5148455362282708947 0.0099705006372570841033 
0.6750000000000004885 0.2708920266849176306 -1.5710330709674187322 -2.5185782244730949841 0.009395699315844545374 
0.7000000000000005107 0.27902740062871106419 -1.4647513732833945532 -2.5204971518530223662 0.0051192684577103650043 
0.72500000000000053291 0.28378551405878893465 -1.4583943544396960057 -2.5231442063737929971 0.0072158772070425470507 
0.75000000000000055511 0.2722755762779804356 -1.3843826306234621182 -2.5248915034259660217 0.0046943900637072648319 
0.77500000000000057732 0.26923392591037337285 -1.4526400289457306325 -2.5261775664703751687 0.0020800453884542908535 
0.80000000000000059952 0.26679476741503677095 -1.5711079179331397526 -2.5273126495014510695 0.0052013227355319829534 
0.82500000000000062172 0.26632940931609860868 -1.6061337993245810019 -2.5286433748841998792 0.00197339785206226059 
0.85000000000000064393 0.27931891632921546087 -1.5942416015506279958 -2.5294608403769909266 0.0028996365260091651848 
0.87500000000000066613 0.27565565801400560009 -1.4218195855421842388 -2.5302461908921616285 0.0019381482878189516122 
0.90000000000000068834 0.26960315460648487385 -1.37180612838236482 -2.530869055399809664 0.0013224777926304940798 
0.92500000000000071054 0.27306763730789995748 -1.5312473693129093899 -2.5312694197882463776 0.0015281177446154214656 
0.95000000000000073275 0.26722027070248866032 -1.5627642369211642848 -2.5318639574438828177 0.0014592296078760429428 
0.97500000000000075495 0.26914944188276673787 -1.6194326585064491297 -2.5322501409554161178 0.00094881935205822875816 
1.0000000000000006661 0.2787839058529338887 -1.6562430917695909471 -2.5324946931108693882 0.00065519263657975827797 
1.0249999999999979128 0.27665363736902753855 -1.4824255957321406107 -2.5328006107188065776 0.00088605565176651983686 
1.0499999999999951594 0.27168912360156760588 -1.4192968701526720299 -2.5330269121299053836 0.00056849916469433573081 
1.0749999999999924061 0.27224724831680863213 -1.4758938531176428732 -2.5332134068205021116 0.00047087531733206209683 
1.0999999999999896527 0.27468691653638060979 -1.4913341719035724253 -2.5333699610813344982 0.00048608656079945992403 
1.1249999999999868994 0.2779316531912163768 -1.5415948127852945326 -2.5335183583117530937 0.0003130874554387815022 
1.149999999999984146 0.27403597824437675445 -1.5534836122293653737 -2.5336227013071592751 0.00035484001287982945691 
1.1749999999999813927 0.26888720304284668972 -1.5308419767253855781 -2.5337281390203485465 0.00023506954192676010823 
1.1999999999999786393 0.27077181184441467821 -1.545054942764380268 -2.5338016598794776968 0.00019288300762862914959 
1.224999999999975886 0.27140889812695306871 -1.5259118927168282553 -2.5338656338143046298 0.00019309832303190588494 
1.2499999999999731326 0.27372755833833523065 -1.5212426244445298451 -2.5339315189512494619 0.00017961431726862007248 
1.2749999999999703792 0.27897259502318766389 -1.5214085820038829588 -2.5339814825200055459 0.00011540288174916762173 
1.2999999999999676259 0.27703091068534940744 -1.4832762154233971597 -2.5340194228028294354 0.00010177692777184606612 
1.3249999999999648725 0.27221710504642426809 -1.5022582829943713634 -2.5340509942596920467 9.0226413720317295603e-005 
1.3499999999999621192 0.27119768749347122894 -1.535735320999892517 -2.5340798989198280999 7.8336993828238038104e-005 
1.3749999999999593658 0.2722962969280223744 -1.5226797495859061282 -2.5341078700564367843 7.7461837125297977689e-005 
1.3999999999999566125 0.27444601339602991974 -1.5307498411782871628 -2.5341287567745025555 4.6101985332902290643e-005 
1.4249999999999538591 0.27469425407608555334 -1.5355320114888630911 -2.5341429896079978867 4.2934762962446550096e-005 
1.4499999999999511058 0.27345870353311202416 -1.5088208321183769201 -2.5341584776446306471 4.3928276366782306988e-005 
1.4749999999999483524 0.27371064291726104889 -1.5131071130200024477 -2.5341718720003245657 2.9979664097249009868e-005 
1.4999999999999455991 0.27341976045626897873 -1.5326722937726835472 -2.5341802862432527554 2.6627650838360853607e-005 
1.5249999999999428457 0.27314905945415618449 -1.5238053786176131155 -2.5341903371250524835 2.8566340312804409506e-005 
1.5499999999999400924 0.27433571471095791194 -1.5087507270977145168 -2.534198515086774961 1.6004030547641762513e-005 
1.574999999999937339 0.27432041590623318372 -1.510053087964216445 -2.5342029023053189718 1.499954933802632087e-005 
1.5999999999999345857 0.27359495084007195986 -1.5248097508078841678 -2.5342084754458769069 1.4994877411279098738e-005 
1.6249999999999318323 0.27349056769340568396 -1.5275843097668586612 -2.5342134547770025499 1.3529385302496245108e-005 
1.649999999999929079 0.27333657871970462594 -1.5164154901127626651 -2.5342167020712467185 6.5633087597019425802e-006 
1.6749999999999263256 0.2739701446655622985 -1.524346240859230317 -2.5342199979156831979 1.1833086764853982108e-005 
1.6999999999999235722 0.27445544367311408562 -1.5278236419605051299 -2.5342226761856445627 4.787013433920308915e-006 
1.7249999999999208189 0.2736441509974510411 -1.5091630237690667471 -2.5342247502968473505 5.6349403161343235039e-006 
1.7499999999999180655 0.27320285498192986573 -1.5140661163575703796 -2.5342263115680618846 5.8592253643362448179e-006 
1.7749999999999153122 0.27334265856438655362 -1.529893218399923871 -2.5342284111723141216 3.9691307501528578825e-006 
1.7999999999999125588 0.2735831594770390951 -1.5226602315762869377 -2.5342293901075438889 3.4728333839403997933e-006 
1.8249999999999098055 0.27406796191800603113 -1.5164176840130560997 -2.5342306335450071053 2.9171906535371023986e-006 
1.8499999999999070521 0.27404618906976091486 -1.5197728786744728602 -2.5342315752369777293 2.6339757154276010775e-006 
1.8749999999999042988 0.27386581587345582012 -1.5204648838027670088 -2.5342322021374550367 1.5976918084113538238e-006 
1.8999999999999015454 0.27394689872774763417 -1.5185644606639807641 -2.5342329805074990112 2.2389227048133570896e-006 
1.9249999999998987921 0.27361503253937979885 -1.5179075526395031659 -2.5342335513746845344 1.4969076760307486877e-006 
1.9499999999998960387 0.27344961502408138276 -1.522466359043668227 -2.5342339906715953823 9.7972328561315464925e-007 
1.9749999999998932854 0.27372776653065133967 -1.5234341231039243425 -2.5342344122870472667 1.4045981563613573302e-006 
1.999999999999890532 0.27370018041043003842 -1.518955559806920208 -2.5342347110499918728 4.4036427618001811934e-007 
2.0249999999998880007 0.27364214252448654241 -1.5206599019461763955 -2.5342349657828520115 9.9323196607616371241e-007 
2.0499999999998852473 0.27376468559096162059 -1.5213965475355673007 -2.5342352504093246246 7.4332961740249058799e-007 
2.074999999999882494 0.27382956727957324938 -1.5169127737090808417 -2.5342354746844342195 3.6971628713367909265e-007 
2.0999999999998797406 0.27390050973865159856 -1.5186228073187653109 -2.5342355772066045283 4.6457133122408160769e-007 
2.1249999999998769873 0.27377930768492825253 -1.5221368927159280027 -2.5342357467317500053 3.8464823209595553071e-007 
2.1499999999998742339 0.27364115033881286632 -1.5203709614088927182 -2.5342358636286586027 3.3411870617961809563e-007 
2.1749999999998714806 0.27377835691503454862 -1.5199868937955982595 -2.5342359641084466482 2.59016223618258834e-007 
2.1999999999998687272 0.27375352999532887033 -1.5214251361779038696 -2.5342360539627106775 2.3369570397939678574e-007 
2.2249999999998659739 0.2736131090556065959 -1.5204151745857181766 -2.5342361148319909603 1.7286441675032653943e-007 
2.2499999999998632205 0.27370722676975034471 -1.5191242067478154532 -2.5342361801903217078 1.6276835692774641213e-007 
2.2749999999998604672 0.27377553824759243151 -1.5194692726693359575 -2.5342362301939878044 1.4715130007516342231e-007 
2.2999999999998577138 0.27376727871002520809 -1.5206264517598060415 -2.5342362706861143451 9.4201589124441637077e-008 
2.3249999999998549605 0.27379302691735057929 -1.5207393119489509559 -2.5342363067322066783 1.0640296879202094294e-007 
2.3499999999998522071 0.27374992603336029129 -1.5198605879636608584 -2.5342363375290903882 7.8172582327670924066e-008 
2.3749999999998494538 0.27371974792415432187 -1.5204658273355073916 -2.5342363642241898525 7.4200299366697187925e-008 
2.3999999999998467004 0.27372438012095384741 -1.5205403011786704504 -2.5342363845063355932 4.8185748682580849946e-008 
2.4249999999998439471 0.27372199922655543469 -1.5190474708446712881 -2.534236400766239683 4.3329073171663532414e-008 
2.4499999999998411937 0.27377610735378360429 -1.5198113560411172784 -2.5342364159730697004 4.8629538305780208508e-008 
2.4749999999998384403 0.27376874598303174713 -1.5211595069005707792 -2.534236431089146091 3.7463193420062658407e-008 
2.499999999999835687 0.27369611688422246232 -1.520425824813017357 -2.5342364416898828239 2.244021422662991504e-008 
2.5249999999998329336 0.27371892210079301622 -1.5200709366843017101 -2.5342364486606392404 2.2397674195216495739e-008 
2.5499999999998301803 0.27375497193984776878 -1.5202791546154346136 -2.5342364569524589157 2.370936559616669432e-008 
2.5749999999998274269 0.27375204294404015259 -1.5199838937689515994 -2.5342364638643828378 1.7230951747610305896e-008 
2.5999999999998246736 0.27376680741812475794 -1.5198907014901874568 -2.5342364690688485851 1.207159089129455184e-008 
2.6249999999998219202 0.27374400115257696564 -1.5200955512938307823 -2.5342364735637810114 1.5745893534642610236e-008 
2.6499999999998191669 0.27371023592905213695 -1.5204117079606420671 -2.5342364777877537385 7.2711608135640144104e-009 
2.6749999999998164135 0.2737245320190893616 -1.5203340397902143089 -2.5342364802547239222 8.5201356347556607743e-009 
2.6999999999998136602 0.27374532705343296302 -1.5199714112935316379 -2.5342364832380530615 8.5529858337731335819e-009 
2.7249999999998109068 0.27376528590684057196 -1.5202334173511342641 -2.5342364859509807218 6.0571998934115743528e-009 
2.7499999999998081535 0.27376668573507129123 -1.520404357095826553 -2.5342364873322842378 4.1106097484758544335e-009 
2.7749999999998054001 0.27373413820027170384 -1.5200276294182715198 -2.5342364892832383028 5.4070900897073732533e-009 
2.7999999999998026468 0.2737215956610069556 -1.5200928363363481743 -2.5342364906355232534 3.2846852843010540372e-009 
2.8249999999997998934 0.27372833062523083125 -1.5203401612771636486 -2.5342364915522592739 2.3211637795473152367e-009 
2.84999999999979714 0.27373314777346396953 -1.5201599936341350094 -2.5342364926796583369 3.6579528835616107708e-009 
2.8749999999997943867 0.2737508685058451241 -1.5200787697052273728 -2.5342364935008325766 1.5630600611489206143e-009 
2.8999999999997916333 0.2737570872857002513 -1.5201939759065992153 -2.534236494185303723 2.0935641224749757877e-009 
2.92499999999978888 0.27374470336269413062 -1.5201786274873883009 -2.5342364947497117988 1.6035008292975816646e-009 
2.9499999999997861266 0.2737388129028390793 -1.5201387504147039209 -2.5342364952488938279 8.4009146885077799287e-010 
2.9749999999997833733 0.2737359756497599883 -1.5201824625968307636 -2.5342364955702390006 1.5070945501661694351e-009 
2.9999999999997806199 0.27373957093002149188 -1.5202964835119088249 -2.5342364960333707558 8.5207131937482570482e-010 
3.0249999999997778666 0.27374631509158031673 -1.5202972999262758247 -2.5342364962908261461 7.4809654981169736684e-010 
3.0499999999997751132 0.27373913668545174493 -1.5201073641341498188 -2.5342364965065113935 6.1141670979670099779e-010 
3.0749999999997723599 0.27373522342652717443 -1.520080915863852411 -2.5342364967500556894 6.3226782618817790573e-010 
3.0999999999997696065 0.27374270136067535564 -1.5201819181868885256 -2.5342364968932860059 3.6345327363472442049e-010 
3.1249999999997668532 0.27374482225049145967 -1.5201454778085110586 -2.5342364970383632894 4.1099056017984023938e-010 
3.1499999999997640998 0.27374351670172603068 -1.5201699854757970698 -2.5342364971888637903 4.4040223708308415777e-010 
3.1749999999997613465 0.27374233668822739451 -1.5202519404953811488 -2.5342364972838611337 1.7819669754165724134e-010 
3.1999999999997585931 0.27373998616972466946 -1.5202237899125998766 -2.5342364973640720827 2.3204929175870869569e-010 
3.2249999999997558398 0.27373985565702263489 -1.5201904902485929849 -2.5342364974322602045 2.2026287724053760535e-010 
3.2499999999997530864 0.27373974760936170547 -1.5201680842503777491 -2.5342364975062299237 1.5656435164406390307e-010 
3.274999999999750333 0.27374153379469845504 -1.5201523044797731199 -2.5342364975519675596 1.5990925958397305828e-010 
3.2999999999997475797 0.27374493255490384147 -1.5201742925832630871 -2.5342364976025524292 9.5542770583667904021e-011 
3.3249999999997448263 0.27374232675655302272 -1.5201755995504491192 -2.5342364976343443317 1.0915226812812046361e-010 
3.349999999999742073 0.27373920133074813865 -1.5201815256628359307 -2.5342364976646662988 7.3123957073601062376e-011 
3.3749999999997393196 0.27374077215825298737 -1.5201951223754686104 -2.5342364976933344778 7.877151903936837626e-011 
3.3999999999997365663 0.27374115401520154878 -1.5201824555226544078 -2.5342364977148217342 5.6540969934333553337e-011 
3.4249999999997338129 0.27374096502902195427 -1.520189627599880744 -2.5342364977338891485 5.2005070641491122046e-011 
3.4499999999997310596 0.2737419796151198681 -1.5201914112343941632 -2.5342364977495908107 3.948301588243451109e-011 
3.4749999999997283062 0.27374208998369392587 -1.5201687262608363227 -2.5342364977621998356 3.5099264369056454992e-011 
3.4999999999997255529 0.27374212574265471831 -1.5201797670412497965 -2.534236497774084107 3.1313694443734576769e-011 
3.5249999999997227995 0.27374155031803859561 -1.5201930039603390732 -2.5342364977823819139 2.1880663946857321179e-011 
3.5499999999997200462 0.27374056429755061481 -1.5201772632455294865 -2.5342364977905842416 2.2757897828034452048e-011 
3.5749999999997172928 0.27374103339343475172 -1.52017910105984555 -2.5342364977982838603 2.1964303719597696094e-011 
3.5999999999997145395 0.2737414222380188944 -1.5201872244983416493 -2.5342364978036107104 9.6724591868377083313e-012 
3.6249999999997117861 0.27374158717101759741 -1.5201766200895685532 -2.5342364978071842962 1.2617978559946493345e-011 
3.6499999999997090327 0.27374203166516525298 -1.5201749087297296015 -2.5342364978117633001 1.2597120458762122889e-011 
3.6749999999997062794 0.27374129303497152232 -1.5201857071249698095 -2.5342364978155051958 8.8827581150472071025e-012 
3.699999999999703526 0.27374082196883003926 -1.5201926468309951979 -2.5342364978179636736 7.0540682593324869921e-012 
3.7249999999997007727 0.27374143513690601948 -1.5201882713000574032 -2.5342364978205873527 6.5752975188627296564e-012 
3.7499999999996980193 0.27374149351381632522 -1.5201774556617091427 -2.5342364978223246297 4.6131954337602647158e-012 
3.774999999999695266 0.27374157325804993057 -1.5201794271126369829 -2.5342364978239255713 4.5888786941253020873e-012 
3.7999999999996925126 0.27374176736492350503 -1.5201822865034331222 -2.5342364978255975672 4.9470797731412951047e-012 
3.8249999999996897593 0.27374134246641468327 -1.5201765154871538233 -2.5342364978268143716 2.0016365715454974512e-012 
3.8499999999996870059 0.27374123421227830599 -1.5201835347225813866 -2.5342364978276270548 3.100358737849338413e-012 
3.8749999999996842526 0.27374140955328613023 -1.5201886253967393792 -2.5342364978285472077 2.2787109776630589576e-012 
3.8999999999996814992 0.27374144064390648623 -1.5201794889480662043 -2.5342364978293376865 1.8707566660014071557e-012 
3.9249999999996787459 0.27374155939398486792 -1.5201799798540931441 -2.5342364978298070888 1.4723761158413979123e-012 
3.9499999999996759925 0.27374132457798566742 -1.5201857758933021714 -2.5342364978304101619 1.541339388008084002e-012 
3.9749999999996732392 0.27374112023857877229 -1.520184174366444374 -2.5342364978307947432 1.0373114810428992954e-012 
3.9999999999996704858 0.27374142816336310968 -1.5201824994213029019 -2.5342364978311646695 9.8230527730266360658e-013 
4.0249999999996788347 0.27374155143060602269 -1.5201819487359451433 -2.5342364978315043977 9.0940053219812553145e-013 
4.0499999999996871836 0.27374156612558075974 -1.5201814351217493027 -2.5342364978316913593 4.1012238176901295536e-013 
4.0749999999996955324 0.27374164171916143262 -1.5201807901640602694 -2.5342364978319151803 7.3648990298538335266e-013 
4.0999999999997038813 0.27374139549841541852 -1.5201809047184065005 -2.5342364978321421098 6.0659791992109293822e-013 
4.1249999999997122302 0.27374123591442012238 -1.5201839576108486796 -2.5342364978322784452 1.8877112356249164513e-013 
4.1499999999997205791 0.27374133661437954901 -1.5201839109082366797 -2.5342364978323823621 4.7176047426440810528e-013 
4.1749999999997289279 0.27374138265109382306 -1.5201811819334996034 -2.5342364978325115921 2.1810280997253679698e-013 
4.1999999999997372768 0.27374147361746187235 -1.5201831172198665421 -2.5342364978325941927 2.7134046282002862348e-013 
4.2249999999997456257 0.27374148183160001979 -1.5201844962362796032 -2.5342364978326634706 2.0594080588221988388e-013 
4.2499999999997539746 0.27374136213307015408 -1.5201817888912092513 -2.534236497832750068 1.8537051618144399572e-013 
4.2749999999997623235 0.27374140221568726838 -1.5201812872364677265 -2.5342364978327873715 1.2594680295934080617e-013 
4.2999999999997706723 0.27374147158355260911 -1.5201821117304719078 -2.5342364978328353331 1.1183990794969479188e-013 
4.3249999999997790212 0.27374148256291336301 -1.5201815170718853132 -2.5342364978328735248 1.2150427404820698721e-013 
4.3499999999997873701 0.27374149653096585544 -1.520182316968958558 -2.5342364978329068315 7.6436357618193151842e-014 
4.374999999999795719 0.27374138537523795556 -1.5201835819309104103 -2.5342364978329370295 8.4334396035408933082e-014 
4.3999999999998040678 0.27374131267042289828 -1.5201831709472060083 -2.5342364978329579017 5.461889752425041546e-014 
4.4249999999998124167 0.27374140431399041073 -1.5201822408224927585 -2.5342364978329778857 4.5799262986439573822e-014 
4.4499999999998207656 0.27374144386373999716 -1.5201817948293956384 -2.5342364978329934289 5.0772805023669078133e-014 
4.4749999999998291145 0.27374143493297242724 -1.5201823512940473293 -2.5342364978330067515 3.1603348719450481573e-014 
4.4999999999998374633 0.27374144399277117179 -1.5201827827201987997 -2.5342364978330182979 3.8086370333850973205e-014 
4.5249999999998458122 0.27374141982068123102 -1.5201824600681279609 -2.5342364978330294001 2.0558586861419790299e-014 
4.5499999999998541611 0.27374141814963032227 -1.5201826582957038703 -2.5342364978330365055 2.2955194908932020862e-014 
4.57499999999986251 0.27374143109498133564 -1.5201823648773609143 -2.5342364978330436109 1.7868298665310000161e-014 
4.5999999999998708589 0.27374142863819783678 -1.5201816609022607008 -2.5342364978330498282 1.6480167671147470128e-014 
4.6249999999998792077 0.27374144325439409009 -1.5201823909256089173 -2.5342364978330547132 1.2597293155390151926e-014 
4.6499999999998875566 0.2737414201260642832 -1.5201829532092463459 -2.53423649783305871 1.1167528442158037607e-014 
4.6749999999998959055 0.27374138351438420669 -1.5201824594953954328 -2.5342364978330622627 1.0279473344717528593e-014 
4.6999999999999042544 0.27374140983239769742 -1.5201824526085887523 -2.5342364978330653713 6.3802927553961790442e-015 
4.7249999999999126032 0.27374143413352136633 -1.5201826570047649589 -2.5342364978330671477 6.0562423797569246813e-015 
4.7499999999999209521 0.27374143085661051256 -1.5201824513089194912 -2.5342364978330702563 7.3270361286648978272e-015 
4.774999999999929301 0.27374143480791190974 -1.5201822319954318985 -2.5342364978330702563 3.6163979171504826865e-015 
4.7999999999999376499 0.27374142860768096996 -1.520182245004118915 -2.5342364978330729208 4.403095020298736307e-015 
4.8249999999999459988 0.27374142108210880453 -1.5201824394040084343 -2.5342364978330742531 3.1289539676757978174e-015 
4.8499999999999543476 0.27374141794839279562 -1.5201824380392496838 -2.5342364978330751413 2.3093807642863565168e-015 
4.8749999999999626965 0.27374141004630186957 -1.5201823678376560345 -2.5342364978330764735 2.6894315743099684893e-015 
4.8999999999999710454 0.27374142115561905797 -1.5201825953503607103 -2.5342364978330755854 2.4783021878045295564e-015 
4.9249999999999793943 0.27374143528985661611 -1.5201826292292279774 -2.5342364978330782499 1.0517941475887674815e-015 
4.9499999999999877431 0.27374142796243927656 -1.5201823596313652764 -2.5342364978330782499 1.5029285764531433271e-015 
4.974999999999996092 0.27374142134356893585 -1.5201823449806075583 -2.534236497833078694 1.3368480088440706604e-015 
