0.025000000000000015266 0.59653828903512395865 0.00049066223853385521059 -2.245002996311998622 0.040735909673553297172 
0.05000000000000003747 0.57183799035753701823 0.017234482269719630931 -2.2533264867192470682 0.058864893286279786067 
0.075000000000000052736 0.4300095021665896744 -0.0080829615233202756208 -2.2752565492070724318 0.094951518462579431734 
0.10000000000000007494 0.39197671981334492042 -0.054062714706717862612 -2.3122250643895845279 0.10986456580648383541 
0.12500000000000008327 0.22702710611570892096 -0.40934185577428383596 -2.3363189418201453229 0.057585065936440506251 
0.15000000000000010547 0.22203231193759831452 -2.0287454280776393567 -2.3515263182781365181 0.052322176617820119471 
0.17500000000000012768 0.30180709043655368218 -2.595212363448037074 -2.3672500779778058444 0.053621338551560183971 
0.20000000000000014988 0.23628823470181908872 -1.5388232338743668137 -2.3812859648557904713 0.030193580210405693981 
0.22500000000000017208 0.21822539599550475065 -1.9926710456166074614 -2.3897689799777395159 0.036116744745559738183 
0.25000000000000016653 0.26103640061722505061 -1.5211227409013734491 -2.4036036706152787978 0.051348237449081166051 
0.27500000000000018874 0.29781225232860036867 -0.02523761944589053563 -2.4175827646102008295 0.043567802391941128082 
0.30000000000000021094 0.35827753121051764129 0.10074030535592115587 -2.4303385235944015008 0.035263783000560600112 
0.32500000000000023315 0.35701928911263897115 0.42856562713122059449 -2.4398886848713257081 0.029174566237417334791 
0.35000000000000025535 0.3416728331153069953 -0.23821666826052545485 -2.4489770736895444259 0.037287282440715913134 
0.37500000000000027756 0.28437347916665595138 -1.7747882432355663873 -2.4585685701012756077 0.020792985945485738253 
0.40000000000000029976 0.22482277019113311445 -1.9270152546868555277 -2.4627754180525429639 0.011306482853554891341 
0.42500000000000032196 0.29262943514730810346 -1.7838008074580358198 -2.4684359805950113476 0.02114830185460921802 
0.45000000000000034417 0.33101392528707379581 -0.95578163314338182577 -2.4732917551929993749 0.01675768307047115907 
0.47500000000000036637 0.33250797560707356926 -0.4306246740809025475 -2.4784293572661457716 0.015121839034452471892 
0.50000000000000033307 0.364279056278963842 -1.0736147805600337879 -2.482842340746174159 0.012156033334876616137 
0.52500000000000035527 0.33747282451575411066 -1.0523967249865462392 -2.4860502923154319532 0.010577254954602544057 
0.55000000000000037748 0.3154603831260433533 -1.1895009749635969687 -2.4894255105065976608 0.012521962759559572553 
0.57500000000000039968 0.31719466314190619682 -1.4907377793562415214 -2.4928880555658867735 0.010875730526264717687 
0.60000000000000042188 0.28287021272413265249 -1.3432865298270670884 -2.4975659873408662115 0.021164534607986226072 
0.62500000000000044409 0.24528954583343237639 -1.529084079798292084 -2.5045634992955205789 0.020911858895577228878 
0.65000000000000046629 0.23331403045232956828 -1.7915320325106725008 -2.5089081454446731101 0.010499707280675429563 
0.6750000000000004885 0.24956622405474968018 -2.0196009852636591653 -2.5122503189952944957 0.0096874159846123443496 
0.7000000000000005107 0.27717340769227455377 -2.0881537962272798126 -2.5140705636730702466 0.0054434236872081299963 
0.72500000000000053291 0.27391664975872487275 -1.5818832703181102683 -2.5166071128150426794 0.0097905415658441144466 
0.75000000000000055511 0.26671607990196527505 -1.1970921066761071039 -2.5194806356594630081 0.0094163121157874018347 
0.77500000000000057732 0.28088285656962230785 -1.3878408638591768209 -2.5219866518067397543 0.0064269832166780407889 
0.80000000000000059952 0.28449077968373898129 -1.5228786736251720413 -2.5234904776753128708 0.0041029455666857349988 
0.82500000000000062172 0.26668769654698837313 -1.5222195476715065787 -2.5246985765224754239 0.0044681506564321531519 
0.85000000000000064393 0.25841071969191153901 -1.613357529935391721 -2.5261789640925007561 0.0048532400195810147456 
0.87500000000000066613 0.26606642509127992335 -1.6637608486205683889 -2.5273722887749423549 0.0031448361911728000585 
0.90000000000000068834 0.27811168047568807227 -1.5642775888308637633 -2.5283845771993971319 0.0033694902908967998625 
0.92500000000000071054 0.28077626964945895383 -1.4677904217082016203 -2.5291153934650072443 0.0017558105436721272927 
0.95000000000000073275 0.27283871398004516662 -1.4804010628368313718 -2.5297110433279135222 0.002329583710463878788 
0.97500000000000075495 0.26751864317453383224 -1.4869967539781887567 -2.5304595851021964847 0.0023527404190389522749 
1.0000000000000006661 0.26877304995027290202 -1.4980900770612457507 -2.5310526518051745803 0.0015756612212275140743 
1.0249999999999979128 0.27387290906456718265 -1.5691198512718695923 -2.5314543776491951199 0.0011889873396084492917 
1.0499999999999951594 0.27542246298919131897 -1.6264687753506144041 -2.5317398797360715079 0.0008572398290888631929 
1.0749999999999924061 0.27173708644125310618 -1.5322372343218939594 -2.5321538993142955754 0.0017264150057885495684 
1.0999999999999896527 0.27300354384102926142 -1.4377356741066360524 -2.5325224564665638205 0.00063497395768115588808 
1.1249999999999868994 0.27655504706994693542 -1.4749551372307263541 -2.5326902857670252622 0.00064457499137063030761 
1.149999999999984146 0.27609832538785034073 -1.4855488600893695939 -2.5328926576046533192 0.00063221143835047368537 
1.1749999999999813927 0.27281776884510128278 -1.5103209583782311043 -2.533089984707297404 0.00073173256349878985916 
1.1999999999999786393 0.2685756263768296348 -1.5966087883466066888 -2.5332854631257437639 0.0004672917251268189371 
1.224999999999975886 0.2677853681915012829 -1.6029202703795464302 -2.533397470750332392 0.00033948307033711402425 
1.2499999999999731326 0.27275380733465820482 -1.5349818564152211131 -2.5335036314839003424 0.00036722560890397617193 
1.2749999999999703792 0.27809732674509218819 -1.4604329365430397392 -2.5336134082124743827 0.00035355961411831385386 
1.2999999999999676259 0.28009618414362480454 -1.4656125077701422921 -2.5337017221886317664 0.0002285922862600175986 
1.3249999999999648725 0.27597714756308999728 -1.5168743667798878505 -2.5337819223616562248 0.00029882431352425711758 
1.3499999999999621192 0.26959432872952304727 -1.5173413878371020402 -2.533843878022904228 0.00011631843127912603903 
1.3749999999999593658 0.26957812841216904909 -1.5383027591634466091 -2.5338894349597533839 0.00019896458972129747148 
1.3999999999999566125 0.27328514703396378227 -1.5606955806164151124 -2.5339445855232418658 0.00015237369741849979515 
1.4249999999999538591 0.27400496301576832137 -1.5228779264421175021 -2.5339873400282697524 0.00014150865584732313343 
1.4499999999999511058 0.27342374582289019624 -1.5053313831147412394 -2.534022879894736402 7.6109916032657861772e-005 
1.4749999999999483524 0.27408071462904598503 -1.5153936513193086988 -2.5340446365268083362 9.7775395559264764245e-005 
1.4999999999999455991 0.27537557511796573184 -1.519002105856353646 -2.5340783557159158867 0.0001000314826366954118 
1.5249999999999428457 0.27543745697145050055 -1.5183530836853651458 -2.5341002788572550841 5.9529986731893335501e-005 
1.5499999999999400924 0.27328173970724295438 -1.5192417720952402505 -2.5341177683221465244 4.8704774044626476825e-005 
1.574999999999937339 0.27206607895559664634 -1.5273397469273748417 -2.534133140471831247 6.3453010455052964939e-005 
1.5999999999999345857 0.27315275731255933556 -1.5236028869600262148 -2.5341506389980970049 4.1089427588563744165e-005 
1.6249999999999318323 0.27342252473167893978 -1.5119080054436357941 -2.5341612158701427582 3.5293325353011075461e-005 
1.649999999999929079 0.27331925301735449096 -1.5125943158452563875 -2.5341704374801397037 2.7991822175787382234e-005 
1.6749999999999263256 0.27442984723357372046 -1.5243921919347664939 -2.5341813066183647152 4.0854731070850760512e-005 
1.6999999999999235722 0.27471979091366660608 -1.5325520518602173681 -2.5341898681574424046 1.3113523164896215555e-005 
1.7249999999999208189 0.27388129986403281224 -1.5244740920641479676 -2.5341941057460841691 2.1884276959059357327e-005 
1.7499999999999180655 0.27332165964418581039 -1.515801993233446332 -2.5342008630833845473 1.8937021500314232895e-005 
1.7749999999999153122 0.27338259750028964801 -1.5157643106620386497 -2.5342064849012095884 1.914192581159536441e-005 
1.7999999999999125588 0.27380740653088753156 -1.5195148462894889629 -2.5342109844563589505 8.6754923524882174952e-006 
1.8249999999999098055 0.27362072273720083881 -1.5204115435957648028 -2.5342131407222945327 9.9691383534515004095e-006 
1.8499999999999070521 0.27325928447991504333 -1.5135246685997771898 -2.5342170646870627593 1.2853804204071410885e-005 
1.8749999999999042988 0.27393022426570440286 -1.51927930297985192 -2.5342201794800041093 8.4423592802883828912e-006 
1.8999999999999015454 0.27431711203656161668 -1.530869268593862742 -2.534222268793434818 5.7526873102640446478e-006 
1.9249999999998987921 0.27374981119432223453 -1.524730553856704196 -2.5342240300235756578 6.0585739712788369194e-006 
1.9499999999998960387 0.27361764518529629875 -1.5164665809505228911 -2.5342258171435236846 5.3612715543464726492e-006 
1.9749999999998932854 0.27380615762748450326 -1.5148884176288164305 -2.5342273842060931699 5.6427908005039093e-006 
1.999999999999890532 0.27370237289109622392 -1.5182342803353883198 -2.5342288329845357175 3.2124041885790790417e-006 
2.0249999999998880007 0.27356025637661812722 -1.5239180079751821761 -2.5342297208290216481 3.3277648992852234934e-006 
2.0499999999998852473 0.27342978987194660467 -1.5225746179060637431 -2.5342306498681650417 2.412462412594314532e-006 
2.074999999999882494 0.2736335386632114397 -1.5200582980268921851 -2.5342314040805584696 3.2238233447879895947e-006 
2.0999999999998797406 0.2740999893481855243 -1.5184312733610716428 -2.5342323876310652864 2.3713879554064418787e-006 
2.1249999999998769873 0.2740785092866663275 -1.5165487615739070559 -2.5342328114024090802 1.1369157214049050767e-006 
2.1499999999998742339 0.27373812543069342418 -1.5200918145983619567 -2.5342332457050513739 1.5928194470476885346e-006 
2.1749999999998714806 0.27359776145619085774 -1.5233325759091420615 -2.5342337365939187066 1.6896034617842011518e-006 
2.1999999999998687272 0.2736352577370105843 -1.5225243266810597476 -2.5342342389028100769 1.4080125824220644629e-006 
2.2249999999998659739 0.27374961212550813494 -1.5208297938767554314 -2.5342344972472026221 5.4201569643701652121e-007 
2.2499999999998632205 0.27369977833433906111 -1.5189870735326969076 -2.5342347053140357183 8.4017405760565877067e-007 
2.2749999999998604672 0.27355615215823314568 -1.5182718651978723834 -2.5342350003598257402 1.0472906647119743143e-006 
2.2999999999998577138 0.27372156905524858139 -1.5189216335971482685 -2.5342352498992748444 5.6478563619832743314e-007 
2.3249999999998549605 0.27395349542872510229 -1.5202994559701541455 -2.5342353964763364438 5.005811985109021144e-007 
2.3499999999998522071 0.27390058976353576226 -1.5207666604664396015 -2.5342355423052178587 4.1281316134469739151e-007 
2.3749999999998494538 0.27376100117270735224 -1.5206714365332509864 -2.5342356660297769011 4.7207861727387062206e-007 
2.3999999999998467004 0.27366120448535968812 -1.5214871411027179882 -2.5342358090888152944 3.9115716311524004572e-007 
2.4249999999998439471 0.27362307289018455991 -1.5212645911463156256 -2.5342358974698235841 2.5472913511842139084e-007 
2.4499999999998411937 0.27370535294972087037 -1.5196174804874622577 -2.5342359841187467318 2.8361836984154926334e-007 
2.4749999999998384403 0.27377719561873214982 -1.5180682342244917749 -2.5342360399467769305 1.4009281980627940066e-007 
2.499999999999835687 0.2737613835328960854 -1.5187450666407409372 -2.5342361125674308653 2.9560783052445638527e-007 
2.5249999999998329336 0.27372552814450812342 -1.5212898858654484435 -2.5342361773957264859 1.4407813173453389599e-007 
2.5499999999998301803 0.27371476862496801896 -1.5217063884056143408 -2.5342362159527755949 1.0950527330875417447e-007 
2.5749999999998274269 0.2737726240652860743 -1.5207622491478138826 -2.5342362454406841543 1.1312058294585452431e-007 
2.5999999999998246736 0.27382911646274321615 -1.5202406259749108308 -2.5342362884407725332 1.4277229503895458298e-007 
2.6249999999998219202 0.27377300658632730546 -1.5193357448494821949 -2.5342363217891610283 8.9611538890061136007e-008 
2.6499999999998191669 0.27368188176335267459 -1.5192118544653974155 -2.534236344028473642 4.9141430746250691976e-008 
2.6749999999998164135 0.27366699698006630159 -1.5199049750296291794 -2.5342363591983727567 7.2669631277848286654e-008 
2.6999999999998136602 0.27371671428794142056 -1.520612750054138651 -2.5342363848523921099 7.7635297132536832184e-008 
2.7249999999998109068 0.27376596076902520727 -1.5209371969808791469 -2.5342364004745188133 3.3610678754767321464e-008 
2.7499999999998081535 0.27376924563279392277 -1.5204907776789082785 -2.5342364125818210852 4.4552357058299708255e-008 
2.7749999999998054001 0.2737553458235099102 -1.5202922869898602976 -2.5342364237724486209 3.521794030557906582e-008 
2.7999999999998026468 0.27376082072271346046 -1.5200478815402285182 -2.5342364359925904083 3.8821711569038254991e-008 
2.8249999999997998934 0.27375601658010045858 -1.5194659481554992908 -2.5342364437410735967 1.6749913340965155271e-008 
2.84999999999979714 0.27372676180582650174 -1.5197130082056313771 -2.5342364508834829273 3.0687827421767990182e-008 
2.8749999999997943867 0.27370865237235270095 -1.5203938702215293866 -2.5342364584397500948 1.7648834812406784427e-008 
2.8999999999997916333 0.27372101532247555822 -1.52069381076447252 -2.5342364635801657435 1.6925810235162155325e-008 
2.92499999999978888 0.27374378370035012953 -1.520539408748714294 -2.5342364679620943413 1.3712449149671029316e-008 
2.9499999999997861266 0.27375529617523208792 -1.5201495050155937605 -2.5342364724297401501 1.4604039745684019595e-008 
2.9749999999997833733 0.27375947581729936919 -1.5199201783825169176 -2.5342364761351809932 1.0347284660949711232e-008 
2.9999999999997806199 0.27375804217560700815 -1.519926523108930283 -2.5342364792452971578 9.2874033004586205916e-009 
3.0249999999997778666 0.27374362011419245411 -1.5201718428495787361 -2.5342364813684143954 7.2497791756445084316e-009 
3.0499999999997751132 0.27372696216302150329 -1.5203236977042515754 -2.5342364841048734547 8.2959708949845832149e-009 
3.0749999999997723599 0.27372163832930174188 -1.5202222083302994182 -2.5342364857767711861 4.6389040979732977336e-009 
3.0999999999997696065 0.27373022624975473782 -1.5202270794406163024 -2.5342364876523819639 6.7806332527979171068e-009 
3.1249999999997668532 0.27374796617018865019 -1.5202618446236650929 -2.5342364890735344929 2.9648775240517567888e-009 
3.1499999999997640998 0.27375672207965762173 -1.5201356022007810331 -2.5342364901256808629 4.1356144843635684503e-009 
3.1749999999997613465 0.27375095174204250315 -1.5199937944010573077 -2.5342364912381110109 3.3468638293592316326e-009 
3.1999999999997585931 0.27374396332365713569 -1.5201145958161990102 -2.5342364923113889219 3.4572833727757263441e-009 
3.2249999999997558398 0.27373643834594663105 -1.5203453246393738851 -2.5342364930839815784 1.6246618601126870893e-009 
3.2499999999997530864 0.27373021173463457645 -1.5202733162829269453 -2.5342364935581165319 1.9342636027231350398e-009 
3.274999999999750333 0.27373525639462309433 -1.5201761094663988061 -2.5342364942087587387 2.2900306949830387599e-009 
3.2999999999997475797 0.27374531505210081272 -1.5202109849601885827 -2.5342364948711462169 1.7286267988546374054e-009 
3.3249999999997448263 0.27374941424160120773 -1.5201313128436164668 -2.5342364952037308434 7.966433474040500717e-010 
3.349999999999742073 0.27374447655867195639 -1.5200718969413704595 -2.5342364954970304503 1.1643540314928084868e-009 
3.3749999999997393196 0.27373682198254944975 -1.5201207920235766391 -2.5342364958582410672 1.1739233398602017255e-009 
3.3999999999997365663 0.27373954822796792152 -1.5202272149128390755 -2.5342364962028174347 1.0282990261437378303e-009 
3.4249999999997338129 0.27374520603478530445 -1.5202944496266221908 -2.5342364963965224867 3.4105077793262293154e-010 
3.4499999999997310596 0.27373990146892984709 -1.5202222916904559735 -2.5342364965601209548 7.8779802972913755939e-010 
3.4749999999997283062 0.27373605503232983915 -1.5201631877861649933 -2.534236496767028779 4.7832902695456289608e-010 
3.4999999999997255529 0.27374220150580580446 -1.520147716555497297 -2.5342364969094046678 5.7565462127363281602e-010 
3.5249999999997227995 0.27374694317500053442 -1.5201429268439889952 -2.5342364970612822894 3.3712911799446220483e-010 
3.5499999999997200462 0.27374469068651607895 -1.5201902971977645507 -2.5342364971503035243 3.0269994063233448719e-010 
3.5749999999997172928 0.27373883432234674684 -1.5201931175321234946 -2.5342364972374515908 2.8664928664125036817e-010 
3.5999999999997145395 0.27373641784047730852 -1.5201695514739401727 -2.534236497326848081 2.8974539581242553808e-010 
3.6249999999997117861 0.27374057927598921536 -1.5201897522947329655 -2.534236497410304878 2.5626555530952440369e-010 
3.6499999999997090327 0.2737437005353550723 -1.5201933387471546766 -2.5342364974683091461 1.2616128319893265066e-010 
3.6749999999997062794 0.2737429972464869854 -1.5201749044800965116 -2.534236497500994556 1.230644079416506258e-010 
3.699999999999703526 0.27374234673453162747 -1.5201826703856116119 -2.5342364975546147754 2.1417217940711784391e-010 
3.7249999999997007727 0.27374092325785670532 -1.5202062089969377023 -2.5342364976067366378 1.0907682395294572906e-010 
3.7499999999996980193 0.27374008938554966752 -1.520190935422809364 -2.5342364976293700884 7.6220251755177867384e-011 
3.774999999999695266 0.2737416216124252677 -1.5201624134083726592 -2.5342364976541031929 6.9449138905354553806e-011 
3.7999999999996925126 0.27374182359798571174 -1.5201692639663726414 -2.5342364976798763543 1.1553515384257162235e-010 
3.8249999999996897593 0.27374090978551574027 -1.5201766871027677652 -2.534236497709335012 5.6824712576702849421e-011 
3.8499999999996870059 0.27374120379476529763 -1.5201760510559432227 -2.5342364977208564625 4.1308962385466087149e-011 
3.8749999999996842526 0.27374149196375424653 -1.5201846130334208951 -2.5342364977360691825 5.0081713689927144185e-011 
3.8999999999996814992 0.27374191348658494238 -1.5201990247982282156 -2.5342364977501405932 4.8221727662640486018e-011 
3.9249999999996787459 0.27374218561506630243 -1.5202006798092790874 -2.5342364977635201129 3.3755833867461135451e-011 
3.9499999999996759925 0.27374116109466734015 -1.5201797893558333108 -2.534236497772321961 2.9980171014732711585e-011 
3.9749999999996732392 0.2737405902752329534 -1.5201745172037557374 -2.5342364977806379756 2.3440643528178998261e-011 
3.9999999999996704858 0.2737411077372170487 -1.5201765854322308869 -2.5342364977875719845 2.4522339428268331527e-011 
4.0249999999996788347 0.27374164107222581643 -1.520166700650170899 -2.534236497794484233 1.8252651413574538502e-011 
4.0499999999996871836 0.27374197620981449708 -1.5201803350877645116 -2.5342364978000073705 2.0916298710087244318e-011 
4.0749999999996955324 0.27374152457506506497 -1.5201968747182190711 -2.534236497804823518 8.7359924744517889094e-012 
4.0999999999997038813 0.27374102121268001353 -1.5201898361069470234 -2.5342364978077576154 1.4225670242668721304e-011 
4.1249999999997122302 0.27374154995389754497 -1.5201824835228621158 -2.5342364978121936225 1.1640132140771648383e-011 
4.1499999999997205791 0.27374168179857710781 -1.5201804561164440344 -2.534236497814914113 8.8237282830807203554e-012 
4.1749999999997289279 0.27374114679168487507 -1.5201793698565069235 -2.5342364978175537793 6.8521200419729328254e-012 
4.1999999999997372768 0.2737412854891477787 -1.5201770450131624202 -2.5342364978193305802 6.9776894235502209765e-012 
4.2249999999997456257 0.27374160423968674216 -1.5201802733129192724 -2.5342364978216584959 6.8669766016558458933e-012 
4.2499999999997539746 0.27374141768679172149 -1.5201895061537302745 -2.5342364978231679551 3.7664843081286973971e-012 
4.2749999999997623235 0.2737412018608054165 -1.5201870126291261442 -2.5342364978244025231 4.4453326615133333958e-012 
4.2999999999997706723 0.27374129669378260976 -1.5201799514408542713 -2.5342364978257370112 4.4799744012976162199e-012 
4.3249999999997790212 0.27374166302351810032 -1.5201806365118621933 -2.5342364978268592246 2.5138733918798276468e-012 
4.3499999999997873701 0.27374179792758857044 -1.5201804303134900387 -2.5342364978275302434 2.5833313402982870093e-012 
4.374999999999795719 0.27374144934219674097 -1.5201785253074244775 -2.5342364978283722365 2.589587594997886065e-012 
4.3999999999998040678 0.27374120706259025271 -1.5201828799316827734 -2.5342364978290978783 2.4226483713577644788e-012 
4.4249999999998124167 0.27374126083176625324 -1.5201893218492652515 -2.5342364978296920697 1.123242931615116678e-012 
4.4499999999998207656 0.27374130805498048113 -1.5201856492689507228 -2.5342364978299802836 1.5205429306074918791e-012 
4.4749999999998291145 0.27374138832852462633 -1.5201782872158320359 -2.5342364978305425005 1.5897627918974083343e-012 
4.4999999999998374633 0.27374150005657343909 -1.5201796512034588815 -2.5342364978309088741 1.0753914404770336741e-012 
4.5249999999998458122 0.27374152306114241107 -1.52018327847405188 -2.5342364978312015289 7.8204065338668395986e-013 
4.5499999999998541611 0.27374149007642745168 -1.5201829118295517862 -2.5342364978314138035 7.8829239016260536428e-013 
4.57499999999986251 0.27374144223531471365 -1.5201813759193310016 -2.534236497831679813 8.4100706389584061503e-013 
4.5999999999998708589 0.27374145893416174102 -1.5201822764072090433 -2.534236497831888979 5.581038646891221043e-013 
4.6249999999998792077 0.27374148842341533561 -1.5201842333098718463 -2.5342364978320444102 5.2720239327470969786e-013 
4.6499999999998875566 0.27374134861248400341 -1.5201829829723441101 -2.5342364978321940683 4.1587317138694257471e-013 
4.6749999999998959055 0.27374120289250891691 -1.5201817823007819364 -2.5342364978323055347 3.5336251265065042783e-013 
4.6999999999999042544 0.27374132059119932192 -1.5201820037503130933 -2.5342364978324094515 3.7961505917576854872e-013 
4.7249999999999126032 0.27374154294017838396 -1.5201816486293844299 -2.5342364978325306879 3.2062897127959856587e-013 
4.7499999999999209521 0.27374156706407559714 -1.52018285136914999 -2.5342364978325946367 1.8357581818263053312e-013 
4.774999999999929301 0.27374143746271695221 -1.5201837649318767909 -2.5342364978326568092 1.8939228654022274576e-013 
4.7999999999999376499 0.27374140414178965708 -1.5201826227958123994 -2.5342364978327083236 2.0649263499012565568e-013 
4.8249999999999459988 0.27374146689753803274 -1.5201814773038080375 -2.5342364978327838188 2.168512832173024597e-013 
4.8499999999999543476 0.27374144705547964751 -1.5201812149522848649 -2.5342364978328180136 5.4249295931375648509e-014 
4.8749999999999626965 0.27374135283710127053 -1.5201822282608463688 -2.5342364978328424385 1.2035879998835688565e-013 
4.8999999999999710454 0.27374131017045361114 -1.520183108829105123 -2.5342364978328815184 1.212652648740901611e-013 
4.9249999999999793943 0.2737413686431198756 -1.5201833212250797089 -2.5342364978329157132 1.0061020549710589418e-013 
4.9499999999999877431 0.27374147804421750108 -1.5201833878896808816 -2.5342364978329365854 4.671573116286962404e-014 
4.974999999999996092 0.27374152587335431885 -1.5201822688940436201 -2.5342364978329525727 5.7567336531724234768e-014 
