0.025000000000000015266 0.59609811283869618137 0.00048765077211331345208 -2.2455325053590269313 0.040423550616825738857 
0.05000000000000003747 0.5716874498020531048 0.017118625119683650304 -2.2541867655322129771 0.057972108669120656077 
0.075000000000000052736 0.43134610181082300162 -0.0074486017675011173544 -2.2768593078655285922 0.093211878615826873618 
0.10000000000000007494 0.39432774516672203236 -0.053759738119709243875 -2.3150819652028484796 0.1081195130782788838 
0.12500000000000008327 0.23092980655094785813 -0.41024720880152831803 -2.3399935424557130048 0.056212388391834955392 
0.15000000000000010547 0.22440685019655484678 -1.9955936804419769359 -2.3554122158594816838 0.04990239085874269287 
0.17500000000000012768 0.30214802431047310671 -2.5421476413318782051 -2.3712627616707671052 0.051526219961171071393 
0.20000000000000014988 0.23988651761729723466 -1.514433114205236075 -2.3853943400828283572 0.028799553695038868778 
0.22500000000000017208 0.22303395367976230901 -1.9327572081718638053 -2.3938049828881191594 0.033584249569042330663 
0.25000000000000016653 0.26176130778858902604 -1.4510089110461632522 -2.4072859060466020864 0.047106195309091485057 
0.27500000000000018874 0.29177874036148065962 -0.041223057491794556917 -2.4201802725224794699 0.035547933852356564111 
0.30000000000000021094 0.34256538569871824995 -0.0085858864849051030887 -2.4309652947508482157 0.030980424861426582306 
0.32500000000000023315 0.35622418078026707455 0.18658684635795796947 -2.4419838081168192545 0.034203238891290656254 
0.35000000000000025535 0.36109567014372367932 -0.38847173051049127546 -2.4510605596747936374 0.032183216202656975136 
0.37500000000000027756 0.30025343929331266279 -1.6941284700261991514 -2.4610911163881743491 0.024397228384278105834 
0.40000000000000029976 0.23097575767552902537 -1.8572781776030409251 -2.4664185655721309054 0.01124052547860968955 
0.42500000000000032196 0.28732391036439314247 -1.8120664146758747037 -2.4712709712497060721 0.018267949529521442659 
0.45000000000000034417 0.32868659588181137199 -1.0441613574276926713 -2.4766448172651118753 0.017510505619817141182 
0.47500000000000036637 0.33543257255236663683 -0.44665076188662883316 -2.4813358363296056375 0.012078086521222284114 
0.50000000000000033307 0.36543227858983495793 -1.0478418625393897123 -2.4858840649196682904 0.013735528606598362139 
0.52500000000000035527 0.33098367234911785228 -1.1863935456918621725 -2.4899557329229820013 0.014932618209005536769 
0.55000000000000037748 0.28127689140370221166 -1.4025894911938019405 -2.4960761117724952207 0.024137973054651814392 
0.57500000000000039968 0.24918499302273083851 -1.7708709499273846966 -2.5035970531669566874 0.019321029927037738222 
0.60000000000000042188 0.22368241438106756247 -1.7735241597021280668 -2.5076235711329197819 0.0083506304179670545751 
0.62500000000000044409 0.2430457440530874591 -1.9460333017567748026 -2.5106205387538622631 0.011122617236489372797 
0.65000000000000046629 0.26768739983842948504 -1.9153401953505357902 -2.5144294165354499349 0.012185457553519320889 
0.6750000000000004885 0.26588413472896937906 -1.4864230888003011621 -2.5173161185728858413 0.0050867405265116998753 
0.7000000000000005107 0.28311367575776080763 -1.380384096427488938 -2.5195563383909753696 0.010348458953133288923 
0.72500000000000053291 0.28810778098718770046 -1.2647114550520277554 -2.5220990507911755785 0.0052045153934204731183 
0.75000000000000055511 0.27115527851151727257 -1.2204044995182976585 -2.5237696640369922108 0.0049976981993433049548 
0.77500000000000057732 0.26954368431457070843 -1.5740729549548553301 -2.5251163048255871324 0.004643046965859801492 
0.80000000000000059952 0.26468521713742854118 -1.7933517096341708985 -2.5266724439309076189 0.0035509237727575997633 
0.82500000000000062172 0.26566408369767080533 -1.6921538838555911788 -2.5275379865785843059 0.0035951133525324321071 
0.85000000000000064393 0.27441753077150699003 -1.4785734883878332013 -2.5287593694359489227 0.0030519093445399493071 
0.87500000000000066613 0.26925070071896400892 -1.3269962994019972591 -2.5295694571269047302 0.0020071136618511472779 
0.90000000000000068834 0.27226649987435180833 -1.4144780230873217342 -2.530030484896042875 0.00157437506948694423 
0.92500000000000071054 0.27607944393242517256 -1.5581639816763166451 -2.5307382852128070816 0.0024116746241130467693 
0.95000000000000073275 0.26955363642385227196 -1.5913462696796680795 -2.5313284783112477427 0.0014498828039178303026 
0.97500000000000075495 0.27148890250206769714 -1.6467568659080462634 -2.5317399746282558404 0.0010203597183262636851 
1.0000000000000006661 0.27608788663067185265 -1.5847635921670175652 -2.5320644491058179604 0.0011726889569109034527 
1.0249999999999979128 0.27314827387072709852 -1.4196095696330108815 -2.5323572804297733718 0.00071693385295499212004 
1.0499999999999951594 0.2728024389993898291 -1.4743796327891167675 -2.5326714917447152864 0.0010822134943493861344 
1.0749999999999924061 0.27351230642779034152 -1.5215005909658354533 -2.532919259702444581 0.00062555904463363698823 
1.0999999999999896527 0.27478725665784092813 -1.4529336791070273094 -2.5331033940874343457 0.00044774055805533953447 
1.1249999999999868994 0.27747647581932360916 -1.5127408197351135399 -2.533239330518798571 0.00050613604395942975861 
1.149999999999984146 0.2715843210831698773 -1.5556103935138199112 -2.5334048976238419115 0.00044072934450782114352 
1.1749999999999813927 0.26711092346465292735 -1.5523531878663159311 -2.5335270689069524508 0.00040621822116075232897 
1.1999999999999786393 0.26986642934035176555 -1.5710510588898420892 -2.533636355108042526 0.00023558886669748256223 
1.224999999999975886 0.27280791092724110403 -1.5425019827622326041 -2.5337156850529654051 0.00028047334470508971781 
1.2499999999999731326 0.27868809601402166898 -1.5236639128387583497 -2.5337933276886053235 0.00021966134155142137858 
1.2749999999999703792 0.28050000492792731555 -1.4745528955035092089 -2.5338619423217485505 0.00020258600619795790626 
1.2999999999999676259 0.27372798693224903444 -1.4441026656346913626 -2.5339173230889677768 0.00014409445670862785897 
1.3249999999999648725 0.27022268552130651598 -1.5330138085809390525 -2.5339605769744451003 0.00013341910714857730096 
1.3499999999999621192 0.27082859670012471298 -1.5611898889580788641 -2.5340006100260223931 0.00012696305492355887574 
1.3749999999999593658 0.27241822617185995625 -1.5171542723358064642 -2.5340394393643199678 0.0001036524908167408231 
1.3999999999999566125 0.27516900875504624047 -1.5335293521634176805 -2.5340669759845075859 7.4260066482569297682e-005 
1.4249999999999538591 0.27457528307752371299 -1.5349396168143827346 -2.5340893957680288295 7.6946099006334494242e-005 
1.4499999999999511058 0.2731724198543972193 -1.51229925121954345 -2.5341135980989104581 6.2586740824487882345e-005 
1.4749999999999483524 0.27400228357659472955 -1.5238153118035713263 -2.5341296054248041436 4.81527572863407955e-005 
1.4999999999999455991 0.27368118507701011399 -1.5233261267602480338 -2.5341466728459742797 5.3567051305519928985e-005 
1.5249999999999428457 0.27397889462870533839 -1.5012653425544777441 -2.5341613074760673818 4.0071529704636351429e-005 
1.5499999999999400924 0.27470693864225537162 -1.4987188232739754312 -2.5341701635210474031 1.7770467448519719109e-005 
1.574999999999937339 0.27318291685146101067 -1.5220139782378132587 -2.5341790982521326114 3.7989991352247950724e-005 
1.5999999999999345857 0.2726942763404099912 -1.542678102307246446 -2.5341895083897481022 2.6639110690622056827e-005 
1.6249999999999318323 0.27345628269117233655 -1.5317716875626903317 -2.5341963478905609186 1.5410332306766010599e-005 
1.649999999999929079 0.27384319667997431003 -1.5158786595643214401 -2.5342010386866355987 1.8755891728493027308e-005 
1.6749999999999263256 0.27482648498439948836 -1.5246149132578650232 -2.5342072226929799328 1.4491803355066276403e-005 
1.6999999999999235722 0.27439120935022776049 -1.5162794822728558053 -2.5342109367537375419 1.3183413568956862567e-005 
1.7249999999999208189 0.27287436646973922683 -1.4995471089643475082 -2.5342147682231579431 9.8977355425340801957e-006 
1.7499999999999180655 0.27306838887506085234 -1.5226526871260925855 -2.5342183396405193463 1.0914336611830410541e-005 
1.7749999999999153122 0.27353994658678926211 -1.5358981746561295445 -2.534220656714397002 6.3268522256336748335e-006 
1.7999999999999125588 0.27376726138043339098 -1.5184062229538972666 -2.5342231074377421507 7.2803354686954783247e-006 
1.8249999999999098055 0.27427818137566889467 -1.5174920750959395299 -2.5342250580431855411 5.8970231218219065081e-006 
1.8499999999999070521 0.27398680604948960626 -1.522126197186877361 -2.5342267035063632541 3.9956305642422851256e-006 
1.8749999999999042988 0.27380297778369866446 -1.5188796988810260302 -2.5342281362103467046 5.4785097552595919457e-006 
1.8999999999999015454 0.2739011100103792562 -1.5182926055692402834 -2.5342294246087253562 2.5322066766469033615e-006 
1.9249999999998987921 0.27340662973997981178 -1.518477227785951289 -2.5342304215538997703 3.3612397655071421722e-006 
1.9499999999998960387 0.27349807077832627433 -1.5220313820121629256 -2.5342313359584780486 3.0625821231800294052e-006 
1.9749999999998932854 0.27387165148386777291 -1.5209577036264221306 -2.5342321516487857913 1.402373269421128294e-006 
1.999999999999890532 0.27357795120564704083 -1.5189675361106584894 -2.5342325916101042793 2.0635256631583818665e-006 
2.0249999999998880007 0.27359643964972857333 -1.5248970864772131151 -2.5342332998443968251 1.9326468100912929002e-006 
2.0499999999998852473 0.27386712475697166935 -1.5211219491415870486 -2.5342338420017074263 1.5033718471036225411e-006 
2.074999999999882494 0.27389589858971891134 -1.5140237123628239591 -2.5342341439634159528 6.6636171982739049937e-007 
2.0999999999998797406 0.27393496746475104464 -1.5191327147076498782 -2.5342344754888759262 1.1466362424352194273e-006 
2.1249999999998769873 0.27375560040253110738 -1.5219663874807616288 -2.5342347605968162938 9.24232910225122014e-007 
2.1499999999998742339 0.27364710118673296613 -1.5201914179147117956 -2.5342350718021333655 8.2316537604498781267e-007 
2.1749999999998714806 0.27377361515550191484 -1.5221133793901069353 -2.5342352847005988892 5.5897009749777967997e-007 
2.1999999999998687272 0.27361405782661718522 -1.5217626514030095919 -2.5342354266093556348 4.0138986514106085317e-007 
2.2249999999998659739 0.27357610905961848857 -1.5184455290230149949 -2.5342355775367715331 5.3820255291866846387e-007 
2.2499999999998632205 0.27380710635798444219 -1.518275874073018894 -2.5342357312616159426 4.1396140266463291138e-007 
2.2749999999998604672 0.27376741419421196655 -1.5203326086618025315 -2.5342358510308002906 3.0795806932448788903e-007 
2.2999999999998577138 0.27374737003653726308 -1.5214188465813860418 -2.534235936722775584 2.8761436228359940245e-007 
2.3249999999998549605 0.27386308109200374616 -1.5206580883199851684 -2.5342360164662798283 1.9318775009446602662e-007 
2.3499999999998522071 0.27378493905718437329 -1.5197446521236035455 -2.534236085534656624 2.4970942631536022591e-007 
2.3749999999998494538 0.27369556537144235087 -1.5203245708685444448 -2.5342361548675058636 1.7058176376137292781e-007 
2.3999999999998467004 0.27369067201699665004 -1.5197559583854236553 -2.5342362015981949597 1.3757173480574082947e-007 
2.4249999999998439471 0.2737189035484021149 -1.5191490989374933918 -2.5342362407647689437 1.1543010043055073889e-007 
2.4499999999998411937 0.27378351737696848822 -1.5212739256336176297 -2.5342362818663413115 1.2896221915556155863e-007 
2.4749999999998384403 0.27372342109210590078 -1.5211312710862685549 -2.5342363150458506738 9.0748640809603360612e-008 
2.499999999999835687 0.27366746307903067059 -1.5190719586359802129 -2.5342363412073733997 6.7988383911781693618e-008 
2.5249999999998329336 0.27375793773007534027 -1.5200251592254740984 -2.5342363615665526311 6.830249332817443193e-008 
2.5499999999998301803 0.27379345292488227459 -1.520784953819765084 -2.5342363837318053754 6.1875317848499507029e-008 
2.5749999999998274269 0.27378344967552431521 -1.5200460932752146714 -2.5342363995794729981 4.6411047065104629422e-008 
2.5999999999998246736 0.27377239669215508444 -1.5200673645425097913 -2.5342364145391456098 4.654108729360750457e-008 
2.6249999999998219202 0.27368593725552126106 -1.520216123555305554 -2.5342364286212437641 3.3890003127199617983e-008 
2.6499999999998191669 0.27366671215824883712 -1.5203081352242988622 -2.5342364356474460507 2.1465282558873888271e-008 
2.6749999999998164135 0.27374416766538062218 -1.5200169298577281829 -2.5342364447333363131 3.2904961649130965064e-008 
2.6999999999998136602 0.27378348395559998218 -1.5198073201835979873 -2.5342364549862379519 2.7438046194081200537e-008 
2.7249999999998109068 0.27378997496063028905 -1.5204450983790942509 -2.5342364604253102556 1.0079735436927375713e-008 
2.7499999999998081535 0.27375966556544545361 -1.5203421462881365755 -2.5342364652461832897 2.0667953374844999381e-008 
2.7749999999998054001 0.27370751780972224498 -1.5199989748720024174 -2.5342364703170310314 1.1034143296441746036e-008 
2.7999999999998026468 0.27370347761910029938 -1.5205081630092400768 -2.5342364742511591658 1.2398144328069372455e-008 
2.8249999999997998934 0.27372154569497358922 -1.5204225843382022099 -2.5342364778683665882 1.2764991388487703295e-008 
2.84999999999979714 0.27374830117688075948 -1.5199164487150507163 -2.534236481199866553 5.5675919506725147991e-009 
2.8749999999997943867 0.27377517459094746766 -1.5200146677665848927 -2.5342364829338990262 7.7861927206519003082e-009 
2.8999999999997916333 0.27375603992468228176 -1.5200744639974166361 -2.5342364854706564969 6.8152300900300903858e-009 
2.92499999999978888 0.27373431589970631528 -1.519952873819828687 -2.5342364873263703018 4.9870765926336760864e-009 
2.9499999999997861266 0.27373883480774074961 -1.520166627882872934 -2.5342364886079553621 4.3374229549307618095e-009 
2.9749999999997833733 0.27373663556756255844 -1.5205090962296909929 -2.534236490327395952 4.4322214680117849125e-009 
2.9999999999997806199 0.27373994024153375237 -1.5205621921660701368 -2.5342364911799375449 2.7230418991737246575e-009 
3.0249999999997778666 0.27374091877079742563 -1.5202351129555946585 -2.5342364921680080592 2.88135667020626071e-009 
3.0499999999997751132 0.27372981561102688319 -1.5199127203664914987 -2.5342364931280356721 2.8839632736568053505e-009 
3.0749999999997723599 0.27373899383810518238 -1.5199974471355206518 -2.534236493726239825 1.3502902362909774834e-009 
3.0999999999997696065 0.2737519353089006291 -1.5200988556722183631 -2.5342364942994612953 2.0301092752516708485e-009 
3.1249999999997668532 0.27374817976753040849 -1.5200844718094683738 -2.5342364948587396967 1.693139057257137494e-009 
3.1499999999997640998 0.2737451249941450504 -1.5203039361768322379 -2.5342364953617697587 1.1148807470648881613e-009 
3.1749999999997613465 0.2737392300043510196 -1.5203745915916422327 -2.5342364956527099196 1.0715347135455705354e-009 
3.1999999999997585931 0.27373384805589251467 -1.5202066484483185427 -2.5342364959468057783 7.1548398753677637124e-010 
3.2249999999997558398 0.27373773660232225691 -1.5201940769908559581 -2.5342364962566286124 1.1089111535659195834e-009 
3.2499999999997530864 0.27374155039648490062 -1.5201554993297086149 -2.5342364965091057627 6.0137253847082005533e-010 
3.274999999999750333 0.2737471831388699206 -1.5200957835218826819 -2.5342364966995947206 5.1129023919573770163e-010 
3.2999999999997475797 0.27374763232905696686 -1.5201496886942766906 -2.5342364968351756005 4.6595109986199749617e-010 
3.3249999999997448263 0.27373735554450345786 -1.5201672265287724528 -2.5342364969958426357 4.2807735075959930234e-010 
3.349999999999742073 0.2737360617472574531 -1.5201963263299675955 -2.5342364971203816815 4.2647572640917568057e-010 
3.3749999999997393196 0.2737411298900598311 -1.5202152113345093198 -2.5342364972315274407 2.5295403201629410486e-010 
3.3999999999997365663 0.27374091239259068509 -1.5202012862330138709 -2.5342364973139233086 2.6200330928396468447e-010 
3.4249999999997338129 0.27374349302433048647 -1.5202228056953548396 -2.5342364973886946089 2.2409515636253969379e-010 
3.4499999999997310596 0.27374485970330547646 -1.5201669080381958743 -2.5342364974545583678 1.8202953454662190581e-010 
3.4749999999997283062 0.27374154421496282863 -1.5201217933018320583 -2.5342364975108435665 1.7917272040628113798e-010 
3.4999999999997255529 0.2737410956504066073 -1.5201909850574564231 -2.5342364975599114274 1.2016549995671666016e-010 
3.5249999999997227995 0.27374043498312716771 -1.5202057330747269503 -2.5342364975967957008 1.2136592856895143848e-010 
3.5499999999997200462 0.27373937719815849556 -1.5201795419249786168 -2.5342364976321594128 1.097888260499253879e-010 
3.5749999999997172928 0.27374078525902600934 -1.520197275227727074 -2.5342364976666518217 7.9535540299055700585e-011 
3.5999999999997145395 0.27374126792955771892 -1.5201797822137921301 -2.5342364976838980262 6.1176997748959745509e-011 
3.6249999999997117861 0.27374263976913454366 -1.5201491013061514401 -2.5342364977086910827 7.6872340257521999743e-011 
3.6499999999997090327 0.2737436707097389843 -1.5201756414005251905 -2.5342364977276350402 4.944127634123425825e-011 
3.6749999999997062794 0.27374110729329559355 -1.5202051266774807559 -2.5342364977426550254 4.066655327127876817e-011 
3.699999999999703526 0.27374030289565620677 -1.5201981909710378105 -2.5342364977563112127 4.9531972918153577834e-011 
3.7249999999997007727 0.27374117066796355147 -1.5201805961772509868 -2.5342364977677704907 2.0182767588173840654e-011 
3.7499999999996980193 0.27374076225678600771 -1.5201754203105966035 -2.5342364977752436239 2.9839402888084106149e-011 
3.774999999999695266 0.27374172112588734951 -1.5201857229564563756 -2.5342364977850695418 3.0863535804885060081e-011 
3.7999999999996925126 0.27374208835837893217 -1.5201797713076241614 -2.5342364977935689652 1.9611846508810995693e-011 
3.8249999999996897593 0.27374092698434676629 -1.5201709931734757042 -2.534236497797889065 1.2834524410209116676e-011 
3.8499999999996870059 0.27374155921402060221 -1.520188855103983272 -2.5342364978029841005 1.544148084576392795e-011 
3.8749999999996842526 0.27374216256425309979 -1.520183556788114565 -2.5342364978073756987 1.4685994754582984112e-011 
3.8999999999996814992 0.27374151666811313843 -1.5201683568437023286 -2.534236497811479083 1.0655152378688265115e-011 
3.9249999999996787459 0.27374110552027447474 -1.5201893543671665121 -2.5342364978150992982 1.0088836780797241009e-011 
3.9499999999996759925 0.2737405747288234048 -1.5201968902577598364 -2.5342364978170954792 5.3116595067653459666e-012 
3.9749999999996732392 0.27374088723229950126 -1.5201843429112888995 -2.5342364978193629987 7.8003144837896418571e-012 
3.9999999999996704858 0.27374188875646243702 -1.5201824914238488695 -2.5342364978216855853 7.1110436660458418243e-012 
4.0249999999996788347 0.27374191694370036965 -1.5201772899640544345 -2.5342364978234588335 3.1580917339280076495e-012 
4.0499999999996871836 0.27374192773711020221 -1.5201746705455092545 -2.5342364978245557339 5.0986660244536571519e-012 
4.0749999999996955324 0.27374178945080174241 -1.5201795452058415314 -2.5342364978259710462 3.2438536235120727533e-012 
4.0999999999997038813 0.27374092008652461949 -1.520183284120565137 -2.534236497827040413 3.0829943125538059566e-012 
4.1249999999997122302 0.27374089599770068393 -1.5201862241020123179 -2.534236497827811796 2.6968997988435250005e-012 
4.1499999999997205791 0.27374138675874332138 -1.5201831283735398603 -2.5342364978287399424 2.2419216127320143927e-012 
4.1749999999997289279 0.27374142499252523963 -1.5201835841890121159 -2.5342364978292564182 1.6502784575713055438e-012 
4.1999999999997372768 0.27374154579249121433 -1.5201887749136160366 -2.5342364978298062006 1.601113323401758548e-012 
4.2249999999997456257 0.27374147991926228718 -1.5201824439053606142 -2.5342364978303701939 1.8797211352238706173e-012 
4.2499999999997539746 0.27374131619618818911 -1.5201765178691331037 -2.5342364978307601042 7.4837758267758560617e-013 
4.2749999999997623235 0.27374154862638822028 -1.520180670801061229 -2.5342364978310696344 9.8815676197587389903e-013 
4.2999999999997706723 0.2737416277482864202 -1.5201811776397773368 -2.5342364978313258739 8.9828066515641345763e-013 
4.3249999999997790212 0.27374152022950420937 -1.5201805469515798919 -2.5342364978316314073 8.3645000468646439646e-013 
4.3499999999997873701 0.27374139868348035254 -1.5201855005950457578 -2.5342364978318645541 6.6600656143723481619e-013 
4.374999999999795719 0.27374114573472596579 -1.5201863523421437208 -2.5342364978320204294 3.468403183600713775e-013 
4.3999999999998040678 0.2737412296228179942 -1.5201822709676438006 -2.5342364978321598734 5.1702183916897744464e-013 
4.4249999999998124167 0.27374151300255766817 -1.5201809713964822279 -2.5342364978322993174 4.1274680045061547777e-013 
4.4499999999998207656 0.27374150013471804099 -1.5201814429558417885 -2.5342364978324312119 3.2812059813886897878e-013 
4.4749999999998291145 0.27374148120757452185 -1.5201820389047997484 -2.5342364978325182534 3.009959812277028602e-013 
4.4999999999998374633 0.27374147884260163766 -1.5201827138785466431 -2.5342364978326026304 1.9748304688819742791e-013 
4.5249999999998458122 0.27374137323930958221 -1.5201831691169032101 -2.5342364978326687996 2.1681423468065182708e-013 
4.5499999999998541611 0.27374140420655213024 -1.5201832270826871607 -2.5342364978327274194 1.6704543868863559052e-013 
4.57499999999986251 0.27374147108464713662 -1.5201810644116204863 -2.534236497832785151 1.7895068725817520991e-013 
4.5999999999998708589 0.27374146346135408425 -1.520180827505243526 -2.5342364978328277836 1.1223376660782808971e-013 
4.6249999999998792077 0.27374143017510399467 -1.520183850211505483 -2.5342364978328628666 9.2207107928188422696e-014 
4.6499999999998875566 0.27374132442799065101 -1.5201832928748935103 -2.534236497832894397 1.1421736292175163063e-013 
4.6749999999998959055 0.27374132570603343373 -1.5201817143719942305 -2.5342364978329232628 7.0274232597697890849e-014 
4.6999999999999042544 0.27374145767710261756 -1.5201829959128190239 -2.5342364978329459113 6.2647658128890590578e-014 
4.7249999999999126032 0.27374148603795606105 -1.5201829428159583379 -2.5342364978329650071 6.7048086479039110108e-014 
4.7499999999999209521 0.27374146342615551797 -1.5201819470460247175 -2.5342364978329832148 4.4124445480211686262e-014 
4.774999999999929301 0.27374144780744308347 -1.5201820812578656916 -2.5342364978329952052 4.0962960427320910082e-014 
4.7999999999999376499 0.27374140146002595708 -1.5201822936388820207 -2.5342364978330107483 4.071882360006987356e-014 
4.8249999999999459988 0.27374140026840454443 -1.5201822708393546435 -2.5342364978330196301 2.4610634480430186064e-014 
4.8499999999999543476 0.27374140817125119929 -1.5201821027632291816 -2.5342364978330271796 2.4074309977948503036e-014 
4.8749999999999626965 0.27374140163589621988 -1.5201826222978642722 -2.5342364978330369496 3.2565225441043734045e-014 
4.8999999999999710454 0.27374143723124372274 -1.5201832661213448006 -2.5342364978330427228 1.098222543597033383e-014 
4.9249999999999793943 0.27374144608925959909 -1.5201825657787981783 -2.5342364978330471637 1.8201916610483336233e-014 
4.9499999999999877431 0.27374142382538102503 -1.5201820489866832986 -2.534236497833053825 1.2173677604163338736e-014 
4.974999999999996092 0.27374142470369350333 -1.5201824601985982621 -2.5342364978330573777 1.241273530555698459e-014 
