0.025000000000000015266 0.59656979829880063537 0.00049087812443909112359 -2.2449649662713717646 0.040758339605452817422 
0.05000000000000003747 0.57184880340779509211 0.017242791693909020889 -2.253264483612943625 0.058929200044369453582 
0.075000000000000052736 0.42991334966364114223 -0.0081289027560157434138 -2.2751402484329812381 0.095077135455508568485 
0.10000000000000007494 0.39180715541377081346 -0.054083128971914806726 -2.3120171439125063451 0.1099911064436577407 
0.12500000000000008327 0.22674591715306352535 -0.40926578176328420877 -2.3360515147450775508 0.057685496839937046298 
0.15000000000000010547 0.22186202726184514611 -2.0311262464248511783 -2.3512427409307874449 0.052500774864066721004 
0.17500000000000012768 0.30178594270051850579 -2.5990559907929555727 -2.3669564569575709534 0.053776812001974094724 
0.20000000000000014988 0.23603385523441933191 -1.5405901542451552189 -2.3809856036237970756 0.030302969451976646126 
0.22500000000000017208 0.21789735872290372232 -1.9970515271880695529 -2.3894759704843231418 0.036318075606447931813 
0.25000000000000016653 0.26104488211411047693 -1.5265132570110391264 -2.4033392632947756518 0.05167761348974865554 
0.27500000000000018874 0.29831058162797219335 -0.024857814788031395992 -2.4173967194248842105 0.044162552593854507987 
0.30000000000000021094 0.35925624125174998591 0.10788521192080835487 -2.4302500943974965075 0.03523043895333950043 
0.32500000000000023315 0.35638991242848294672 0.44481792618290993957 -2.4396790810440558417 0.0291866746340818696 
0.35000000000000025535 0.34022912912248692852 -0.23159679082314993392 -2.4488015534983875732 0.037429845830586415401 
0.37500000000000027756 0.28362510634926052511 -1.778362390395287207 -2.4583215118780556985 0.020570832580551864227 
0.40000000000000029976 0.22466509175566831691 -1.9264433529635818232 -2.4625031493356130952 0.011523081906429312807 
0.42500000000000032196 0.29278784784184253009 -1.7801745330720968319 -2.4682041906768001915 0.021106964641028395924 
0.45000000000000034417 0.33073283420634763674 -0.95138479815854981592 -2.4730098585092301633 0.016853942805715844966 
0.47500000000000036637 0.3320164629071353235 -0.43197634252832062263 -2.4782105351119017023 0.015372973978395354164 
0.50000000000000033307 0.3639093870403186104 -1.0723112996490780091 -2.4826105476705162545 0.012097617124581560091 
0.52500000000000035527 0.33769202598573216934 -1.0418094876528485315 -2.4858084876812482911 0.010528782896093312818 
0.55000000000000037748 0.31681862469580646113 -1.1766333875333128134 -2.4891424621129001338 0.012409009745407510381 
0.57500000000000039968 0.31915012966812994488 -1.4789165609745025254 -2.4924894946291815678 0.010178120505016426817 
0.60000000000000042188 0.2867466730944980835 -1.3357531965926270345 -2.4967799645230064343 0.019471309712682651621 
0.62500000000000044409 0.25150499299955630939 -1.5212816963107114177 -2.5036822641478755358 0.022967992756894508449 
0.65000000000000046629 0.23304660300846619103 -1.7529215093115528834 -2.5086082056306193699 0.011040530662989917962 
0.6750000000000004885 0.24631067922971808248 -2.0030034014973949752 -2.5119021809619228591 0.009992932512372548412 
0.7000000000000005107 0.27806694421083544277 -2.1573091584166625978 -2.5137554047693915216 0.004605116689603616642 
0.72500000000000053291 0.27170588659090710859 -1.6775535111509176645 -2.5160446282703934351 0.0095521850468156550146 
0.75000000000000055511 0.26297584375697685699 -1.2613515751424362321 -2.5188613034057416584 0.0095701158551723501666 
0.77500000000000057732 0.28032182669553562526 -1.4006327392091735273 -2.5216640707090647311 0.0076750504679755889373 
0.80000000000000059952 0.2864662540608541863 -1.5078968120432867384 -2.5232565261992263572 0.0037941751414667015257 
0.82500000000000062172 0.27200213842638815143 -1.4827613134198163181 -2.5243739292381142114 0.0043064340661264398705 
0.85000000000000064393 0.25993104130135252783 -1.5631476492154852131 -2.5258860801576505928 0.0051550373107115705223 
0.87500000000000066613 0.26247826190996098594 -1.6387148348086761906 -2.5271371840626302152 0.0032364328353166218859 
0.90000000000000068834 0.27724088580021410966 -1.6175867020203367197 -2.5281881497169993445 0.003607359114965093521 
0.92500000000000071054 0.28086807855463225003 -1.514733144691466471 -2.5289661370281844022 0.0017751941204560985586 
0.95000000000000073275 0.27217107123739336938 -1.4744903726518665543 -2.5295498009133088324 0.0022996663542339521903 
0.97500000000000075495 0.2685737428731388432 -1.4849260497018001992 -2.5302931477646568581 0.002411338469538685126 
1.0000000000000006661 0.2691238585729507915 -1.4770064941403315828 -2.5309342451015743869 0.0017746941306132893359 
1.0249999999999979128 0.27376190791488386189 -1.5426477950040193843 -2.5313702368969726031 0.0012707396516927187829 
1.0499999999999951594 0.27573135350339506022 -1.6389378345415246407 -2.5316613130236045315 0.00074374068039484073338 
1.0749999999999924061 0.27062394073203510647 -1.5486041835975750125 -2.5320389772304223719 0.0017636611930155301261 
1.0999999999999896527 0.27261875573659477556 -1.4475014743472816026 -2.5324604492901312547 0.00081047318639253457598 
1.1249999999999868994 0.27720982886533795941 -1.4817115176265924781 -2.5326423990357116445 0.00063574554404276597576 
1.149999999999984146 0.27565105153806529481 -1.4771929001231338674 -2.5328414271506587419 0.00059563000685275923306 
1.1749999999999813927 0.27327691111191521056 -1.5024859954985552157 -2.533030761503758832 0.00076415997133225056683 
1.1999999999999786393 0.26956084336412583502 -1.5851421879863050179 -2.5332490249944066285 0.00054415911075208155644 
1.224999999999975886 0.2673990369420070623 -1.5963877068493097511 -2.5333671827228352313 0.0003286295970200612507 
1.2499999999999731326 0.2723069148570637088 -1.5504077205123292238 -2.5334729259971919824 0.00036986288353672792852 
1.2749999999999703792 0.27758476312604585257 -1.4679342428793156206 -2.5335829279051993446 0.00036802301805770494536 
1.2999999999999676259 0.27948396351602688981 -1.4624945383936345245 -2.5336798851204789251 0.00025717388262484053687 
1.3249999999999648725 0.27651492336872018907 -1.524325952340402246 -2.5337612896928916051 0.00029730259262690766475 
1.3499999999999621192 0.27016751149580758851 -1.5148533623161419825 -2.5338279025431682534 0.00013155955106431525153 
1.3749999999999593658 0.26975632131524229784 -1.5259712468392232498 -2.5338725929289740435 0.00019870686094277366113 
1.3999999999999566125 0.27344749726549844038 -1.5613534027454980535 -2.5339312894978518464 0.00016305784480364523257 
1.4249999999999538591 0.27363689011946351615 -1.5282207885148701987 -2.5339751926342963806 0.00014794958482142913357 
1.4499999999999511058 0.27315696374128628499 -1.5060892650098045564 -2.5340140855704778033 8.5441073241878271404e-005 
1.4749999999999483524 0.27398212563763851835 -1.5151118587397585102 -2.5340350026871556466 9.1501966283714694758e-005 
1.4999999999999455991 0.27503536353696578232 -1.5184452804030299511 -2.5340700180053121748 0.00011150870909110816801 
1.5249999999999428457 0.27572499999823663064 -1.5201291430962577955 -2.5340941413141298 6.2649138146154268098e-005 
1.5499999999999400924 0.2738257438993489945 -1.519462808525116948 -2.5341122959563069372 5.1314354991159044227e-005 
1.574999999999937339 0.2719707780589960544 -1.5262632314999524663 -2.5341272535138923416 6.0505063780441185352e-005 
1.5999999999999345857 0.27301355143474048681 -1.5262461770792508098 -2.5341462619372308041 5.1786259316959204068e-005 
1.6249999999999318323 0.27345272664448339039 -1.5104298610679447457 -2.5341579861440370891 3.3221658044773428936e-005 
1.649999999999929079 0.27320767786154970258 -1.5081855012155671592 -2.5341669323227784538 2.8441564122564543031e-005 
1.6749999999999263256 0.27428809676520782279 -1.5255934758180238475 -2.5341776988831621331 4.2042302252662577041e-005 
1.6999999999999235722 0.27461951165950521103 -1.5331318198520107465 -2.5341878421741514948 1.9154171391220704189e-005 
1.7249999999999208189 0.27401633289616550426 -1.5244700228566716582 -2.5341921285950848031 1.8711001355181630147e-005 
1.7499999999999180655 0.27355596861260855768 -1.5193182905609337041 -2.5341986618387548624 1.9846370775442428834e-005 
1.7749999999999153122 0.273311146663114235 -1.5165190665186563113 -2.5342045279809690683 2.112523670141943952e-005 
1.7999999999999125588 0.27375040594960398099 -1.5172753979623399001 -2.5342099056418692093 1.0910363314008684929e-005 
1.8249999999999098055 0.27371516308170551479 -1.5193630656870622531 -2.5342119556671365288 8.1583736526556596463e-006 
1.8499999999999070521 0.27317693907290613309 -1.5131263212381855787 -2.5342157352904357559 1.3925165195770033576e-005 
1.8749999999999042988 0.27382351400221599524 -1.5189442862469988427 -2.5342192020112426221 9.4360252898540773969e-006 
1.8999999999999015454 0.27431636481211096878 -1.5304346587751824771 -2.5342215689008944501 6.570375996483674001e-006 
1.9249999999998987921 0.27376151788410962862 -1.5258726886078679552 -2.534223327937247916 5.4475195457718147298e-006 
1.9499999999998960387 0.27368264481271603605 -1.518875857136172236 -2.5342251276707150609 6.1681512919690422179e-006 
1.9749999999998932854 0.27384469204471806325 -1.5142562236861429881 -2.5342268218591819107 5.6420495096298268722e-006 
1.999999999999890532 0.27370262328641709049 -1.5163611352741903637 -2.5342283818609345758 3.9158978287150535887e-006 
2.0249999999998880007 0.27359376744545521598 -1.5244284806362200513 -2.5342293343522688254 3.2051982620633691582e-006 
2.0499999999998852473 0.27338588721347706345 -1.5225584516699188775 -2.5342303070458149783 2.6859154281272447214e-006 
2.074999999999882494 0.2735515365230616891 -1.5191126811094024518 -2.5342310481776828546 3.1113939724052139171e-006 
2.0999999999998797406 0.27409252514864534955 -1.5191720289567154367 -2.5342321134772971547 2.8992448271353861462e-006 
2.1249999999998769873 0.27410219147451070354 -1.5174617112473947067 -2.5342326175076053119 1.1420437282798728661e-006 
2.1499999999998742339 0.27378862122891017838 -1.5198484734289778864 -2.5342330500619403288 1.6133994274404438122e-006 
2.1749999999998714806 0.27362234601256424371 -1.5228601213605710285 -2.5342335271522173912 1.6621375003123222401e-006 
2.1999999999998687272 0.27359671809226165928 -1.5223044184036063076 -2.5342340796645270729 1.7359863663319711334e-006 
2.2249999999998659739 0.27375685696453749829 -1.5210471228885911188 -2.5342343965707971876 5.3075669141535974159e-007 
2.2499999999998632205 0.27372405207609590283 -1.5190573720652384981 -2.5342345876521199521 8.4085598356455620771e-007 
2.2749999999998604672 0.27352223781422446702 -1.5182359537166825181 -2.5342348835327062062 1.0555648357723287967e-006 
2.2999999999998577138 0.27369772561719246662 -1.5192831879455550581 -2.5342351632421680208 7.2596566010661123407e-007 
2.3249999999998549605 0.27395648918461040777 -1.5200582567043730009 -2.5342353323587167857 4.9642875960043333741e-007 
2.3499999999998522071 0.27391145934996419253 -1.5202721479489915701 -2.5342354777956441758 4.3172939511865083112e-007 
2.3749999999998494538 0.27378032133893215327 -1.5209648350905689007 -2.5342356032884216788 4.7410524561087932573e-007 
2.3999999999998467004 0.27366200099320842076 -1.5216203538893537939 -2.534235758836099528 4.6218500462659338409e-007 
2.4249999999998439471 0.27362700525908612015 -1.5212178458082421528 -2.5342358581319395228 2.6151466341491251603e-007 
2.4499999999998411937 0.27371332498397904498 -1.5199418794522152609 -2.5342359480042349063 3.0622114085449128862e-007 
2.4749999999998384403 0.27375353014022846265 -1.5179910479893099495 -2.534236008649592975 1.3733637621417576857e-007 
2.499999999999835687 0.27374858358612136344 -1.5183315376229333804 -2.5342360808470059119 3.2009264214178246741e-007 
2.5249999999998329336 0.27373842573027912239 -1.521216939589696393 -2.5342361546610181477 1.6145161002771240025e-007 
2.5499999999998301803 0.27371553208507581889 -1.5218951831294857957 -2.5342361968315607612 1.2454814988749070419e-007 
2.5749999999998274269 0.273771632371930973 -1.520924728281256133 -2.5342362277615184674 1.0354797960331975568e-007 
2.5999999999998246736 0.27383031691750825409 -1.5201917234643596011 -2.5342362698429581336 1.5994275050894899553e-007 
2.6249999999998219202 0.27377421427025383505 -1.5193301820576277095 -2.5342363093550996922 1.0080715963116742622e-007 
2.6499999999998191669 0.27369352922201167777 -1.5193516320873849956 -2.5342363334041100309 5.4949627569582477216e-008 
2.6749999999998164135 0.27366675416890778871 -1.5197335333530115342 -2.534236348412439721 6.7913562582837303997e-008 
2.6999999999998136602 0.27370582417985678259 -1.5203820431830519233 -2.5342363749563321385 8.9919589812778000338e-008 
2.7249999999998109068 0.27376555941351415902 -1.5210920630229516348 -2.5342363937404353003 3.7942921394793767356e-008 
2.7499999999998081535 0.27376481652789530497 -1.520613010870300652 -2.5342364060371207479 4.5579516700026580595e-008 
2.7749999999998054001 0.27374938429985540278 -1.5202598445715080899 -2.5342364175918272728 3.6094832275458025458e-008 
2.7999999999998026468 0.27376696643418779731 -1.5201263835395570911 -2.5342364307878444407 4.5510320749570826328e-008 
2.8249999999997998934 0.2737641910422048408 -1.5194667389857350326 -2.5342364400742645181 1.73640302076636916e-008 
2.84999999999979714 0.27373404790530175834 -1.5195698503213694863 -2.5342364466826694525 3.0986423163281842609e-008 
2.8749999999997943867 0.27370882420868353213 -1.5203102325190620547 -2.5342364551678771001 2.0672856158587496823e-008 
2.8999999999997916333 0.27371007041849126917 -1.5207264844133265846 -2.5342364608349212673 1.9117361232456483786e-008 
2.92499999999978888 0.27373849095558167033 -1.5206626727763121742 -2.5342364657054270438 1.3432076572020679014e-008 
2.9499999999997861266 0.27375561512509183348 -1.5202234712954829643 -2.5342364700501445185 1.6023408510739266171e-008 
2.9749999999997833733 0.27375871905268467366 -1.5198978098704061246 -2.5342364743732210819 1.161221063142117123e-008 
2.9999999999997806199 0.273763420709911387 -1.5198939689613391035 -2.5342364776877945864 1.0256340387439447988e-008 
3.0249999999997778666 0.27374954960365333045 -1.5200770591419270339 -2.5342364800325620777 7.3311999226602626161e-009 
3.0499999999997751132 0.27372754783361641362 -1.5202524255123206487 -2.5342364828311132463 9.2638480752591890031e-009 
3.0749999999997723599 0.27372039257647085009 -1.5202961043039837641 -2.534236484790936661 5.0251885613786891103e-009 
3.0999999999997696065 0.27372498608106066165 -1.5202926019806293212 -2.5342364867103670534 7.2724795895780176664e-009 
3.1249999999997668532 0.27374343572093967625 -1.5202815658122150744 -2.534236488352820782 3.4996145668937146647e-009 
3.1499999999997640998 0.27375823390258563483 -1.5201718518439051309 -2.534236489443935092 4.3152746969386161107e-009 
3.1749999999997613465 0.27375327314643577159 -1.5199653768849330504 -2.5342364906576926309 3.4720164577825121212e-009 
3.1999999999997585931 0.27374660678264023383 -1.5200413798316774194 -2.5342364917505553201 3.9470576871189374368e-009 
3.2249999999997558398 0.2737389280272891634 -1.5203149313798587361 -2.5342364927153449017 1.9601824911411823799e-009 
3.2499999999997530864 0.27372908427939762754 -1.5202856525732555415 -2.5342364931813130546 1.8722690090517475697e-009 
3.274999999999750333 0.27373343029807634119 -1.5202123643688749688 -2.5342364938553378906 2.3908151676992707578e-009 
3.2999999999997475797 0.27374363245819766099 -1.5202342523530347762 -2.5342364945675632804 2.0974478138749639701e-009 
3.3249999999997448263 0.27374775978067261706 -1.5201398179342893169 -2.5342364949978399835 9.150097004008991167e-010 
3.349999999999742073 0.27374583904595073403 -1.5200853143268961976 -2.5342364952864917527 1.128756073249078599e-009 
3.3749999999997393196 0.27373850242082564677 -1.5201003887414490379 -2.534236495654827781 1.267173398697316605e-009 
3.3999999999997365663 0.27373952263087075742 -1.5201888200905149251 -2.5342364960362253612 1.199141086727236697e-009 
3.4249999999997338129 0.27374595368597043343 -1.5202921900380790277 -2.5342364962803314299 4.2044061123803525252e-010 
3.4499999999997310596 0.27374018684764228615 -1.520232150344567934 -2.534236496436831132 7.681155571193762957e-010 
3.4749999999997283062 0.27373489928857819287 -1.5201716395581237329 -2.5342364966604904453 5.5633530324829671514e-010 
3.4999999999997255529 0.27374111108590609698 -1.5201650432424331782 -2.5342364968139672321 6.2102943228237455037e-010 
3.5249999999997227995 0.27374645353279453142 -1.5201458629410213863 -2.5342364969915225359 4.0395595143049463604e-010 
3.5499999999997200462 0.27374564324211692057 -1.5201823031133843145 -2.5342364970831163795 3.1564867728454312132e-010 
3.5749999999997172928 0.27374006505904585618 -1.5201874866268241249 -2.5342364971812894048 3.0656135610671054474e-010 
3.5999999999997145395 0.27373612697142452044 -1.5201605153287056638 -2.5342364972713387061 3.0893326556673721719e-010 
3.6249999999997117861 0.27374026109820098762 -1.5201904588851935518 -2.5342364973676883011 3.0376518625303411133e-010 
3.6499999999997090327 0.27374370936929726117 -1.5202021233724529736 -2.5342364974344362416 1.444224290186318592e-010 
3.6749999999997062794 0.27374242372626306219 -1.5201762082021867961 -2.5342364974693585289 1.1660417357953128204e-010 
3.699999999999703526 0.27374216291185693439 -1.5201813572238633832 -2.5342364975221016721 2.2932660783661221383e-010 
3.7249999999997007727 0.27374127141391818574 -1.5202033442951690123 -2.5342364975831066509 1.423717173159075891e-010 
3.7499999999996980193 0.27374041371362067832 -1.5201908233873981935 -2.5342364976109927888 7.9172689947910703273e-011 
3.774999999999695266 0.27374190843322981914 -1.5201678308754269509 -2.53423649763585912 6.960430822568346332e-011 
3.7999999999996925126 0.27374164730128491829 -1.5201667999266070819 -2.534236497661690013 1.2292951450801767739e-010 
3.8249999999996897593 0.2737406208589306944 -1.5201725060600956851 -2.5342364976965927603 7.7090327185661700078e-011 
3.8499999999996870059 0.27374123029610519797 -1.5201790018900589452 -2.5342364977100859669 3.8305339010909638914e-011 
3.8749999999996842526 0.27374135360077561652 -1.5201840330641847032 -2.5342364977255851244 5.5118816144743140582e-011 
3.8999999999996814992 0.27374183123606143919 -1.5201976628175168926 -2.5342364977406242055 5.1966564816454047535e-011 
3.9249999999996787459 0.27374235970189231271 -1.520203955528650841 -2.5342364977562490402 4.1924467542250937671e-011 
3.9499999999996759925 0.27374125023554135572 -1.5201809046639152001 -2.5342364977658795588 2.9782986063928444639e-011 
3.9749999999996732392 0.27374072065749383009 -1.5201730190298430312 -2.5342364977749167743 2.7640917486803833291e-011 
3.9999999999996704858 0.27374115385078962026 -1.5201743965548275561 -2.5342364977825653227 2.5990470007877100843e-011 
4.0249999999996788347 0.27374147675071452968 -1.5201653716730576527 -2.5342364977901845613 2.1128841093582689687e-011 
4.0499999999996871836 0.27374194472362972652 -1.5201820072754110846 -2.5342364977962645867 2.2404429224216138169e-011 
4.0749999999996955324 0.27374148466213799047 -1.5201977437165377083 -2.5342364978018210309 1.1416517462776536876e-011 
4.0999999999997038813 0.27374088611375785307 -1.5201898421606174772 -2.5342364978049358726 1.3788145033713608951e-011 
4.1249999999997122302 0.27374160321251539418 -1.5201841777745710438 -2.5342364978097102757 1.3994755267348229695e-011 
4.1499999999997205791 0.27374181054041207828 -1.5201803763715329154 -2.5342364978128726349 9.5776263855893527241e-012 
4.1749999999997289279 0.2737412273639552307 -1.520177953225259504 -2.5342364978158680167 8.2510293444741526592e-012 
4.1999999999997372768 0.27374130622802322899 -1.5201765014898287465 -2.5342364978177203128 6.6342375045703190776e-012 
4.2249999999997456257 0.2737415169351852251 -1.5201786886196360093 -2.5342364978202844839 8.4954983722737045579e-012 
4.2499999999997539746 0.27374140327609541856 -1.5201890546978846785 -2.5342364978220786043 4.0881909064030305229e-012 
4.2749999999997623235 0.27374122300883502179 -1.5201891466295509581 -2.5342364978234006578 4.8345541077229901437e-012 
4.2999999999997706723 0.2737411946891428749 -1.520181384418864301 -2.5342364978248270724 4.7580995072126068092e-012 
4.3249999999997790212 0.27374163329975842451 -1.520181067250011564 -2.5342364978261326947 3.3889578388496199858e-012 
4.3499999999997873701 0.27374187711858627425 -1.5201801400196466307 -2.5342364978269262821 2.526996154610669429e-012 
4.374999999999795719 0.27374149511476203456 -1.5201770945096206855 -2.5342364978277784893 2.870394115628976064e-012 
4.3999999999998040678 0.27374123897586588594 -1.5201817886017079395 -2.5342364978285956134 2.6909436538630913127e-012 
4.4249999999998124167 0.27374125171008473201 -1.5201889678436606435 -2.5342364978293070443 1.6033329047865854793e-012 
4.4499999999998207656 0.27374127688551980198 -1.5201863661422461149 -2.5342364978296316735 1.3446025479239325704e-012 
4.4749999999998291145 0.27374138844318818276 -1.5201797461217485541 -2.5342364978302081013 1.8726702163325612888e-012 
4.4999999999998374633 0.27374145880145417387 -1.5201796997506218379 -2.5342364978306335388 1.2137009002436191123e-012 
4.5249999999998458122 0.27374149132991199007 -1.5201827392601270361 -2.5342364978309848134 9.9357560907266536804e-013 
4.5499999999998541611 0.27374152824274811113 -1.5201830720811222442 -2.5342364978312139634 7.3644064395778854567e-013 
4.57499999999986251 0.27374146293688877973 -1.5201809825145777832 -2.5342364978314964041 9.9668550258023431399e-013 
4.5999999999998708589 0.27374147013682142981 -1.520181802221507894 -2.5342364978317388768 6.2584315199838918389e-013 
4.6249999999998792077 0.27374150956165677062 -1.5201845172487131741 -2.5342364978319151803 6.0982399592897155288e-013 
4.6499999999998875566 0.27374133935953837149 -1.5201832166092019705 -2.5342364978320865987 4.6098401757417923643e-013 
4.6749999999998959055 0.27374118989945983582 -1.5201818613241735445 -2.5342364978322087232 3.9892290328417470282e-013 
4.6999999999999042544 0.27374130062409374187 -1.5201819861344620932 -2.5342364978323224101 3.9589371600832951772e-013 
4.7249999999999126032 0.27374151876867619526 -1.5201814958650143872 -2.5342364978324556368 4.0097886240176510643e-013 
4.7499999999999209521 0.27374158547754107174 -1.5201828952523843697 -2.5342364978325377933 2.0484050037521753644e-013 
4.774999999999929301 0.27374145577357605896 -1.5201837878034953899 -2.5342364978326039626 2.0752297002221158792e-013 
4.7999999999999376499 0.27374139757708543241 -1.520182643293566116 -2.5342364978326572533 2.0600546205977739977e-013 
4.8249999999999459988 0.2737414757789571329 -1.5201816387383164653 -2.5342364978327411862 2.7893712204029432998e-013 
4.8499999999999543476 0.27374145647899544853 -1.520181088510680123 -2.5342364978327878156 6.0884345017293555792e-014 
4.8749999999999626965 0.2737413525772549594 -1.5201820663070764184 -2.5342364978328117964 1.2359985068942874957e-013 
4.8999999999999710454 0.27374130559243869953 -1.5201831913042682665 -2.5342364978328530967 1.2993932046382110233e-013 
4.9249999999999793943 0.27374134732302596307 -1.5201832280760712024 -2.5342364978328926206 1.2966246726770500065e-013 
4.9499999999999877431 0.27374146756317457863 -1.5201833665995923006 -2.534236497832919266 5.1941497956826834625e-014 
4.974999999999996092 0.27374153659799549398 -1.520182530267221388 -2.534236497832934365 5.9291697896875207786e-014 
