0.025000000000000015266 0.59562846343669773042 0.00048444674044007679514 -2.2460938493081452627 0.040092291281061571973 
0.05000000000000003747 0.57152787493811763042 0.016995469891014594599 -2.2550926006514151467 0.057030937497411934856 
0.075000000000000052736 0.43275860030661800204 -0.0067868904089272708013 -2.2785248276060823258 0.091386701017567392724 
0.10000000000000007494 0.39679989775672325214 -0.053400839398121902057 -2.3180335362217849848 0.10630308784867635585 
0.12500000000000008327 0.23504152539525682841 -0.41089943611056234385 -2.3437906033421223029 0.054808118571492800419 
0.15000000000000010547 0.2269307471796056519 -1.9604642875713267358 -2.3594071852012268309 0.047468448088319528666 
0.17500000000000012768 0.30259985293316210564 -2.4868068807029488632 -2.3753671930061281969 0.049438919641329660826 
0.20000000000000014988 0.24379864630536668413 -1.4890270835469010535 -2.38960507513557463 0.027558128626639508824 
0.22500000000000017208 0.22853834622622862249 -1.8715666140682398755 -2.3979969812924033512 0.031379157401360782687 
0.25000000000000016653 0.26403835005850395667 -1.3863285228336652555 -2.4111893351247712936 0.043280661438506784489 
0.27500000000000018874 0.28769983265965015651 -0.075676715786390569285 -2.4230479668243920521 0.028370802029999673405 
0.30000000000000021094 0.32700455626515334551 -0.1303833996430153741 -2.4314494609699983663 0.022002899862013928362 
0.32500000000000023315 0.33730709724810098438 -0.06111804946891474799 -2.4414381727145140211 0.037553839806101267651 
0.35000000000000025535 0.36741620367566046879 -0.63545695349231123839 -2.452704538644198351 0.02848828475941625471 
0.37500000000000027756 0.32884852668731995307 -1.6045480055776182304 -2.4613390041296558941 0.024709130653339923117 
0.40000000000000029976 0.25036060922557490382 -1.6002093767025677984 -2.4684171857925170102 0.017048568709193738513 
0.42500000000000032196 0.28337890438958773798 -1.7690914790901559606 -2.474052468369321911 0.014012283873903510698 
0.45000000000000034417 0.31477617750610525915 -1.2049202465969919285 -2.4783852332828733012 0.016789664369298375884 
0.47500000000000036637 0.32708468234329240998 -0.56029640821604420609 -2.4832856449375824148 0.010651347319093363089 
0.50000000000000033307 0.36425517783954575179 -0.98080144619417664043 -2.487438252166364272 0.013013141497072815839 
0.52500000000000035527 0.33627236075838806695 -1.1504916950387600316 -2.4919397579113788943 0.016718138381097570611 
0.55000000000000037748 0.27593339995142662779 -1.4479020565655815744 -2.4991925517988518024 0.026586372357626859159 
0.57500000000000039968 0.23526250158039546667 -1.8984775031677152413 -2.5070796616642030408 0.015161078087130484826 
0.60000000000000042188 0.22182469597820828056 -1.9532321036828932392 -2.5097758627598896197 0.0061415530983087761666 
0.62500000000000044409 0.246786694117728439 -1.951652924616587681 -2.5127032620536788876 0.0099701546907092399724 
0.65000000000000046629 0.27274862771289193342 -1.8162018328826707858 -2.5162176307490722316 0.011123579876863342111 
0.6750000000000004885 0.27175214760494692534 -1.4110360783814921426 -2.5191034268888179426 0.005177059499270023242 
0.7000000000000005107 0.27931199676447249214 -1.3478635775565401822 -2.5212788056404078496 0.0089649990019241444089 
0.72500000000000053291 0.28881018684914216976 -1.4094153719178805773 -2.5235974169353152519 0.004653926091702008036 
0.75000000000000055511 0.26968047139027645498 -1.3332934108961507214 -2.5251986792484575339 0.0040327842763841466669 
0.77500000000000057732 0.26283777346107484174 -1.5371612688395752677 -2.5262323430453643702 0.0038611170597863632079 
0.80000000000000059952 0.26828415942434330477 -1.7347532216908070346 -2.5276962683739494508 0.0033878787336655987426 
0.82500000000000062172 0.27078547202384589676 -1.5841141262996165651 -2.5286564766147869854 0.0033229870799295116966 
0.85000000000000064393 0.27627015529493303969 -1.4309864586370732997 -2.5296460329315082483 0.0020979705975007392066 
0.87500000000000066613 0.27229092896277951041 -1.4144253889175173455 -2.530297987958426198 0.0017651680035709362004 
0.90000000000000068834 0.26782537820727986277 -1.4506268992851136801 -2.5307448293513630233 0.0014094935177822779347 
0.92500000000000071054 0.27147535488560520234 -1.5491140188521241861 -2.531379567912547035 0.0019364625444480757215 
0.95000000000000073275 0.27110357039508409249 -1.6105927955046765998 -2.5318743718451584002 0.0012145556106051243802 
0.97500000000000075495 0.27267319246338500571 -1.6420861334275245191 -2.532217376436701084 0.00072385445106539804405 
1.0000000000000006661 0.27788361713004905429 -1.5815553461883895547 -2.5324879327676135254 0.0010381952135004048586 
1.0249999999999979128 0.27331992209966948781 -1.4286086430403437397 -2.5327714447957401234 0.00060035761949268028319 
1.0499999999999951594 0.27075524303406728333 -1.4413693726028280473 -2.5329989378225707952 0.00072390758627860181743 
1.0749999999999924061 0.27557372734945623227 -1.5043472391908676578 -2.5331909753803922847 0.00051832021192351742864 
1.0999999999999896527 0.27710120220995421159 -1.4720567332272112004 -2.5333652695368940044 0.00040580597835315426357 
1.1249999999999868994 0.27549916411258695836 -1.5367070399587519081 -2.5334758092313323097 0.00037490221548620400417 
1.149999999999984146 0.27029947672593857 -1.5904378746896146168 -2.5336094947445872982 0.00034112617865964157829 
1.1749999999999813927 0.26741855893729671312 -1.5409324817077276748 -2.5337003436352820707 0.00025074664676167485698 
1.1999999999999786393 0.27096031982744667177 -1.5323735358453294264 -2.5337785430109125429 0.00020079348271005690338 
1.224999999999975886 0.27430915198066491145 -1.5393474533411413141 -2.5338517606925590187 0.00023747129659819953625 
1.2499999999999731326 0.27736097651896557403 -1.5205111547168368435 -2.5339161694467429164 0.00015400249729929352174 
1.2749999999999703792 0.27842998893465303878 -1.4864236997681039565 -2.5339640222254455892 0.00012626981592346665545 
1.2999999999999676259 0.27402212533219522106 -1.4735762813128585602 -2.5340033434992843553 0.00011022805282515233587 
1.3249999999999648725 0.27116197213796994214 -1.5215779153613255836 -2.5340364160495076895 9.7705927680946045568e-005 
1.3499999999999621192 0.2722363566613044128 -1.5387961267941880905 -2.5340705804820893299 9.7860198006326763352e-005 
1.3749999999999593658 0.27304380102871722569 -1.5194012080082945904 -2.5340989145084491518 6.960836322543153187e-005 
1.3999999999999566125 0.2738743092649602584 -1.5414838554679737292 -2.5341174804518526997 4.5533933145540356853e-005 
1.4249999999999538591 0.27417911627924068663 -1.5416524948118934812 -2.5341339794808295238 5.9999176766004875074e-005 
1.4499999999999511058 0.27359173433805400455 -1.508692220629604952 -2.5341526385262063137 3.8556671660868743019e-005 
1.4749999999999483524 0.27369763562863735906 -1.5163416266634577312 -2.5341634662110941179 3.6234515470692171292e-005 
1.4999999999999455991 0.27366738210939067777 -1.5274570182076794289 -2.5341754388095911743 3.3591563918868880625e-005 
1.5249999999999428457 0.27394480589344089028 -1.5039262513903444152 -2.5341865753200023548 2.8297001614377580614e-005 
1.5499999999999400924 0.27452929206344856006 -1.4993424844093425907 -2.5341923513962658632 1.23738116677262995e-005 
1.574999999999937339 0.27361302246936747284 -1.525119882136125149 -2.534198910466599397 2.3789356559853405281e-005 
1.5999999999999345857 0.2729875594208079348 -1.536691425706543157 -2.5342055033657948648 1.7336637286572225921e-005 
1.6249999999999318323 0.27352739846111778776 -1.5274050544564357068 -2.5342104811270576015 9.6334875176020300428e-006 
1.649999999999929079 0.27376564440282080692 -1.5208277476287310748 -2.5342136984182266346 1.3727304314532902342e-005 
1.6749999999999263256 0.27426927305711451544 -1.5235044177194461135 -2.5342180380290506569 8.6882213805616134857e-006 
1.6999999999999235722 0.27437032559163682111 -1.5153974057482337834 -2.5342204905987557595 7.5460684581137330043e-006 
1.7249999999999208189 0.27333209181295631263 -1.50545599434570887 -2.5342226279981292514 6.0982308848667782618e-006 
1.7499999999999180655 0.27299053760763464238 -1.5218784855392932798 -2.5342252227923212082 7.4226461934436039106e-006 
1.7749999999999153122 0.27345496671077668127 -1.5315100470779832165 -2.5342268041442981286 3.9625028999884461569e-006 
1.7999999999999125588 0.27384142930246302416 -1.5177983066224485231 -2.5342283732906758509 4.0760295539501824728e-006 
1.8249999999999098055 0.27416094310585725768 -1.5186324710642231661 -2.5342295749882621791 3.8927929328423806262e-006 
1.8499999999999070521 0.27400765264776966168 -1.5246097693727000966 -2.534230608202368451 2.0141082071797553551e-006 
1.8749999999999042988 0.27383555103762280414 -1.5177567881818199158 -2.534231477882675776 3.2896698249881239061e-006 
1.8999999999999015454 0.27389348445185884851 -1.5158267193734631384 -2.5342323097728072234 1.7768267763485148966e-006 
1.9249999999998987921 0.27353994481571769493 -1.5200322404155923728 -2.5342330047649759273 1.9864684452581304816e-006 
1.9499999999998960387 0.27343776774401928886 -1.5224259921034712928 -2.5342335016669168546 1.5512083005314849103e-006 
1.9749999999998932854 0.27374286409610626425 -1.5215678708448363565 -2.5342339807459146606 7.9246371739814161698e-007 
1.999999999999890532 0.27364192238580575811 -1.5205640775527748954 -2.5342342486701343596 1.2975537953698123322e-006 
2.0249999999998880007 0.27362091357277257275 -1.5220921692889093357 -2.5342347017883999349 1.1111576252194174983e-006 
2.0499999999998852473 0.27390115921821800438 -1.5190952493085791986 -2.534235022187182107 7.8761170695180350232e-007 
2.074999999999882494 0.27392204879906267845 -1.5160212151953889048 -2.5342351802027036634 3.521420526823089753e-007 
2.0999999999998797406 0.27382209109002875191 -1.5205291857101572717 -2.5342353794310712445 6.8110847190201507478e-007 
2.1249999999998769873 0.27374505064842058477 -1.5223358997022651273 -2.5342355525113564596 4.9124521239744697398e-007 
2.1499999999998742339 0.27370972591027548093 -1.5195573998108602432 -2.5342357242466007072 4.1202567005046096253e-007 
2.1749999999998714806 0.27375333212612817935 -1.5206692100668659506 -2.5342358412839742776 3.3550757011118619436e-007 
2.1999999999998687272 0.27363242510557467257 -1.52167180500059529 -2.5342359280845223601 2.1234337910524732051e-007 
2.2249999999998659739 0.27357859108798632253 -1.5191754070486989114 -2.5342360141078712488 2.7935480035305139728e-007 
2.2499999999998632205 0.27378726140057280114 -1.5189731846692717809 -2.5342360966779402531 2.1775158316971628525e-007 
2.2749999999998604672 0.27383601605785667932 -1.5206938532932681163 -2.5342361608828007924 1.5192190051157921681e-007 
2.2999999999998577138 0.27376237961149130218 -1.5204891111731937414 -2.5342362051532565381 1.4485024290046818725e-007 
2.3249999999998549605 0.27379009402122916894 -1.5199810831792248678 -2.5342362525417492236 1.1700105341201050741e-007 
2.3499999999998522071 0.27374402191200963852 -1.5203998040571049533 -2.5342362922903434175 1.2405708129001551791e-007 
2.3749999999998494538 0.27368713515600884278 -1.5205753037519438298 -2.5342363248408692478 7.6685864317263733204e-008 
2.3999999999998467004 0.27372900001158534389 -1.5197122823887663223 -2.5342363496630020414 6.3129077121200856269e-008 
2.4249999999998439471 0.27375719301116258064 -1.5192817312757804782 -2.5342363688413893641 6.5808595929465945996e-008 
2.4499999999998411937 0.2737604335173883241 -1.5207897254259612474 -2.5342363931366000962 6.7176199918272771776e-008 
2.4749999999998384403 0.27372666641936871379 -1.5210750416595750778 -2.5342364106235804044 4.0628456690985845505e-008 
2.499999999999835687 0.27369587808133882811 -1.5196423775566070269 -2.5342364213622503577 2.6130962284447651636e-008 
2.5249999999998329336 0.27375233847058244585 -1.5199920012165832883 -2.5342364325215620546 4.0030425487298155405e-008 
2.5499999999998301803 0.27378308947252177896 -1.5205268147147181779 -2.5342364437720008574 2.7092863257118395464e-008 
2.5749999999998274269 0.2737515525308829023 -1.5198585354639106981 -2.5342364520036868569 2.0880197336610501776e-008 
2.5999999999998246736 0.27374026126944622783 -1.5200323005402232024 -2.5342364588567543038 2.3511593855205063225e-008 
2.6249999999998219202 0.27371749088768859703 -1.5205147868247923526 -2.5342364659970324503 1.3980775139924430478e-008 
2.6499999999998191669 0.27370642611248630072 -1.5203041782505666291 -2.5342364693658718799 1.1401054374559972367e-008 
2.6749999999998164135 0.27374722585128480334 -1.5199527432620092426 -2.534236473773334275 1.340017020157163212e-008 
2.6999999999998136602 0.27377210498483361967 -1.5199724239691918548 -2.5342364784631818964 1.2779845060392694266e-008 
2.7249999999998109068 0.27376881783628409517 -1.5203181975461883546 -2.5342364809849717844 4.8079176338848790462e-009 
2.7499999999998081535 0.27375186404096057968 -1.5202593659048946328 -2.5342364835811306278 9.1862552455842135668e-009 
2.7749999999998054001 0.27371804532349908179 -1.5200884429129288833 -2.5342364858157631069 5.2191540613862451114e-009 
2.7999999999998026468 0.27371020464298206898 -1.5203922807689322916 -2.5342364876017513531 4.4638994145310169663e-009 
2.8249999999997998934 0.27373005055965166088 -1.5203873326915369191 -2.5342364890475321815 5.5174835004530899755e-009 
2.84999999999979714 0.27374718430591227225 -1.5200007326500517557 -2.5342364906971615035 3.0378208742524020518e-009 
2.8749999999997943867 0.2737610370892741285 -1.5200014401169030798 -2.5342364916562098998 3.41574876893564894e-009 
2.8999999999997916333 0.27375702785688821317 -1.5201257118908499955 -2.5342364926112987966 2.2957016923533194583e-009 
2.92499999999978888 0.27373982989233475172 -1.5200615501686511877 -2.5342364934245051877 2.2446283750065494418e-009 
2.9499999999997861266 0.27373536748535381991 -1.5201918591588317042 -2.5342364940121941963 1.8100104455688451333e-009 
2.9749999999997833733 0.27373736497610789975 -1.5204211369152422773 -2.5342364947263589237 1.8370287968530567521e-009 
2.9999999999997806199 0.273739977133101553 -1.5203813442019733504 -2.5342364951615028446 1.2420624837766540088e-009 
3.0249999999997778666 0.27374097384430662316 -1.5201841814510630435 -2.5342364955588587705 9.8883203185536438968e-010 
3.0499999999997751132 0.27373582615526853568 -1.5200439822283677849 -2.5342364959430612181 1.1977588262204105355e-009 
3.0749999999997723599 0.27373947294027128896 -1.5200580466864170859 -2.5342364961989232164 5.3827196114153456487e-010 
3.0999999999997696065 0.27374833430909945031 -1.5201222656809507683 -2.5342364964381229875 7.6339163430760343437e-010 
3.1249999999997668532 0.2737459466021843757 -1.5201425346246468795 -2.5342364966777446433 7.4835504586051882541e-010 
3.1499999999997640998 0.27374161296659554887 -1.5202485445714879475 -2.5342364968866415431 3.8114306819500423835e-010 
3.1749999999997613465 0.27374026196450768067 -1.5203011393422252162 -2.5342364969914821238 3.843931148932192274e-010 
3.1999999999997585931 0.27373787324733178661 -1.5202080854279587108 -2.5342364971162703036 3.1568679286043883768e-010 
3.2249999999997558398 0.27373904145565519652 -1.5201822989028768163 -2.5342364972417144031 3.9238197053372265745e-010 
3.2499999999997530864 0.27374241106340535534 -1.5201658676892639832 -2.5342364973323450172 2.2313406576611555172e-010 
3.274999999999750333 0.27374442259130571387 -1.5201212952011069479 -2.5342364974156699198 2.0646002786497519246e-010 
3.2999999999997475797 0.27374374703006426612 -1.5201582856632653851 -2.5342364974693545321 1.6685206284093865425e-010 
3.3249999999997448263 0.27373993290951725843 -1.5201888684174771349 -2.5342364975265052607 1.5338556065477685914e-010 
3.349999999999742073 0.2737392799081651007 -1.5201891615356544207 -2.5342364975764062329 1.4699445516995828743e-010 
3.3749999999997393196 0.27374113661372334594 -1.5201999830097432387 -2.5342364976152991218 9.2205345577184548219e-011 
3.3999999999997365663 0.27374040559086820767 -1.520197073139218924 -2.534236497649374531 1.016945867095595596e-010 
3.4249999999997338129 0.27374145061461169215 -1.5201914060037202692 -2.5342364976770839213 7.6877351347697266248e-011 
3.4499999999997310596 0.27374365337995676395 -1.5201730920382638956 -2.5342364977015310323 5.9833850518949206788e-011 
3.4749999999997283062 0.27374249284317758724 -1.5201642424681522936 -2.5342364977219338229 6.5312247107039268294e-011 
3.4999999999997255529 0.27374120449647343367 -1.5201897061946900713 -2.5342364977379321367 3.3101110800666742067e-011 
3.5249999999997227995 0.27374078779644156478 -1.5201905983879830941 -2.534236497752051509 4.902063294092408485e-011 
3.5499999999997200462 0.27374027999523414811 -1.5201750219592815583 -2.5342364977662552583 3.9032851594714630667e-011 
3.5749999999997172928 0.27374108128379365246 -1.5201859598761631176 -2.5342364977781457469 2.2887049589346557597e-011 
3.5999999999997145395 0.27374184378297489184 -1.5201836193767448435 -2.5342364977828615302 1.8862424844769706986e-011 
3.6249999999997117861 0.27374194594202083675 -1.5201668459133113043 -2.5342364977916851387 2.5294913872350273441e-011 
3.6499999999997090327 0.27374185369528447609 -1.5201807894478411853 -2.5342364977989122465 2.0082461749119480209e-011 
3.6749999999997062794 0.27374099543272567558 -1.5201969217597015582 -2.534236497804041921 1.0676401737380271887e-011 
3.699999999999703526 0.27374099607455454342 -1.5201873359367497063 -2.5342364978084734872 1.5762791124763879081e-011 
3.7249999999997007727 0.27374172763791332352 -1.5201807907892608274 -2.5342364978121372232 6.5543331575683849432e-012 
3.7499999999996980193 0.27374140631150789549 -1.520182393381084518 -2.5342364978148999022 9.7303239498726072599e-012 
3.774999999999695266 0.27374138102865536171 -1.5201816554824751915 -2.5342364978180031976 9.6385316687375204792e-012 
3.7999999999996925126 0.27374166139350231131 -1.5201788739205637224 -2.5342364978208817838 5.6928502264511486872e-012 
3.8249999999996897593 0.27374122369830888868 -1.5201782813054269816 -2.5342364978222282623 4.2862022924745278487e-012 
3.8499999999996870059 0.27374138257679697661 -1.5201852655632892564 -2.5342364978238616224 4.7304216890500057232e-012 
3.8749999999996842526 0.27374179410522703204 -1.5201832611015149155 -2.5342364978254248165 4.6171727306101390076e-012 
3.8999999999996814992 0.27374146540762206437 -1.5201761106798423739 -2.5342364978265745634 2.5616996237440789789e-012 
3.9249999999996787459 0.27374120646041233407 -1.5201851103917578545 -2.5342364978276390453 3.2393330297440579426e-012 
3.9499999999996759925 0.2737411025268770004 -1.5201897048387551514 -2.5342364978283868915 1.9551871150055088925e-012 
3.9749999999996732392 0.273741164046774621 -1.5201833099465256183 -2.5342364978291289646 2.0420443346001213928e-012 
3.9999999999996704858 0.27374156535319171812 -1.5201834263139524239 -2.534236497829788437 2.0247920885121979459e-012 
4.0249999999996788347 0.27374168750447019915 -1.5201815339176623088 -2.5342364978302804879 8.257567069831672994e-013 
4.0499999999996871836 0.27374168382400043686 -1.5201769442901564844 -2.5342364978306313184 1.5115410136362327562e-012 
4.0749999999996955324 0.27374165495680435889 -1.5201792985693964866 -2.5342364978310829571 1.0314360568291551111e-012 
4.0999999999997038813 0.27374124500636903834 -1.5201832054945523254 -2.5342364978314075863 8.14917702976756463e-013 
4.1249999999997122302 0.27374111126641209601 -1.5201841450896729224 -2.5342364978316123114 6.9733717910464591503e-013 
4.1499999999997205791 0.27374138380597096143 -1.520183271366123634 -2.5342364978318783209 6.1121529562624838965e-013 
4.1749999999997289279 0.27374142833993209134 -1.5201839262493705984 -2.5342364978320341962 4.8448056926518175406e-013 
4.1999999999997372768 0.27374141219897896171 -1.5201853908330749121 -2.5342364978321914037 4.4127921024520249819e-013 
4.2249999999997456257 0.2737414352538370399 -1.520182590447334281 -2.5342364978323566049 4.9333303308305890686e-013 
4.2499999999997539746 0.2737413972835971987 -1.5201797167690465074 -2.534236497832466295 2.0261360402913869359e-013 
4.2749999999997623235 0.2737414997769904712 -1.5201810343915704848 -2.5342364978325453428 2.51736413779479321e-013 
4.2999999999997706723 0.27374157218451222739 -1.5201814175101624471 -2.5342364978326212821 2.4896724826036816291e-013 
4.3249999999997790212 0.27374148307806628333 -1.5201812669835794711 -2.5342364978327029945 1.9410394862597114692e-013 
4.3499999999997873701 0.27374139278094922201 -1.5201841347548703531 -2.5342364978327660552 1.8982943786001065989e-013 
4.374999999999795719 0.27374128889959575828 -1.5201848864649494253 -2.5342364978328104641 9.4535148501378972753e-014 
4.3999999999998040678 0.27374129953635806256 -1.5201821245521571768 -2.534236497832849988 1.2294831081523479467e-013 
4.4249999999998124167 0.27374145242621994445 -1.520181496691480616 -2.5342364978328824066 9.6865728377194946925e-014 
4.4499999999998207656 0.27374148053162705718 -1.5201823967195142728 -2.5342364978329183778 8.3227868885816726862e-014 
4.4749999999998291145 0.27374143676323348107 -1.5201823397063787269 -2.5342364978329419145 8.120203637791590509e-014 
4.4999999999998374633 0.27374144552978546541 -1.5201824226691327269 -2.5342364978329645631 4.8071186841770126404e-014 
4.5249999999998458122 0.2737414263989182972 -1.5201826981558741458 -2.5342364978329814384 5.0320744671091417904e-014 
4.5499999999998541611 0.27374142077566099296 -1.5201825687803784959 -2.5342364978329952052 3.8105866242980191035e-014 
4.57499999999986251 0.27374143881132745326 -1.5201818220514446978 -2.5342364978330098602 4.4074087721840921574e-014 
4.5999999999998708589 0.27374142684161312244 -1.5201817905985364199 -2.5342364978330209624 2.5954397893876618133e-014 
4.6249999999998792077 0.27374141876222179981 -1.5201830228847739157 -2.534236497833028956 2.3289597991748818633e-014 
4.6499999999998875566 0.27374139865709007369 -1.5201829319985509237 -2.5342364978330373937 2.8289329584223462869e-014 
4.6749999999998959055 0.27374138542291032161 -1.5201821514892006615 -2.534236497833044055 1.1985802895324356237e-014 
4.6999999999999042544 0.27374142527420952664 -1.5201827109842271923 -2.5342364978330493841 1.5707610992270666179e-014 
4.7249999999999126032 0.27374144715961989949 -1.5201828051240557915 -2.5342364978330542691 1.5438106311410297314e-014 
4.7499999999999209521 0.27374143655644878059 -1.520182091515026368 -2.5342364978330600422 1.0851383966322676873e-014 
4.774999999999929301 0.27374143642877563076 -1.5201820792003515326 -2.5342364978330618186 8.7103176793568033725e-015 
4.7999999999999376499 0.27374142461773154356 -1.5201823806675940354 -2.5342364978330649272 8.1302071177943446684e-015 
4.8249999999999459988 0.27374140897851456655 -1.5201824017441041281 -2.5342364978330671477 6.1125474312654480329e-015 
4.8499999999999543476 0.27374140888159714802 -1.5201823793288742337 -2.5342364978330684799 4.946551215257430223e-015 
4.8749999999999626965 0.27374141639770371848 -1.5201825746320349886 -2.5342364978330715886 7.1768743002652010529e-015 
4.8999999999999710454 0.27374143495951958061 -1.5201827231702802479 -2.5342364978330733649 2.5864119199411803659e-015 
4.9249999999999793943 0.27374143902662495531 -1.5201824687730622898 -2.5342364978330746972 3.3023905670551434894e-015 
4.9499999999999877431 0.27374142000603046698 -1.5201822893824337157 -2.5342364978330746972 3.0086362963986375573e-015 
4.974999999999996092 0.27374141389281542169 -1.5201824505829251155 -2.5342364978330760295 2.5033296369842794814e-015 
