0.025000000000000015266 0.59638087907852255221 0.00048958437370016580359 -2.2451927296722264948 0.040623997726761597316 
0.05000000000000003747 0.57178404595239662456 0.017193003101683132505 -2.2536353890148808077 0.058544435947342654547 
0.075000000000000052736 0.43048889876130463916 -0.0078545213747590048037 -2.2758343961089715357 0.094326160710334019943 
0.10000000000000007494 0.3928212616990842676 -0.053958162274380438994 -2.3132569033911551948 0.10923568556364707249 
0.12500000000000008327 0.22842819054701085646 -0.40969913956530867871 -2.337646087867821354 0.057087732625523357477 
0.15000000000000010547 0.22288240088604238665 -2.0168666137831778862 -2.3529320533577435803 0.051440874672420366931 
0.17500000000000012768 0.30191937308114896732 -2.5761014696496209453 -2.368704006717139432 0.052855860452745734301 
0.20000000000000014988 0.23756584438786301772 -1.5300379951297906622 -2.3827737577071834707 0.029666975011207824542 
0.22500000000000017208 0.21989852208450150206 -1.9709686356990019362 -2.3912244597147567227 0.03515279283928303411 
0.25000000000000016653 0.26111935465355851083 -1.4949477513926119343 -2.404922857592935781 0.049754512974200776343 
0.27500000000000018874 0.2954399072616462063 -0.028763628744660096892 -2.4185090563785793805 0.040612685105933465923 
0.30000000000000021094 0.3529515412229426996 0.063343020527144799914 -2.4306683556910089195 0.034695288618264999436 
0.32500000000000023315 0.35890058185073875352 0.34402791791361286844 -2.4408489613155945896 0.029874643185391219075 
0.35000000000000025535 0.3489333057400451632 -0.27924654796795167488 -2.4497898339686163816 0.036130377983246489415 
0.37500000000000027756 0.28884813848458351648 -1.7512728651585787176 -2.4596844748852539908 0.022047257992229254281 
0.40000000000000029976 0.22612152626255946353 -1.9190716838327008809 -2.4641326149087738884 0.010549459587361415328 
0.42500000000000032196 0.29127036032218506234 -1.7978441340488746647 -2.4695219410854436504 0.020892277928129809883 
0.45000000000000034417 0.33160841019660536322 -0.981275196429597929 -2.4746351671051627363 0.016603116446003585854 
0.47500000000000036637 0.33448947521587801823 -0.42783703346852020033 -2.4795080080116105314 0.013901823417739043662 
0.50000000000000033307 0.36553195815004235758 -1.0726552703074831996 -2.4839778996867694083 0.012569486301296025829 
0.52500000000000035527 0.3360225518923203869 -1.1064693360281081524 -2.4873201067903942807 0.0111996395186056176 
0.55000000000000037748 0.30711051496589614196 -1.2644115191710196822 -2.4911329875921377486 0.014331132005013996061 
0.57500000000000039968 0.30086035263915672511 -1.5635635010681439017 -2.4957860947537060525 0.017108207085611667336 
0.60000000000000042188 0.25299244210067917127 -1.4047088763955790647 -2.5025885672832721696 0.023666597922838830681 
0.62500000000000044409 0.22574632367647218256 -1.6262817432500731307 -2.5074953196210731932 0.009198436352356240478 
0.65000000000000046629 0.24738911967291887795 -1.934965689391249466 -2.5105428754136571712 0.012555861282767489737 
0.6750000000000004885 0.25985012434524434877 -1.8809031624194956223 -2.5142085622515004673 0.0086265910605017211144 
0.7000000000000005107 0.27835015710108629294 -1.6333131742049975532 -2.5164116833596037459 0.0080501868514270460281 
0.72500000000000053291 0.28909146174628375103 -1.2645793183243723146 -2.519287237639857846 0.0098719473393119941407 
0.75000000000000055511 0.27299625026954754681 -1.117492927885408438 -2.5216334079223785558 0.0048059531782516122164 
0.77500000000000057732 0.27643257488277594991 -1.4159607823972777396 -2.5232785512514901427 0.0061773524866603306271 
0.80000000000000059952 0.27064514276566314921 -1.6785332891433832891 -2.5248359350857101369 0.0044612814545453892759 
0.82500000000000062172 0.25331465194683810971 -1.7254567786014951558 -2.5261085593322141207 0.0033608891943103301296 
0.85000000000000064393 0.26684945711158014614 -1.7249650063816646117 -2.5272739896717419938 0.0045663523158684512712 
0.87500000000000066613 0.27502940806520193018 -1.4978752542474507159 -2.5284249150411821638 0.0025515703973372615837 
0.90000000000000068834 0.27505901139596561356 -1.2822860015249712973 -2.5291721475289463683 0.002502972776522192043 
0.92500000000000071054 0.28266315138763914439 -1.4633298548827644581 -2.5297738079639517927 0.0016181156040417181679 
0.95000000000000073275 0.27150931526015537054 -1.5306217134108193179 -2.5304757967025310883 0.0027060146442721157677 
0.97500000000000075495 0.26367351623870188826 -1.5364747291275353547 -2.5311053671644683227 0.001440934192958937942 
1.0000000000000006661 0.27141867081722992339 -1.6595339222651144251 -2.5315009203203602262 0.0011064821380224519696 
1.0249999999999979128 0.27498482497424964199 -1.5723699649547078216 -2.531824264026664828 0.0011074831511584200174 
1.0499999999999951594 0.27530877005915255218 -1.4852183052931460239 -2.5321764243889659518 0.0012254560721914661142 
1.0749999999999924061 0.27390299991570360438 -1.4922310929986726258 -2.5325522581274628742 0.0010314407281586071997 
1.0999999999999896527 0.27136357873561994802 -1.4401948193393037112 -2.5327594981397703044 0.00043549309434220056852 
1.1249999999999868994 0.27678453816166942447 -1.4848459682072636667 -2.5329308924669993175 0.00070040213716510114298 
1.149999999999984146 0.2771469384895018373 -1.5196197049753910058 -2.5331363881364250545 0.00060678958882257332148 
1.1749999999999813927 0.2687480307721086259 -1.541183916812953747 -2.5333008340615572607 0.00046732199507896554982 
1.1999999999999786393 0.26790269704347330348 -1.6176256437656484355 -2.5334375906350774521 0.00041934978774980951515 
1.224999999999975886 0.27043730857962428038 -1.5651841978253693277 -2.5335456516173291419 0.00027940698067322828008 
1.2499999999999731326 0.27388382071310812815 -1.4932870255659711489 -2.5336342776313931502 0.00033353094208300531568 
1.2749999999999703792 0.28124409957024709694 -1.4884106458515697913 -2.5337295799654424577 0.00024625740592649461753 
1.2999999999999676259 0.28004009011523439687 -1.4555445179254307142 -2.5338002811719340102 0.00023873874307056723912 
1.3249999999999648725 0.2717917176390572398 -1.4907532981488968993 -2.5338684104776190154 0.00018790828594501330414 
1.3499999999999621192 0.26823010684052134289 -1.5650525402393227203 -2.533912783171065719 0.00011700304222598849801 
1.3749999999999593658 0.26977337500913911583 -1.5571353096204507693 -2.5339569845107599022 0.00017017177106574380048 
1.3999999999999566125 0.27441489538731927977 -1.524493463458794329 -2.5340041923525364886 0.00012009729655092217743 
1.4249999999999538591 0.27592626955814070211 -1.5188170036294414977 -2.534034605338796986 9.970476035287761734e-005 
1.4499999999999511058 0.27360932828693801389 -1.5112244153176215278 -2.5340618468125932772 6.7486085583431641992e-005 
1.4749999999999483524 0.27444941869860606243 -1.5129453786019457784 -2.5340873550991580565 9.4653080144133086766e-005 
1.4999999999999455991 0.27508536806795180762 -1.5229905887351824489 -2.5341088839508563169 5.6541778356529802483e-005 
1.5249999999999428457 0.27313861741642087022 -1.5184174098499845229 -2.5341276083846695499 5.6166823675480500038e-005 
1.5499999999999400924 0.27307992406286579756 -1.517202847676650812 -2.5341427449326410226 4.8807059449503115958e-005 
1.574999999999937339 0.2734361764700142805 -1.5167080164163178058 -2.5341566999556932593 3.4166734702055606937e-005 
1.5999999999999345857 0.2730539587483867825 -1.5219770992533128151 -2.5341657137067952199 3.6877697208723439167e-005 
1.6249999999999318323 0.2734061135114274621 -1.5322454363957001 -2.5341781880565972251 3.2389541372156926632e-005 
1.649999999999929079 0.27383010469239743578 -1.5147476673802608982 -2.534186035685091376 2.4566836254596035487e-005 
1.6749999999999263256 0.27475061023051744469 -1.5167931317676071057 -2.534193086315859933 2.1185585942540938225e-005 
1.6999999999999235722 0.27478577898704703575 -1.5363209045665890962 -2.5341986411752390751 1.4480507821631845913e-005 
1.7249999999999208189 0.27307246159399395369 -1.5114175572224446409 -2.5342044597161801356 2.2606521816805124974e-005 
1.7499999999999180655 0.27288126158756653705 -1.5033522143426285567 -2.5342094102579300063 1.061778152867173961e-005 
1.7749999999999153122 0.27373858413780988164 -1.5295273290109174802 -2.5342130601668042544 1.2578082488551720744e-005 
1.7999999999999125588 0.27358723543668939104 -1.5295566828075284338 -2.5342160471815513567 7.9548260283092521786e-006 
1.8249999999999098055 0.2737066060630714559 -1.5172662168198605137 -2.5342191948321111106 1.0829684726178459377e-005 
1.8499999999999070521 0.27396610988120945196 -1.5143047813841343796 -2.5342216991383579305 7.3756915727098490629e-006 
1.8749999999999042988 0.27401338047144835341 -1.5216138439112985026 -2.534223902348674784 5.2127048823974115588e-006 
1.8999999999999015454 0.27414328957676853404 -1.5263374810359100486 -2.5342254316576733331 6.3024370646041578804e-006 
1.9249999999998987921 0.27358924788112659598 -1.51612652229166045 -2.5342272229193305577 4.2067537392567967887e-006 
1.9499999999998960387 0.27332126222825792183 -1.5163984267919814464 -2.5342283643859411235 4.0762345022285176755e-006 
1.9749999999998932854 0.27380962539749026385 -1.5232050135725789808 -2.5342297172528311933 4.1160326987390386666e-006 
1.999999999999890532 0.27372461857927998796 -1.5187139768296069597 -2.5342306288617435506 2.0237329452138510097e-006 
2.0249999999998880007 0.2735417921335484559 -1.5214033588060869029 -2.5342313390944886109 2.8863327260201214006e-006 
2.0499999999998852473 0.27370590335788358427 -1.5265961950588398111 -2.5342321485969443451 2.1261952841468881254e-006 
2.074999999999882494 0.27377961693414726296 -1.5184466823237601218 -2.5342328433454270886 2.2808821121759545362e-006 
2.0999999999998797406 0.27402755313838461637 -1.5133226679683116078 -2.5342333277236264166 1.0877985255323996302e-006 
2.1249999999998769873 0.27396402871193370476 -1.5188997126952661354 -2.5342337026336076988 1.3303059821814752093e-006 
2.1499999999998742339 0.2735536197713768769 -1.5222698399630134602 -2.534234121281372154 1.4822603628461090221e-006 
2.1749999999998714806 0.27365366523563927625 -1.5223207698483518513 -2.5342345525085359093 9.9282646262564638852e-007 
2.1999999999998687272 0.27377089292693190803 -1.5225761805480901856 -2.5342347656935695355 7.331721347253520639e-007 
2.2249999999998659739 0.27363248308589871449 -1.520506038937921911 -2.5342349976763665076 6.5240934431508112173e-007 
2.2499999999998632205 0.27370473240877529753 -1.5181588546707733833 -2.5342352133983521156 7.9602399326140440878e-007 
2.2749999999998604672 0.2737035130665075866 -1.5175976500436556549 -2.5342354343778450421 5.447273090654390264e-007 
2.2999999999998577138 0.27371537199113593619 -1.520015072132499423 -2.5342355615013536507 3.9390887438777729804e-007 
2.3249999999998549605 0.27390877468070085055 -1.5227693382796245736 -2.5342356950762532364 4.2360861900786886917e-007 
2.3499999999998522071 0.27385931418707298857 -1.5201724767227251522 -2.5342358088638081703 3.1542664596545934214e-007 
2.3749999999998494538 0.2737229491413123994 -1.5192568867129496724 -2.5342359051187619556 3.5398566190703744145e-007 
2.3999999999998467004 0.27367453957182458213 -1.5216477127619336684 -2.5342360011631983596 2.1863276747015381476e-007 
2.4249999999998439471 0.27361771166175741232 -1.5196982526218749676 -2.5342360643749821669 2.2026058341098029225e-007 
2.4499999999998411937 0.2737506455330102062 -1.5188096659226415497 -2.534236125486280411 1.7007395229726076275e-007 
2.4749999999998384403 0.27384105561985960797 -1.5205528782999579995 -2.5342361739983583213 1.7104407427958107476e-007 
2.499999999999835687 0.27370111312150685601 -1.5201226373483174292 -2.5342362295450193699 1.5792995234320443257e-007 
2.5249999999998329336 0.27368518257238777514 -1.5203210954581196646 -2.5342362677043062114 9.1141529294295676771e-008 
2.5499999999998301803 0.27375370769828938355 -1.520963768955165385 -2.5342362913147602477 9.5739846217302655965e-008 
2.5749999999998274269 0.27377980596596690477 -1.520588165998880914 -2.5342363261738700686 1.0275618244904776278e-007 
2.5999999999998246736 0.27383096283739050136 -1.5200047036350090579 -2.5342363517309096643 6.876536431455978432e-008 
2.6249999999998219202 0.27375194176718015138 -1.5191294035701410348 -2.5342363711872843979 6.6548779243227166725e-008 
2.6499999999998191669 0.27363751916117418084 -1.5197688907495736643 -2.5342363901894726652 4.6063418326076802244e-008 
2.6749999999998164135 0.27368620792137005049 -1.5208192295730562638 -2.5342364026064121418 4.7181038512754057772e-008 
2.6999999999998136602 0.27375088811675624134 -1.520225036542164343 -2.5342364188088732924 4.614089362215156779e-008 
2.7249999999998109068 0.27378163665608673538 -1.5201749755594955449 -2.5342364296128985224 3.4877022667202812336e-008 
2.7499999999998081535 0.273795928881871653 -1.5207012412396765377 -2.5342364396618113354 2.2158741984583898362e-008 
2.7749999999998054001 0.27374439638044828493 -1.520153184517746725 -2.5342364468584399617 2.9637874781760846389e-008 
2.7999999999998026468 0.27371802110073273351 -1.519782341560515615 -2.5342364545242785923 1.9526611721076966057e-008 
2.8249999999997998934 0.27372402630906406129 -1.5201498026502249239 -2.5342364608362899503 2.1018437120874040443e-008 
2.84999999999979714 0.27371424738196392656 -1.5201735464989365454 -2.5342364665010110869 1.5846176313280811592e-008 
2.8749999999997943867 0.27374449615463664065 -1.5201595607096187734 -2.5342364706568552002 1.0509066382367726735e-008 
2.8999999999997916333 0.27376472802236445636 -1.5203421923571016627 -2.5342364739319060973 1.3406081422226758844e-008 
2.92499999999978888 0.27374351468118407471 -1.5201615660603309266 -2.534236478085382327 1.1163635883702007104e-008 
2.9499999999997861266 0.27374863223359785502 -1.5200000257295749329 -2.5342364808255442021 7.0569867290073462074e-009 
2.9749999999997833733 0.27374821607013033464 -1.5200825570910336815 -2.5342364829096810652 8.1683736345214604556e-009 
2.9999999999997806199 0.27373261291283096375 -1.5203599920772201681 -2.5342364853727530338 5.4308783887562274803e-009 
3.0249999999997778666 0.2737383287266158538 -1.5205842720858011585 -2.5342364867942435147 6.3106941042685963934e-009 
3.0499999999997751132 0.27373328431430471452 -1.5201306856882468299 -2.5342364887231738635 4.0967769751416909302e-009 
3.0749999999997723599 0.27372994441436798718 -1.5198590938681737494 -2.534236489792482061 4.5122805479984307712e-009 
3.0999999999997696065 0.27374838670862539081 -1.5201689289188373699 -2.534236491078217135 2.8887457013774061133e-009 
3.1249999999997668532 0.2737526077101011257 -1.5201122481146263077 -2.53423649192425815 2.9094161031767462662e-009 
3.1499999999997640998 0.27374764077719948574 -1.5200795923758394501 -2.5342364927544656084 2.7562570405846733842e-009 
3.1749999999997613465 0.27374351129580631881 -1.5203183927520480534 -2.5342364936219130556 2.4803284981693407296e-009 
3.1999999999997585931 0.27373464422191201573 -1.5203256837026113413 -2.5342364941609392126 1.2428531902103469092e-009 
3.2249999999997558398 0.27373492463580828549 -1.5202638724438637396 -2.5342364945918811614 1.5970216617003833666e-009 
3.2499999999997530864 0.27373707969337629509 -1.5201666610386976863 -2.5342364951099174419 1.7223202657778892771e-009 
3.274999999999750333 0.27374059097466596491 -1.5201019507949962151 -2.5342364955498473122 1.170043761720990441e-009 
3.2999999999997475797 0.27375252895817847598 -1.5201535787101942976 -2.534236495860823446 7.0400678227233582429e-010 
3.3249999999997448263 0.27374851785279352701 -1.5201063473814726557 -2.5342364960685048736 9.4692452616018519328e-010 
3.349999999999742073 0.27373406213694678746 -1.5201262919999898315 -2.5342364963721029092 7.8716779086557819256e-010 
3.3749999999997393196 0.27373530339466561889 -1.5202404133035003486 -2.5342364965821393419 6.8792798458218615114e-010 
3.3999999999997365663 0.27374159041216988841 -1.5202433652689912869 -2.534236496769891378 4.4578993368788536145e-010 
3.4249999999997338129 0.27374320619824293876 -1.5202406756893707129 -2.5342364968886554877 4.7150989724305212807e-010 
3.4499999999997310596 0.27374277353652370914 -1.5202158880895197957 -2.5342364970411601632 4.1051361712584811153e-010 
3.4749999999997283062 0.27374103792835957627 -1.5201107682630499163 -2.5342364971538300367 3.3639918821408878527e-010 
3.4999999999997255529 0.27374333049149041086 -1.5201104668324618707 -2.5342364972469728635 3.1903364711794802049e-010 
3.5249999999997227995 0.27374411293900113851 -1.5202049645834989633 -2.5342364973412929707 2.4391537898876520472e-010 
3.5499999999997200462 0.27373940615933350928 -1.5202138147634527421 -2.5342364973964621733 1.5190696558762062336e-010 
3.5749999999997172928 0.27373812403224995204 -1.5201880400282388184 -2.5342364974619546736 2.5700813781146415847e-010 
3.5999999999997145395 0.27373938778177459019 -1.5201920403386153247 -2.5342364975226310264 1.4007557043375000104e-010 
3.6249999999997117861 0.27374138839159428693 -1.5201685014970518495 -2.5342364975626718859 1.2507525612380838506e-010 
3.6499999999997090327 0.27374522242704657504 -1.5201569752710997196 -2.5342364975997946352 1.0938378840282499369e-010 
3.6749999999997062794 0.27374420004244476301 -1.5201785297313108458 -2.5342364976306455127 1.0956535563476960348e-010 
3.699999999999703526 0.27374029093491486497 -1.5202064209041199483 -2.5342364976654243591 9.487039133245164683e-011 
3.7249999999997007727 0.27373955592388721225 -1.5202146924125932159 -2.5342364976876821103 6.0560786350538473975e-011 
3.7499999999996980193 0.27373984201539297567 -1.520169732301732024 -2.5342364977063178699 6.1696267176748076982e-011 
3.774999999999695266 0.27374140895887411062 -1.5201621641536762208 -2.534236497724045023 5.518983260480781202e-011 
3.7999999999996925126 0.27374283521952430531 -1.5201918805529190948 -2.5342364977413431859 5.422453358640352992e-011 
3.8249999999996897593 0.27374147808926196923 -1.5201671553480946564 -2.5342364977555704719 3.3915523006988957016e-011 
3.8499999999996870059 0.27374120560279541214 -1.5201699301438864609 -2.5342364977640197132 3.1914689171681887277e-011 
3.8749999999996842526 0.27374197972994196437 -1.5202013832450285147 -2.5342364977745699406 2.9336473722591571387e-011 
3.8999999999996814992 0.27374164174848159004 -1.5201858153022802522 -2.5342364977831151052 2.8974751658552943376e-011 
3.9249999999996787459 0.27374161799024049335 -1.5201787470672476488 -2.534236497790621101 1.8984193681202475097e-011 
3.9499999999996759925 0.27374080345239160117 -1.5201902976442989157 -2.5342364977967926087 2.000101622247221983e-011 
3.9749999999996732392 0.27374010365915868448 -1.5201887069695763088 -2.5342364978008955489 1.1023155189799128019e-011 
3.9999999999996704858 0.27374151732641055501 -1.5201790223823890003 -2.5342364978061056036 1.8209467135136832959e-011 
4.0249999999996788347 0.27374224436265454097 -1.520168969869064135 -2.5342364978100579975 1.0833978660218556992e-011 
4.0499999999996871836 0.273741922192269449 -1.5201792522166734933 -2.5342364978135472064 9.1534503242136542852e-012 
4.0749999999996955324 0.27374188054125508929 -1.5201898035480754245 -2.5342364978156730615 7.3731596003758140715e-012 
4.0999999999997038813 0.27374120322930445282 -1.5201810864808300572 -2.5342364978184526159 9.1824836671378865441e-012 
4.1249999999997122302 0.27374092126491456067 -1.5201825485992133125 -2.5342364978207618798 5.8340475233629873038e-012 
4.1499999999997205791 0.27374127266808911951 -1.520187498574591789 -2.5342364978222411409 4.8644822060068256107e-012 
4.1749999999997289279 0.27374116099849427064 -1.5201793103251417527 -2.534236497823914025 4.6698613923527766857e-012 
4.1999999999997372768 0.27374152277013824586 -1.5201806103806365655 -2.5342364978251419316 4.3648629722393430116e-012 
4.2249999999997456257 0.27374181579388862096 -1.5201888511036576457 -2.5342364978263027808 2.9236150429315659572e-012 
4.2499999999997539746 0.27374128842714462451 -1.5201829430007414157 -2.5342364978272917675 3.2574193459900356867e-012 
4.2749999999997623235 0.2737413015145870876 -1.5201772874923202838 -2.5342364978280964571 2.3595136008981557466e-012 
4.2999999999997706723 0.27374157874869614604 -1.5201809659144203124 -2.5342364978288762778 2.2099211202031850617e-012 
4.3249999999997790212 0.27374152716961752674 -1.520181310210591219 -2.5342364978292994948 1.3697284614584335818e-012 
4.3499999999997873701 0.27374159146457494041 -1.5201815428873022285 -2.5342364978299793954 2.2229182588959641657e-012 
4.374999999999795719 0.27374133437356090726 -1.520184200692988874 -2.5342364978304239287 1.154486295372566614e-012 
4.3999999999998040678 0.27374110381622396293 -1.5201860386856207441 -2.5342364978307765355 9.6621751460514100883e-013 
4.4249999999998124167 0.27374138854137203269 -1.5201858489859016998 -2.534236497831057644 9.4801614208815681804e-013 
4.4499999999998207656 0.27374143950889812116 -1.5201796199000514598 -2.5342364978313769441 1.1147270917010758193e-012 
4.4749999999998291145 0.27374143328892946991 -1.5201779003472100094 -2.5342364978316576085 6.6649887333618576684e-013 
4.4999999999998374633 0.27374160562445631895 -1.5201831851342317847 -2.5342364978318276947 4.9851381046668599329e-013 
4.5249999999998458122 0.27374145604119187736 -1.5201834565937879518 -2.5342364978319960045 5.6464151719032911787e-013 
4.5499999999998541611 0.27374133629155072978 -1.5201832239689072601 -2.5342364978321612057 5.331055239846027583e-013 
4.57499999999986251 0.27374143406502821074 -1.5201832894127980111 -2.5342364978322939884 3.3916329125762930971e-013 
4.5999999999998708589 0.27374145885347583862 -1.5201806907115515966 -2.5342364978324112279 3.7598149253560700794e-013 
4.6249999999998792077 0.27374149346076476208 -1.5201821587452617468 -2.5342364978325009339 2.5427729671149844978e-013 
4.6499999999998875566 0.27374137470304549247 -1.520183770228848541 -2.5342364978325817582 2.4923827464763521569e-013 
4.6749999999998959055 0.2737412156777705996 -1.5201821316459680489 -2.5342364978326488156 2.1514105209076173391e-013 
4.6999999999999042544 0.27374139987806717089 -1.5201820300395627594 -2.5342364978327225344 2.2459706406553535374e-013 
4.7249999999999126032 0.27374155556090407071 -1.5201826402869995647 -2.5342364978327678315 1.0566639456812699494e-013 
4.7499999999999209521 0.27374148070532761112 -1.5201829311719379234 -2.5342364978328077996 1.4620276036788368617e-013 
4.774999999999929301 0.27374144662999189137 -1.5201828226042488623 -2.534236497832849988 1.1845670964648041034e-013 
4.7999999999999376499 0.2737414190617746268 -1.5201818871522383425 -2.5342364978328828506 1.0987837597981644154e-013 
4.8249999999999459988 0.27374140628122684005 -1.5201817943789934784 -2.5342364978329152692 8.3200044028143483502e-014 
4.8499999999999543476 0.27374142673857232433 -1.5201820663872864792 -2.5342364978329325886 4.7287928365932878043e-014 
4.8749999999999626965 0.2737413676563306697 -1.520182094053537103 -2.5342364978329534608 8.2351022076525745753e-014 
4.8999999999999710454 0.27374136313213681682 -1.5201831594531673986 -2.5342364978329765535 6.1098348820415461813e-014 
4.9249999999999793943 0.27374144495001495603 -1.5201837822354398178 -2.5342364978329898761 3.0924228802525545895e-014 
4.9499999999999877431 0.27374147212457200506 -1.5201824410829771761 -2.5342364978330018666 4.4313139931158171341e-014 
4.974999999999996092 0.27374147323794645326 -1.5201815918928673899 -2.5342364978330129688 2.8768431553292118573e-014 
