0.025000000000000015266 0.59644381580199556936 0.0004900152069070122518 -2.2451169196155440488 0.040668715013841311157 
0.05000000000000003747 0.57180559959333099318 0.017209581189538233903 -2.2535120503873868891 0.058672403913103958473 
0.075000000000000052736 0.43029741297632290165 -0.0079456448000883028726 -2.2756039868704811546 0.094575759548772384 
0.10000000000000007494 0.392484099893440741 -0.054000477029382709659 -2.3128457158918904746 0.10948647620615063747 
0.12500000000000008327 0.2278687278943693495 -0.40956081866770699396 -2.337117220305246601 0.057285706772318284452 
0.15000000000000010547 0.2225426335857414728 -2.0216130479811749154 -2.3523721783911439864 0.051791073521279616665 
0.17500000000000012768 0.30187316328361851747 -2.5837244383152548899 -2.3681252546870106279 0.0531596960356054693 
0.20000000000000014988 0.23705369728875896884 -1.5335422020914695196 -2.3821814248015962256 0.029873613480860448932 
0.22500000000000017208 0.21922287277974009112 -1.9796094249938755993 -2.3906441695684792492 0.035529998119916597621 
0.25000000000000016653 0.26106151195680732391 -1.5052633492297187168 -2.4043957413948877644 0.050381376537047779796 
0.27500000000000018874 0.29636328470786887923 -0.027037137807905953224 -2.418139023031729451 0.041788289265030004183 
0.30000000000000021094 0.35515478477037942806 0.078604916085213583088 -2.4305567946000623536 0.035070159460024133424 
0.32500000000000023315 0.35841465733666694193 0.37838137826488504878 -2.4404848240248582236 0.029434436164173568423 
0.35000000000000025535 0.34603067560707134742 -0.26118029458556579758 -2.4494768212565505294 0.036685186172001900407 
0.37500000000000027756 0.28690848797491180777 -1.7616980854645629684 -2.4592632224871602276 0.021523234022785806691 
0.40000000000000029976 0.22549592688176139932 -1.9244210470369793597 -2.4635916160435300526 0.010776242382646917736 
0.42500000000000032196 0.29191901830232491744 -1.7929283248082747981 -2.4691012872074322715 0.021094681158009446348 
0.45000000000000034417 0.33154428873567842739 -0.970333701229450174 -2.4741126041185688145 0.016598318082812403562 
0.47500000000000036637 0.33380045932918567253 -0.42802869656735464954 -2.4790796814393529779 0.014378644845407897654 
0.50000000000000033307 0.3651549480904018874 -1.0744404952050117252 -2.4835281696203006518 0.012380603969838999481 
0.52500000000000035527 0.3366980746619382403 -1.0848351018362640819 -2.4867976781285414667 0.01085831801543182297 
0.55000000000000037748 0.31084674481448371086 -1.2326690863596003744 -2.4903777205260797523 0.013296732477009038514 
0.57500000000000039968 0.30898530528877626855 -1.5315882038925150432 -2.4944074445132788931 0.014049887799283783743 
0.60000000000000042188 0.26657606696321894946 -1.3734092339749734979 -2.5004721894613286537 0.024786454236073927199 
0.62500000000000044409 0.23016842580390006745 -1.5740684050767792534 -2.5066361224915820749 0.01294704990594273443 
0.65000000000000046629 0.23994906130180845838 -1.8938163794863940304 -2.5097848696099545052 0.011284406213342128983 
0.6750000000000004885 0.25705049286917569518 -1.9781256070983421758 -2.5133485384832829901 0.0087688002844363583527 
0.7000000000000005107 0.27616529062798517158 -1.8139574440625545471 -2.5154142222661191042 0.0080220778121690514834 
0.72500000000000053291 0.2840594445683720104 -1.3358157032415003407 -2.5182965657616085409 0.0097007985282967987284 
0.75000000000000055511 0.27318748425457245466 -1.1162269189324383056 -2.521006035244373944 0.0067313551893007422464 
0.77500000000000057732 0.27855443461435719366 -1.3882653088323984036 -2.5226974684742575761 0.005869411771852937193 
0.80000000000000059952 0.27555745884612742325 -1.6029170730739574768 -2.5243376668270038898 0.0043453988649857092433 
0.82500000000000062172 0.25510454120810971412 -1.6620040900164041453 -2.5256107020174876077 0.0041236156354717704367 
0.85000000000000064393 0.26167787221124855224 -1.7231889296447653326 -2.5268770253832575357 0.0043283244102183355759 
0.87500000000000066613 0.27422413350854851766 -1.6103677306426664728 -2.5280382592941967879 0.0030050861667930655989 
0.90000000000000068834 0.27686755171714755308 -1.3585479386450600714 -2.528888145515884478 0.0026461887780602610237 
0.92500000000000071054 0.28179583003022840026 -1.4223869114239815481 -2.5295443411568494518 0.0017267306898723913059 
0.95000000000000073275 0.27315910464766118837 -1.518994343921669099 -2.5301654943669702469 0.00259160008661274378 
0.97500000000000075495 0.26423701240984220906 -1.5033708077559611027 -2.5309008970214024181 0.0017976203479133090468 
1.0000000000000006661 0.26929492975144214695 -1.6010982315647472873 -2.5313391956531838822 0.0012619866129930826064 
1.0249999999999979128 0.27458659010740510409 -1.6087657541962556706 -2.531679224124431915 0.0010224024263863330884 
1.0499999999999951594 0.2755118391039615422 -1.5404251471170979926 -2.5320087340109220797 0.0012486048272480263204 
1.0749999999999924061 0.27402484915568248169 -1.4888065049845686794 -2.5324273504351793029 0.0012415751538563961267 
1.0999999999999896527 0.27220607110421590757 -1.4318314128226954374 -2.53267134227056534 0.00046729037599715255499 
1.1249999999999868994 0.27587798234529697927 -1.478246306553858691 -2.5328322236789073685 0.0006763855710149055487 
1.149999999999984146 0.27722819198489356829 -1.5085023403415434018 -2.5330515214610764829 0.00065978317514764914589 
1.1749999999999813927 0.27038539562708724384 -1.5326430963408912422 -2.5332306572041281001 0.00055878218001891727124 
1.1999999999999786393 0.26732614223675116305 -1.620373976448293174 -2.5333772161177350313 0.00039444689218647179365 
1.224999999999975886 0.26965297750218847339 -1.5870775928733447113 -2.5334914978497877769 0.00033738739489986256659 
1.2499999999999731326 0.27347830252488641856 -1.4955309625659534145 -2.5335870069801535998 0.00033481407041378131529 
1.2749999999999703792 0.27986910054606528586 -1.4718370425159332804 -2.5336900486515014919 0.00028980218351221337467 
1.2999999999999676259 0.2808880815089941918 -1.4673438714223006052 -2.5337607102834778239 0.0002282951987220492552 
1.3249999999999648725 0.27357359267724301599 -1.4926713792573398365 -2.5338397819120332954 0.0002325410130865296441 
1.3499999999999621192 0.26834360656002037571 -1.5428421592435985765 -2.5338868034746093727 0.00011977186456606940047 
1.3749999999999593658 0.26939111335695248295 -1.5630250039687125785 -2.5339327135775437938 0.0001694552616405705335 
1.3999999999999566125 0.27362139125401185868 -1.5397605985968634279 -2.5339822887647733829 0.00014545236896326430845 
1.4249999999999538591 0.27535674588266106921 -1.513594561702549024 -2.5340181135788126809 0.00010668355524169452226 
1.4499999999999511058 0.27379176076619754499 -1.5101224790714014024 -2.5340473670964693831 6.932461790787008255e-005 
1.4749999999999483524 0.27441076024408567191 -1.5142365302994349463 -2.5340714607382657242 0.00010338341073432403031 
1.4999999999999455991 0.27559055765250434211 -1.5194131307806881814 -2.5340989600342429533 6.515408247701838572e-005 
1.5249999999999428457 0.27390601205534409468 -1.5178543845508394305 -2.5341170601695166553 6.0617224571091295659e-005 
1.5499999999999400924 0.27259544048089251467 -1.5205376855233381228 -2.534133146918159607 4.5660894212303291097e-005 
1.574999999999937339 0.27293400599654604743 -1.5224487248428912878 -2.5341494237375119525 5.2900396176916852779e-005 
1.5999999999999345857 0.27326477253431724623 -1.5181957190137054248 -2.5341597957713495326 2.7464553138423797329e-005 
1.6249999999999318323 0.27335205965955045038 -1.5243672531365271006 -2.5341716910757994263 3.8840825419989398882e-005 
1.649999999999929079 0.27370980054135396475 -1.5180771681177263055 -2.5341804200207467268 2.8135980404482875819e-005 
1.6749999999999263256 0.27470946109256150214 -1.5175824068517966836 -2.5341896427029539929 2.5071875876014570431e-005 
1.6999999999999235722 0.27479967805931021507 -1.5349313090721214969 -2.5341948357696990612 1.3099526471845044639e-005 
1.7249999999999208189 0.27335242448930541226 -1.519700851745083181 -2.5342005933396061224 2.4246094545751295193e-005 
1.7499999999999180655 0.27291712206616630665 -1.5049345068392754321 -2.5342067055048151936 1.4528285823879383059e-005 
1.7749999999999153122 0.27366410967714538405 -1.5211059180392574319 -2.5342107393434796236 1.3033934208990104699e-005 
1.7999999999999125588 0.27372647394109689278 -1.5280318877960430424 -2.534214030773031201 7.8484862848467289853e-006 
1.8249999999999098055 0.27352958458848353196 -1.5200864457776406269 -2.5342169562005647521 1.246222004081505718e-005 
1.8499999999999070521 0.27370668044629381521 -1.513194624122048193 -2.534220211926157873 8.0818957395060492157e-006 
1.8749999999999042988 0.27408541123021523678 -1.5208884966644826697 -2.5342225825736015565 6.8694669275772157164e-006 
1.8999999999999015454 0.27421923865773389917 -1.5294506416094328927 -2.5342241672715690726 5.3625355434128131336e-006 
1.9249999999998987921 0.27367341333582040352 -1.5186992312001283967 -2.5342261430197292604 5.7941803074517584271e-006 
1.9499999999998960387 0.27341079716736371719 -1.5141073509420754917 -2.5342274422763759745 3.9489539648543996856e-006 
1.9749999999998932854 0.27375385859221307294 -1.5206149988626371794 -2.534228909481603953 4.9216525982437117371e-006 
1.999999999999890532 0.27371634815180739819 -1.5202266182786785542 -2.5342299656224041016 2.3894254533691511982e-006 
2.0249999999998880007 0.27353367434748410147 -1.5212920239997815841 -2.5342307718236747327 2.8948059791748890013e-006 
2.0499999999998852473 0.27361627178662656368 -1.5248927283389250853 -2.5342315883523736098 2.3640641346768365743e-006 
2.074999999999882494 0.27377109701941709785 -1.5207514123711374232 -2.5342323480881030484 2.740270643711908497e-006 
2.0999999999998797406 0.27405158721795530585 -1.5145255090781111207 -2.5342330153948711136 1.3315593441244888519e-006 
2.1249999999998769873 0.27400625086825780574 -1.516606767752679108 -2.5342333566274541923 1.3037920671928334403e-006 
2.1499999999998742339 0.27360973361760526634 -1.5220388869611758409 -2.5342338020033454704 1.536031634186608527e-006 
2.1749999999998714806 0.27359832164241698615 -1.5232007549866777296 -2.5342342839159504031 1.3963700306204762035e-006 
2.1999999999998687272 0.27374132836418824111 -1.5224000730555322658 -2.5342345817214724235 7.2625565117090276032e-007 
2.2249999999998659739 0.27368831333079884915 -1.52073552366315079 -2.5342348056695391811 7.38196161594441611e-007 
2.2499999999998632205 0.27367882963064282809 -1.5187415130070263114 -2.534235028062749695 8.0038600010323015966e-007 
2.2749999999998604672 0.27366373991897036122 -1.5176247225383865391 -2.5342352977242694756 7.6132728715201182234e-007 
2.2999999999998577138 0.27373512186657411593 -1.518917317663337041 -2.5342354452699016321 3.7831576018033234886e-007 
2.3249999999998549605 0.27391878925280760404 -1.5220882988852231232 -2.5342355854806370985 4.808095256858075839e-007 
2.3499999999998522071 0.27387255966965462495 -1.5209920188019989684 -2.5342357147259639838 3.7269846328404866593e-007 
2.3749999999998494538 0.2737324852882967452 -1.5194548386382791261 -2.5342358238883369026 3.7391128461589151627e-007 
2.3999999999998467004 0.2736693038294496505 -1.5215984091355052588 -2.5342359330231758463 2.8489138061545131567e-007 
2.4249999999998439471 0.27361161705210806927 -1.5206470715300115515 -2.5342360037603852696 2.3077015196257209224e-007 
2.4499999999998411937 0.27371906264037088041 -1.5186697340575530113 -2.5342360771878809089 2.0675479942496700392e-007 
2.4749999999998384403 0.27383738897240783583 -1.5193388382080148524 -2.5342361243622395506 1.6897192352625182711e-007 
2.499999999999835687 0.27374328251980262205 -1.5200070686771556261 -2.5342361907026229595 2.0029684555987901448e-007 
2.5249999999998329336 0.27368741279755209872 -1.5208422413729876244 -2.5342362360153387613 1.1796427025991455802e-007 
2.5499999999998301803 0.27373294590155711203 -1.5210555095900768485 -2.5342362635712407659 7.9220762542111557053e-008 
2.5749999999998274269 0.27377713723449076388 -1.5206398921221186971 -2.5342362974145986598 1.3266965539680603281e-007 
2.5999999999998246736 0.27382784610036925432 -1.5202178267235744169 -2.5342363311297346762 8.2068813716723587286e-008 
2.6249999999998219202 0.27376568756662889026 -1.5190854380299758652 -2.5342363534984433393 7.2225323692456760166e-008 
2.6499999999998191669 0.27365336174840027006 -1.519341145895131584 -2.534236372699764317 5.029399382431569036e-008 
2.6749999999998164135 0.27367496759203302492 -1.5206515373110569556 -2.5342363885922165601 5.9744829308733528562e-008 
2.6999999999998136602 0.27373906531661301722 -1.5206197403954051506 -2.5342364071183669516 5.309596195425371813e-008 
2.7249999999998109068 0.27377207827263366768 -1.5203119527775577069 -2.5342364185263841492 3.218285958804453954e-008 
2.7499999999998081535 0.27378857023466968146 -1.5205372203639575535 -2.5342364306222973092 3.5578921892042096092e-008 
2.7749999999998054001 0.27375716468624861077 -1.5203234049113683035 -2.5342364389236600175 2.9496083646366879729e-008 
2.7999999999998026468 0.27373412311066736002 -1.5197660949629718807 -2.5342364481470194271 2.3721786159770666748e-008 
2.8249999999997998934 0.27373310282131202431 -1.5197861484502617202 -2.5342364543621522799 2.247354492745908972e-008 
2.84999999999979714 0.27371315631108539268 -1.5201379957093203998 -2.5342364614905683595 2.0036472110093871428e-008 
2.8749999999997943867 0.27372536902721861241 -1.5203288328300756937 -2.534236466394282683 1.3837113971402610981e-008 
2.8999999999997916333 0.27375338260358345055 -1.5204486610710699068 -2.5342364702143846955 1.2212574497391480904e-008 
2.92499999999978888 0.27374853261294795903 -1.5202764732739588727 -2.5342364745116365832 1.4682521714071250054e-008 
2.9499999999997861266 0.27375155999536687768 -1.5200370361284658571 -2.5342364780395554291 8.7392551734424532174e-009 
2.9749999999997833733 0.27375490416605358091 -1.5199848656089212096 -2.5342364805531527594 8.4910568733430274447e-009 
2.9999999999997806199 0.27373955132780952715 -1.5201509892917508537 -2.5342364831932546743 7.1744905411352744049e-009 
3.0249999999997778666 0.27373510565271819139 -1.5205020317525941298 -2.5342364849132392735 6.6065965361007903359e-009 
3.0499999999997751132 0.27373090787194792606 -1.5202947104378738974 -2.5342364871765701295 5.5904945710038656521e-009 
3.0749999999997723599 0.27372781422156233777 -1.5199402636438181791 -2.5342364883429686628 4.4050218922077269572e-009 
3.0999999999997696065 0.27374365733220462626 -1.5201532568729763106 -2.5342364899683031965 4.3951949328018231082e-009 
3.1249999999997668532 0.27375352868570085318 -1.5201868204391568717 -2.5342364908877343943 2.8378819716367472551e-009 
3.1499999999997640998 0.27375033121311614925 -1.5200548778584834775 -2.5342364918533606399 3.0378592967816775096e-009 
3.1749999999997613465 0.27374525341404143397 -1.5201802695882129512 -2.5342364927918619166 3.2907348807921413382e-009 
3.1999999999997585931 0.2737370925888944484 -1.5203060568692305932 -2.5342364935751886534 1.5865980675186889107e-009 
3.2249999999997558398 0.27373392207099639384 -1.5203259817825152123 -2.5342364940351158609 1.6506599652419926337e-009 
3.2499999999997530864 0.273735081689615245 -1.5201914776451448397 -2.5342364945567745771 1.840308750435806766e-009 
3.274999999999750333 0.27373895605448106405 -1.5201137026806725849 -2.5342364951197953182 1.7179073278241996392e-009 
3.2999999999997475797 0.27375010695534934824 -1.5201708199803587451 -2.5342364955316423192 8.6975204003547871653e-010 
3.3249999999997448263 0.27375102412249974204 -1.5201027820749295483 -2.534236495747374196 8.4312615904359487395e-010 
3.349999999999742073 0.27373801386984936146 -1.5200862594313346854 -2.5342364960711512012 1.0882698200245830126e-009 
3.3749999999997393196 0.27373415438018333656 -1.5202101160907068866 -2.5342364963469501404 7.9323875285791372861e-010 
3.3999999999997365663 0.27374068062684081548 -1.5202671197144757009 -2.5342364965819355049 6.1931826085442948378e-010 
3.4249999999997338129 0.27374359397154374163 -1.5202578212611417285 -2.5342364967036967727 4.0602121173379959074e-010 
3.4499999999997310596 0.27374105786977331878 -1.5202144814353779623 -2.5342364968845556561 5.9489456878792686051e-010 
3.4749999999997283062 0.27373974473716494726 -1.5201361779061026702 -2.5342364970214301678 3.7378067380059166223e-010 
3.4999999999997255529 0.27374384037359916766 -1.5201061989896089699 -2.5342364971352395742 3.7629319395769536853e-010 
3.5249999999997227995 0.27374584494234760479 -1.5201711367827219767 -2.5342364972415971636 3.0754310583690456749e-010 
3.5499999999997200462 0.27374101423547647638 -1.5202171742327532655 -2.5342364973151632057 1.7334540753418501229e-010 
3.5749999999997172928 0.27373745701079355008 -1.5201932188510427491 -2.5342364973826398966 2.9234273233515414124e-010 
3.5999999999997145395 0.27373828908601838261 -1.520184631183413293 -2.5342364974588429405 1.8635270210126105037e-010 
3.6249999999997117861 0.27374106034009931809 -1.5201807957713042718 -2.5342364975124156423 1.6274550553815015179e-010 
3.6499999999997090327 0.27374443458250291572 -1.5201681447092108002 -2.5342364975521114445 1.0962927343798092939e-010 
3.6749999999997062794 0.27374443755456284721 -1.5201722214983877102 -2.5342364975863640453 1.2536830060903592432e-010 
3.699999999999703526 0.27374147019276373616 -1.5201957237568048953 -2.5342364976306690494 1.4077161659426510993e-010 
3.7249999999997007727 0.27373967989908870591 -1.5202172923728394238 -2.5342364976596090109 5.7798830897535348034e-011 
3.7499999999996980193 0.27373966525586557186 -1.5201796613336164832 -2.5342364976790374698 7.8493564019654620059e-011 
3.774999999999695266 0.27374132911931131629 -1.520154831290957187 -2.5342364977006548443 6.0235999905193697179e-011 
3.7999999999996925126 0.27374249571037584383 -1.5201852531674662217 -2.5342364977219964395 7.3714217446629019131e-011 
3.8249999999996897593 0.2737414760624986565 -1.5201755051873084845 -2.5342364977389126857 3.8962889003777766998e-011 
3.8499999999996870059 0.27374121098562420595 -1.5201668939139896253 -2.5342364977495295264 3.6400506513873625057e-011 
3.8749999999996842526 0.273741842866771945 -1.5201950549255789369 -2.5342364977617659605 3.879156500975318443e-011 
3.8999999999996814992 0.27374178661707032623 -1.5201965594610196142 -2.5342364977722198205 3.2825430763026309665e-011 
3.9249999999996787459 0.27374174799033534899 -1.5201849823372435289 -2.5342364977813351956 2.4063951227589244315e-011 
3.9499999999996759925 0.27374096808156717087 -1.5201824765714020415 -2.534236497788530329 2.4656173596587999527e-011 
3.9749999999996732392 0.27374021678485377373 -1.5201849662790825057 -2.5342364977942781756 1.376624705002406553e-011 
3.9999999999996704858 0.27374123978770126264 -1.5201800180382503136 -2.534236497799760901 2.1805000432870570545e-011 
4.0249999999996788347 0.27374211171036050283 -1.5201670062436924979 -2.5342364978048670388 1.1654873759374640376e-011 
4.0499999999996871836 0.27374196586896587524 -1.5201788148899433306 -2.5342364978091516114 1.4909512188814142809e-011 
4.0749999999996955324 0.27374172641124305816 -1.5201940793012247433 -2.5342364978118960828 5.9071557667832482664e-012 
4.0999999999997038813 0.27374126522387215443 -1.5201845589628057986 -2.5342364978149327648 1.2354666561776654726e-011 
4.1249999999997122302 0.27374118673200897867 -1.5201801498425062675 -2.5342364978179130475 7.2996660146263395121e-012 
4.1499999999997205791 0.27374133354805540996 -1.5201853189412384282 -2.5342364978198568259 5.8633485854806922267e-012 
4.1749999999997289279 0.27374108177501715877 -1.5201808671379355431 -2.5342364978216833649 5.6996432910042416285e-012 
4.1999999999997372768 0.27374140201528074368 -1.520177966439113515 -2.5342364978232816419 5.3351879457898522639e-012 
4.2249999999997456257 0.27374179496990863614 -1.5201862955313056869 -2.5342364978247857721 4.0265872820379981381e-012 
4.2499999999997539746 0.27374136266708859466 -1.520187400772876618 -2.5342364978258533625 3.3656107134736915876e-012 
4.2749999999997623235 0.27374123804799327386 -1.5201794829363821648 -2.5342364978268925313 3.2260859989992622662e-012 
4.2999999999997706723 0.27374152605382895409 -1.5201790790736386949 -2.5342364978278730803 3.1441269668707061521e-012 
4.3249999999997790212 0.27374159154841404273 -1.5201814164320612832 -2.534236497828479262 1.1501711598687538195e-012 
4.3499999999997873701 0.27374161956244169591 -1.520181116308317204 -2.5342364978291271882 2.8767926560032602847e-012 
4.374999999999795719 0.27374138436844147604 -1.5201820377085697444 -2.5342364978297751144 1.4542105611952617685e-012 
4.3999999999998040678 0.27374113828468871201 -1.5201856699958069541 -2.5342364978302502898 1.5183830885350812349e-012 
4.4249999999998124167 0.27374132021904984402 -1.520188288622337236 -2.5342364978305691459 7.6417279316864870239e-013 
4.4499999999998207656 0.27374139533647900979 -1.520181530159854244 -2.5342364978309168677 1.5106200825101096238e-012 
4.4749999999998291145 0.27374140942012031852 -1.5201765612842936815 -2.5342364978313036694 9.1755486884705785762e-013 
4.4999999999998374633 0.27374159032272005199 -1.5201818540392495471 -2.534236497831535484 6.0815576941857366433e-013 
4.5249999999998458122 0.27374151861351836423 -1.5201838198282793257 -2.5342364978317166724 6.5913811598051689502e-013 
4.5499999999998541611 0.27374137754359700869 -1.520182694662453482 -2.5342364978319196211 6.5858534258960117041e-013 
4.57499999999986251 0.2737414168717047791 -1.5201830184707065818 -2.5342364978320985891 4.847671707480464339e-013 
4.5999999999998708589 0.27374144697479985133 -1.5201819863759369333 -2.5342364978322362568 4.2652734088077312176e-013 
4.6249999999998792077 0.27374147940767645792 -1.5201825043732621889 -2.534236497832352164 3.4486704717952498285e-013 
4.6499999999998875566 0.27374137956565375296 -1.5201831067409403708 -2.5342364978324525282 3.1155420868188664086e-013 
4.6749999999998959055 0.27374121776266030492 -1.5201821940095787689 -2.5342364978325364611 2.4048244082170293018e-013 
4.6999999999999042544 0.2737413705585712842 -1.5201819950535480075 -2.5342364978326212821 3.2056309418076664096e-013 
4.7249999999999126032 0.27374156666468990595 -1.5201821304174880645 -2.5342364978326936686 1.2823849027346129455e-013 
4.7499999999999209521 0.27374150463553159618 -1.5201830109786711454 -2.5342364978327345248 1.7271706887144900554e-013 
4.774999999999929301 0.2737414297428917842 -1.5201833481169675366 -2.5342364978327864833 1.4690165579078764055e-013 
4.7999999999999376499 0.27374142357388409064 -1.5201820741823839356 -2.534236497832830004 1.5068070980540571652e-013 
4.8249999999999459988 0.27374142803335932417 -1.5201814773312092299 -2.5342364978328721925 1.0719344012973539027e-013 
4.8499999999999543476 0.2737414274826421301 -1.5201818717850255069 -2.5342364978328935088 5.4144399564960590949e-014 
4.8749999999999626965 0.27374136165927148712 -1.5201822372517714843 -2.5342364978329174896 1.0257461285872576047e-013 
4.8999999999999710454 0.27374133912421999559 -1.5201829658210059826 -2.5342364978329467995 7.8609173130994249886e-014 
4.9249999999999793943 0.27374142234034615218 -1.5201837565702245314 -2.5342364978329654512 4.8185074516333416544e-014 
4.9499999999999877431 0.27374148347943472181 -1.5201829783861713352 -2.5342364978329801062 4.7919497589001708945e-014 
4.974999999999996092 0.2737414934258589061 -1.5201815885478884294 -2.5342364978329934289 3.8003552031263876706e-014 
