0.025000000000000015266 0.59641234289926159384 0.00048979973821787134436 -2.245154838511604467 0.040646348463503387261 
0.05000000000000003747 0.57179481876068183333 0.017201289884252207729 -2.2535737566902791507 0.058608384155264550697 
0.075000000000000052736 0.430393201289143712 -0.0079000410763644390855 -2.2757193127656121234 0.094450869615335747431 
0.10000000000000007494 0.39265278977541950844 -0.053979401543532312679 -2.3130515668982609689 0.10936095449580421346 
0.12500000000000008327 0.22814862091231669083 -0.40963074046592551358 -2.337381984732710638 0.057186560674665973258 
0.15000000000000010547 0.22271256217782317566 -2.0192389763588582952 -2.3526525171848877704 0.051615589744799461602 
0.17500000000000012768 0.30189605406139957688 -2.5799093990660386666 -2.3684150979989069263 0.053007389299399403082 
0.20000000000000014988 0.23730959343537721962 -1.5317884478953849303 -2.3824780522617166056 0.029769637623957168754 
0.22500000000000017208 0.21955966213457983605 -1.9752823062188920034 -2.3909346297190277042 0.035340026879266434046 
0.25000000000000016653 0.26108639337578315454 -1.5000800052903078274 -2.4046593911397624588 0.05006617727970630316 
0.27500000000000018874 0.29589707946474030908 -0.027849242381937422408 -2.4183240733438564618 0.041199000297287201311 
0.30000000000000021094 0.35406305270079946323 0.071019259396424949671 -2.4306156022294262975 0.034906884542852692488 
0.32500000000000023315 0.35870407350845540106 0.36127525240796376504 -2.4406706717026955822 0.029627027247431089729 
0.35000000000000025535 0.34748415322520453952 -0.26992917278903127976 -2.4496351831821403522 0.036423534512204279456 
0.37500000000000027756 0.28785278418733700745 -1.7566365860428108103 -2.4594782450149041964 0.021782603412729872189 
0.40000000000000029976 0.22579033962939015767 -1.9221115527665615375 -2.4638626567867736306 0.010648438613284244222 
0.42500000000000032196 0.29161054731761681946 -1.795485997971660197 -2.4693137195834209408 0.021011123136601715655 
0.45000000000000034417 0.33160696282599444462 -0.97567501623095442831 -2.4743766273302147951 0.016589640204030836612 
0.47500000000000036637 0.3341636235202751215 -0.42776017409158884064 -2.4792944142635824356 0.014137764176570600735 
0.50000000000000033307 0.36536456907170039576 -1.0737641337410872566 -2.4837537776202669448 0.012471172928659698606 
0.52500000000000035527 0.3363801617140487199 -1.0956937709143592663 -2.4870560705339390672 0.011010613052599206932 
0.55000000000000037748 0.30906045225698103307 -1.2483184821805837217 -2.4907408036849822963 0.013751180990257896516 
0.57500000000000039968 0.30522869616083464495 -1.5470836525862006194 -2.4950550815191050447 0.01550467261379938691 
0.60000000000000042188 0.25988956692159415063 -1.3873987835658221357 -2.5015417891616129609 0.02467810210779432939 
0.62500000000000044409 0.22728400235963944209 -1.5979023757032408959 -2.5071071512382570035 0.010749783814387119107 
0.65000000000000046629 0.24353415777976714085 -1.9177971594648193232 -2.510138822777372436 0.011939082403836514742 
0.6750000000000004885 0.25862742562513424405 -1.9347800383768207766 -2.51376305844488801 0.0086615088469362885165 
0.7000000000000005107 0.27699299474945338062 -1.7187009316029646655 -2.5159284499316063588 0.0082213347484232784934 
0.72500000000000053291 0.2870334343300233737 -1.2904763228333981928 -2.5188017423250177451 0.0097898924024310673281 
0.75000000000000055511 0.27341019719704334756 -1.114997114855487137 -2.5213503549409326254 0.0055812492295966376413 
0.77500000000000057732 0.27737285038778020096 -1.3983702756833364944 -2.5229781116672853614 0.0061804667434133446838 
0.80000000000000059952 0.27287304935311051945 -1.6408844397072326338 -2.524594382042217422 0.0043078354377478807885 
0.82500000000000062172 0.25367631160914155819 -1.6989067191155915459 -2.5258722618003668359 0.0037971107651634987759 
0.85000000000000064393 0.26423275836082976697 -1.7313549368531515604 -2.5270741036256696432 0.0044042448638585409912 
0.87500000000000066613 0.27507898295005861478 -1.5568502146550358134 -2.5282419703516145759 0.0028062795153066051775 
0.90000000000000068834 0.27591140274879172312 -1.3100310112358544146 -2.5290310134444946577 0.0025638101527826247933 
0.92500000000000071054 0.28230369846997438454 -1.439472068049695741 -2.5296654545918859647 0.001632780193043890677 
0.95000000000000073275 0.27247077155305871043 -1.5265884919487897609 -2.5303201877998655611 0.0027141679476961376796 
0.97500000000000075495 0.26368703442182434005 -1.5174427549265803172 -2.5310107642056278721 0.0015716176811853134303 
1.0000000000000006661 0.27023697910072264072 -1.6349425974878730727 -2.5314229650604942456 0.0011964062122626689319 
1.0249999999999979128 0.27486185964106091273 -1.5961757488236436586 -2.5317497826444932407 0.001053139002159847416 
1.0499999999999951594 0.27547191057868009034 -1.5091762096990501973 -2.5320971796700852963 0.0012566766896656418433 
1.0749999999999924061 0.27409682656030004422 -1.4874342447018644719 -2.5324925571341041497 0.001123044907483290028 
1.0999999999999896527 0.27172688503820163763 -1.4361701918799520961 -2.5327163823805975973 0.00044364260992412791898 
1.1249999999999868994 0.27622515308360634512 -1.4813986932043650135 -2.5328814254340135115 0.00070133778047584650547 
1.149999999999984146 0.27730348255211789699 -1.5144951373978683407 -2.5330963487066684436 0.00062626118061049858895 
1.1749999999999813927 0.26951020753675047903 -1.5380005851384925819 -2.5332674425911601013 0.00051239371073188381273 
1.1999999999999786393 0.26752112178697051714 -1.6204563339655182475 -2.5334069304845638904 0.0004069819215110884094 
1.224999999999975886 0.27013844946035181493 -1.5757074682422254064 -2.5335202120824198424 0.00030851431118146955667 
1.2499999999999731326 0.27363242924614999962 -1.4920456819008691696 -2.5336109923348897333 0.00033421414488942044387 
1.2749999999999703792 0.28056887096981708574 -1.4808496603237906175 -2.5337106930855131104 0.00026429637649480383068 
1.2999999999999676259 0.28061198598066700027 -1.4622946665061902216 -2.5337806951213717177 0.00023922916258094228947 
1.3249999999999648725 0.27264409402474548694 -1.4897005146990296431 -2.5338548816012487208 0.00020477388384249298084 
1.3499999999999621192 0.26820318096355921789 -1.5546674104616049483 -2.533900216092857427 0.00012102853983721583039 
1.3749999999999593658 0.2695383088801402427 -1.5621908212051525133 -2.5339448987332739982 0.00016794227888705778786 
1.3999999999999566125 0.27399056834296364737 -1.5310065258562413071 -2.5339938555350305371 0.00013407290920007145863 
1.4249999999999538591 0.27570346331374012694 -1.515447719710106167 -2.5340265401121588873 0.00010241519381236867522 
1.4499999999999511058 0.27373710747403789956 -1.5112926772880879156 -2.5340547954650243234 6.7243391190687407284e-005 
1.4749999999999483524 0.27444972607560125244 -1.5132000428440128825 -2.5340796787357757758 0.00010147126083562667547 
1.4999999999999455991 0.27537776679208797459 -1.5209173379681932836 -2.5341041314528158779 5.8079037495059355079e-005 
1.5249999999999428457 0.27345405091835300881 -1.5184832852194962705 -2.5341224619730104983 5.9548890358134990786e-005 
1.5499999999999400924 0.27276878317713953992 -1.5193375660252907977 -2.534137977912173767 4.7546809508134348283e-005 
1.574999999999937339 0.27322785899808105237 -1.5193527057401248204 -2.5341534747294423013 4.2854133959767425673e-005 
1.5999999999999345857 0.2731732771246636049 -1.5194069631989390867 -2.5341626019866829722 3.1919393007184220618e-005 
1.6249999999999318323 0.27336936250634996659 -1.528821158167371852 -2.5341750723507865395 3.5804035615219084938e-005 
1.649999999999929079 0.27379395615113294449 -1.516744599060718901 -2.5341833974264704743 2.7142162986636067664e-005 
1.6749999999999263256 0.27473575332150551587 -1.5165957419464335398 -2.5341914271066730002 2.1669412284896047872e-005 
1.6999999999999235722 0.27479249302172281677 -1.5360364234019336926 -2.5341967286855306973 1.4486827876051020869e-005 
1.7249999999999208189 0.27320123794208961421 -1.5158423763572601572 -2.5342025967872370273 2.3599385640720958182e-005 
1.7499999999999180655 0.27288223688239032771 -1.503283937722271979 -2.5342081749601490515 1.2219999829118104358e-005 
1.7749999999999153122 0.27371714808471225844 -1.5252462569491587185 -2.5342118931750747812 1.2832319823718617204e-005 
1.7999999999999125588 0.27365373375248780441 -1.5294389584209058253 -2.534215057795276671 7.7894625803258331592e-006 
1.8249999999999098055 0.27359882230662108116 -1.5186842094720223173 -2.5342181347646115519 1.1966810588552360568e-005 
1.8499999999999070521 0.27385361244656741819 -1.5135574994376510549 -2.5342209779998201569 7.4033090555498220467e-006 
1.8749999999999042988 0.27406098740402839997 -1.5213981723777618704 -2.5342232769499086764 6.0980830134544901453e-006 
1.8999999999999015454 0.27417821543539910856 -1.527960214460145183 -2.534224793461188785 5.8917440177035910562e-006 
1.9249999999998987921 0.27363569717303021234 -1.5171026426577993718 -2.5342267245023313293 4.9312039020178269444e-006 
1.9499999999998960387 0.27335641751741679428 -1.5150673540416959018 -2.5342279099291507016 4.0476872077867209022e-006 
1.9749999999998932854 0.27377322421721023149 -1.5222267329304630668 -2.5342293307845600303 4.4542848999445614091e-006 
1.999999999999890532 0.27372384053446818797 -1.5195812059978059949 -2.5342303100475120914 2.2677546869662255897e-006 
2.0249999999998880007 0.27353747158520974603 -1.5210938821374304641 -2.5342310616204630769 2.8210108992882931811e-006 
2.0499999999998852473 0.2736669580235117083 -1.5259115777375047429 -2.5342318797801395291 2.2768387068743463346e-006 
2.074999999999882494 0.27377992920287341772 -1.519783973638247021 -2.5342326061319919717 2.5275286428942349954e-006 
2.0999999999998797406 0.27403588692969937934 -1.5136250486576834362 -2.5342331785837401981 1.1471874348491356538e-006 
2.1249999999998769873 0.27398585715710765953 -1.5176797828406929369 -2.534233532435189673 1.3536498965141623344e-006 
2.1499999999998742339 0.27357787562341612242 -1.5223329762863682113 -2.5342339669547961911 1.5011200052164983946e-006 
2.1749999999998714806 0.27362206925766813237 -1.5227302298295821714 -2.5342344282236450859 1.2002266239670531486e-006 
2.1999999999998687272 0.27376216185858237573 -1.5224601643254160876 -2.5342346733673233317 7.0173971193918107228e-007 
2.2249999999998659739 0.27365985155600464074 -1.5206919216481604717 -2.5342349057328092954 7.0823273115964547776e-007 
2.2499999999998632205 0.27368878431022919395 -1.5184585876979852515 -2.5342351236139215587 8.097806765984679057e-007 
2.2749999999998604672 0.27368816878492380207 -1.5175169258826675112 -2.5342353709003986317 6.319006874196849112e-007 
2.2999999999998577138 0.27372539846144205988 -1.5194165584348455766 -2.5342355039725079635 3.9239538994032049317e-007 
2.3249999999998549605 0.2739114918757272199 -1.5225455733625079535 -2.5342356421878675654 4.4962210298350872256e-007 
2.3499999999998522071 0.27386647684408671477 -1.520614973643617196 -2.5342357643456869809 3.4804273834665248635e-007 
2.3749999999998494538 0.27372730384366261713 -1.5192723625776647367 -2.5342358656689412122 3.5811631683589458001e-007 
2.3999999999998467004 0.27367190391169327057 -1.5216681456573204478 -2.5342359687452766792 2.5170204987016274885e-007 
2.4249999999998439471 0.27361301292302153687 -1.5201815874322153199 -2.534236034975475782 2.2801390968648455581e-007 
2.4499999999998411937 0.27373411314355616808 -1.5186372262931049359 -2.5342361024439821193 1.8278525583154238603e-007 
2.4749999999998384403 0.27384357444733758991 -1.519974626249706251 -2.5342361499601411268 1.7509387376888723134e-007 
2.499999999999835687 0.27372286016055880076 -1.5201522828058862125 -2.5342362110835296996 1.7516650242574990383e-007 
2.5249999999998329336 0.27368327975524414652 -1.5205608948226441157 -2.534236252697628089 1.0558798269915835203e-007 
2.5499999999998301803 0.27374349290278510161 -1.5209781343148072175 -2.5342362774748177223 8.5603662277786673445e-008 
2.5749999999998274269 0.27377833652311900359 -1.5206329578179826889 -2.5342363127475140416 1.1997639086440135819e-007 
2.5999999999998246736 0.27382929257980770377 -1.5201104799513895927 -2.5342363418668552022 7.3882039971192937808e-008 
2.6249999999998219202 0.27376024193710141175 -1.5190703831335201635 -2.5342363625729396048 6.789765976301507166e-008 
2.6499999999998191669 0.27364479172168193477 -1.5195501358097505129 -2.5342363817595137121 5.0498446468923299191e-008 
2.6749999999998164135 0.27367978662125663769 -1.520783591019570391 -2.5342363960687630531 5.1804245906386822807e-008 
2.6999999999998136602 0.2737451451065799346 -1.5204317928051844788 -2.5342364131534500515 4.9501394988624206438e-008 
2.7249999999998109068 0.27377655921760174484 -1.5202064753664528141 -2.5342364241529682367 3.3945837724644590269e-008 
2.7499999999998081535 0.27379333640904557345 -1.5206293769841936481 -2.5342364355194955117 2.8494266641505612852e-008 
2.7749999999998054001 0.27375176139190021685 -1.520250498331697564 -2.5342364429964669981 2.9713020330640633655e-008 
2.7999999999998026468 0.27372532762166712494 -1.5197431668732481747 -2.5342364514458801672 2.0884294275447671157e-008 
2.8249999999997998934 0.2737278527209299761 -1.5199735974582317954 -2.5342364577465659181 2.2643792240837649496e-008 
2.84999999999979714 0.27371276523779414225 -1.5201838297787673149 -2.5342364641252150825 1.7188116231391665154e-008 
2.8749999999997943867 0.27373477691086312014 -1.5202393776917952906 -2.5342364686315077549 1.2397018650654892381e-008 
2.8999999999997916333 0.27376044155638784572 -1.5203872181029562949 -2.5342364721005314898 1.2625021455093591216e-008 
2.92499999999978888 0.27374646611241409966 -1.520218197564126239 -2.5342364764157494506 1.3036684196415710393e-008 
2.9499999999997861266 0.27375000990659997813 -1.5200132861920534477 -2.5342364794944902684 7.8677974660067559834e-009 
2.9749999999997833733 0.27375170960471639781 -1.5200265111306774379 -2.5342364817740428151 8.121494894751647533e-009 
2.9999999999997806199 0.2737351942168812502 -1.5202584226111668375 -2.5342364843335514202 6.4439610290459124944e-009 
3.0249999999997778666 0.27373612467431018835 -1.5205624515872235847 -2.534236485892415125 6.3976694367129557633e-009 
3.0499999999997751132 0.27373249244869835017 -1.5202164282153076691 -2.5342364879952099521 4.7882945034147182037e-009 
3.0749999999997723599 0.27372910926732357817 -1.519884723792700898 -2.5342364890885731299 4.521201378508731087e-009 
3.0999999999997696065 0.2737464065008694547 -1.5201603837351980175 -2.5342364905609970904 3.5192499674169129454e-009 
3.1249999999997668532 0.27375334503620191162 -1.520149423022786328 -2.5342364914221948702 2.9615292623300526214e-009 
3.1499999999997640998 0.27374870143980489789 -1.5200581784367130922 -2.5342364923211846417 2.8090130773449016813e-009 
3.1749999999997613465 0.27374418732679589583 -1.520254969483259444 -2.5342364932346361783 2.963713622787415331e-009 
3.1999999999997585931 0.27373566883272482109 -1.5203273171405449204 -2.5342364938804053942 1.324557681240424567e-009 
3.2249999999997558398 0.2737343123644168652 -1.5202940498528119129 -2.534236494323195199 1.6383939396637367499e-009 
3.2499999999997530864 0.27373627009114620545 -1.520175064756818184 -2.5342364948442535066 1.811334750462038951e-009 
3.274999999999750333 0.2737397688227435899 -1.5201069839670826589 -2.5342364953517693138 1.4100050035904264928e-009 
3.2999999999997475797 0.27375146213233675363 -1.5201606641393698993 -2.5342364957021423777 7.8000773585324178526e-010 
3.3249999999997448263 0.27375008584928789412 -1.5201018019624834565 -2.5342364959115841749 8.9187888051655309608e-010 
3.349999999999742073 0.27373581772992505723 -1.5201059876603166821 -2.5342364962322356803 9.5171703629447088798e-010 
3.3749999999997393196 0.27373448087278134944 -1.5202296262737693411 -2.5342364964702133179 7.2641528797986319709e-010 
3.3999999999997365663 0.27374119992734635698 -1.5202573342492753383 -2.534236496680709827 5.1986501285430249479e-010 
3.4249999999997338129 0.27374331986733613231 -1.5202471010544802432 -2.534236496798718985 4.5416165109234806094e-010 
3.4499999999997310596 0.27374189916729613214 -1.5202160910567070751 -2.5342364969684103571 4.8927911960869693653e-010 
3.4749999999997283062 0.27374056386222178627 -1.5201233019913389377 -2.5342364970907165223 3.6194908411386439927e-010 
3.4999999999997255529 0.27374368677533367222 -1.5201045425980661552 -2.5342364971934809859 3.3661868130707625347e-010 
3.5249999999997227995 0.27374498140218417319 -1.520188917044999144 -2.5342364972943238755 2.8310027938739892106e-010 
3.5499999999997200462 0.27374008165766527956 -1.5202179084861704439 -2.5342364973575532971 1.5510456646856038573e-010 
3.5749999999997172928 0.27373769728708990945 -1.520189918004351215 -2.5342364974242821418 2.7818874743997207346e-010 
3.5999999999997145395 0.27373888729177875412 -1.5201887532985396412 -2.5342364974926101517 1.6222777326761254021e-010 
3.6249999999997117861 0.2737412022619489238 -1.520175205605938995 -2.5342364975389481963 1.3892894805659351859e-010 
3.6499999999997090327 0.27374485579540575042 -1.5201613615701907722 -2.5342364975766984436 1.1267476900349303222e-010 
3.6749999999997062794 0.27374445537201258505 -1.5201745662552834659 -2.5342364976097897511 1.1705767772525999682e-010 
3.699999999999703526 0.2737408584351513352 -1.5202016532060611542 -2.534236497649359432 1.1600451496604111019e-010 
3.7249999999997007727 0.27373952629562509076 -1.5202171561530430921 -2.5342364976739464311 5.8193478262308568223e-011 
3.7499999999996980193 0.27373973512575688893 -1.5201742002650611152 -2.534236497693479695 7.1077585578175437856e-011 
3.774999999999695266 0.27374135052387682521 -1.5201576039234705462 -2.5342364977130205084 5.7837520613235200859e-011 
3.7999999999996925126 0.27374268890069125559 -1.5201895307212227593 -2.5342364977322411335 6.1802296135501234676e-011 
3.8249999999996897593 0.27374151803091861801 -1.5201713336164051071 -2.5342364977475728693 3.7839115462431568406e-011 
3.8499999999996870059 0.27374120582313382632 -1.5201673883461970238 -2.5342364977571798512 3.3212468734504793364e-011 
3.8749999999996842526 0.27374191679045889458 -1.5201990020883684451 -2.5342364977685742922 3.4209500275876282088e-011 
3.8999999999996814992 0.27374170888592147532 -1.5201917476903918924 -2.5342364977779099355 3.0638718012721701968e-011 
3.9249999999996787459 0.27374167108648450597 -1.5201808722752327974 -2.5342364977862459341 2.1259370350844030698e-011 
3.9499999999996759925 0.27374089176317439875 -1.5201862363023459501 -2.5342364977928828473 2.2597467028397556053e-011 
3.9749999999996732392 0.27374013772965455349 -1.5201875220489435847 -2.5342364977977727136 1.1767253412550460359e-011 
3.9999999999996704858 0.27374136973351415048 -1.5201795335773939932 -2.5342364978031075573 2.0426984999923536204e-011 
4.0249999999996788347 0.27374220262508625057 -1.520167727025750315 -2.534236497807586197 1.0924857146525623657e-011 
4.0499999999996871836 0.27374194112610145124 -1.520179139328303064 -2.5342364978115177188 1.1947724335805648132e-011 
4.0749999999996955324 0.27374180819913285223 -1.5201920836556426231 -2.5342364978138420817 6.6762801794748350708e-012 
4.0999999999997038813 0.27374125572049073929 -1.5201825282146670393 -2.5342364978168134826 1.0660628995202517048e-011 
4.1249999999997122302 0.27374104182697728271 -1.5201811193890308882 -2.5342364978194176217 6.6435240318536286437e-012 
4.1499999999997205791 0.27374128481375165078 -1.520186763276651476 -2.5342364978211144866 5.1153498726330331151e-012 
4.1749999999997289279 0.2737411169149430723 -1.5201801353325894439 -2.534236497822858869 5.3598434503374766463e-012 
4.1999999999997372768 0.27374146356635498112 -1.520179046830557823 -2.5342364978242692963 4.7450303304534363961e-012 
4.2249999999997456257 0.27374181616077220003 -1.5201879338181614187 -2.5342364978255904617 3.3930918833823061325e-012 
4.2499999999997539746 0.27374132640111137338 -1.520185296011649978 -2.5342364978266020969 3.3931264455704789933e-012 
4.2749999999997623235 0.27374126801538750664 -1.5201779450565489071 -2.5342364978275373488 2.7211200105382256914e-012 
4.2999999999997706723 0.27374156054556270101 -1.5201799765557333366 -2.53423649782840954 2.6874462589731402555e-012 
4.3249999999997790212 0.27374155450209303186 -1.5201814956179242611 -2.5342364978289024791 1.1820166003623833655e-012 
4.3499999999997873701 0.27374159935745717709 -1.5201812521030193537 -2.5342364978295819355 2.6298206816085726838e-012 
4.374999999999795719 0.27374136366401541354 -1.520183171558944446 -2.5342364978301201717 1.2582877927636810476e-012 
4.3999999999998040678 0.27374111783332299996 -1.5201860559445143917 -2.5342364978305327305 1.1995859884023280799e-012 
4.4249999999998124167 0.27374135242176556027 -1.5201871317788229199 -2.5342364978308209444 8.8820668122084108724e-013 
4.4499999999998207656 0.27374142023775699384 -1.5201803703033389681 -2.5342364978311646695 1.2988744763711583489e-012 
4.4749999999998291145 0.27374142055673850171 -1.5201770872263611345 -2.5342364978314937396 7.9089030327960810292e-013 
4.4999999999998374633 0.27374160268059272161 -1.5201826312263921892 -2.5342364978316886948 5.2532321841015788126e-013 
4.5249999999998458122 0.27374149055525137664 -1.5201836501695902282 -2.5342364978318645541 6.3006947236407524078e-013 
4.5499999999998541611 0.27374135170392138727 -1.5201829197863498955 -2.5342364978320488511 5.9018485537779054235e-013 
4.57499999999986251 0.27374142300232340297 -1.5201832913721162743 -2.5342364978322038382 3.9880990682013715582e-013 
4.5999999999998708589 0.27374145194480009602 -1.52018135231601903 -2.5342364978323290714 4.0786417070658615586e-013 
4.6249999999998792077 0.27374148644558143895 -1.5201821920678519895 -2.5342364978324303237 2.9123804336750990823e-013 
4.6499999999998875566 0.27374138036771128446 -1.5201834481435607671 -2.5342364978325218061 2.8198683216890716895e-013 
4.6749999999998959055 0.27374121655885536031 -1.5201822177701225236 -2.5342364978325955249 2.2368433857884460062e-013 
4.6999999999999042544 0.27374138524094160374 -1.5201819784588368467 -2.5342364978326759051 2.7562038243108881665e-013 
4.7249999999999126032 0.27374156272710253868 -1.5201823878108031707 -2.5342364978327323044 1.0955146213060628486e-013 
4.7499999999999209521 0.27374149024578287026 -1.5201830114794718796 -2.5342364978327736047 1.6030306117150427436e-013 
4.774999999999929301 0.27374143778041226671 -1.5201830798700664005 -2.5342364978328202341 1.3522244990652854437e-013 
4.7999999999999376499 0.27374142324989114705 -1.5201819431873562216 -2.5342364978328584257 1.2595782453667372468e-013 
4.8249999999999459988 0.27374141560975812082 -1.5201816309180378184 -2.5342364978328939529 9.4638106905821791511e-014 
4.8499999999999543476 0.27374142634382564454 -1.5201820029650410238 -2.5342364978329134928 5.0641166975767465238e-014 
4.8749999999999626965 0.27374136509174384901 -1.520182153720863294 -2.5342364978329365854 9.2681991330264030632e-014 
4.8999999999999710454 0.27374135076951422452 -1.5201830432683429706 -2.5342364978329627867 6.8942277033240334028e-014 
4.9249999999999793943 0.27374143509379356143 -1.5201838146318986666 -2.5342364978329783298 3.7932686613646793239e-014 
4.9499999999999877431 0.2737414789006382132 -1.5201827073582625527 -2.5342364978329907643 4.743068737580115736e-014 
4.974999999999996092 0.2737414829859989851 -1.5201815397269267116 -2.5342364978330036429 3.2141119054063278663e-014 
