0.025000000000000015266 0.59647529779001939865 0.00049023077982102494787 -2.2450789729637792291 0.040691097390481947849 
0.05000000000000003747 0.57181638846234372764 0.017217877020341859629 -2.2534502700172858169 0.058736495300833510558 
0.075000000000000052736 0.43020153374012853886 -0.0079913326877509294199 -2.2754884179572871794 0.094700830804646835004 
0.10000000000000007494 0.39231519178472751275 -0.054021388124592784052 -2.3126393492332537605 0.10961225147331413177 
0.12500000000000008327 0.2275885112492860296 -0.40948936805121360916 -2.3368517928435226239 0.057385172173332353596 
0.15000000000000010547 0.22237261545088235493 -2.0239888197860631536 -2.3520910341822061085 0.051967329945058489404 
0.17500000000000012768 0.30185070374728045772 -2.5875466021986741616 -2.3678344728724551871 0.0533127861398345268 
0.20000000000000014988 0.23679816560622374277 -1.5352992537954617269 -2.381883870802487202 0.029978918480116266421 
0.22500000000000017208 0.21888820059119420969 -1.9839499500007917732 -2.3903530764927118923 0.035722747415511561797 
0.25000000000000016653 0.26104481674837187732 -1.5104980659740916416 -2.4041319064327071331 0.050700117664082930413 
0.27500000000000018874 0.29683815416179559765 -0.026329618522947129122 -2.4179538371980306977 0.042379955563008261943 
0.30000000000000021094 0.35622338036761269642 0.086092215841223618256 -2.4304913704663912988 0.035184199123723711167 
0.32500000000000023315 0.35803521836394591737 0.39531788483191354633 -2.4402921200563212345 0.029295999813181865246 
0.35000000000000025535 0.34457588128127358829 -0.25298890340031005008 -2.4493145006341947578 0.036915857574410647357 
0.37500000000000027756 0.28601438665544087758 -1.7664290378636255952 -2.4590397277018301025 0.021270769062119491977 
0.40000000000000029976 0.22523720984035613957 -1.9260057479548149395 -2.4633198673988596639 0.010930313967435165493 
0.42500000000000032196 0.29219315801230766327 -1.7901468367581925278 -2.468884347054570938 0.021144244229344234115 
0.45000000000000034417 0.33142272918833265427 -0.9652439952921710864 -2.4738435151898161557 0.016629342913077389821 
0.47500000000000036637 0.33340206333332217392 -0.42861615134684111217 -2.4788639058471253485 0.014623605400755966197 
0.50000000000000033307 0.36490345138783375489 -1.0746574901738199515 -2.4833010860540207787 0.012297803515770063323 
0.52500000000000035527 0.33698202344831817978 -1.0739601290966693803 -2.4865443219713494472 0.010738180647619987099 
0.55000000000000037748 0.31249383380000012034 -1.2175861968445780281 -2.4900399010507281439 0.012951251677820810326 
0.57500000000000039968 0.31218416186019520842 -1.5170478050772944201 -2.4938368686834779808 0.012791761899868026031 
0.60000000000000042188 0.27274697492423755074 -1.3617958505833782645 -2.4994290529391736122 0.024078840171277052229 
0.62500000000000044409 0.23429454412565736687 -1.5548638589951666589 -2.5060579636497601896 0.015583103412759882755 
0.65000000000000046629 0.23690334822332151377 -1.8637914832794981734 -2.5094735421242453377 0.010728967394368668642 
0.6750000000000004885 0.25502233199267204666 -2.0076399505915487609 -2.5129641505327344753 0.0089985788905891216788 
0.7000000000000005107 0.27598658858775931835 -1.9118223601305559534 -2.5149103078774550646 0.0073783265247036001686 
0.72500000000000053291 0.28052678418819670947 -1.4026677917601215739 -2.5177601114436010121 0.0097450562411059392376 
0.75000000000000055511 0.27204373968621992086 -1.1261499146381206415 -2.5205770631896968759 0.0079305072283271400152 
0.77500000000000057732 0.27975216688082210625 -1.3838603088244409989 -2.5224545570347038925 0.0055551664081318168076 
0.80000000000000059952 0.27860709290402191352 -1.5692443501494173219 -2.5240564336452053773 0.0044417272451658783988 
0.82500000000000062172 0.25778803994536431121 -1.6169441021884973786 -2.5253276615369202318 0.0043311459774925190058 
0.85000000000000064393 0.25956182664996213516 -1.699232894605668065 -2.5266699873746678584 0.0043975859462562520361 
0.87500000000000066613 0.27235205844936166697 -1.6498846810336500468 -2.527821566193643843 0.0030894217504853970988 
0.90000000000000068834 0.27771842256481049649 -1.4237460618558448466 -2.5287371062121506426 0.0028311398985786974392 
0.92500000000000071054 0.2812919939196797392 -1.4188926005840629685 -2.529408238815719745 0.001792262995780252938 
0.95000000000000073275 0.27345005684625317555 -1.5070808200337455496 -2.5300160568566130159 0.0024403989557007939835 
0.97500000000000075495 0.26519050321745940568 -1.4945991071338990963 -2.5307700499967942243 0.0020527761886144197355 
1.0000000000000006661 0.26874394854216865358 -1.56326856676157111 -2.5312513687726587719 0.0013162776971965722047 
1.0249999999999979128 0.27426262036557458313 -1.607285116435932526 -2.5316087243255771533 0.0010489718934604509108 
1.0499999999999951594 0.27544129375557491191 -1.5741678925508328923 -2.5319155652981626403 0.0011610515700492885557 
1.0749999999999924061 0.27360135415125197422 -1.4980201181886236839 -2.5323518641460114331 0.0014068643717515248205 
1.0999999999999896527 0.27267969337932940199 -1.4293121467454488194 -2.5326241853094506595 0.00049396431999342656129 
1.1249999999999868994 0.27581561846040308916 -1.4752477169488975584 -2.5327847286633056179 0.00065096222164795112478 
1.149999999999984146 0.27696075845791567893 -1.5017888938382060182 -2.5330008210335699381 0.00068354287665477457981 
1.1749999999999813927 0.27129091496369711622 -1.5256367532947998633 -2.5331899228655450074 0.00060890926318453702376 
1.1999999999999786393 0.26741463252210834201 -1.6161355474254772702 -2.533347948739453237 0.00039715689453355781284 
1.224999999999975886 0.26902638569502507204 -1.5971463984489657761 -2.5334603706731311235 0.00035159072424651246656 
1.2499999999999731326 0.27332744593331792515 -1.5045984243681589376 -2.533561551135428136 0.00034300095454547303506 
1.2749999999999703792 0.27921366713125639336 -1.4636817466210279015 -2.5336670227227537922 0.00031552804360666903511 
1.2999999999999676259 0.28086179931083371519 -1.4695144264406754253 -2.5337411443997068794 0.0002151702019240273728 
1.3249999999999648725 0.27448449354796938815 -1.4992500044995504815 -2.5338223249237668 0.00026499196653363368435 
1.3499999999999621192 0.26864878593657681716 -1.5316002530201406895 -2.5338729405651441162 0.00011362943386716216039 
1.3749999999999593658 0.26935508151763204454 -1.5587581567128938609 -2.5339197796701049548 0.00017851579970806674322 
1.3999999999999566125 0.27335870247488031071 -1.5489854537854759187 -2.5339699024046078435 0.00014985289059991552577 
1.4249999999999538591 0.27492176602091189519 -1.5143189926876603479 -2.5340090253469567116 0.00011587058944211957171 
1.4499999999999511058 0.27375609292535080241 -1.508060265229970609 -2.534039466805999119 7.142944985012520526e-005 
1.4749999999999483524 0.27432590801887862808 -1.515265940154820079 -2.5340629177614846235 0.00010221988364339256621 
1.4999999999999455991 0.27567727409019876506 -1.5188372563310956753 -2.5340929812723538284 7.6500281415274048276e-005 
1.5249999999999428457 0.27444316081032105181 -1.5171892014642320845 -2.5341115715337689807 5.9379226150847209953e-005 
1.5499999999999400924 0.27261676590918709762 -1.5206139824725752874 -2.5341282191990552874 4.5295191750511911517e-005 
1.574999999999937339 0.27259953590159402559 -1.5253000241914242974 -2.5341445120852084116 6.0647738884923451004e-005 
1.5999999999999345857 0.27329773173850008261 -1.518692914693671181 -2.534157137899385237 2.681994668696724028e-005 
1.6249999999999318323 0.27336050730426159072 -1.5194700833611365365 -2.5341681308165586728 3.9970478399230960993e-005 
1.649999999999929079 0.27358817319953671054 -1.518009933706656378 -2.5341772204944565949 2.7882645295253235065e-005 
1.6749999999999263256 0.27465279947195175847 -1.5196373173761608122 -2.5341874381929301308 3.0959495137730403541e-005 
1.6999999999999235722 0.27480063554175931939 -1.5336000730869514541 -2.5341931020167147715 1.0986852130965534121e-005 
1.7249999999999208189 0.2735248026495271656 -1.5224588917172536817 -2.5341984634143286392 2.4605916452222519931e-005 
1.7499999999999180655 0.2729967137690818002 -1.5080143825730236706 -2.5342049578711365321 1.6600459147759174307e-005 
1.7749999999999153122 0.27358183418633114092 -1.5178846492946931335 -2.5342095444907171142 1.4111449456369546865e-005 
1.7999999999999125588 0.27378789143054038657 -1.5255012386704693839 -2.5342129895868539258 7.8709725389141177638e-006 
1.8249999999999098055 0.27351127854128276518 -1.5209982721977561848 -2.5342156984306432044 1.2214691227344832793e-005 
1.8499999999999070521 0.27354268583034480056 -1.5132433100680144911 -2.5342193306855524959 9.5143291399335722292e-006 
1.8749999999999042988 0.27407304350650407709 -1.5202404671215159482 -2.5342218367683018165 7.3463889373220009278e-006 
1.8999999999999015454 0.27426216756954674425 -1.5305103031930455959 -2.5342235509448407527 5.0919770655229257823e-006 
1.9249999999998987921 0.27370400846181913712 -1.5207661862882662085 -2.5342254762718536831 6.3999019452661573218e-006 
1.9499999999998960387 0.27347677790617930249 -1.5138946373995643135 -2.5342269572393347765 4.0416223859263293908e-006 
1.9749999999998932854 0.27375510164969935056 -1.5185524758211881302 -2.5342284401130696914 5.3776922242973881281e-006 
1.999999999999890532 0.27370792682564015763 -1.5203293352742339728 -2.5342296078455075481 2.4603174670717093004e-006 
2.0249999999998880007 0.27353282252043153999 -1.5219958031292173395 -2.5342304539800801777 3.110763078859505546e-006 
2.0499999999998852473 0.27355547641265071102 -1.5238126434758405559 -2.5342312828365298749 2.3416284574105123465e-006 
2.074999999999882494 0.27374628763373604068 -1.5211133270455203803 -2.5342320642047293511 2.9668173889968651225e-006 
2.0999999999998797406 0.27407197904004565459 -1.5158496286383686957 -2.5342328316124085319 1.6000673763448505826e-006 
2.1249999999998769873 0.27402790756587869225 -1.515977981332198965 -2.5342331790977881134 1.2222544892164977114e-006 
2.1499999999998742339 0.27364760970044699206 -1.521421458320073139 -2.5342336248631123219 1.5762225248317226273e-006 
2.1749999999998714806 0.27358555719221222535 -1.5235483506369029705 -2.5342341194571673668 1.5468896679296676416e-006 
2.1999999999998687272 0.27371084055203093177 -1.5224408857574511789 -2.534234484611476379 8.5828280365397940494e-007 
2.2249999999998659739 0.27371428697224259308 -1.5207031881523911387 -2.5342347012094159631 7.0560127782610969031e-007 
2.2499999999998632205 0.27367690258390336977 -1.5189240859509116621 -2.5342349270307771292 7.978857770100586092e-007 
2.2749999999998604672 0.2736313612424744468 -1.5178704552526278704 -2.5342352110852894853 8.9843409649823342282e-007 
2.2999999999998577138 0.2737399417889815334 -1.5186419163032529589 -2.5342353859362098945 3.8078954573579581707e-007 
2.3249999999998549605 0.27393042752911572757 -1.5214595232259604529 -2.5342355245961010191 5.0835705344321881489e-007 
2.3499999999998522071 0.27387953868675890545 -1.5211843000192726283 -2.5342356607725129436 3.845785478697471317e-007 
2.3749999999998494538 0.27373869542124684706 -1.5198031443377257865 -2.5342357776594788277 4.0837170344594408645e-007 
2.3999999999998467004 0.27366653216607894628 -1.5214984286631056953 -2.5342358944955076794 3.1217288618137850905e-007 
2.4249999999998439471 0.27361360292628217339 -1.5210078414898913213 -2.534235970667003901 2.3604308282865354769e-007 
2.4499999999998411937 0.27370802543466082879 -1.5188950902418842936 -2.5342360489599151663 2.3526063268584601177e-007 
2.4749999999998384403 0.27382269812437409762 -1.5187534530479083195 -2.5342360976338857981 1.566868971810374394e-007 
2.499999999999835687 0.2737584201987596777 -1.5196793692519867669 -2.5342361676863842668 2.3257918283288567667e-007 
2.5249999999998329336 0.2736972549254627074 -1.5210982815109861388 -2.5342362178345707591 1.259738417945287556e-007 
2.5499999999998301803 0.27372373120706511296 -1.5212212427142595139 -2.5342362491292300675 8.2133682940550596545e-008 
2.5749999999998274269 0.27377577166038574719 -1.5206344625048944241 -2.5342362805817142402 1.3481766308064683248e-007 
2.5999999999998246736 0.27382739105110015521 -1.5202845851184851877 -2.5342363190638028669 9.7100622457621973045e-008 
2.6249999999998219202 0.27376898790929971028 -1.5191657748687421581 -2.5342363437181352204 7.7942582467006788995e-008 
2.6499999999998191669 0.27366235275178157904 -1.5191925303068267716 -2.5342363633926754396 4.7352779457137215995e-008 
2.6749999999998164135 0.27367149061610196448 -1.5204292237002676735 -2.5342363798392719687 6.861142158854376703e-008 
2.6999999999998136602 0.27373264257376400677 -1.5207379962266289741 -2.5342364006034743262 5.7872761310059975217e-008 
2.7249999999998109068 0.27376867560990997275 -1.5204921741842407634 -2.5342364127624192882 3.123112815557138951e-008 
2.7499999999998081535 0.27378226907541708401 -1.5204598939014135617 -2.5342364250081765853 4.0892635897176960654e-008 
2.7749999999998054001 0.27375974410865827613 -1.5203516660512770287 -2.5342364344895744743 3.045701272270470667e-008 
2.7999999999998026468 0.27374363015074820726 -1.5198429556740791213 -2.5342364445392813188 2.7840122118397824307e-008 
2.8249999999997998934 0.27373981822324494617 -1.5196227900986651882 -2.5342364508389936262 2.0537530565152860333e-008 
2.84999999999979714 0.27371568857839817523 -1.5200301722133238158 -2.5342364584309553521 2.4226344616722146292e-008 
2.8749999999997943867 0.27371728651999727155 -1.5204011334462457228 -2.5342364639684382688 1.4689575961359796262e-008 
2.8999999999997916333 0.2737438588673261064 -1.5205299503051374899 -2.5342364682242792817 1.2874773617828290022e-008 
2.92499999999978888 0.27374899893154108765 -1.5203434569347415994 -2.5342364724049217806 1.5303813455113842486e-008 
2.9499999999997861266 0.27375312746213142923 -1.5200663205758266905 -2.5342364764241325226 1.0173003823667151785e-008 
2.9749999999997833733 0.27375745326412914693 -1.5199580125867049318 -2.5342364792108340588 9.0836278854604389001e-009 
2.9999999999997806199 0.27374529988951573634 -1.5200527054848969044 -2.5342364819725582414 7.7045608286483623661e-009 
3.0249999999997778666 0.27373593913887378504 -1.5204056927269640198 -2.5342364838326107979 6.9496570745881257481e-009 
3.0499999999997751132 0.2737290176828292565 -1.5203473977719901278 -2.5342364862617543508 6.3966450863027703354e-009 
3.0749999999997723599 0.27372593086215840641 -1.5200242497413163356 -2.5342364875504639343 4.3527201765640520166e-009 
3.0999999999997696065 0.27374000980768076197 -1.5201567479293531804 -2.5342364892855098191 5.3207411152754900998e-009 
3.1249999999997668532 0.27375287533002273799 -1.5202187293888385078 -2.5342364903256515696 2.6808239768192744435e-009 
3.1499999999997640998 0.27375239300329590186 -1.5200702522296121177 -2.5342364913352501965 3.4248328418364822903e-009 
3.1749999999997613465 0.2737467870190388175 -1.5201050503645889833 -2.5342364923049602865 3.390501567450900244e-009 
3.1999999999997585931 0.27373898984120931255 -1.5202590710028549559 -2.5342364932244052511 2.1042596070317550678e-009 
3.2249999999997558398 0.27373399220284572175 -1.5203505954873968165 -2.5342364937316670392 1.5954571011014427831e-009 
3.2499999999997530864 0.27373353857408216916 -1.5202169824654563346 -2.5342364942484070234 1.8686634456601637264e-009 
3.274999999999750333 0.2737380126768534927 -1.5201252513139067446 -2.5342364948482756226 2.0023559522198562736e-009 
3.2999999999997475797 0.27374857887919201715 -1.5201823444006219432 -2.5342364953446958609 1.0374874840033561017e-009 
3.3249999999997448263 0.27375120482222692342 -1.5201097687474849351 -2.5342364955749339117 8.0885878123199409875e-010 
3.349999999999742073 0.27374038285153523553 -1.5200716156277693791 -2.534236495891995844 1.1610952097591545933e-009 
3.3749999999997393196 0.27373446555277447523 -1.5201823756016739075 -2.534236496206517586 9.0808731430461319186e-010 
3.3999999999997365663 0.27374015167559234696 -1.5202677312365122653 -2.5342364964714816367 7.341628525301271747e-010 
3.4249999999997338129 0.27374400632208312212 -1.5202719511311464373 -2.534236496605462019 3.5215560632702902039e-010 
3.4499999999997310596 0.27374038150763230215 -1.520213396099679759 -2.5342364967874506654 6.9968383703780941061e-010 
3.4749999999997283062 0.27373862859709163775 -1.5201472718190103262 -2.5342364969457182866 3.8469339059209944694e-010 
3.4999999999997255529 0.27374366270707434223 -1.5201155200889631125 -2.5342364970697768278 4.4051360633339115218e-010 
3.5249999999997227995 0.27374656783471201793 -1.5201555512023818828 -2.5342364971846040866 3.1135540370716607648e-010 
3.5499999999997200462 0.27374217696709557401 -1.5202109550505662483 -2.5342364972674018553 2.1353762751672091055e-010 
3.5749999999997172928 0.27373751192727985293 -1.5201960760402568607 -2.5342364973373436854 2.9341627957274335601e-010 
3.5999999999997145395 0.27373762335846235638 -1.5201803686770918311 -2.5342364974206570416 2.1748169456096712792e-010 
3.6249999999997117861 0.27374094194650805401 -1.5201849059133070163 -2.5342364974822606527 1.9172546544920028228e-010 
3.6499999999997090327 0.27374405509942723036 -1.5201763191226189686 -2.5342364975262912097 1.0640305107746647173e-010 
3.6749999999997062794 0.27374413299698346913 -1.5201719133878861534 -2.5342364975601281429 1.3160427451628823192e-010 
3.699999999999703526 0.27374199255650449869 -1.5201898236336224279 -2.534236497608883365 1.6624122640177946867e-010 
3.7249999999997007727 0.27374001733822211913 -1.5202148594507911561 -2.5342364976442279811 6.5160507209793798858e-011 
3.7499999999996980193 0.27373968240172913413 -1.5201850679375130682 -2.5342364976632740792 8.074971578853887277e-011 
3.774999999999695266 0.27374135218639289446 -1.5201547530742534065 -2.5342364976867606252 6.3301884128068864332e-011 
3.7999999999996925126 0.27374227486063057446 -1.5201796120483130892 -2.5342364977100793055 8.8779701789017889822e-011 
3.8249999999996897593 0.27374135165882595988 -1.5201783800582546746 -2.5342364977298159623 3.9430753122412657367e-011 
3.8499999999996870059 0.27374120927795819735 -1.5201686861933474404 -2.53423649774086579 4.0502891727000352418e-011 
3.8749999999996842526 0.27374175089350422097 -1.5201905656657292987 -2.5342364977541014248 4.238621095980265282e-011 
3.8999999999996814992 0.27374186324062538267 -1.5201993568759744058 -2.5342364977658706771 3.6889368014288554743e-011 
3.9249999999996787459 0.2737418592997142297 -1.520190427010716494 -2.534236497775891106 2.6582312333509216434e-011 
3.9499999999996759925 0.27374103239558711387 -1.5201799565636222589 -2.5342364977836955298 2.6661318752702039008e-011 
3.9749999999996732392 0.27374032880300902537 -1.5201813227829634734 -2.5342364977902938072 1.6687850890331799443e-011 
3.9999999999996704858 0.27374114689500717024 -1.5201798764732932234 -2.5342364977960873951 2.2494802432823594211e-011 
4.0249999999996788347 0.2737419768813900145 -1.5201668934360190732 -2.5342364978018148136 1.3353522791672687787e-011 
4.0499999999996871836 0.27374198558511120272 -1.5201786510857688839 -2.5342364978064382264 1.7400850782219416057e-011 
4.0749999999996955324 0.27374164713352883149 -1.5201954931016647965 -2.5342364978097986494 5.7930467186076891523e-012 
4.0999999999997038813 0.27374122491451802208 -1.5201868342927178368 -2.5342364978127820407 1.3732442255902991965e-011 
4.1249999999997122302 0.27374133365815306318 -1.5201800240277454357 -2.5342364978162401634 8.126522881184715172e-012 
4.1499999999997205791 0.27374142354930725007 -1.5201834162970064845 -2.5342364978184162005 6.9700394648509443852e-012 
4.1749999999997289279 0.27374106882376592065 -1.5201811013415165164 -2.5342364978204132697 5.7719837908038683924e-012 
4.1999999999997372768 0.27374134426502727546 -1.520177434562942631 -2.5342364978221398886 6.1308478110245676982e-012 
4.2249999999997456257 0.2737417514031096899 -1.5201842271573848819 -2.5342364978238736128 4.7319744081308746187e-012 
4.2499999999997539746 0.27374139286443133212 -1.5201888768242350913 -2.5342364978250428997 3.368334951557761309e-012 
4.2749999999997623235 0.27374121386755834173 -1.5201817791603062791 -2.5342364978261504582 3.7303028842767619195e-012 
4.2999999999997706723 0.27374147054926434297 -1.5201786448428706855 -2.534236497827259349 3.5919091718580244363e-012 
4.3249999999997790212 0.27374163049269756298 -1.5201810869966330131 -2.5342364978280125243 1.3669934933432820094e-012 
4.3499999999997873701 0.27374165937573968765 -1.5201810044123820198 -2.5342364978286266997 2.8903908510576673935e-012 
4.374999999999795719 0.27374140019478127028 -1.5201808981098403617 -2.5342364978293754341 1.7897518416373241462e-012 
4.3999999999998040678 0.27374116074025051093 -1.5201849159593892047 -2.5342364978299221079 1.8500615854556114056e-012 
4.4249999999998124167 0.27374129452790635364 -1.5201890992538755754 -2.534236497830306245 6.9353086484369294331e-013 
4.4499999999998207656 0.27374136695741596581 -1.5201829799146109323 -2.5342364978306322065 1.6621363654606316252e-012 
4.4749999999998291145 0.27374139975861505603 -1.5201765337764014951 -2.5342364978310860657 1.0729353404583038271e-012 
4.4999999999998374633 0.27374156856711473473 -1.5201809512954072012 -2.5342364978313582924 7.5403391367005031448e-013 
4.5249999999998458122 0.27374153547686042032 -1.5201838638764533229 -2.5342364978315576884 6.5446960999894279434e-013 
4.5499999999998541611 0.27374141145744029791 -1.5201826251143208957 -2.534236497831769519 7.3751865725849422409e-013 
4.57499999999986251 0.27374141795405459998 -1.5201825179871575333 -2.5342364978319795732 5.8506325799152800211e-013 
4.5999999999998708589 0.2737414458859947497 -1.5201824173106293081 -2.5342364978321350044 4.5129170418287278565e-013 
4.6249999999998792077 0.27374147525406311576 -1.5201830555873596662 -2.5342364978322620139 4.0559912786735854328e-013 
4.6499999999998875566 0.27374137253232011524 -1.5201828692745520399 -2.5342364978323774771 3.3975118711274221927e-013 
4.6749999999998959055 0.27374121687795088809 -1.5201820560375458591 -2.5342364978324698477 2.7078468852288699473e-013 
4.6999999999999042544 0.27374135539207916645 -1.5201820340243066276 -2.5342364978325591096 3.5021178954991506719e-013 
4.7249999999999126032 0.27374156583070441418 -1.5201819202539961218 -2.5342364978326492597 1.7194115766770601654e-013 
4.7499999999999209521 0.27374152346586144713 -1.5201829466513270273 -2.5342364978326927805 1.7852606281713147103e-013 
4.774999999999929301 0.2737414253480116022 -1.5201835723680141577 -2.5342364978327474034 1.5724332439836014292e-013 
4.7999999999999376499 0.27374141962412995577 -1.5201822697020732633 -2.5342364978327944769 1.7830336187643507007e-013 
4.8249999999999459988 0.27374144198368444147 -1.5201813784738229529 -2.5342364978328477676 1.2705623229597060274e-013 
4.8499999999999543476 0.27374143135172956942 -1.5201816705726516332 -2.5342364978328704161 5.6638776644470965347e-014 
4.8749999999999626965 0.27374135780225544723 -1.5201823056973082782 -2.5342364978328957292 1.100225796164832143e-013 
4.8999999999999710454 0.27374132813810381215 -1.5201829548312222329 -2.5342364978329277037 9.2046104951445936725e-014 
4.9249999999999793943 0.27374140692284959497 -1.5201836250651763471 -2.5342364978329512404 6.1101944201146268416e-014 
4.9499999999999877431 0.27374148523834207491 -1.5201832034274183059 -2.5342364978329663394 4.6763254652428707389e-014 
4.974999999999996092 0.27374150414533743314 -1.5201817473557603932 -2.5342364978329818825 4.5656016503033282735e-014 
