0.025000000000000015266 0.59591000937057392317 0.00048636637086129155816 -2.2457577825609296163 0.040290625700648743934 
0.05000000000000003747 0.57162340864003025054 0.017069242191081246407 -2.2545510566294062471 0.05759374469816547909 
0.075000000000000052736 0.43191351609824690794 -0.0071817127605134367663 -2.2775318543998168686 0.092477052360021377853 
0.10000000000000007494 0.39532236800732079018 -0.053620327946081958181 -2.3162759748108441293 0.10738646386000924582 
0.12500000000000008327 0.2325831028319098881 -0.41054649622826344668 -2.3415294465565459348 0.055642643294697126388 
0.15000000000000010547 0.22541897571812047341 -1.9814920440052850026 -2.3570306436615777734 0.04890977792913015626 
0.17500000000000012768 0.30231853332229924325 -2.5198258648222822131 -2.3729280722111059099 0.05067265991333116254 
0.20000000000000014988 0.24144587455596366876 -1.5041799301139868739 -2.387101636937608351 0.028274240510028504636 
0.22500000000000017208 0.225199459858503509 -1.907902862341469552 -2.3954978926291343733 0.032645802271247095772 
0.25000000000000016653 0.26250694791378881288 -1.4238963102252522042 -2.4088528896244247868 0.045491833808129884809 
0.27500000000000018874 0.28983500906042619638 -0.053233120400941413841 -2.4213112167479273751 0.032463246870069510652 
0.30000000000000021094 0.33586073880869471431 -0.05774841814629561032 -2.4311101654693327845 0.027430360050499404123 
0.32500000000000023315 0.35019871344475222985 0.083886774028272603765 -2.4421136187244458782 0.037421717303886999073 
0.35000000000000025535 0.3668641304160337735 -0.48217404402713243128 -2.4518385510940623462 0.029121218586028070618 
0.37500000000000027756 0.3104559490032271496 -1.6537912081919383667 -2.4615104685343833779 0.025478383920815313168 
0.40000000000000029976 0.23656530510328449557 -1.7787189944141243991 -2.4676068565223019391 0.013246599277242117679 
0.42500000000000032196 0.28474006252238359682 -1.811888459455259337 -2.4724054886226007888 0.015662274177843087813 
0.45000000000000034417 0.32401640321141333967 -1.0999574780815017938 -2.4775805573395701664 0.018194267458473366988 
0.47500000000000036637 0.33372662328989011193 -0.47857082933668476654 -2.4823513392048188742 0.011188390446814164975 
0.50000000000000033307 0.36475744991382452742 -1.0221120361122622011 -2.4868644924752820735 0.014281249846469409523 
0.52500000000000035527 0.32888813615180761962 -1.2032163554088590729 -2.4915198000668605793 0.017809872250609912192 
0.55000000000000037748 0.26722645009872286748 -1.4558883904938815235 -2.4989801184497708597 0.027063078638353391808 
0.57500000000000039968 0.23394195818079852045 -1.9126925965955567932 -2.50616206063756497 0.013441341526187497099 
0.60000000000000042188 0.22682045789113577938 -1.9800848384119063006 -2.5088806809528527708 0.0077889534362693196509 
0.62500000000000044409 0.24813000346071931168 -2.0133578208171485358 -2.5119982804097991114 0.010398415887592660223 
0.65000000000000046629 0.27015378489397245954 -1.8761681751050245381 -2.5156148427352498231 0.011142293059654837656 
0.6750000000000004885 0.26717099133987193271 -1.4136492021717153023 -2.5182460402861934767 0.0054192965910508155911 
0.7000000000000005107 0.28173198801739046671 -1.3534112141873939628 -2.5207169434896199434 0.0093910554634605777902 
0.72500000000000053291 0.29083371166635796357 -1.3277331117302111352 -2.5228813162110221846 0.0048942419495149932368 
0.75000000000000055511 0.2696806612009909343 -1.2526040459453895437 -2.5245621897797749789 0.0042245496315809127549 
0.77500000000000057732 0.26463055137128688177 -1.5731115307650638258 -2.5257853777999930145 0.0046804441504839288876 
0.80000000000000059952 0.26720815835342370814 -1.7942414002757953728 -2.5271836604977466756 0.0029500531110518242103 
0.82500000000000062172 0.26833373067417515268 -1.6165111893812165178 -2.5281863975238221265 0.003872225511260925495 
0.85000000000000064393 0.274433291506645749 -1.433279903268458888 -2.529232071361996681 0.0023467712903263151722 
0.87500000000000066613 0.27085220551955652146 -1.3905524702160438899 -2.5299478735946481223 0.0017254147555219440362 
0.90000000000000068834 0.26917866104941345906 -1.4367189418043291305 -2.5303831571329720163 0.0017583656749545406237 
0.92500000000000071054 0.27385412734377878596 -1.5463108390677944293 -2.5311028755550326608 0.002018733987260440052 
0.95000000000000073275 0.27139989780977863409 -1.613751711110775755 -2.531612174046831143 0.0013971266098427171775 
0.97500000000000075495 0.27203889207249065674 -1.6495612078626857855 -2.5319811739281736784 0.00080975329376150565093 
1.0000000000000006661 0.27627116887352604069 -1.5757420216960511539 -2.5322900512663539807 0.0011110322289301568111 
1.0249999999999979128 0.27238283859410333809 -1.4180231265588463252 -2.5325611282016682324 0.00067466236159605293132 
1.0499999999999951594 0.27238911614345368006 -1.4574778691686298693 -2.5328447980084858315 0.00088711361885773494344 
1.0749999999999924061 0.27626077836995205361 -1.5101690231093578554 -2.5330575824863772461 0.0005965453799613716938 
1.0999999999999896527 0.27610893260308394526 -1.4504416157236386109 -2.5332376614836280559 0.00038361740131415952631 
1.1249999999999868994 0.27507378562532197597 -1.5279582461532121851 -2.533360189975280008 0.00048049638366057782378 
1.149999999999984146 0.27000744664648568261 -1.5913182142163013744 -2.5335073257754916476 0.00035906217909116653741 
1.1749999999999813927 0.26696940985006217817 -1.5490497072969431347 -2.5336139791374070462 0.00033958366789637087733 
1.1999999999999786393 0.27070489146016663007 -1.5490676730102364012 -2.5337074499378995363 0.00022008355888955858856 
1.224999999999975886 0.27465992456523269372 -1.5457470959639307839 -2.5337869532840882059 0.00026245886675060881282 
1.2499999999999731326 0.27859686062119010108 -1.5168535931133912964 -2.5338539335436203181 0.00017903844327441133374 
1.2749999999999703792 0.278922735714450587 -1.4712514592140633063 -2.533913596337991514 0.00016604768981909028155 
1.2999999999999676259 0.27328229631092038066 -1.458341082366642727 -2.5339599464064996859 0.00012512507215568398062 
1.3249999999999648725 0.27077117932766447961 -1.5295265875301156111 -2.5339979512796402261 0.00011967788090476406352 
1.3499999999999621192 0.2720178043110402788 -1.5504110936922539388 -2.5340370023434708457 0.00011403257714365251229 
1.3749999999999593658 0.27267512861794251933 -1.5198095991336191268 -2.5340694242488730481 8.1795464588717295092e-005 
1.3999999999999566125 0.2739864228247312905 -1.5408503811265039651 -2.5340914489716817037 5.9749213258422727952e-005 
1.4249999999999538591 0.27431773479263071858 -1.5400413980230100996 -2.5341118806692475296 7.2218748411229317019e-005 
1.4499999999999511058 0.2735844577568992686 -1.5105464500940806172 -2.5341330712420147009 4.6121099758000377563e-005 
1.4749999999999483524 0.27390961256810553159 -1.5204865917521763752 -2.534146595578390837 4.6975801447766147158e-005 
1.4999999999999455991 0.27383198300185301877 -1.5233229246072896856 -2.5341612857136999182 4.1575404314509844649e-005 
1.5249999999999428457 0.27409894818319713305 -1.4967836474571705185 -2.5341740078788901336 3.2279468533617828327e-005 
1.5499999999999400924 0.27453582126117864748 -1.498291927713160554 -2.5341808270583610074 1.7165754636270799205e-005 
1.574999999999937339 0.27320841842419346657 -1.5282567097458157335 -2.5341892540364931996 3.0268888555624995211e-005 
1.5999999999999345857 0.27271885294368014563 -1.5403427634792334899 -2.5341974804133471366 2.2431071843565160586e-005 
1.6249999999999318323 0.27359393937989667789 -1.5294674721252361493 -2.5342033866211419735 1.1878760840443526698e-005 
1.649999999999929079 0.27395463559219784822 -1.5209700305239108875 -2.5342075558284173908 1.6963643799791194682e-005 
1.6749999999999263256 0.27452412394268022044 -1.5229754090841711722 -2.5342124124681477682 1.0736829838560220266e-005 
1.6999999999999235722 0.2743054329863914842 -1.5129638321781968546 -2.5342158322317773766 1.0718894724709004596e-005 
1.7249999999999208189 0.27303670203814595085 -1.5031538123337373491 -2.534218653809590549 8.4756233980253137581e-006 
1.7499999999999180655 0.27300515605649006146 -1.5235730432741521057 -2.534221825616757684 8.2096084289462601102e-006 
1.7749999999999153122 0.27358530943750941633 -1.5324660539352499278 -2.5342237238182212522 6.2456071626613424757e-006 
1.7999999999999125588 0.27386377321061394774 -1.5167201037322044499 -2.5342257886393455557 4.7649944508440040598e-006 
1.8249999999999098055 0.27419592136951237427 -1.5198940743780096074 -2.5342273143952711578 5.2705157015631183803e-006 
1.8499999999999070521 0.27398820238282844963 -1.5251218029499025164 -2.534228606135801698 2.9550300294113578029e-006 
1.8749999999999042988 0.27381314855099991856 -1.5167972731135304088 -2.5342298846747515206 4.3856086454395837448e-006 
1.8999999999999015454 0.27389601668080015839 -1.5161887235537343521 -2.5342308425301958152 2.1741705420750707832e-006 
1.9249999999998987921 0.27348156083369384861 -1.5199760922758454029 -2.5342317431727692245 2.6435028115716586251e-006 
1.9499999999998960387 0.27344660806092646599 -1.5219239271478859354 -2.5342324467003369826 2.3513949071303099837e-006 
1.9749999999998932854 0.27377487979005082908 -1.5213054206981697636 -2.5342330321451358444 8.5643050785988030566e-007 
1.999999999999890532 0.27358021820735067831 -1.5207168365916330366 -2.5342334367250964888 1.9626544421217618151e-006 
2.0249999999998880007 0.27362379216578808228 -1.5232239924287922506 -2.5342340217683720915 1.4737144382388133536e-006 
2.0499999999998852473 0.27396381713726641882 -1.519155758914112031 -2.5342344511727525891 1.0208452326668535823e-006 
2.074999999999882494 0.27393090148191934219 -1.515110930866217398 -2.5342346547675855817 5.8164131873429754939e-007 
2.0999999999998797406 0.27383165359538680361 -1.5203126454325737171 -2.5342349308227931637 8.4898304915426848796e-007 
2.1249999999998769873 0.27375286705015472455 -1.5220337733718825035 -2.5342351615415767974 7.9675873738818426112e-007 
2.1499999999998742339 0.27369698065336334203 -1.5197176300236601154 -2.5342354125603825388 5.6978680839336785494e-007 
2.1749999999998714806 0.27373216661382338 -1.5216940005338943642 -2.5342355697614484811 4.3503808953983062716e-007 
2.1999999999998687272 0.27358685252488645911 -1.5218429787236007478 -2.5342356744364504806 3.0549779292634557891e-007 
2.2249999999998659739 0.2735786743568456858 -1.5185373959038277469 -2.5342358018893604843 4.1620792866631735019e-007 
2.2499999999998632205 0.27383166097508143677 -1.5187307353590444592 -2.5342359198456119174 3.1757720372745014007e-007 
2.2749999999998604672 0.27382558661731370986 -1.520688002876301681 -2.5342360090092830305 2.2030168804443028219e-007 
2.2999999999998577138 0.27374799563115104206 -1.5204894867012868076 -2.5342360745887635431 2.1537756991777492507e-007 
2.3249999999998549605 0.27382193722803083169 -1.520191856113521478 -2.53423613630504585 1.5358344087747582839e-007 
2.3499999999998522071 0.2737579793798617378 -1.5205322708897954787 -2.534236193111926827 1.901220092920000167e-007 
2.3749999999998494538 0.27367827266071326209 -1.5204306352178327266 -2.5342362417707309241 1.1904208885831409245e-007 
2.3999999999998467004 0.27371995909588670015 -1.519508545241358366 -2.5342362776197702168 9.3469907967309570387e-008 
2.4249999999998439471 0.273747193468037886 -1.5193780041445485995 -2.5342363062194146472 9.9084817903406313259e-008 
2.4499999999998411937 0.273757235171654012 -1.5211806743947178244 -2.5342363402371281822 9.5454894152884526313e-008 
2.4749999999998384403 0.2737189705270369755 -1.5209821007863313369 -2.534236364782956219 6.1782829835253769435e-008 
2.499999999999835687 0.27369106215000654769 -1.5192033831106022124 -2.5342363818136499631 4.4683695878709091314e-008 
2.5249999999998329336 0.27376521731880359978 -1.5200577192047348696 -2.5342363984812377176 5.809286467242350999e-008 
2.5499999999998301803 0.27379273815079741006 -1.5207080120486691222 -2.5342364150026188696 4.2478854835819997083e-008 
2.5749999999998274269 0.27375809006709156401 -1.5198615329043880795 -2.5342364268834147722 3.1848859750688621546e-008 
2.5999999999998246736 0.27374475394862646249 -1.5201239971999915834 -2.5342364377951538401 3.6952556281609699684e-008 
2.6249999999998219202 0.27370148816718203877 -1.5204928131766775046 -2.5342364478508985215 1.9967065145085904753e-008 
2.6499999999998191669 0.27369234533099612294 -1.5201969728753370603 -2.5342364532385537323 1.9364360690537462142e-008 
2.6749999999998164135 0.27375463328219906689 -1.519918815044303706 -2.534236459962594612 2.1436475111697841068e-008 
2.6999999999998136602 0.27378174293491225333 -1.5199762338221738389 -2.5342364673441641898 1.9413972709766929029e-008 
2.7249999999998109068 0.27377308748846912456 -1.5203631701583388836 -2.5342364710407436768 8.6424530589360323762e-009 
2.7499999999998081535 0.27375104969822827705 -1.5202305477086393015 -2.5342364751401569301 1.3249198792539010105e-008 
2.7749999999998054001 0.27371134230589688752 -1.5200855345540214003 -2.534236478261868708 8.6308436266592397964e-009 
2.7999999999998026468 0.27370500399729269514 -1.5205116222840153739 -2.5342364812804474283 7.9421926559805194156e-009 
2.8249999999997998934 0.2737283658383951046 -1.5203953185955114691 -2.5342364838434598973 9.3734148025988332339e-009 
2.84999999999979714 0.27375107092435119194 -1.5199308284418666659 -2.5342364861349659932 3.7726685120058204878e-009 
2.8749999999997943867 0.27376841833102039114 -1.5200044304369830783 -2.5342364876529952511 5.9331919669614592936e-009 
2.8999999999997916333 0.27375690395401619526 -1.5200802363339906975 -2.534236489207120524 4.0345686978708644578e-009 
2.92499999999978888 0.27373640904171703259 -1.519966153965040867 -2.5342364905131833375 3.4061039799676080223e-009 
2.9499999999997861266 0.27373680642565129117 -1.5202119623517100777 -2.5342364915144126591 3.6137045028116739922e-009 
2.9749999999997833733 0.27373814824883319075 -1.5205397542263594524 -2.5342364926793172764 2.4903905974138333648e-009 
2.9999999999997806199 0.273737859516705484 -1.5204578769852303832 -2.5342364932968393099 2.2069992684544400992e-009 
3.0249999999997778666 0.27373767990066005806 -1.5201725253292299733 -2.5342364939693511339 1.7832569077032726344e-009 
3.0499999999997751132 0.27373342425579139103 -1.5199912004154361167 -2.5342364946486375388 1.9490824424941072972e-009 
3.0749999999997723599 0.27374217485451673992 -1.5200173874185727296 -2.5342364950258584599 9.8779855453229524388e-010 
3.0999999999997696065 0.27375239811144397306 -1.5200830519222265913 -2.5342364954542575539 1.2900729402198922542e-009 
3.1249999999997668532 0.27374682052417514955 -1.5201179892067258059 -2.5342364958460228408 1.2847766216422831692e-009 
3.1499999999997640998 0.27374161103703831266 -1.5202954759611624347 -2.5342364961799472844 6.2456159533352018856e-010 
3.1749999999997613465 0.27373884607304460603 -1.520350529242444626 -2.5342364963707200154 7.0581196383771118314e-010 
3.1999999999997585931 0.27373519154586456459 -1.5202079939882870985 -2.5342364965706249968 5.3424183063763919789e-010 
3.2249999999997558398 0.27373848080125817717 -1.5201904553231815331 -2.5342364967946835463 7.1059617173154059457e-010 
3.2499999999997530864 0.27374372316562656238 -1.5201609843461869609 -2.5342364969573498712 4.2980997617594092766e-010 
3.274999999999750333 0.27374626369479782007 -1.5200913480159563562 -2.5342364970874373675 2.797143923690649429e-010 
3.2999999999997475797 0.27374447268431600921 -1.5201452205948173813 -2.5342364971764963499 3.4393594706738841079e-010 
3.3249999999997448263 0.27373849574523817507 -1.5201846582589242374 -2.5342364972831989967 2.7851747123342952113e-010 
3.349999999999742073 0.27373826067592660349 -1.5201946023978050171 -2.5342364973724977872 2.6762665750041160993e-010 
3.3749999999997393196 0.27374098632734705783 -1.520213664770041273 -2.5342364974386324405 1.6485306023218410529e-010 
3.3999999999997365663 0.27374007176628173399 -1.5202069947394418747 -2.5342364974979307846 1.7580504751799557168e-010 
3.4249999999997338129 0.27374240668502047846 -1.5202011050816963689 -2.534236497546189959 1.4496747937245227827e-010 
3.4499999999997310596 0.27374491228271663479 -1.5201645350761712194 -2.5342364975897964108 1.1249363038212177645e-010 
3.4749999999997283062 0.27374232022058830882 -1.520146902869407679 -2.534236497627685214 1.1896940356792988009e-010 
3.4999999999997255529 0.27374083348758632139 -1.5201902466566559191 -2.5342364976561930767 6.7795234732354284306e-011 
3.5249999999997227995 0.27374048485860419389 -1.5201944582578863496 -2.5342364976825204614 8.6386222920601862814e-011 
3.5499999999997200462 0.27373977286302914047 -1.520178307241432103 -2.534236497707239355 7.3816195704412964526e-011 
3.5749999999997172928 0.27374087460785651027 -1.520193881854309037 -2.5342364977280018579 3.8539185923252055447e-011 
3.5999999999997145395 0.27374173244364341517 -1.5201802087002387331 -2.5342364977379165936 4.447117748227371386e-011 
3.6249999999997117861 0.2737422331985642221 -1.5201562477608800972 -2.5342364977546503191 4.5212554109234950498e-011 
3.6499999999997090327 0.2737425325528908826 -1.5201817606980780884 -2.5342364977675813087 3.7117118602452061485e-011 
3.6749999999997062794 0.27374115456227254839 -1.5202032397056497448 -2.5342364977768898626 2.1568057839428936772e-011 
3.699999999999703526 0.27374087532698182512 -1.5201879768755897082 -2.5342364977854088259 2.9525285606234989769e-011 
3.7249999999997007727 0.2737415410870251975 -1.5201800235770990266 -2.5342364977919795699 1.3609146005010612773e-011 
3.7499999999996980193 0.27374099996140777158 -1.5201830033253118657 -2.5342364977976377105 1.9272641140580451307e-011 
3.774999999999695266 0.27374136423206818503 -1.5201822525061798874 -2.5342364978035982759 1.9182656294987851405e-011 
3.7999999999996925126 0.2737418244821696045 -1.520177723061504782 -2.5342364978088189886 1.0340710411389234677e-011 
3.8249999999996897593 0.27374112636499325912 -1.5201765663052180244 -2.5342364978115563545 9.2736143942238072929e-012 
3.8499999999996870059 0.27374155874860378601 -1.5201863018977637143 -2.5342364978146347809 8.7797573025952014203e-012 
3.8749999999996842526 0.27374209500402518769 -1.5201814279590419865 -2.5342364978175826451 9.2747884932706811902e-012 
3.8999999999996814992 0.27374141508793242705 -1.5201728242007446212 -2.5342364978199776182 6.3377460147836371096e-012 
3.9249999999996787459 0.27374100448714089318 -1.5201889280992879616 -2.5342364978222224892 5.5922426587528689285e-012 
3.9499999999996759925 0.27374087440384820002 -1.5201935834836106665 -2.5342364978234144246 4.0619806239764249623e-012 
3.9749999999996732392 0.27374108378308875666 -1.5201833231918757683 -2.5342364978249323215 4.1481965118601374675e-012 
3.9999999999996704858 0.2737417236186885372 -1.5201838246509575825 -2.5342364978263027808 4.3614820333232998035e-012 
4.0249999999996788347 0.27374182140149538878 -1.5201793205689604349 -2.534236497827269563 1.7089008278143869067e-012 
4.0499999999996871836 0.27374180833617461905 -1.520173801800157154 -2.5342364978280480514 3.2505106874218052224e-012 
4.0749999999996955324 0.27374172306710448099 -1.5201793953304840734 -2.5342364978288931532 1.9046201604987646538e-012 
4.0999999999997038813 0.27374108129942470446 -1.5201842073330738003 -2.5342364978295210953 1.6821253026516931881e-012 
4.1249999999997122302 0.27374098641160865553 -1.520184373705224079 -2.5342364978299900535 1.7494452931181873837e-012 
4.1499999999997205791 0.27374140692063392288 -1.5201832766451244261 -2.5342364978305331746 1.1103619125677102865e-012 
4.1749999999997289279 0.2737414152297094061 -1.5201854067861979569 -2.5342364978308471457 1.0811829701594611779e-012 
4.1999999999997372768 0.27374140975885807858 -1.5201873873982978402 -2.5342364978311726631 9.8331894991416011366e-013 
4.2249999999997456257 0.27374145087541967847 -1.5201817405427016094 -2.5342364978315243818 9.7792332901591546433e-013 
4.2499999999997539746 0.27374140452652950817 -1.5201778172474176287 -2.5342364978317379887 5.1770945386785909082e-013 
4.2749999999997623235 0.27374157631209061758 -1.5201805319024330743 -2.5342364978319213975 4.875084339119983897e-013 
4.2999999999997706723 0.27374163899465481231 -1.5201807537086780009 -2.5342364978320706115 5.7905492946300034411e-013 
4.3249999999997790212 0.27374146841779312123 -1.5201809558523939891 -2.534236497832252244 4.4811872927249316383e-013 
4.3499999999997873701 0.27374133554766916232 -1.5201856104568483019 -2.5342364978323930202 3.9654852292355686019e-013 
4.374999999999795719 0.27374120754155878421 -1.5201859906858217197 -2.5342364978324756208 1.9295663939677239586e-013 
4.3999999999998040678 0.27374127536279024842 -1.5201817238703978497 -2.534236497832560886 2.7536386563499130577e-013 
4.4249999999998124167 0.27374149585207974145 -1.5201812319525691564 -2.5342364978326394898 2.5276923478977514216e-013 
4.4499999999998207656 0.27374149750296472572 -1.5201823057701790987 -2.5342364978327140967 1.6869041095320272043e-013 
4.4749999999998291145 0.27374144881669998375 -1.5201819289190239282 -2.5342364978327678315 1.8426669321863042931e-013 
4.4999999999998374633 0.27374146900550061501 -1.5201823372223060016 -2.534236497832814905 1.0352263751052674167e-013 
4.5249999999998458122 0.2737414169571765199 -1.5201829875101988687 -2.5342364978328517644 1.1542817423829519655e-013 
4.5499999999998541611 0.27374141302133409015 -1.5201827207075315762 -2.5342364978328828506 9.9349363862358755754e-014 
4.57499999999986251 0.27374145121733206576 -1.5201814823332955307 -2.5342364978329179337 9.40908408799936447e-014 
4.5999999999998708589 0.27374143056489547154 -1.520181623973322349 -2.5342364978329414704 6.4847987681954550081e-014 
4.6249999999998792077 0.27374140756715720224 -1.5201834814075838587 -2.5342364978329618985 5.0052215228916104228e-014 
4.6499999999998875566 0.2737413706191265117 -1.5201829368721910818 -2.534236497832979218 6.5367213028575034866e-014 
4.6749999999998959055 0.27374137015092991909 -1.5201818838997898098 -2.5342364978329952052 3.1609994737238880982e-014 
4.6999999999999042544 0.27374144328101251977 -1.5201830061917240844 -2.5342364978330067515 3.7451801926713949144e-014 
4.7249999999999126032 0.27374146436055002418 -1.5201829098150292374 -2.5342364978330182979 3.76432776278533606e-014 
4.7499999999999209521 0.27374144513423825931 -1.5201818509119975342 -2.5342364978330285119 2.2517668006607932902e-014 
4.774999999999929301 0.27374144280401480067 -1.5201820559574419356 -2.5342364978330356173 2.3498773718117706045e-014 
4.7999999999999376499 0.27374141659173029106 -1.5201823931372953069 -2.5342364978330427228 1.8435115710873255276e-014 
4.8249999999999459988 0.27374139877739411819 -1.5201822728216165537 -2.5342364978330471637 1.5543603322194696801e-014 
4.8499999999999543476 0.27374140621047410304 -1.5201822784993721527 -2.5342364978330524927 1.3102524666763632374e-014 
4.8749999999999626965 0.27374141604051455134 -1.5201827138331209799 -2.5342364978330564895 1.6365402844155228502e-014 
4.8999999999999710454 0.27374143957705832086 -1.5201829500180370491 -2.5342364978330609304 6.3148154875217378043e-015 
4.9249999999999793943 0.27374144071102912701 -1.5201824501905565334 -2.5342364978330631509 8.940436696788665176e-015 
4.9499999999999877431 0.2737414173082694524 -1.5201822135257765378 -2.5342364978330658154 6.8519129201709201377e-015 
4.974999999999996092 0.27374141617823760653 -1.5201824932179830441 -2.5342364978330684799 6.6438547647639909636e-015 
