0.025000000000000015266 0.59603537552113816655 0.00048722222433388723273 -2.2456077076801568282 0.040379179696981425118 
0.05000000000000003747 0.57166607125311053039 0.017102146193764794502 -2.2543084873428136383 0.057845705168023127396 
0.075000000000000052736 0.43153559909121780302 -0.0073593097832367337929 -2.2770844369352905012 0.092966227115706775996 
0.10000000000000007494 0.39466014435645990766 -0.053713892911011806852 -2.3154819697531712208 0.10787419072704289291 
0.12500000000000008327 0.23148218559650429738 -0.41035275964991435593 -2.3405080694165207866 0.056021262605281473002 
0.15000000000000010547 0.22474460080458602551 -1.990885877317152941 -2.3559547649942320646 0.049568637347620812805 
0.17500000000000012768 0.30220329670073897699 -2.5346793347609479774 -2.3718214136599167219 0.051238853414916858686 
0.20000000000000014988 0.24040534441866234783 -1.5110019949255364402 -2.3859669133172900501 0.028619953553088852555 
0.22500000000000017208 0.2237497251938197762 -1.9244168556940719483 -2.394371697733012283 0.033262456007260077229 
0.25000000000000016653 0.26198333543685220492 -1.441782074330259622 -2.4078090072101008268 0.046555038148881434934 
0.27500000000000018874 0.29108491450907769682 -0.044928629742437498074 -2.4205552455966530268 0.034490147609397968365 
0.30000000000000021094 0.34028071628786366043 -0.024956857027474188548 -2.4310116021933625419 0.029845330512255730665 
0.32500000000000023315 0.35455151666106005104 0.15194907404731883283 -2.4420886877415499683 0.035400478398035062355 
0.35000000000000025535 0.36333679979740302057 -0.41828496215518085055 -2.4513247845288295146 0.031107303609029086922 
0.37500000000000027756 0.30342084192733426162 -1.6804932402119900914 -2.4612803098849584948 0.024834173644180675133 
0.40000000000000029976 0.23259081695195929496 -1.8345935653855716119 -2.4668577662113269078 0.011796321304204172506 
0.42500000000000032196 0.28639738308540835243 -1.8133017017409525096 -2.4716475389526673112 0.017402380601156314244 
0.45000000000000034417 0.32733872252728790642 -1.0614270694653904492 -2.4769964672858160171 0.01779172616388320638 
0.47500000000000036637 0.33508775825985459562 -0.45553779686057466192 -2.4817003166797264591 0.011751169012392394947 
0.50000000000000033307 0.36518991675602124891 -1.0398071326422093641 -2.4862519060241909941 0.0139900875639584997 
0.52500000000000035527 0.32986261868780003548 -1.1962483083713548737 -2.490543672568846123 0.016055637090207922069 
0.55000000000000037748 0.2752655160785912325 -1.4251625612358429507 -2.4972332318694672182 0.025741087686971513698 
0.57500000000000039968 0.24186944049211306362 -1.8262199715644051867 -2.5047128797507904885 0.016838520383220062504 
0.60000000000000042188 0.22469457680631038654 -1.8626760182029808988 -2.50810397160289833 0.0079533930653567751212 
0.62500000000000044409 0.24580063317657840916 -1.9860236733522542707 -2.5111875761698554399 0.010995061329899236818 
0.65000000000000046629 0.26866613441591780109 -1.9037802658071432127 -2.5149191497625906777 0.011744489212656753635 
0.6750000000000004885 0.26621233813568934146 -1.4538458779832517109 -2.5176634561827007097 0.0050768781079227479416 
0.7000000000000005107 0.28247285332907168254 -1.3670364554187286465 -2.5200362724479701271 0.010108849844880763921 
0.72500000000000053291 0.28910403025591546733 -1.284177968089617039 -2.5223955475303201368 0.0049959401865663473699 
0.75000000000000055511 0.27088656889093160052 -1.2319956357325412277 -2.5240841542034577749 0.0047016090863518647178 
0.77500000000000057732 0.2675013507147035452 -1.5746568361442383477 -2.525377552711084661 0.0047422621015721245358 
0.80000000000000059952 0.265455666020561587 -1.7972641671155802356 -2.526871582155616025 0.0031827039753316889448 
0.82500000000000062172 0.26696326747935505974 -1.6642239767379987114 -2.5277849611280607256 0.0038160496587165259469 
0.85000000000000064393 0.27426914930437190643 -1.4538676988636072274 -2.5289442352641340328 0.0027367554975477131028 
0.87500000000000066613 0.26975791242466146125 -1.3501433642867164409 -2.529717549495787754 0.0018833667865342637506 
0.90000000000000068834 0.27115000114724219227 -1.4279900791347133193 -2.5301568410160513167 0.0016667308678294566818 
0.92500000000000071054 0.27504541233056195582 -1.5542217714048485178 -2.5308839247628025504 0.0022563537046866913825 
0.95000000000000073275 0.27033018803924985241 -1.6017284473209785212 -2.5314343286540239575 0.0014335551112077188005 
0.97500000000000075495 0.27184128577472710386 -1.6487823694363152871 -2.5318318694510693057 0.00093441592076989443 
1.0000000000000006661 0.27612999021045020465 -1.5776641041972652157 -2.5321510906451512035 0.0011483082978068683694 
1.0249999999999979128 0.27279456282631764363 -1.4172308440791303585 -2.5324319092706923939 0.00070535655104359776951 
1.0499999999999951594 0.27261332631105472668 -1.4694896737085483274 -2.5327390786083840979 0.0010081863103741956367 
1.0749999999999924061 0.2745996986448758781 -1.5178349537394537627 -2.5329711294676799938 0.00061584210423833130824 
1.0999999999999896527 0.27541810953997775124 -1.4508492521241893591 -2.5331545686103611459 0.00041742049984771020408 
1.1249999999999868994 0.27650128049597078039 -1.5171094341237885139 -2.5332841875654867891 0.00050218139990764647587 
1.149999999999984146 0.27083977302608891469 -1.5703897914534574731 -2.5334433605506556653 0.00040674964190002269645 
1.1749999999999813927 0.26701173885989976098 -1.5529181800488114362 -2.5335603071191981073 0.00038405860658333439844 
1.1999999999999786393 0.27013687599268643158 -1.5622773003272425463 -2.5336627444592711988 0.00022634836764435289024 
1.224999999999975886 0.27362852545490101708 -1.5442480067442188041 -2.5337426172775328048 0.00027684450415177717713 
1.2499999999999731326 0.2788606343029587098 -1.5214971203114717735 -2.5338158987617545037 0.00020234095638571011943 
1.2749999999999703792 0.27983094643458988893 -1.4712377725334726541 -2.5338816084598572154 0.0001904660894355535291 
1.2999999999999676259 0.27340257607371071247 -1.4490234912252102362 -2.5339332296097825115 0.00013547037102524866689 
1.3249999999999648725 0.27041666168178390972 -1.5329195862620519364 -2.5339743923641351309 0.00012845113975623335392 
1.3499999999999621192 0.27133825569884650886 -1.5568052861274659371 -2.5340144143870477755 0.00012358762563275985341 
1.3749999999999593658 0.27257876445435719193 -1.5175786984261634416 -2.5340507547352597584 9.4247272204949316516e-005 
1.3999999999999566125 0.27468983424552878558 -1.5366448607879690247 -2.5340761127533721897 6.8791976488958810738e-005 
1.4249999999999538591 0.27441638760372755179 -1.5373287540555211628 -2.5340977141302700737 7.5518024107737837317e-005 
1.4499999999999511058 0.27333824253799271498 -1.5122319360500298124 -2.534120982419598711 5.6025323821855221547e-005 
1.4749999999999483524 0.27396612481177140541 -1.5227640483377795633 -2.5341358947964556236 4.8514676494186213774e-005 
1.4999999999999455991 0.27374419351734591288 -1.5229670411269098373 -2.5341522623027321615 4.8501350937752092977e-005 
1.5249999999999428457 0.27407604323109435729 -1.4987450530424140105 -2.5341660793908205029 3.7125327429040411501e-005 
1.5499999999999400924 0.27464850782095484583 -1.4978259887293627894 -2.5341740052575141284 1.7359039180942969149e-005 
1.574999999999937339 0.2731635039232834794 -1.524947013723487288 -2.5341830029789926826 3.5757066561636482115e-005 
1.5999999999999345857 0.27268537741710291433 -1.5424462377042096328 -2.5341925014032478103 2.461862226270292018e-005 
1.6249999999999318323 0.27349998757705917818 -1.5307180937392921294 -2.5341989667281228371 1.3994169987031817378e-005 
1.649999999999929079 0.27390645204103747368 -1.5181292769554746158 -2.5342034920298979195 1.8460047848388347032e-005 
1.6749999999999263256 0.27472292798244435374 -1.524146827189437392 -2.5342091527754204705 1.2680806049476929545e-005 
1.6999999999999235722 0.27433802607725527034 -1.5143361166853508415 -2.5342127916122003661 1.2527191496912327075e-005 
1.7249999999999208189 0.27293065146605532956 -1.5008507515778883867 -2.534216200396226526 9.2831922475996610494e-006 
1.7499999999999180655 0.27304720944431176699 -1.5234675619423203585 -2.5342196745709402173 9.8527219747279824719e-006 
1.7749999999999153122 0.2735585924529502222 -1.5345098099199014907 -2.5342217865622900241 6.4150566917960630766e-006 
1.7999999999999125588 0.27381816449734408536 -1.5174275751145041014 -2.5342241310033868373 6.2013830408262831051e-006 
1.8249999999999098055 0.27425120599846880554 -1.5184674522060328528 -2.5342258990808335106 5.7571986516804410413e-006 
1.8499999999999070521 0.27398166848338534329 -1.5235624769433040449 -2.5342274066649417286 3.5329608513664741671e-006 
1.8749999999999042988 0.27380329751982984687 -1.5180563318161959252 -2.534228809826030826 5.1496551768868689474e-006 
1.8999999999999015454 0.27389184353523338133 -1.5173070546736882047 -2.5342299487580031148 2.326685559099089218e-006 
1.9249999999998987921 0.27343725511295519093 -1.5191470143522756153 -2.5342309203878321533 3.1246739022134259457e-006 
1.9499999999998960387 0.27348578660067252022 -1.5220198182942117349 -2.5342317585900402399 2.8115580430447710443e-006 
1.9749999999998932854 0.27382987009509551779 -1.5209525567135215862 -2.5342324769171233889 1.1283358196147948085e-006 
1.999999999999890532 0.27357183221002351337 -1.5197712314578941672 -2.5342329100692140287 2.0977364888592556936e-006 
2.0249999999998880007 0.27360610323516920683 -1.5243739194109586776 -2.5342335730097866886 1.7377524345947756777e-006 
2.0499999999998852473 0.27391140179820910872 -1.5201666288836230834 -2.5342340756528929369 1.3099434728683505273e-006 
2.074999999999882494 0.27391872500751635044 -1.5143655186724807038 -2.5342343324237841529 6.4336637398833863149e-007 
2.0999999999998797406 0.27389122423527489936 -1.5196879414662556318 -2.5342346481340514153 1.0246240522059762911e-006 
2.1249999999998769873 0.27374892064562206251 -1.5220002844759350502 -2.5342349108371697852 8.8968736886839612673e-007 
2.1499999999998742339 0.2736711502245346983 -1.5200198362794594686 -2.5342352018503278011 7.2172478150068595167e-007 
2.1749999999998714806 0.27375667346782867062 -1.5219965496214595824 -2.5342353935104786622 5.1452013252837468564e-007 
2.1999999999998687272 0.27359662143898477726 -1.5217785187101449118 -2.5342355188359202423 3.5758587373704008016e-007 
2.2249999999998659739 0.27357632614871990606 -1.5184243128583654325 -2.5342356624803459297 4.9750681982214115151e-007 
2.2499999999998632205 0.27381907749545958408 -1.5184437149150120661 -2.5342358027422209332 3.7806918200753403438e-007 
2.2749999999998604672 0.27379239412242728502 -1.5205410106502288414 -2.5342359110567969083 2.7447640874082962688e-007 
2.2999999999998577138 0.27374906399861398398 -1.5210490027293850357 -2.5342359894085348948 2.5909679155031877836e-007 
2.3249999999998549605 0.27384755204981131582 -1.5204030048408574416 -2.5342360612462990765 1.7657779638064597472e-007 
2.3499999999998522071 0.27377503998158780885 -1.5200850919082573576 -2.5342361266366242312 2.3101401160835289986e-007 
2.3749999999998494538 0.27368655512559425524 -1.5203880996172260964 -2.5342361878538959274 1.4810755016475005293e-007 
2.3999999999998467004 0.27370061054404454248 -1.5196100169001889313 -2.5342362305803360911 1.2155247510736960986e-007 
2.4249999999998439471 0.27373258740107569986 -1.5192697137309152389 -2.5342362654489822837 1.0925338952046073173e-007 
2.4499999999998411937 0.27377245337198063968 -1.5212949042281840306 -2.5342363042029365516 1.1667401808143569523e-007 
2.4749999999998384403 0.27371836824418604994 -1.5210483919596893276 -2.5342363340817293249 7.9520148760622901871e-008 
2.499999999999835687 0.27367750317258793258 -1.5190812561892008681 -2.5342363565708865281 5.7979780394600624727e-008 
2.5249999999998329336 0.2737629721314845388 -1.5200355313127038581 -2.5342363755998840169 6.6057467501686491209e-008 
2.5499999999998301803 0.27379470181236997828 -1.5207675632522608122 -2.534236395712037293 5.3409391931973041528e-008 
2.5749999999998274269 0.27377405119720155113 -1.5199715570615603966 -2.5342364099974603597 4.1271409429517927835e-008 
2.5999999999998246736 0.27375935174782983772 -1.5200912078703623376 -2.534236423476067035 4.3195972317719599621e-008 
2.6249999999998219202 0.27369006133733109198 -1.5203459153422362871 -2.5342364359671791796 2.7533534027625907379e-008 
2.6499999999998191669 0.27367721759412094729 -1.5202628248107787901 -2.5342364422820815584 2.1562900337261004731e-008 
2.6749999999998164135 0.27374969597088499862 -1.5199555287799650927 -2.5342364506234149601 2.8247921161226495014e-008 
2.6999999999998136602 0.27378422772245625261 -1.5198804936579968228 -2.5342364597715509866 2.4439259864526580914e-008 
2.7249999999998109068 0.27378318853552296996 -1.5204216851548779665 -2.5342364644151551545 9.301073602487636843e-009 
2.7499999999998081535 0.27375503986492571995 -1.5202813402671462306 -2.5342364691077188255 1.8065339820316349034e-008 
2.7749999999998054001 0.27370861188560269284 -1.520034931514284704 -2.5342364733266977694 9.9686585026662662844e-009 
2.7999999999998026468 0.27370365449510014599 -1.5205269159017091862 -2.5342364769581799955 1.0689676813847342243e-008 
2.8249999999997998934 0.27372415147518597278 -1.5204116336699093903 -2.5342364801844192712 1.1630616235176391697e-008 
2.84999999999979714 0.27375047722370138281 -1.5199172174573880589 -2.5342364830792574182 4.5788663355172565498e-009 
2.8749999999997943867 0.27377293193545232386 -1.5200083264115660242 -2.5342364847660610039 7.390983522299871484e-009 
2.8999999999997916333 0.27375602308643809391 -1.5200708813991026247 -2.5342364869119125004 5.5421981029431487011e-009 
2.92499999999978888 0.27373504226052258748 -1.5199517381121012694 -2.5342364885444905731 4.3518273939154218034e-009 
2.9499999999997861266 0.27373788752553690484 -1.5201872796279323197 -2.5342364897309606064 4.2451048561057646712e-009 
2.9749999999997833733 0.27373733865359384243 -1.5205369439039020385 -2.5342364912455597192 3.5008873572420612624e-009 
2.9999999999997806199 0.27373923745320027923 -1.5205258212535670559 -2.5342364919933468848 2.6325831963527296977e-009 
3.0249999999997778666 0.27373913451983067358 -1.5201987061970134718 -2.5342364928642187039 2.3958728310200691141e-009 
3.0499999999997751132 0.27373101437394897761 -1.5199413382469879608 -2.5342364937215875464 2.5511488118368836916e-009 
3.0749999999997723599 0.27374060951970463629 -1.5200075786944444722 -2.5342364942225259483 1.1956808006500926144e-009 
3.0999999999997696065 0.27375242748455141939 -1.5200874157245281015 -2.5342364947508801976 1.7458665734359526644e-009 
3.1249999999997668532 0.27374780296826456416 -1.5200975137132823889 -2.534236495243871623 1.559582811370190162e-009 
3.1499999999997640998 0.27374363863221418125 -1.5203062073365705142 -2.5342364956791496589 8.8686131785666632381e-010 
3.1749999999997613465 0.27373883314802949229 -1.5203668156486704888 -2.5342364959310117456 9.4521122703339695453e-010 
3.1999999999997585931 0.27373424523863559843 -1.5202058915990197541 -2.5342364961877819063 6.4558690116228790357e-010 
3.2249999999997558398 0.27373796793075899636 -1.5201925061385976878 -2.5342364964683690154 9.5534230792235275746e-010 
3.2499999999997530864 0.27374263014521182935 -1.5201583097829933777 -2.5342364966835639883 5.3780833681003739552e-010 
3.274999999999750333 0.27374710110839889365 -1.5200924099545074508 -2.5342364968511157386 4.0728581043148195925e-010 
3.2999999999997475797 0.27374617941361972795 -1.5201457352147378366 -2.5342364969679325171 4.3159102757259717803e-010 
3.3249999999997448263 0.27373755896296658729 -1.520175096957411931 -2.5342364971075839186 3.6121745668473824919e-010 
3.349999999999742073 0.27373704005521587446 -1.5201967074544788794 -2.534236497219810591 3.7134592935264424435e-010 
3.3749999999997393196 0.2737411543870634234 -1.5202141363911574334 -2.5342364973123032712 2.1325562984907954636e-010 
3.3999999999997365663 0.2737405378453096616 -1.520204883690906339 -2.5342364973861020161 2.3083871722966778637e-010 
3.4249999999997338129 0.27374306985113988633 -1.5202148313122005874 -2.5342364974503737152 1.9192273311458210753e-010 
3.4499999999997310596 0.27374493346204997746 -1.52016397806516812 -2.5342364975074369582 1.5429626401863874585e-010 
3.4749999999997283062 0.27374188898392864955 -1.5201317486399075207 -2.5342364975570101926 1.5800815600132152524e-010 
3.4999999999997255529 0.27374094357776551645 -1.520191883499992791 -2.5342364975975826269 9.6311843852635569795e-011 
3.5249999999997227995 0.27374039791668391963 -1.5202006058780459519 -2.5342364976304030399 1.0963244482888371523e-010 
3.5499999999997200462 0.27373954176196563237 -1.52017884825081806 -2.5342364976619649042 9.6211450447497324887e-011 
3.5749999999997172928 0.27374081565617558454 -1.5201964817036408562 -2.5342364976908076102 6.1163732904808108472e-011 
3.5999999999997145395 0.2737414690480911017 -1.5201795002585869465 -2.5342364977050011454 5.6349444829559577678e-011 
3.6249999999997117861 0.27374252110704472285 -1.5201512667359962094 -2.5342364977269178361 6.3296287805336219508e-011 
3.6499999999997090327 0.27374319025896487467 -1.5201786344771184289 -2.5342364977434002071 4.5710543548516556638e-011 
3.6749999999997062794 0.27374109710907484905 -1.5202055341237981079 -2.5342364977562312767 3.231738066132282601e-011 
3.699999999999703526 0.2737405572669434628 -1.5201936507750075656 -2.5342364977678752958 4.1944210297508586953e-011 
3.7249999999997007727 0.27374133334347289237 -1.5201793079732799363 -2.5342364977772375845 1.7002126648630070219e-011 
3.7499999999996980193 0.27374085792596669631 -1.5201790168605469056 -2.5342364977841280727 2.6291371776396770292e-011 
3.774999999999695266 0.27374157095121309791 -1.5201847117137488041 -2.5342364977924627389 2.6290134942915950118e-011 
3.7999999999996925126 0.27374196004099821122 -1.5201784211050384243 -2.5342364977996436615 1.5379738404849062343e-011 
3.8249999999996897593 0.27374099977273047557 -1.5201735059061733946 -2.5342364978032931866 1.1897433802752888479e-011 
3.8499999999996870059 0.27374157477957195006 -1.520188102566879973 -2.5342364978076039606 1.2422289356875115701e-011 
3.8749999999996842526 0.2737421604618488491 -1.5201820721286933846 -2.5342364978114408913 1.280016591525907753e-011 
3.8999999999996814992 0.27374147871899168205 -1.5201699242241084598 -2.5342364978148683718 8.9142683677853509048e-012 
3.9249999999996787459 0.2737410321503919719 -1.5201896961042420386 -2.5342364978179636736 8.1506907322427783905e-012 
3.9499999999996759925 0.27374068268723750208 -1.5201958069851688737 -2.5342364978195810465 4.9453560371763578887e-012 
3.9749999999996732392 0.27374098506944427589 -1.5201837943885858628 -2.5342364978216020965 6.2379647421005064584e-012 
3.9999999999996704858 0.27374182735545865564 -1.5201830850741897549 -2.534236497823536105 6.139537529372690475e-012 
4.0249999999996788347 0.27374187921670045665 -1.5201781697149425732 -2.5342364978249714014 2.4269512186486182422e-012 
4.0499999999996871836 0.27374188801240267876 -1.5201739994732565986 -2.534236497825959944 4.4859703002707844096e-012 
4.0749999999996955324 0.27374176126564458977 -1.5201793041273969909 -2.5342364978271461062 2.6596832233213032627e-012 
4.0999999999997038813 0.27374097733684876754 -1.5201838857812877137 -2.5342364978280329524 2.4814799828342894081e-012 
4.1249999999997122302 0.27374092677029515652 -1.5201854566018702108 -2.5342364978286857635 2.4042298023805256678e-012 
4.1499999999997205791 0.27374139686897597246 -1.5201830269187339706 -2.5342364978294624756 1.6953955608108574948e-012 
4.1749999999997289279 0.27374142673611967513 -1.5201846381221886251 -2.5342364978298936862 1.4766685076644408343e-012 
4.1999999999997372768 0.27374148420604493825 -1.5201884597087844675 -2.5342364978303542067 1.3480761985588117357e-012 
4.2249999999997456257 0.2737414606744197898 -1.5201819260330928785 -2.5342364978308422607 1.4996667642805809487e-012 
4.2499999999997539746 0.27374135774018359957 -1.5201769052356384204 -2.5342364978311504586 6.7076542180380770004e-013 
4.2749999999997623235 0.27374156840791946665 -1.5201806302644396141 -2.5342364978314133594 7.6369632287556882102e-013 
4.2999999999997706723 0.27374163997925654579 -1.52018090200428313 -2.53423649783162519 7.9656844075905467131e-013 
4.3249999999997790212 0.2737415003660087498 -1.5201806769031216415 -2.534236497831884094 6.6254979860021201426e-013 
4.3499999999997873701 0.27374136165631474116 -1.5201857008528281145 -2.5342364978320794933 5.651466899278794813e-013 
4.374999999999795719 0.27374116262903419594 -1.5201863259562591324 -2.5342364978322033942 2.7891102921554505219e-013 
4.3999999999998040678 0.27374124995371640345 -1.5201819601945654181 -2.5342364978323215219 4.1822509317953221597e-013 
4.4249999999998124167 0.27374150924000900664 -1.520181002587507102 -2.5342364978324374292 3.5544193308520833449e-013 
4.4499999999998207656 0.27374150202592062442 -1.5201818777089530776 -2.5342364978325471192 2.5485388119330837947e-013 
4.4749999999998291145 0.27374146842148899816 -1.5201819997130545659 -2.5342364978326203939 2.6052291558663308872e-013 
4.4999999999998374633 0.27374147337981369343 -1.5201824991679537824 -2.5342364978326892277 1.5496393212574203216e-013 
4.5249999999998458122 0.27374139225527505115 -1.5201831227116513467 -2.5342364978327425185 1.7623547722704089795e-013 
4.5499999999998541611 0.27374140925243467537 -1.5201830047101205778 -2.534236497832790036 1.4046403723172622555e-013 
4.57499999999986251 0.27374146404712285108 -1.5201811737460912966 -2.534236497832839774 1.4339304086295932026e-013 
4.5999999999998708589 0.27374144984270210035 -1.5201811952948767193 -2.534236497832874857 9.4041415687140320828e-014 
4.6249999999998792077 0.27374141643771088273 -1.5201837601990926263 -2.5342364978329028347 7.372651682006775147e-014 
4.6499999999998875566 0.27374134075628359097 -1.5201831220292700841 -2.53423649783292948 9.5637656847778202304e-014 
4.6749999999998959055 0.2737413465799771739 -1.5201817599482327914 -2.5342364978329521286 5.2652142990937415182e-014 
4.6999999999999042544 0.27374145364987462203 -1.5201830297091714073 -2.5342364978329698921 5.3444748430165328721e-014 
4.7249999999999126032 0.27374147741883564366 -1.5201829408769307328 -2.5342364978329867675 5.5434007245416654797e-014 
4.7499999999999209521 0.27374145619993400791 -1.5201818769403225851 -2.5342364978330023106 3.4130937608073124043e-014 
4.774999999999929301 0.27374144543821682385 -1.5201820580778078185 -2.5342364978330116365 3.4864256820692180899e-014 
4.7999999999999376499 0.27374140763028581569 -1.5201823482359895223 -2.5342364978330236269 3.0602481409198274338e-014 
4.8249999999999459988 0.27374139908948585953 -1.5201822607392041498 -2.5342364978330307324 2.1288104726571874458e-014 
4.8499999999999543476 0.27374140637068589132 -1.5201821638400025982 -2.5342364978330378378 1.9769654168887707434e-014 
4.8749999999999626965 0.27374140834968263558 -1.5201826905057786998 -2.5342364978330444991 2.574527423218655004e-014 
4.8999999999999710454 0.27374143928580985108 -1.5201831484376704395 -2.5342364978330507164 8.9248481105123866602e-015 
4.9249999999999793943 0.27374144362506441785 -1.5201824941931394441 -2.5342364978330533809 1.4468346835084915245e-014 
4.9499999999999877431 0.27374142054212136088 -1.5201821172848055674 -2.5342364978330591541 9.915324234224936654e-015 
4.974999999999996092 0.27374142061239964407 -1.5201824884568178042 -2.5342364978330613745 1.0110445613778567256e-014 
