0.025000000000000015266 0.59550356605367160689 0.00048359624808066645207 -2.2462425033619992654 0.040004546177518064687 
0.05000000000000003747 0.57148561698512101437 0.016962798110099139293 -2.2553314166047564449 0.056782613379221066885 
0.075000000000000052736 0.43313188133300212224 -0.0066135140303605899348 -2.2789601189785071433 0.090906632986068491853 
0.10000000000000007494 0.39745107329808132546 -0.053299388629395649808 -2.3188019671255402088 0.10582770731628224348 
0.12500000000000008327 0.23612591595482704254 -0.41102025940464925746 -2.3447793826054614819 0.054444771538336413086 
0.15000000000000010547 0.22760013066929843384 -1.9511678523704203414 -2.3604441628345607107 0.046845608844289683692 
0.17500000000000012768 0.30273426408879594574 -2.4723081719541117884 -2.3764291487917952317 0.048907755191522461757 
0.20000000000000014988 0.24484828854029275225 -1.4823803973409601653 -2.3906961683729042178 0.02726536736392614832 
0.22500000000000017208 0.23005089516939802863 -1.8557848212948622191 -2.3990923659132028511 0.030864882938631432729 
0.25000000000000016653 0.26485876708487043896 -1.3707720721059362123 -2.4122216852712341506 0.042373242806821559414 
0.27500000000000018874 0.28704617992669628768 -0.087034925279551589306 -2.4238378533605193788 0.026768078918253487841 
0.30000000000000021094 0.32365982538936194368 -0.16162552130887486435 -2.4316815466642567323 0.019826120110993286638 
0.32500000000000023315 0.33122650257092917103 -0.12103612236202421215 -2.4409947439555663706 0.035542984803905414148 
0.35000000000000025535 0.36328850000006113197 -0.70337519190463937413 -2.452702098686810217 0.030579330116231748238 
0.37500000000000027756 0.33688478869774929336 -1.5924697973699850628 -2.4610430190074135126 0.022904521203068666652 
0.40000000000000029976 0.2592982704906834357 -1.498664885828808746 -2.46830093149771157 0.018386783176800262224 
0.42500000000000032196 0.28473622410292437346 -1.7174948649903751807 -2.4746035202763936311 0.015282239423558352867 
0.45000000000000034417 0.3107242179295963691 -1.2540286454244307102 -2.4786426714867615395 0.014707965516872440609 
0.47500000000000036637 0.32229617666398630016 -0.61494650089102753654 -2.4834037776628834493 0.010846207088763311008 
0.50000000000000033307 0.36347417362260181495 -0.96952475036831831101 -2.4873705888884032333 0.011711478674953940821 
0.52500000000000035527 0.34217286813237923759 -1.0981381307142692449 -2.4914067258441559005 0.01431433039173675599 
0.55000000000000037748 0.29064467283736256098 -1.4183955841722377667 -2.497571104833920419 0.023483632256993899196 
0.57500000000000039968 0.24773344226949373104 -1.8141321704742860987 -2.5060418620576596638 0.020412736805377487692 
0.60000000000000042188 0.21691146469496469518 -1.8034139750472977237 -2.5098357080217001958 0.0055881823114700985428 
0.62500000000000044409 0.24258519368199202293 -1.8742837210784775159 -2.5124377435565596883 0.0098726107890009049545 
0.65000000000000046629 0.27230052544389604652 -1.803586702930181751 -2.5158807363188286921 0.010859387056342199862 
0.6750000000000004885 0.27290834946069258971 -1.4591433227555525853 -2.5191886966064567233 0.0060744779707802010194 
0.7000000000000005107 0.27897909762417683055 -1.3717631150920190919 -2.5210189683558192897 0.0082291844876659775432 
0.72500000000000053291 0.28563778558292030052 -1.4292263019449635841 -2.5236405655145510707 0.0050603144387539097243 
0.75000000000000055511 0.27123519857006794798 -1.3727127243683328039 -2.5252294347311119438 0.0045037495535451650339 
0.77500000000000057732 0.26479704395161557384 -1.5067830457953801382 -2.5262399328018174671 0.0028110698590022705975 
0.80000000000000059952 0.26676754712556566274 -1.6713163490053428717 -2.5277229903888995821 0.0043840919932857736266 
0.82500000000000062172 0.27040486370417027295 -1.6034544418622282969 -2.5286873751486060868 0.0025406097223455250712 
0.85000000000000064393 0.2782679843068683323 -1.4733264364533895652 -2.5296749524902812922 0.0024121450411985333878 
0.87500000000000066613 0.27298744172482014569 -1.3959797702205121173 -2.5303502965997366481 0.0019213139092441303048 
0.90000000000000068834 0.26870136420684348488 -1.4375384964920585595 -2.5308416506272251034 0.0011126203851168341846 
0.92500000000000071054 0.27113094116572594716 -1.5538952396293919112 -2.5313804282609924101 0.0019691407890406213352 
0.95000000000000073275 0.26917516028062860034 -1.5939516716809980501 -2.5319194400241245013 0.0011715791688920594756 
0.97500000000000075495 0.2722044957134587273 -1.639888757140857356 -2.5322692349793327615 0.00080837092106925611742 
1.0000000000000006661 0.27885004614096897679 -1.6024005547282726969 -2.5325144759276856377 0.00091350593419260901502 
1.0249999999999979128 0.2747973508097347195 -1.4394234262002290059 -2.5328197453912428827 0.00066709159615024719598 
1.0499999999999951594 0.2704834071120886807 -1.4326488732168778384 -2.5330310454494799899 0.00065607439063819917701 
1.0749999999999924061 0.2736168949230177172 -1.4975727030489660585 -2.5332178757750161147 0.0004755895749761222726 
1.0999999999999896527 0.27665286610935463374 -1.4857682104061231687 -2.5333885825405948466 0.00046434840689515169366 
1.1249999999999868994 0.27700634620998754176 -1.5374738152765483612 -2.5335057574434700634 0.00030337185259634262676 
1.149999999999984146 0.27151640190865589108 -1.5736988749683029631 -2.5336296806635489887 0.00036796718364411946543 
1.1749999999999813927 0.26787380076328926037 -1.5398335022787481563 -2.5337237630585311976 0.00022688724743864815514 
1.1999999999999786393 0.27078351233110392604 -1.5338479896539349845 -2.5337967781647496857 0.00018823865811234440147 
1.224999999999975886 0.27301469018053803328 -1.5306897709837905541 -2.5338645502444525626 0.00022335412905785160761 
1.2499999999999731326 0.27626893001931773775 -1.5250582030350199325 -2.533931312366092925 0.00015967169623110652292 
1.2749999999999703792 0.27882253095998726922 -1.500177656626845879 -2.5339774668890679976 0.0001175310376264260601 
1.2999999999999676259 0.27496770521126345788 -1.4763586059636173431 -2.5340149751134650735 0.00010313677628123357245 
1.3249999999999648725 0.27137717110710551927 -1.5166639662302010549 -2.534046908341120119 9.1394359921799706763e-005 
1.3499999999999621192 0.27180127296389972047 -1.5368603966572706998 -2.5340780858346745319 9.0589936265114112657e-005 
1.3749999999999593658 0.27300172263818284213 -1.5179600821437209124 -2.5341063489069335368 7.0324346035677515014e-005 
1.3999999999999566125 0.27428474155545889968 -1.5374490837205447846 -2.5341252404532830234 4.4209833387733975111e-005 
1.4249999999999538591 0.27424506499071754639 -1.540368321471375701 -2.5341397629215851595 5.0240423425173606048e-005 
1.4499999999999511058 0.27346679489229946958 -1.5090920127931330974 -2.5341576580078579717 4.2819450037340033412e-005 
1.4749999999999483524 0.27366799234842181798 -1.5149685482865129504 -2.5341684726145232709 2.9110175721562549201e-005 
1.4999999999999455991 0.27346440698463059249 -1.5300236477358035714 -2.5341790105976418346 3.1807925659195543497e-005 
1.5249999999999428457 0.27368206694503982579 -1.5121910235744533413 -2.5341896679397781789 2.9005675565316999697e-005 
1.5499999999999400924 0.27456279671880351456 -1.5010234758080507333 -2.5341961133911223847 1.0341482885356732656e-005 
1.574999999999937339 0.27392523576630828375 -1.518509169079091059 -2.5342013820598556784 2.1852316635950732091e-005 
1.5999999999999345857 0.27322441971108962777 -1.5341074331989159596 -2.5342076980690935173 1.5170664848254575581e-005 
1.6249999999999318323 0.27344691477471749774 -1.5273505991345124322 -2.5342125490274987065 1.0857787497143017599e-005 
1.649999999999929079 0.27356128041283234165 -1.5184020423519279941 -2.53421533941293875 1.0392636612027213121e-005 
1.6749999999999263256 0.27418202002163755138 -1.5248445434496251671 -2.5342196066631039741 1.0049212565088863934e-005 
1.6999999999999235722 0.27441810983864911577 -1.5197189881658532684 -2.534221827033245944 6.1627053774779508451e-006 
1.7249999999999208189 0.27348446396701747707 -1.5058238326754356251 -2.5342238631525724202 4.9416330708707398563e-006 
1.7499999999999180655 0.27306809215409483249 -1.5194689937151864001 -2.534226044041673731 7.7512051175103680929e-006 
1.7749999999999153122 0.2733531737341664547 -1.5317225570650161437 -2.5342277680961755593 2.8230582703849986557e-006 
1.7999999999999125588 0.27374869534433404761 -1.5195087217688139081 -2.5342290469047048518 4.3129289069777685287e-006 
1.8249999999999098055 0.27415895345309559961 -1.5169662154507870255 -2.5342302297618490847 3.1982943590913490264e-006 
1.8499999999999070521 0.27402096754646348975 -1.5227852288679744053 -2.5342312260530914791 2.0443689570846306717e-006 
1.8749999999999042988 0.27384766397523890857 -1.5194065678050263646 -2.5342318986976435369 2.7050338297953213105e-006 
1.8999999999999015454 0.27390299430889958332 -1.5165764375270245345 -2.5342327488380647083 1.7539835842842257347e-006 
1.9249999999998987921 0.2735601423702676005 -1.5191211032638338718 -2.5342333453548033795 1.8204738651762380556e-006 
1.9499999999998960387 0.27345480445516068269 -1.5229119182101646945 -2.5342337974437345594 1.2082878459938896072e-006 
1.9749999999998932854 0.27374268929240463954 -1.5220104475332547622 -2.5342342685930563384 1.0573449186367141533e-006 
1.999999999999890532 0.27367183055675797787 -1.5196723047737870083 -2.5342344978017399271 8.3554604636538210546e-007 
2.0249999999998880007 0.27362326665865205344 -1.5218412154368912148 -2.5342348776514116437 1.0508808614994820914e-006 
2.0499999999998852473 0.27382725269448215943 -1.5199047796262159515 -2.5342351748311413573 7.9626126638705053828e-007 
2.074999999999882494 0.27389754906823904346 -1.516115627350626216 -2.5342353478170256409 2.5256771022362468768e-007 
2.0999999999998797406 0.27386200689446255074 -1.5199853641820726402 -2.534235502862390188 6.4772500531066820945e-007 
2.1249999999998769873 0.27373901027262487196 -1.5225066026358655691 -2.5342356694652461435 3.7696318100276408702e-007 
2.1499999999998742339 0.27368651584485381711 -1.519848820549125179 -2.5342358089592935677 3.7751546108382731109e-007 
2.1749999999998714806 0.27378148823061720929 -1.5202407282764529572 -2.5342359164510401826 3.0498818277942452722e-007 
2.1999999999998687272 0.27368051606872872972 -1.5215047794559342087 -2.5342360050492080958 1.9822779832706523072e-007 
2.2249999999998659739 0.27358461351185325849 -1.5196547457877633835 -2.5342360739257618896 2.3200683038389157053e-007 
2.2499999999998632205 0.27374720269817465201 -1.5189402630877375522 -2.5342361464315805719 1.8009207846399110982e-007 
2.2749999999998604672 0.27381414058264097466 -1.5203264657022304007 -2.534236204008702753 1.4888656878534903977e-007 
2.2999999999998577138 0.27377247269664045648 -1.5207832232505476 -2.5342362435249290442 1.1514393970197770039e-007 
2.3249999999998549605 0.27378778896961836198 -1.5201500899607123252 -2.5342362853162163638 1.080159526626394106e-007 
2.3499999999998522071 0.27374470614367252264 -1.5200406803533028643 -2.5342363194632433476 1.0318374203794675493e-007 
2.3749999999998494538 0.27370118188741848764 -1.5206418939893056042 -2.5342363489007846411 6.7807585937465835045e-008 
2.3999999999998467004 0.27372198115660129059 -1.5200127374206946484 -2.5342363702994590291 5.821685705252900153e-008 
2.4249999999998439471 0.27374753165372284203 -1.5191057597042281202 -2.5342363873528355178 4.9318759204319671936e-008 
2.4499999999998411937 0.27377382469890437777 -1.52046864009241256 -2.5342364071113725466 6.005227759141578081e-008 
2.4749999999998384403 0.27373863299543732541 -1.5211747640869177634 -2.5342364232205611962 3.7271849390603168158e-008 
2.499999999999835687 0.27369190904201806669 -1.5199461412631540824 -2.5342364332877576061 2.1788142558279215576e-008 
2.5249999999998329336 0.2737392913554601015 -1.5199679659889770988 -2.5342364418969975937 3.2140594419294298303e-008 
2.5499999999998301803 0.27377327035994541982 -1.5204145378105766717 -2.5342364518709921128 2.3728050763970889881e-008 
2.5749999999998274269 0.27375558535647642744 -1.5199308395164516927 -2.534236459004090225 1.8989896915593219977e-008 
2.5999999999998246736 0.27375008685707036271 -1.5199443421308540536 -2.534236464732238403 1.6938584070435256418e-008 
2.6249999999998219202 0.27372452662287144465 -1.5203674768826735964 -2.5342364709219857843 1.5477324161866309701e-008 
2.6499999999998191669 0.27370766669309531949 -1.5204159156011352039 -2.5342364740987006755 7.508026140850968201e-009 
2.6749999999998164135 0.27373770253619028603 -1.5200733044184713272 -2.5342364775747485695 1.1365266120667301146e-008 
2.6999999999998136602 0.27376258638789380262 -1.5199252261231188665 -2.5342364814192408495 1.1068660706175479742e-008 
2.7249999999998109068 0.27377027216380861452 -1.5203059058101939804 -2.5342364839310214109 3.7617257120737137885e-009 
2.7499999999998081535 0.27375722556149872933 -1.5203176073646946787 -2.5342364857246204579 7.7970661598912940919e-009 
2.7749999999998054001 0.27372337090656645442 -1.5200454788767907566 -2.5342364879621546159 4.5199567312158155873e-009 
2.7999999999998026468 0.27371441718736871929 -1.5202869069811932867 -2.5342364893830500172 3.7999876194671426283e-009 
2.8249999999997998934 0.27372823934990397898 -1.5203869769126248102 -2.5342364904721037533 3.8463544735542448732e-009 
2.84999999999979714 0.27374220268040166948 -1.5200634420583398754 -2.5342364919377007304 3.2426969715783382872e-009 
2.8749999999997943867 0.27375796726880213816 -1.5200190935973085793 -2.5342364927141032283 2.4729110073489486359e-009 
2.8999999999997916333 0.27375673644949538588 -1.5201493693167793531 -2.5342364935631223055 2.0117829737923832787e-009 
2.92499999999978888 0.27374187584815695695 -1.5201181147367335278 -2.5342364942200847899 2.0016831020045723475e-009 
2.9499999999997861266 0.27373607983331516014 -1.5201641070732070382 -2.5342364947097406613 1.0661898128643804614e-009 
2.9749999999997833733 0.27373603262379353485 -1.5203217023216815118 -2.5342364952507763221 1.8222421185094280219e-009 
2.9999999999997806199 0.27374104296166640315 -1.5203617398687832019 -2.5342364956728062886 9.333096252169395311e-010 
3.0249999999997778666 0.27374409361311030642 -1.5202223093355309302 -2.5342364959937051516 7.9893798736955052921e-010 
3.0499999999997751132 0.27373672567969908886 -1.5200563135414646432 -2.5342364962760868252 9.6821491152606392303e-010 
3.0749999999997723599 0.27373714586446606933 -1.5200765051398459349 -2.534236496529253202 4.6403569440934215552e-010 
3.0999999999997696065 0.2737455814650405217 -1.5201518423517899059 -2.5342364967000938769 5.9762146065397534111e-010 
3.1249999999997668532 0.27374558925741809823 -1.5201432684661162487 -2.5342364968926052171 5.5619618282361343064e-010 
3.1499999999997640998 0.27374267414383113284 -1.5202189769495815241 -2.5342364970734845286 3.8742946752874564392e-010 
3.1749999999997613465 0.27374111563256831037 -1.5202794131247618914 -2.5342364971590942702 2.7422272776128884104e-010 
3.1999999999997585931 0.27373901456046728642 -1.5202113254291358402 -2.5342364972629138897 2.5391925577020118418e-010 
3.2249999999997558398 0.27373939153002091462 -1.5201812414916338057 -2.5342364973566602337 3.1507849830482997371e-010 
3.2499999999997530864 0.27374099007888286206 -1.5201659281109929367 -2.5342364974334596894 1.5426404897481407926e-010 
3.274999999999750333 0.27374341928766310339 -1.5201388955047070439 -2.5342364974980653436 2.0318465267629461007e-010 
3.2999999999997475797 0.27374432201169707213 -1.5201660006501933609 -2.5342364975479387823 1.1447433991414246955e-010 
3.3249999999997448263 0.27374057369358512082 -1.5201844445497094682 -2.5342364975908449054 1.2168634771114135088e-010 
3.349999999999742073 0.27373922373746045755 -1.5201883994524072463 -2.5342364976278632938 1.1399467568776307114e-010 
3.3749999999997393196 0.27374122790500271529 -1.5201945280482607181 -2.534236497662332166 7.5891305012787559182e-011 
3.3999999999997365663 0.27374084271874787877 -1.5201883560842799348 -2.5342364976879006022 8.0232879656569471979e-011 
3.4249999999997338129 0.27374118529543245426 -1.5201920456186321928 -2.5342364977109967938 5.9170934259303502918e-011 
3.4499999999997310596 0.27374281087382518196 -1.5201797805878305425 -2.534236497730108173 4.8284786456893150354e-011 
3.4749999999997283062 0.27374235742654451364 -1.5201659806896361538 -2.5342364977457418895 4.9223744600902527424e-011 
3.4999999999997255529 0.27374162161903670132 -1.5201884571862178674 -2.534236497759672524 2.8535841867916148403e-011 
3.5249999999997227995 0.27374100556878039336 -1.5201921129455406856 -2.5342364977696609785 3.5333545431402522955e-011 
3.5499999999997200462 0.273740424907426394 -1.5201742943446334699 -2.5342364977808187199 2.9040235146036272368e-011 
3.5749999999997172928 0.27374113188597276602 -1.5201824034995676804 -2.5342364977905309509 2.3104802208294084585e-011 
3.5999999999997145395 0.27374169988961732924 -1.5201853863063106154 -2.5342364977948941274 1.0865429597773853661e-011 
3.6249999999997117861 0.27374187678716244143 -1.5201711462045237599 -2.5342364978008991017 2.0010723912494700488e-011 
3.6499999999997090327 0.27374188198040871889 -1.5201779249173812403 -2.5342364978066251879 1.5060096296491317847e-011 
3.6749999999997062794 0.2737409730969110333 -1.5201929909276135078 -2.5342364978108822271 8.8917329049162669657e-012 
3.699999999999703526 0.2737408856540987645 -1.5201906052577323081 -2.5342364978140703435 1.1867110789953092922e-011 
3.7249999999997007727 0.27374164993241806298 -1.5201823611978577677 -2.5342364978173308465 5.547817110753634351e-012 
3.7499999999996980193 0.27374152454134714763 -1.5201794770201209062 -2.5342364978191929126 6.8066175203779878881e-012 
3.774999999999695266 0.2737415120629971832 -1.5201819255205002435 -2.5342364978215110582 6.8701246096273706115e-012 
3.7999999999996925126 0.27374167286132422561 -1.5201801726058632447 -2.5342364978238061113 5.3606359645771318612e-012 
3.8249999999996897593 0.27374124683750594711 -1.5201773187078293503 -2.534236497824904788 2.5813206058336707663e-012 
3.8499999999996870059 0.27374129425481241729 -1.5201853001837402068 -2.5342364978261251451 3.882613516537532144e-012 
3.8749999999996842526 0.27374160850417467161 -1.5201854418318505591 -2.5342364978272948761 3.4053250689230028981e-012 
3.8999999999996814992 0.27374149527909408253 -1.5201770452596659045 -2.534236497828225243 1.7831980584649194773e-012 
3.9249999999996787459 0.2737413722354700707 -1.5201828203233269665 -2.5342364978289286803 2.554080978196055559e-012 
3.9499999999996759925 0.27374117280153381637 -1.5201881428557832976 -2.5342364978296072486 1.4443876066231983048e-012 
3.9749999999996732392 0.27374115814233662691 -1.5201836501536765134 -2.5342364978301241685 1.5599480597244375855e-012 
3.9999999999996704858 0.27374151115606593088 -1.5201828071441261248 -2.5342364978306122225 1.4339872308039903618e-012 
4.0249999999996788347 0.27374161675461400334 -1.5201820667815464372 -2.5342364978310287782 7.4774296488839434987e-013 
4.0499999999996871836 0.27374163750413876839 -1.5201792151959465649 -2.5342364978312437174 9.375844188552977652e-013 
4.0749999999996955324 0.27374164505204684472 -1.5201795064055894091 -2.5342364978315932156 8.5489678304493808851e-013 
4.0999999999997038813 0.27374130857714551457 -1.5201821512630244726 -2.5342364978318556723 6.7711474716246317914e-013 
4.1249999999997122302 0.27374116655595526204 -1.52018441532295423 -2.5342364978319995572 3.7154396864502653839e-013 
4.1499999999997205791 0.27374135561759999069 -1.5201833313841184303 -2.5342364978321905156 5.5857339605314522482e-013 
4.1749999999997289279 0.27374142364528331051 -1.5201825421186974108 -2.5342364978323148605 3.1219677227732610667e-013 
4.1999999999997372768 0.27374145310455461066 -1.5201846031425927386 -2.5342364978324321001 3.1182064560123495282e-013 
4.2249999999997456257 0.27374144205675232655 -1.5201833839961391703 -2.5342364978325426783 3.7944171528177040931e-013 
4.2499999999997539746 0.27374137381078572639 -1.5201804993158285484 -2.5342364978326377134 1.4039106699966831144e-013 
4.2749999999997623235 0.27374145205734273789 -1.5201812669892258434 -2.5342364978326901159 1.9810412861881399598e-013 
4.2999999999997706723 0.2737415240951946438 -1.5201818381538663161 -2.5342364978327487357 1.6188796114931436747e-013 
4.3249999999997790212 0.27374149597826086255 -1.5201813541551141284 -2.5342364978328069114 1.4922342079624669762e-013 
4.3499999999997873701 0.2737414443509413875 -1.5201832568867035267 -2.5342364978328504321 1.2613957428015805022e-013 
4.374999999999795719 0.27374132517512966833 -1.5201843360831497343 -2.5342364978328877356 8.148812285359691266e-014 
4.3999999999998040678 0.27374130439827282224 -1.5201826011117105519 -2.5342364978329139369 8.9684049089894019024e-014 
4.4249999999998124167 0.27374143012377366579 -1.5201816581888556446 -2.5342364978329401382 5.8507124024247837772e-014 
4.4499999999998207656 0.2737414666701374899 -1.5201821302260920543 -2.5342364978329627867 6.6638874040729792311e-014 
4.4749999999998291145 0.27374143956210011952 -1.5201825261443739912 -2.5342364978329801062 5.2197482299343304736e-014 
4.4999999999998374633 0.27374143873438860908 -1.5201825794343926113 -2.534236497832999202 4.0464376944795248366e-014 
4.5249999999998458122 0.27374142029103398777 -1.5201825668273454273 -2.5342364978330107483 3.4239556696982501698e-014 
4.5499999999998541611 0.27374142233069781449 -1.5201826397111095623 -2.5342364978330200742 2.5581692333589089667e-014 
4.57499999999986251 0.2737414358431744521 -1.5201819867356720639 -2.534236497833028956 3.1476709129906611107e-014 
4.5999999999998708589 0.2737414305003610937 -1.5201816852291063498 -2.5342364978330382819 1.836028920091989558e-014 
4.6249999999998792077 0.2737414307668727953 -1.520182789911908916 -2.534236497833044055 1.6965372434748861558e-014 
4.6499999999998875566 0.27374140493807230801 -1.5201829805269606588 -2.5342364978330502723 1.8851809832098389513e-014 
4.6749999999998959055 0.27374138476906373363 -1.5201822856655056171 -2.5342364978330569336 1.0231550853088997293e-014 
4.6999999999999042544 0.2737414190298948502 -1.5201825690313879313 -2.53423649783305871 9.6891294562548085278e-015 
4.7249999999999126032 0.27374144058479460417 -1.5201827477311047332 -2.5342364978330618186 1.0244969521205219118e-014 
4.7499999999999209521 0.27374143492677249778 -1.5201822658530483867 -2.5342364978330662595 8.817240755742090462e-015 
4.774999999999929301 0.2737414351598817519 -1.520182114120389727 -2.5342364978330675918 5.0898248197018936667e-015 
4.7999999999999376499 0.27374142596639838843 -1.520182319237406432 -2.5342364978330698122 6.4093877923275264179e-015 
4.8249999999999459988 0.27374141561015913338 -1.5201824521319868833 -2.5342364978330711445 3.9581048390886274984e-015 
4.8499999999999543476 0.27374141190389156275 -1.5201823998110659542 -2.5342364978330724767 3.1772675463006345199e-015 
4.8749999999999626965 0.27374141255567013831 -1.5201824768230598472 -2.534236497833073809 4.9054515705386355862e-015 
4.8999999999999710454 0.27374143005489492975 -1.5201826785691539001 -2.5342364978330760295 2.1839553857593635576e-015 
4.9249999999999793943 0.27374143834049696755 -1.5201825239884856344 -2.5342364978330755854 2.0102093717844945746e-015 
4.9499999999999877431 0.27374142374202647954 -1.5201823013438411358 -2.5342364978330764735 2.115461563228103212e-015 
4.974999999999996092 0.27374141629125925412 -1.5201824101013459156 -2.5342364978330773617 1.7303932230295661836e-015 
