0.025000000000000015266 0.59634942433648641114 0.00048936911330304394552 -2.2452305931176592679 0.040601662790920547974 
0.05000000000000003747 0.57177328115649150853 0.017184720839031400463 -2.2536969474500012645 0.058480559209451360436 
0.075000000000000052736 0.43058450547548271503 -0.0078090855536740999554 -2.2759492373659511166 0.094201632540335075716 
0.10000000000000007494 0.39298951593283942829 -0.053936759827851399329 -2.3134617265064787439 0.10911066863381405079 
0.12500000000000008327 0.22870743704500243187 -0.40976602206309220566 -2.3379095314466100675 0.056989221376311974265 
0.15000000000000010547 0.22305214937337147774 -2.0144959690368797744 -2.353210789691428495 0.051266924382908828084 
0.17500000000000012768 0.30194311735146583953 -2.5723006353386952405 -2.3689919847266116548 0.052705104053975805611 
0.20000000000000014988 0.23782244057412588178 -1.5282908476833552136 -2.3830685456160995983 0.029565609885893327086 
0.22500000000000017208 0.22023940645969630747 -1.9666684544537043067 -2.3915136622276635947 0.034968255391600575055 
0.25000000000000016653 0.26116028769035248835 -1.4898663030132248686 -2.4051861422012881242 0.049446373819131035632 
0.27500000000000018874 0.29499210679723730788 -0.029778007798438532738 -2.4186940363288456091 0.040029896108947311817 
0.30000000000000021094 0.35182354050795755507 0.055583897329895659567 -2.4307156300152410466 0.034436811603562447748 
0.32500000000000023315 0.35900164879897122905 0.32666697107660136457 -2.4410189450236230435 0.030177284962146069813 
0.35000000000000025535 0.35037478454053733179 -0.28913955557381126882 -2.4499410362815465803 0.035805454582143889097 
0.37500000000000027756 0.28989544455811766532 -1.7456355603277429189 -2.4598815867359578036 0.022315578218162643309 
0.40000000000000029976 0.22649062071865072587 -1.9152943494467664642 -2.4644010476319389014 0.010481680904032368226 
0.42500000000000032196 0.29090133741106805054 -1.8000235852386818891 -2.4697262897690075434 0.020737268855920011623 
0.45000000000000034417 0.33154666078188960165 -0.98714017511154994455 -2.474887797177103721 0.016638220369995636999 
0.47500000000000036637 0.33477597250597895817 -0.42828201298531443086 -2.4797203116166155468 0.013671561593204829485 
0.50000000000000033307 0.36565741864554701657 -1.0711419979260896618 -2.4842004671539021921 0.012675543407574560092 
0.52500000000000035527 0.33562041567634176564 -1.117089082917923637 -2.4875903404604366997 0.011429962136443164167 
0.55000000000000037748 0.30497299741761235703 -1.2808048488307299806 -2.4915579438968280535 0.015050831437393852666 
0.57500000000000039968 0.29586169000141848695 -1.5810774693461151497 -2.4966006140911796152 0.018759477186683325145 
0.60000000000000042188 0.24625984601751366165 -1.4264540583989984146 -2.5035638959902417611 0.021851947124167513115 
0.62500000000000044409 0.22552545167793391911 -1.6587937081360615288 -2.5078335404573155465 0.0083639112205752541573 
0.65000000000000046629 0.25124513619492111483 -1.9453155688397021361 -2.510994418130709338 0.013036168114979398286 
0.6750000000000004885 0.26084590235214949461 -1.8208876192208358624 -2.5146747961472963873 0.0085552530173534906827 
0.7000000000000005107 0.27996735617253920569 -1.5630450761857359598 -2.5168417721705673706 0.0077999381767358466275 
0.72500000000000053291 0.29013915652062460815 -1.2521815500792510267 -2.5197544625881223013 0.0097135264615724175447 
0.75000000000000055511 0.27228818208524258049 -1.122240477469724107 -2.5218888817777460609 0.0045204095399156212984 
0.77500000000000057732 0.27578587307719304444 -1.4406434056125139165 -2.5235698696063946223 0.0058383494729474265036 
0.80000000000000059952 0.26883065284981300103 -1.7115494476847912253 -2.5250783467420645501 0.0047540553012380189907 
0.82500000000000062172 0.253800651435207969 -1.7418949191001571464 -2.5263161328281786844 0.0029182886390862533207 
0.85000000000000064393 0.26925185441208759896 -1.7067761422442513375 -2.5274807626872353161 0.0046890605524677738888 
0.87500000000000066613 0.27430207468929845849 -1.4411928908884910072 -2.5285877066205850738 0.0023499640332364352645 
0.90000000000000068834 0.27444355433509398656 -1.2743229904642969785 -2.5293095787153192511 0.0023756626316984302827 
0.92500000000000071054 0.28273465553944387985 -1.4881063940166567861 -2.5298785377184191958 0.001734640708236225709 
0.95000000000000073275 0.27045907160766025079 -1.5332701705219795585 -2.530622881898401566 0.0025518694863448016831 
0.97500000000000075495 0.2642074316792938915 -1.558522113581743529 -2.5311925165351900624 0.0013949649457606877034 
1.0000000000000006661 0.27263100880646551349 -1.6720188118298051627 -2.5315723061112240799 0.0010286838608470725166 
1.0249999999999979128 0.27493208800155299887 -1.5424900635467369003 -2.5319021088522437601 0.0011297239237117032758 
1.0499999999999951594 0.27506001029070570318 -1.4705453016623359908 -2.532247088224835796 0.0012028795933882209523 
1.0749999999999924061 0.27354339215114092942 -1.5000687922042086342 -2.5326078299582159836 0.00094352137247727570213 
1.0999999999999896527 0.27119885444617536363 -1.4431232032762908446 -2.5328020616206381455 0.00044858468845250119763 
1.1249999999999868994 0.27744067992576709747 -1.4889476093591151873 -2.532978040833925526 0.00066998874481092132206 
1.149999999999984146 0.27675617988987999407 -1.5235194866630497046 -2.5331738661744287455 0.00060139332976540257284 
1.1749999999999813927 0.26815381584644781832 -1.5425542599954145118 -2.5333312978909607871 0.00043265685944600293074 
1.1999999999999786393 0.26835485970550176926 -1.6133121501440608192 -2.5334683117576064504 0.00041603289583350052403 
1.224999999999975886 0.27057673958914624235 -1.5565541539145226757 -2.5335684499366912803 0.0002624648621527923679 
1.2499999999999731326 0.27429603882471170762 -1.4976587022336813604 -2.53365684991929907 0.00032679501775583489264 
1.2749999999999703792 0.2818058573681001544 -1.493236673956678473 -2.5337474845630931775 0.00023702311877813096405 
1.2999999999999676259 0.2792334001908856056 -1.448611193750912074 -2.5338185498810372742 0.00022775227379790181502 
1.3249999999999648725 0.27109324995841588279 -1.4952248308573807822 -2.5338811746655682811 0.00017918432198337996505 
1.3499999999999621192 0.26839123162221972807 -1.5725658228196262023 -2.5339244129594020727 0.00011261247856926819705 
1.3749999999999593658 0.27006974635096642201 -1.5496042249405723723 -2.5339690158925827212 0.00016987476679531456113 
1.3999999999999566125 0.27484313460423442921 -1.5209346316347134298 -2.5340133963090667457 0.00010845911622863945117 
1.4249999999999538591 0.27600949838965871397 -1.5224191853105573102 -2.5340423123492992197 9.6176238084208864432e-005 
1.4499999999999511058 0.2734409758734577256 -1.5103066170595456086 -2.5340687359319518102 7.0097409424812307356e-005 
1.4749999999999483524 0.27442217281675512774 -1.5138683401893973102 -2.5340942424097763208 8.4195326054547161188e-005 
1.4999999999999455991 0.27476005258519864416 -1.5249674683223197746 -2.5341135609192955158 5.8728471593064835278e-005 
1.5249999999999428457 0.27297813423519662335 -1.5174266307112886931 -2.5341324161979645879 5.2311795172651602288e-005 
1.5499999999999400924 0.27345659112654241429 -1.5145635515702935425 -2.5341473141040569139 4.7370580210551975887e-005 
1.574999999999937339 0.27354388623336312047 -1.5148787224205744195 -2.534159386359818189 2.9310011168342538874e-005 
1.5999999999999345857 0.27293829719849516113 -1.5253469218756872117 -2.5341690363047075785 4.0065126446278838922e-005 
1.6249999999999318323 0.27344727241140154295 -1.5344590587853184083 -2.5341810381529015217 2.9340351219137100422e-005 
1.649999999999929079 0.27382399051167394255 -1.5127910327091527165 -2.5341882925764589451 2.1342650483148173878e-005 
1.6749999999999263256 0.27477113565071814572 -1.5179050631176722597 -2.5341948208166114043 2.2297520258596325568e-005 
1.6999999999999235722 0.27477549162588965626 -1.5354836018912982887 -2.5342004498859718176 1.3719951570135633913e-005 
1.7249999999999208189 0.27296581864896207748 -1.5071031393844220858 -2.5342061600916796493 2.1002965151934755724e-005 
1.7499999999999180655 0.27290439022908380418 -1.5049760574997637086 -2.5342105224643907135 1.0189824270858999396e-005 
1.7749999999999153122 0.27373171977231536278 -1.5332353087448997719 -2.5342142068685968859 1.1764673586142983285e-005 
1.7999999999999125588 0.27354014841364876487 -1.5286224309023286327 -2.5342170021796195378 8.3792870733073192058e-006 
1.8249999999999098055 0.27383437846803210247 -1.5161904322827388647 -2.5342201247425966137 9.4376898062466652565e-006 
1.8499999999999070521 0.27403728250706316238 -1.515252649206936475 -2.5342224115713531951 7.5399684142057169881e-006 
1.8749999999999042988 0.27395832717897683484 -1.5215311806942835027 -2.5342244621427765239 4.571640776220093136e-006 
1.8999999999999015454 0.27411317910039911805 -1.5248384586848136024 -2.5342260603879465108 6.3074769133581303637e-006 
1.9249999999998987921 0.27353623492211326385 -1.5157123125976257327 -2.5342276647288168867 3.8124046063519405992e-006 
1.9499999999998960387 0.27331029356463854008 -1.5177767487852378281 -2.5342287956942164406 3.9662667745102945789e-006 
1.9749999999998932854 0.27385405376957716594 -1.5235778548263987364 -2.5342300829375745685 3.8701039141734029135e-006 
1.999999999999890532 0.27371546073851599212 -1.5179021968879049531 -2.5342309140578516136 1.7480827866231346785e-006 
2.0249999999998880007 0.27354669863445302269 -1.5220714056664672587 -2.534231612372081166 2.9744991155026385945e-006 
2.0499999999998852473 0.27373381210692582233 -1.5268090109515695119 -2.5342323947882072765 2.0047126544831310776e-006 
2.074999999999882494 0.2737769360584317857 -1.5170377827972083562 -2.5342330584369161528 1.9657540958363246657e-006 
2.0999999999998797406 0.2740257272369301389 -1.5135937224590683137 -2.5342334714551841834 1.1421481507390021593e-006 
2.1249999999998769873 0.27393869842205192944 -1.5200001345104885431 -2.5342338620793296577 1.25039441142469266e-006 
2.1499999999998742339 0.27353874493800639511 -1.5219543963800439279 -2.5342342665392401102 1.4560166592846658446e-006 
2.1749999999998714806 0.27368861819265699609 -1.5220760285076584406 -2.5342346600131260281 8.2119174905129504642e-007 
2.1999999999998687272 0.27376728387369447804 -1.5226611326046239903 -2.5342348592819519126 7.6033100179339104996e-007 
2.2249999999998659739 0.27360961245090048566 -1.5201891916462875187 -2.5342350814805447712 6.0937672938649881853e-007 
2.2499999999998632205 0.27372358474349450796 -1.5179234295388741582 -2.5342352958691809484 7.48300198071916989e-007 
2.2749999999998604672 0.27371085876737311082 -1.5178443367052816271 -2.5342354926412808958 5.0034710706776961516e-007 
2.2999999999998577138 0.2737087571116764706 -1.5205972210939213696 -2.5342356161367831646 3.8158642386379838846e-007 
2.3249999999998549605 0.27390877310826516888 -1.5227729870303341464 -2.5342357445751639844 3.9764815782984559198e-007 
2.3499999999998522071 0.27385017058844951521 -1.5197652036208579851 -2.534235848704798677 2.8775306630569622596e-007 
2.3749999999998494538 0.27371982790271537356 -1.5193628798559393189 -2.5342359429096528167 3.4761151413439936628e-007 
2.3999999999998467004 0.27367698329912398814 -1.521517041034303297 -2.5342360305485582828 1.9395407275042596831e-007 
2.4249999999998439471 0.27362521675424134049 -1.5192808116227953796 -2.5342360915969641688 2.0463702182481705121e-007 
2.4499999999998411937 0.2737664570763948535 -1.5191428986488477726 -2.5342361472659455934 1.6730285532814149294e-007 
2.4749999999998384403 0.27383110771749602508 -1.5209966797706468977 -2.534236196025387855 1.5993939874282579397e-007 
2.499999999999835687 0.27368149004890690579 -1.5199727765484509767 -2.5342362465743035749 1.4488094164766368879e-007 
2.5249999999998329336 0.27369201808971049816 -1.5201570485513342668 -2.5342362812108594206 7.9056527736542947969e-008 
2.5499999999998301803 0.27376249141225866834 -1.5209715443932476653 -2.5342363050177105777 1.0340407771760068022e-007 
2.5749999999998274269 0.27378196682602090606 -1.5205092771251016437 -2.534236337827233676 8.6867983570407787734e-008 
2.5999999999998246736 0.27383161833642155614 -1.5199329903022633648 -2.5342363608744906678 6.4163671888437852365e-008 
2.6249999999998219202 0.2737409902951127294 -1.5192440941785516628 -2.5342363795527762527 6.7077243154733457966e-008 
2.6499999999998191669 0.27363263603576004623 -1.5199610444628128825 -2.5342363976826125516 3.8728581483948811193e-008 
2.6749999999998164135 0.27369392973748668529 -1.5207769223877645182 -2.5342364085775015425 4.530966873552324363e-008 
2.6999999999998136602 0.27375620127961802774 -1.5200377810844492021 -2.5342364241266368552 4.3161299294754883745e-008 
2.7249999999998109068 0.27378681166248614032 -1.5201977027951545374 -2.5342364347568104854 3.3718298756542359745e-008 
2.7499999999998081535 0.27379606213975815621 -1.520734063364104216 -2.5342364432306512256 1.8426618973059807227e-008 
2.7749999999998054001 0.27373615548395874297 -1.5200572332111645935 -2.5342364505203178737 2.8292608160516093334e-008 
2.7999999999998026468 0.27371255818002665494 -1.5198724596012591626 -2.5342364574395337407 1.9153380220446787995e-008 
2.8249999999997998934 0.27372135815395065572 -1.5202890871973473441 -2.5342364635585945543 1.8643086967845416529e-008 
2.84999999999979714 0.27371723840060113719 -1.5201279904902902373 -2.5342364687324092642 1.5191821213808636066e-008 
2.8749999999997943867 0.27375362490415422467 -1.5201031276396310687 -2.534236472473815116 8.7697582855546049865e-009 
2.8999999999997916333 0.27376643667413103067 -1.5203038945559603778 -2.5342364756981781149 1.3857608498922610507e-008 
2.92499999999978888 0.27374042064044817879 -1.52010655998282318 -2.5342364795543366185 9.6576972093512443501e-009 
2.9499999999997861266 0.2737474231658951207 -1.5200009105641050233 -2.5342364820323792785 6.1063148679685239911e-009 
2.9749999999997833733 0.27374478049281464331 -1.5201471297299447016 -2.5342364839960609402 8.4626441885223265188e-009 
2.9999999999997806199 0.2737318039588412244 -1.5204452792213043466 -2.5342364862974262607 4.3666988608249597513e-009 
3.0249999999997778666 0.27374088705526894438 -1.5205736214103486859 -2.5342364876323091316 6.1677872034695712305e-009 
3.0499999999997751132 0.27373317897603099969 -1.5200515244548920002 -2.5342364893774433909 3.650397153221863988e-009 
3.0749999999997723599 0.27373061042714313951 -1.5198576621884560822 -2.5342364904460876751 4.2582744907489507957e-009 
3.0999999999997696065 0.27374972336464808986 -1.5201731047588791235 -2.5342364915428947647 2.5649259518740774607e-009 
3.1249999999997668532 0.2737515971900065237 -1.5200812281021027772 -2.5342364923851921077 2.6977911689809669292e-009 
3.1499999999997640998 0.27374714345916079106 -1.5201140010339697639 -2.5342364931635912306 2.7658975813952540393e-009 
3.1749999999997613465 0.2737430562180305782 -1.520364128493181699 -2.5342364939536223822 2.0013354922893691776e-009 
3.1999999999997585931 0.27373393001447404727 -1.5203089812802874636 -2.5342364944259938575 1.2136002270012089088e-009 
3.2249999999997558398 0.27373558567439926215 -1.5202405037802155796 -2.5342364948420295079 1.5733068558680189009e-009 
3.2499999999997530864 0.27373759370440592376 -1.5201627026683899313 -2.5342364953495768454 1.555841672212840147e-009 
3.274999999999750333 0.2737415085655655056 -1.5200977138395090904 -2.5342364957245271384 1.0257248430205630229e-009 
3.2999999999997475797 0.27375319667305730853 -1.5201505482184449747 -2.5342364960077059521 6.2461873569356427731e-010 
3.3249999999997448263 0.27374654479644305871 -1.520114195344597352 -2.5342364962176358034 9.7702572358248991607e-010 
3.349999999999742073 0.27373290273629619085 -1.5201443221917956272 -2.5342364964921695325 6.4648494673378155449e-010 
3.3749999999997393196 0.27373639720045178647 -1.5202441127649781727 -2.5342364966854593611 6.4673879779951108932e-010 
3.3999999999997365663 0.27374180568581824025 -1.5202290644750915405 -2.534236496851665521 4.0143543534437389427e-010 
3.4249999999997338129 0.27374325528435228261 -1.5202376848596106385 -2.5342364969711517197 4.5576236815780993904e-010 
3.4499999999997310596 0.27374355112415893476 -1.5202128596210275902 -2.5342364971059909706 3.6188864352024061759e-010 
3.4749999999997283062 0.27374121152744945729 -1.5201008061693039863 -2.5342364972106521392 3.0169202038716133996e-010 
3.4999999999997255529 0.27374290581743104811 -1.5201219703140231854 -2.5342364972969204651 3.0847431329161743001e-010 
3.5249999999997227995 0.27374331301653015425 -1.5202166286904470471 -2.5342364973824280661 2.0560506953039494729e-010 
3.5499999999997200462 0.27373897066099189823 -1.5202069834005262905 -2.5342364974326954119 1.5219396861416083126e-010 
3.5749999999997172928 0.27373863972902062747 -1.5201882357858056416 -2.5342364974959274981 2.3455965480722098627e-010 
3.5999999999997145395 0.27373978708398671866 -1.5201936628552794595 -2.5342364975491631363 1.1840509643333812635e-010 
3.6249999999997117861 0.27374161476644565116 -1.5201616316597341694 -2.5342364975845166342 1.2011358685313870486e-010 
3.6499999999997090327 0.2737454614604520331 -1.520155357820412334 -2.5342364976209412752 1.0006963419461429043e-010 
3.6749999999997062794 0.27374374731321649001 -1.5201832370716519272 -2.5342364976492826045 1.0224454256193060764e-010 
3.699999999999703526 0.27373986196546035154 -1.52020947413081009 -2.5342364976794948817 8.0129344008875798046e-011 
3.7249999999997007727 0.27373971799126406435 -1.5202106478190486882 -2.5342364977007263427 6.0257239581881788059e-011 
3.7499999999996980193 0.27373995386921573525 -1.5201667314328377589 -2.5342364977176212726 5.3302839587970936438e-011 
3.774999999999695266 0.2737414999396550197 -1.5201674324751812684 -2.5342364977338909249 5.2119868789844779806e-011 
3.7999999999996925126 0.27374291555794044717 -1.5201923854904078048 -2.5342364977496822931 4.9668952821275929819e-011 
3.8249999999996897593 0.27374137539542081621 -1.5201639492591936254 -2.5342364977627012124 2.8161098213921220501e-011 
3.8499999999996870059 0.27374122316486537709 -1.5201737307278846423 -2.5342364977702507289 3.1584213191623366305e-011 
3.8749999999996842526 0.27374203237667565913 -1.5202017927338147274 -2.534236497779868813 2.5298352780864690272e-011 
3.8999999999996814992 0.27374159034773659638 -1.520179879368677156 -2.5342364977878553134 2.6724880639503876824e-011 
3.9249999999996787459 0.27374157661955939025 -1.5201785505829432665 -2.5342364977945495141 1.769144966690087098e-011 
3.9499999999996759925 0.27374070939294903315 -1.5201938047083283223 -2.5342364978002627218 1.6897006379171887884e-011 
3.9749999999996732392 0.27374011909242151885 -1.5201887834011529321 -2.5342364978037519307 1.1177130910542156968e-011 
3.9999999999996704858 0.27374166123316201471 -1.5201788633902171277 -2.5342364978087488225 1.5657313126252380367e-011 
4.0249999999996788347 0.27374224235003474792 -1.5201704173778356477 -2.5342364978123237407 1.0712410550205980802e-011 
4.0499999999996871836 0.27374191560655647404 -1.5201790343875036804 -2.5342364978153009147 7.1350259338033377379e-012 
4.0749999999996955324 0.2737419320530447564 -1.5201875745006667717 -2.5342364978173774759 7.5456370643684706124e-012 
4.0999999999997038813 0.27374112407168110783 -1.5201803013721826296 -2.5342364978198981262 8.0952080038993482418e-012 
4.1249999999997122302 0.2737408384820347873 -1.5201840448081735957 -2.5342364978219436011 4.9151622758789916145e-012 
4.1499999999997205791 0.27374128408309045257 -1.5201875496205827787 -2.5342364978232789774 4.9017586745947173956e-012 
4.1749999999997289279 0.27374120561738418678 -1.5201787268757687155 -2.5342364978248417273 3.8410230316042979133e-012 
4.1999999999997372768 0.27374157574642055124 -1.520182416210444698 -2.5342364978259230845 4.0348332352659135392e-012 
4.2249999999997456257 0.27374179540182425052 -1.520188980181050642 -2.5342364978269391607 2.7023705422023136064e-012 
4.2499999999997539746 0.27374125395913362357 -1.5201807376850731135 -2.534236497827911716 2.8928036353198803059e-012 
4.2749999999997623235 0.27374133730732402858 -1.5201773699953615715 -2.5342364978285880639 2.1599928914282157206e-012 
4.2999999999997706723 0.27374158615969751418 -1.5201817562359432046 -2.5342364978292830635 1.7706207116735536612e-012 
4.3249999999997790212 0.27374151233653853943 -1.5201809836234838613 -2.5342364978296783029 1.5662211623507809688e-012 
4.3499999999997873701 0.27374158721698355068 -1.5201820221408937073 -2.5342364978303195677 1.7951170413065868655e-012 
4.374999999999795719 0.27374129764004623278 -1.5201850197914068552 -2.5342364978306939349 1.0662208441530703672e-012 
4.3999999999998040678 0.27374109964654352867 -1.5201856996205946881 -2.5342364978309932511 8.4550932607387997335e-013 
4.4249999999998124167 0.27374142415890012625 -1.52018463314422414 -2.5342364978312752477 9.1120189366136715051e-013 
4.4499999999998207656 0.27374145293386636935 -1.5201792640480467078 -2.5342364978315612412 9.8109488836648947022e-013 
4.4749999999998291145 0.27374144752686102589 -1.5201788045726036813 -2.5342364978318032698 5.5393127741011680355e-013 
4.4999999999998374633 0.27374159953648402599 -1.5201835098110541011 -2.5342364978319560365 4.9038260176701729033e-013 
4.5249999999998458122 0.27374142057066935818 -1.5201833034141098988 -2.5342364978321128 4.9007070151909159914e-013 
4.5499999999998541611 0.27374133168966030549 -1.520183515694282006 -2.5342364978322606817 4.7570260617579262212e-013 
4.57499999999986251 0.2737414469092495084 -1.520183050843590955 -2.5342364978323748126 3.0928711384197936176e-013 
4.5999999999998708589 0.27374146610394051171 -1.5201801492919693182 -2.5342364978324845026 3.2800365738686903283e-013 
4.6249999999998792077 0.27374149816460274787 -1.5201823490533177274 -2.5342364978325622182 2.3107670993394698255e-013 
4.6499999999998875566 0.27374136379748281733 -1.5201839863903785499 -2.5342364978326346048 2.1888769322953897926e-013 
4.6749999999998959055 0.27374121743364743242 -1.5201819898497186401 -2.5342364978326967773 2.0569981819746924397e-013 
4.6999999999999042544 0.27374141420713532513 -1.5201821550191096932 -2.5342364978327616143 1.7870095013840500616e-013 
4.7249999999999126032 0.27374154646954895753 -1.5201828370815664293 -2.5342364978328006941 1.0591057185029082113e-013 
4.7499999999999209521 0.27374147550024002795 -1.5201827913756560395 -2.5342364978328379976 1.3346089061978074779e-013 
4.774999999999929301 0.27374145403160704548 -1.5201826125646751287 -2.5342364978328761893 9.8529932309377663308e-014 
4.7999999999999376499 0.27374141248712108299 -1.5201818888897640214 -2.5342364978329054992 1.0083584910854048151e-013 
4.8249999999999459988 0.27374140064174706799 -1.5201819391393485148 -2.5342364978329339209 7.1750516973769212474e-014 
4.8499999999999543476 0.27374142720989680377 -1.5201820826141347887 -2.5342364978329481318 4.387664638874923047e-014 
4.8749999999999626965 0.27374136966286521933 -1.5201820772370533419 -2.5342364978329676717 7.358536897319338253e-014 
4.8999999999999710454 0.27374137606296883307 -1.5201832800835999304 -2.534236497832988988 5.302720748148271154e-014 
4.9249999999999793943 0.27374145165904717469 -1.5201836697101187568 -2.534236497832999202 2.7285079589908640926e-014 
4.9499999999999877431 0.2737414640832988022 -1.520182219452170358 -2.5342364978330103042 3.9198660073029556624e-014 
4.974999999999996092 0.27374146454136843998 -1.5201817125278327403 -2.5342364978330200742 2.6891248549609627793e-014 
