0.025000000000000015266 0.59581607957847715351 0.00048572556593604737651 -2.2458700508112423577 0.040224374171212218254 
0.05000000000000003747 0.57159149398367692374 0.01704461121988704031 -2.2547322213035503324 0.057405512581882707501 
0.075000000000000052736 0.43219601358225506749 -0.007049374208545400311 -2.2778649461856068648 0.092112024506861331363 
0.10000000000000007494 0.39581679129694785635 -0.053548532478037036419 -2.3168662596293718714 0.10702319853853378695 
0.12500000000000008327 0.23340543883900191635 -0.41067678690306230749 -2.3422888144507623132 0.055361820312571800862 
0.15000000000000010547 0.22592376245240999855 -1.9744659634547012672 -2.3578295679085985448 0.048423085644555434459 
0.17500000000000012768 0.30240897572173774943 -2.5087580788797128051 -2.3737488638953094799 0.050255330770553448272 
0.20000000000000014988 0.24222852241453701749 -1.4990986383141726712 -2.387943682253922173 0.028026319404370055727 
0.22500000000000017208 0.22630139953077041404 -1.8956640962614046408 -2.3963362566893349204 0.032205733768965114083 
0.25000000000000016653 0.26296554041446146277 -1.4109689633338673431 -2.409633674742873044 0.044727641729609621257 
0.27500000000000018874 0.28901934716563815186 -0.060178051797824094749 -2.4218842467893995085 0.031025274604222576741 
0.30000000000000021094 0.33272092913683215532 -0.082224152256313853826 -2.4311999871828633424 0.025578003765127550057 
0.32500000000000023315 0.34623122235555164883 0.034162997667191663531 -2.4419803894335134764 0.038261091383129296195 
0.35000000000000025535 0.36837955536898486786 -0.53257666421512717125 -2.4521976510064020793 0.02810815065407385252 
0.37500000000000027756 0.31629543352424954739 -1.6350839933719130137 -2.4615527100425720342 0.025652915184542237487 
0.40000000000000029976 0.24032000296557359809 -1.7273567915523513339 -2.4680271991464515224 0.014517261531525455648 
0.42500000000000032196 0.28381152961941558122 -1.8055233686635778767 -2.4729761734255695238 0.01459189178190353417 
0.45000000000000034417 0.32110217933902579501 -1.1324462170130571437 -2.4779162146495687935 0.018185753933083744632 
0.47500000000000036637 0.33209005542020325619 -0.50072038425431741882 -2.4827542275845027042 0.010869515702253532835 
0.50000000000000033307 0.36456055058502556676 -1.0079295035185111828 -2.4871855035967653791 0.014184477139711871435 
0.52500000000000035527 0.32985450779945918454 -1.1962809282033970426 -2.4919615473893457214 0.018300209579056234827 
0.55000000000000037748 0.26586285907614815027 -1.4647057788107669118 -2.4996505723419351064 0.027224497360180063138 
0.57500000000000039968 0.23182864785886209136 -1.9420260003815501548 -2.5067913780367705456 0.012594539702922591742 
0.60000000000000042188 0.22682825573554599163 -2.014111365431118017 -2.5093071079416611191 0.00750782876505536826 
0.62500000000000044409 0.24838809809328044054 -2.0046103281721210365 -2.5123927661204774608 0.010083338667043527034 
0.65000000000000046629 0.2712717181421694379 -1.853089078071789686 -2.5159694462727264508 0.010978575302050548601 
0.6750000000000004885 0.26848227616694814168 -1.399272773538718706 -2.5186074184236577622 0.005484529485809895924 
0.7000000000000005107 0.28112417021788277394 -1.3490122115354603594 -2.5210483951497852928 0.0090625736822540561843 
0.72500000000000053291 0.2910808366661361557 -1.3592274572469738025 -2.5231829195559698498 0.004815602893786042997 
0.75000000000000055511 0.26897247126870843514 -1.2743283040108717152 -2.5248355612301445206 0.0040172486288358880482 
0.77500000000000057732 0.263406943354415779 -1.5677846067241971717 -2.5260051979944297962 0.0045158685405435874602 
0.80000000000000059952 0.26823013255897715235 -1.7827592449710967237 -2.5273852075060529998 0.0029672381649578890087 
0.82500000000000062172 0.26917212101304227589 -1.592472063957268924 -2.5284091307990643749 0.0037685356955760771457 
0.85000000000000064393 0.27481014063330133634 -1.4274409727071124543 -2.5294047682383187237 0.0021784656768682780954 
0.87500000000000066613 0.27144913063665560005 -1.4096701240360496321 -2.5300879365091071271 0.0016809988143819136388 
0.90000000000000068834 0.26819663988161523971 -1.440866072714873436 -2.5305278226460523605 0.001720263899859772504 
0.92500000000000071054 0.27311777139304382889 -1.5444117392037268743 -2.5312264881821682216 0.0019310060204842010093 
0.95000000000000073275 0.27176636193042458256 -1.6172680841618045644 -2.5317209248460224025 0.0013447640938259598341 
0.97500000000000075495 0.27221877552462825367 -1.6474852498931666922 -2.5320735387180355325 0.00075225917077905454875 
1.0000000000000006661 0.27661172303970388286 -1.5760137389622044246 -2.5323739237682452163 0.0010934785396554190344 
1.0249999999999979128 0.27238044967623820103 -1.420454636326062392 -2.5326434765407364047 0.00063975349464650990792 
1.0499999999999951594 0.2720047395590003414 -1.4506153937604771009 -2.5329073769269223604 0.00082195207370848618039 
1.0749999999999924061 0.27671542669262527703 -1.5070329229354773037 -2.5331114678058628265 0.00057522638689226157985 
1.0999999999999896527 0.27648721787727148502 -1.4550235676965459497 -2.5332888184629678285 0.00037686645762771264073 
1.1249999999999868994 0.27466057130425425292 -1.5340354539706484438 -2.533406903853148151 0.00045344384927117827337 
1.149999999999984146 0.26980985685072983449 -1.5974392134203783122 -2.533547611861369564 0.00033950373084665246221 
1.1749999999999813927 0.26706182538853384667 -1.5448790529595117782 -2.5336473075571515068 0.00030783980737321523131 
1.1999999999999786393 0.27097736881097633788 -1.5416744744001928957 -2.533735580191946557 0.00021626728975118725794 
1.224999999999975886 0.27492394874332404253 -1.5451850302607654797 -2.5338136324590356807 0.0002519419163469579408 
1.2499999999999731326 0.27822605484574680634 -1.5157617061437036465 -2.5338781674405792543 0.00016682261918390977511 
1.2749999999999703792 0.27854060151821519176 -1.4747212739659580905 -2.5339332235331619714 0.00015010876189051303403 
1.2999999999999676259 0.27340218491646078869 -1.464613308528708302 -2.5339768653874572557 0.00011985309251260710514 
1.3249999999999648725 0.27095657535140377226 -1.5265810005162903096 -2.5340128869492271058 0.00011251547435096963918 
1.3499999999999621192 0.27227395738500986822 -1.5461557696867451739 -2.5340506308870160979 0.00010737984507744629712 
1.3749999999999593658 0.27276172574502577373 -1.5207507825787196509 -2.5340810047070974065 7.5825468256390300302e-005 
1.3999999999999566125 0.27374946030378183304 -1.5423581224391229583 -2.5341012717787085862 5.4150214343490474841e-005 
1.4249999999999538591 0.27428290756927370397 -1.5409339370901671273 -2.5341207138416455003 6.8894651187575468724e-005 
1.4499999999999511058 0.27365566551083264635 -1.5093455059156339892 -2.5341406213885737664 4.1402728416114699037e-005 
1.4749999999999483524 0.27384273777141837636 -1.5189993549089104707 -2.5341532221251918955 4.422995125351496991e-005 
1.4999999999999455991 0.27383186939499276624 -1.5242602616287457273 -2.5341668420100855741 3.8240707496511774487e-005 
1.5249999999999428457 0.27407241176664703941 -1.4975761784142702648 -2.534178955826448032 2.9767789664910410948e-005 
1.5499999999999400924 0.27449769746185753716 -1.4989760454150502511 -2.5341852211001221207 1.6269051818417662773e-005 
1.574999999999937339 0.27329928016128851587 -1.52873268834375442 -2.5341930453463579198 2.7150387733631266117e-005 
1.5999999999999345857 0.27278237491498719125 -1.5387679720233795599 -2.5342006183255043616 2.0894593106164689467e-005 
1.6249999999999318323 0.27361700669766364502 -1.5287506536600308227 -2.5342061289600090745 1.0695212053669452592e-005 
1.649999999999929079 0.27392889250232482778 -1.5217917786450043671 -2.5342100219837950803 1.5945069658446427727e-005 
1.6749999999999263256 0.27441167322595189093 -1.5225385587913371488 -2.5342145379380300874 9.7113748498619394833e-006 
1.6999999999999235722 0.27431608054548151099 -1.513068501393343146 -2.5342176679929528937 9.471425281536962327e-006 
1.7249999999999208189 0.27312299777010767832 -1.504373752795172603 -2.534220196518670587 7.8363539607009959049e-006 
1.7499999999999180655 0.27298379679643142159 -1.5232317083795630097 -2.5342231534574675145 7.5320373063960239685e-006 
1.7749999999999153122 0.27357128386532886255 -1.5316656521480631614 -2.534224928071171945 5.7109904276801354167e-006 
1.7999999999999125588 0.27387299204884885118 -1.5167988220985537673 -2.5342268033961432572 4.2353776380608369964e-006 
1.8249999999999098055 0.27417141191863531047 -1.5201397122691910901 -2.5342281960939976315 4.8225163599519461712e-006 
1.8499999999999070521 0.27399537638322057909 -1.5254047276391979882 -2.5342293695790041319 2.5955881168557686746e-006 
1.8749999999999042988 0.27382119284316086549 -1.5165210700729312432 -2.5342305229416557388 3.9303998829597974759e-006 
1.8999999999999015454 0.27389804561235053804 -1.5158535199315168462 -2.5342314083549517534 2.0672215336916752001e-006 
1.9249999999998987921 0.27350365348010002853 -1.5202608426178252365 -2.5342322432791219988 2.3511141592795958746e-006 
1.9499999999998960387 0.27343040300473669957 -1.5219485682170705854 -2.5342328642617659717 2.0576852190384668027e-006 
1.9749999999998932854 0.27375558206041700204 -1.5214886298352006122 -2.5342333900256872603 7.6409232730782556929e-007 
1.999999999999890532 0.27359739677072753006 -1.5209522017780430225 -2.5342337561335770424 1.7852730947455186935e-006 
2.0249999999998880007 0.27362867349049291299 -1.5226020594755849125 -2.5342342941922915145 1.3227459938723809698e-006 
2.0499999999998852473 0.27396586564334673985 -1.5188862398182569891 -2.5342346769483135027 8.8768067851471660658e-007 
2.074999999999882494 0.27392866561554474192 -1.5155744348482045325 -2.5342348571802415513 5.1732628517154869392e-007 
2.0999999999998797406 0.27381203593571373789 -1.5205445575539653369 -2.5342351057206591314 7.6555564907310717567e-007 
2.1249999999998769873 0.27375589576007169912 -1.5220784394089041935 -2.5342353152327783405 7.0246456054874301836e-007 
2.1499999999998742339 0.27370674089182595035 -1.5195640983753386788 -2.5342355375708498499 4.9460923214925347859e-007 
2.1749999999998714806 0.27372822270099023134 -1.5213936124917974979 -2.5342356766889277964 3.9162831442802723391e-007 
2.1999999999998687272 0.27359380064442129221 -1.5218299239164720937 -2.5342357723010398018 2.7292949119109280606e-007 
2.2249999999998659739 0.27357965053387689469 -1.5186997478715646981 -2.5342358861091742739 3.6233570157814246729e-007 
2.2499999999998632205 0.27382715014204700443 -1.5188841536204980009 -2.5342359902997277921 2.8036728466137635796e-007 
2.2749999999998604672 0.27383726780706357795 -1.5207312185325316811 -2.5342360685403004794 1.8889025154707063179e-007 
2.2999999999998577138 0.27374945718041665543 -1.5203164035319685077 -2.5342361260159096403 1.9001648685194191514e-007 
2.3249999999998549605 0.27380747579759145971 -1.5201075409307271968 -2.5342361823399892629 1.394612935981255242e-007 
2.3499999999998522071 0.27374958621193523634 -1.5206343158952284611 -2.5342362327232845765 1.6336700140366309337e-007 
2.3749999999998494538 0.27367832636785566214 -1.5204518626144301052 -2.5342362745086739473 1.0273313322492576454e-007 
2.3999999999998467004 0.27372890363121776813 -1.5195228024140166045 -2.5342363059785419921 7.8581868719793900673e-008 
2.4249999999998439471 0.27375302062118306301 -1.5193929030101096522 -2.5342363309949993422 8.9872076663636493722e-008 
2.4499999999998411937 0.27375293476398826487 -1.5210646432560008812 -2.5342363615628662465 8.3173219651312432304e-008 
2.4749999999998384403 0.27372117692070069284 -1.5209844426343761548 -2.5342363830943739345 5.2078410437290708217e-008 
2.499999999999835687 0.27369581692529137973 -1.5193319074531532742 -2.5342363972449803988 3.7601744801303490587e-008 
2.5249999999998329336 0.27376312934141655564 -1.5200532347066513239 -2.5342364121379108433 5.150581450681684195e-008 
2.5499999999998301803 0.27379010500915934578 -1.5206491214367332532 -2.5342364264877805802 3.647909122484088353e-008 
2.5749999999998274269 0.27375165913284682517 -1.5198257687890670553 -2.5342364369165335525 2.6636360905118168776e-008 
2.5999999999998246736 0.2737398904853741155 -1.520122886463715961 -2.5342364462683204529 3.2573901280234685714e-008 
2.6249999999998219202 0.27370849597490781724 -1.520540826424180203 -2.5342364550377154409 1.659193931467501732e-008 
2.6499999999998191669 0.27369946734212063921 -1.5201934192102162235 -2.5342364597182509556 1.6844022063858914589e-008 
2.6749999999998164135 0.27375450430444187022 -1.51991591875570764 -2.5342364654898856813 1.8022402156505364401e-008 
2.6999999999998136602 0.27377904350967419145 -1.5200017464057760108 -2.5342364718108800759 1.6512401161018674961e-008 
2.7249999999998109068 0.27376933896115551725 -1.5203338352379796028 -2.5342364750113715033 7.6813841356383647623e-009 
2.7499999999998081535 0.27375012018413941162 -1.5202265053173449338 -2.5342364786005582289 1.1052575112587604418e-008 
2.7749999999998054001 0.27371324815404107778 -1.5201045318240682391 -2.5342364812566522403 7.5230447030361399229e-009 
2.7999999999998026468 0.27370646700556150455 -1.5204816929012050508 -2.5342364838155826412 6.4166200398452422501e-009 
2.8249999999997998934 0.27373015557963564781 -1.5203874821889775681 -2.5342364859614647798 7.9315087391521888983e-009 
2.84999999999979714 0.27375033700905837541 -1.5199471466421745625 -2.5342364879650265408 3.4495469987010090278e-009 
2.8749999999997943867 0.27376558794559646692 -1.5200024190175973615 -2.5342364892982991442 4.9056489057735072342e-009 
2.8999999999997916333 0.27375728327226450665 -1.5200930800079830441 -2.5342364905689520604 3.3092301897589599578e-009 
2.92499999999978888 0.27373739289582404988 -1.5199909014301620225 -2.5342364916822615051 2.8897729776339487871e-009 
2.9499999999997861266 0.27373616375345832807 -1.5202163907710426471 -2.5342364925362796946 3.0152442805507985402e-009 
2.9749999999997833733 0.27373824997679035986 -1.5205141097116563476 -2.5342364935130441417 2.1217058452628917568e-009 
2.9999999999997806199 0.27373790051717644678 -1.5204207100349658166 -2.5342364940539896523 1.8451557679971935343e-009 
3.0249999999997778666 0.2737380504846742002 -1.5201697592170893003 -2.5342364946141535675 1.4701277904951367156e-009 
3.0499999999997751132 0.27373465092117021946 -1.5200166156862093825 -2.5342364951801443773 1.6130791204493118791e-009 
3.0749999999997723599 0.27374198795699644648 -1.5200270594618250364 -2.5342364954986980052 8.3083848635999987425e-010 
3.0999999999997696065 0.27375148401816129518 -1.5200911600304989335 -2.534236495856741378 1.0588405457634782794e-009 
3.1249999999997668532 0.2737462941223279822 -1.5201298942632197608 -2.5342364961895631481 1.0884108753940978341e-009 
3.1499999999997640998 0.2737410586895029363 -1.5202819248250079021 -2.5342364964687846829 5.0553922983719428726e-010 
3.1749999999997613465 0.27373923242128855859 -1.5203350641133777099 -2.5342364966240924495 5.7043217697527487155e-010 
3.1999999999997585931 0.27373604331739503914 -1.5202084631123415903 -2.5342364967931492181 4.5643965796889844754e-010 
3.2249999999997558398 0.27373875350411613905 -1.5201880192150958315 -2.5342364969791910667 5.73586796509692168e-010 
3.2499999999997530864 0.27374371990270518484 -1.5201623976984812714 -2.5342364971123010342 3.5577262151760907983e-010 
3.274999999999750333 0.27374556730085947143 -1.5200977152801846692 -2.5342364972227411357 2.3370578324803668729e-010 
3.2999999999997475797 0.27374387778286329853 -1.5201489139575401488 -2.5342364972963293823 2.778818390696306773e-010 
3.3249999999997448263 0.27373912200521177684 -1.5201881146398061873 -2.5342364973835085351 2.3091517932166560019e-010 
3.349999999999742073 0.27373878783359628653 -1.5201922729117134381 -2.5342364974575666281 2.1160254931452337193e-010 
3.3749999999997393196 0.2737409382496266419 -1.5202108179156619272 -2.5342364975110625025 1.3800133485396706934e-010 
3.3999999999997365663 0.27374001804218417444 -1.5202051645474563557 -2.5342364975608933086 1.4393986788796505267e-010 
3.4249999999997338129 0.27374204502002197348 -1.5201948283551205421 -2.5342364976004247978 1.1805948498805756433e-010 
3.4499999999997310596 0.27374465288203891911 -1.5201670501240887035 -2.5342364976362583562 8.9589848892058107424e-011 
3.4749999999997283062 0.27374245226819871046 -1.5201550006724191544 -2.534236497667036847 9.6428314212180712237e-011 
3.4999999999997255529 0.27374086931612551243 -1.5201893881595309743 -2.5342364976897004958 5.3292795733765867236e-011 
3.5249999999997227995 0.27374058189764627347 -1.5201920251943472628 -2.5342364977116433877 7.1580517647296250183e-011 
3.5499999999997200462 0.27373994583557753613 -1.5201775286619767513 -2.5342364977321558683 6.0305858839525995351e-011 
3.5749999999997172928 0.27374094822224326329 -1.5201913381280753867 -2.5342364977488984756 2.9384400482969924937e-011 
3.5999999999997145395 0.27374183575933436208 -1.5201811253510455479 -2.5342364977564955097 3.5255997414639008833e-011 
3.6249999999997117861 0.27374207673360090309 -1.5201600584024719254 -2.5342364977701352657 3.6558161749308129253e-011 
3.6499999999997090327 0.27374220145176408892 -1.5201824569075164106 -2.5342364977808555793 3.0564141048512348041e-011 
3.6749999999997062794 0.27374113752317491555 -1.5202009485157237378 -2.5342364977882856358 1.6671132958941552979e-011 
3.699999999999703526 0.27374098788291761908 -1.5201862485717803075 -2.5342364977951192806 2.3190643505760065154e-011 
3.7249999999997007727 0.27374164447791476951 -1.5201806974603482292 -2.5342364978003364406 1.1174789826322896248e-011 
3.7499999999996980193 0.27374112582333470778 -1.5201838689995930132 -2.5342364978049709556 1.5195880188499397534e-011 
3.774999999999695266 0.27374130906518084894 -1.520181292856475963 -2.5342364978096996175 1.5257922555887964027e-011 
3.7999999999996925126 0.27374175628921643133 -1.5201779537272437359 -2.5342364978138918197 8.0744425271794245375e-012 
3.8249999999996897593 0.27374118090192844921 -1.5201777720902072133 -2.5342364978160749622 7.3795824644473468942e-012 
3.8499999999996870059 0.27374151469623103639 -1.5201854735248969686 -2.5342364978185263347 7.0434805795153755229e-012 
3.8749999999996842526 0.27374201068456088803 -1.5201817254500382681 -2.53423649782092264 7.2296417128123172859e-012 
3.8999999999996814992 0.27374140617031439415 -1.5201743757405750124 -2.5342364978227651662 4.8247480696423892543e-012 
3.9249999999996787459 0.27374104553166039855 -1.5201878243576056882 -2.5342364978245290885 4.48288548887450429e-012 
3.9499999999996759925 0.27374097729849522498 -1.5201920970042177572 -2.5342364978255238483 3.2901140939057492068e-012 
3.9749999999996732392 0.2737411226595998226 -1.5201832289137442444 -2.5342364978267286624 3.1931418176583545419e-012 
3.9999999999996704858 0.27374166305485814199 -1.5201839545941275844 -2.5342364978277935883 3.3338244744632888112e-012 
4.0249999999996788347 0.27374178003742510867 -1.5201800607905786578 -2.5342364978285374377 1.3590393804783564869e-012 
4.0499999999996871836 0.27374175820745177967 -1.520174449439160913 -2.5342364978291604949 2.5233875297281789212e-012 
4.0749999999996955324 0.27374169647078361312 -1.5201794619932909036 -2.5342364978298337341 1.5255358580238365305e-012 
4.0999999999997038813 0.27374114347993760976 -1.5201840446776373472 -2.5342364978303275613 1.2871691859560889878e-012 
4.1249999999997122302 0.27374103043855119166 -1.5201840313050523079 -2.5342364978306872736 1.3273665133007054145e-012 
4.1499999999997205791 0.27374140655780965226 -1.5201833994931042149 -2.5342364978311087143 8.7080346699741023742e-013 
4.1749999999997289279 0.27374141395707279889 -1.5201852349181723678 -2.5342364978313582924 8.3085634753193414737e-013 
4.1999999999997372768 0.27374139093930011102 -1.5201865927412487878 -2.534236497831610091 7.6981013394391147676e-013 
4.2249999999997456257 0.2737414465590422008 -1.5201819075739106957 -2.5342364978318854263 7.4409406546008362934e-013 
4.2499999999997539746 0.27374141402538548773 -1.5201785010870108028 -2.5342364978320515156 3.9773271602893582527e-013 
4.2749999999997623235 0.27374156042855701809 -1.5201806164983617808 -2.5342364978321905156 3.7398092676374143862e-013 
4.2999999999997706723 0.27374162328786183496 -1.5201808853824527734 -2.5342364978323086433 4.4150392321928812864e-013 
4.3249999999997790212 0.27374146251691339193 -1.5201811167824714754 -2.5342364978324480873 3.3947200553166620152e-013 
4.3499999999997873701 0.27374134311094527883 -1.5201852456058604357 -2.5342364978325568892 3.0662270808314119589e-013 
4.374999999999795719 0.27374123852822224157 -1.5201856231737531644 -2.5342364978326199498 1.5004883398947464895e-013 
4.3999999999998040678 0.2737412867077259615 -1.5201817461529376629 -2.534236497832685675 2.0484966355696889024e-013 
4.4249999999998124167 0.27374148277043519606 -1.5201813700968076493 -2.534236497832745183 1.8946909956202329948e-013 
4.4499999999998207656 0.27374149232907379892 -1.5201824301019160046 -2.5342364978328020264 1.2977130115238422134e-013 
4.4749999999998291145 0.27374144063266925286 -1.5201819997931400597 -2.5342364978328433267 1.4039187116232651432e-013 
4.4999999999998374633 0.27374146297095808267 -1.520182331155101263 -2.5342364978328806302 7.8740259016250898955e-014 
4.5249999999998458122 0.27374142522341671224 -1.5201828838595616844 -2.5342364978329086078 8.5534596669763730002e-014 
4.5499999999998541611 0.27374141532072387983 -1.5201826085177589931 -2.5342364978329308123 7.4450405454831939118e-014 
4.57499999999986251 0.27374144498750646592 -1.5201816449341127857 -2.5342364978329579017 7.0969403242405697259e-014 
4.5999999999998708589 0.27374142483701652262 -1.5201817656984060179 -2.5342364978329756653 4.8151065236214293749e-014 
4.6249999999998792077 0.27374140886517189797 -1.5201833015632653101 -2.5342364978329907643 3.8568542951386759511e-014 
4.6499999999998875566 0.27374138505055495285 -1.5201828954144240846 -2.5342364978330054193 4.9025880310326082502e-014 
4.6749999999998959055 0.27374137862877889749 -1.5201819787938057882 -2.5342364978330169656 2.2218270541252649123e-014 
4.6999999999999042544 0.27374143619059138066 -1.5201829287166708227 -2.534236497833024071 2.8268205382872050393e-014 
4.7249999999999126032 0.27374145748863581984 -1.520182872907970939 -2.5342364978330342851 2.8119857713829887907e-014 
4.7499999999999209521 0.27374144047412857228 -1.5201818989481070687 -2.5342364978330427228 1.7142402489376337407e-014 
4.774999999999929301 0.27374144073742778804 -1.5201820647587407365 -2.5342364978330467196 1.7101966664297790246e-014 
4.7999999999999376499 0.27374142050007505 -1.5201824029437180918 -2.5342364978330533809 1.339280990906385325e-014 
4.8249999999999459988 0.27374140083633446974 -1.5201823085633017207 -2.5342364978330573777 1.1690477793314158689e-014 
4.8499999999999543476 0.27374140696808341167 -1.5201823339789044542 -2.5342364978330595982 9.5921472974252053076e-015 
4.8749999999999626965 0.27374141816046554387 -1.5201826818837766986 -2.534236497833064039 1.2071762528421613072e-014 
4.8999999999999710454 0.27374143865389766184 -1.5201828434615420882 -2.5342364978330671477 4.738044394020342012e-015 
4.9249999999999793943 0.27374143968186476217 -1.5201824462223869627 -2.5342364978330693681 6.3386193022821578046e-015 
4.9499999999999877431 0.27374141698071141615 -1.520182254848778225 -2.5342364978330702563 5.2050313279588411943e-015 
4.974999999999996092 0.27374141446041083681 -1.5201824831438406349 -2.5342364978330715886 4.8072639037420800624e-015 
