0.025000000000000015266 0.59575350482078592851 0.0004852988786215838013 -2.2459447595111696749 0.040180284377130170981 
0.05000000000000003747 0.5715702565623183018 0.017028212926625138635 -2.2548526360635237076 0.057280374868037740865 
0.075000000000000052736 0.43238389872097204858 -0.0069615555890837343966 -2.2780858373238892511 0.091869550824191792415 
0.10000000000000007494 0.396145342054629368 -0.053499905319079998911 -2.317257313961049725 0.1067822153607972252 
0.12500000000000008327 0.23395207098800030465 -0.41075658504286616246 -2.3427919105646259901 0.055176083690097292578 
0.15000000000000010547 0.22625980929067843195 -1.9697912103205843515 -2.358358420572068237 0.048102119195574236099 
0.17500000000000012768 0.30247113985684498383 -2.5014137874538966422 -2.3742917290373868333 0.049980522165879379126 
0.20000000000000014988 0.24275123527061676088 -1.4957279473688087634 -2.3885008180945481726 0.02786624683927723875 
0.22500000000000017208 0.2270424042772726525 -1.8875751566649408009 -2.3968921948122345889 0.031922501290403908214 
0.25000000000000016653 0.26330086929327578549 -1.4025777916407271562 -2.4101531312658770467 0.044233488593255300414 
0.27500000000000018874 0.28853356706963734224 -0.06511896721627652429 -2.4222694421695885048 0.030107271936323412587 
0.30000000000000021094 0.33072716600265728015 -0.098418819670014978662 -2.4312714823878764925 0.024356483703721839434 
0.32500000000000023315 0.34335431869202787114 0.0017446007512830208341 -2.4418317665734798894 0.03838555522300249323 
0.35000000000000025535 0.36870663377317203224 -0.56677740068698778675 -2.4524097683369503464 0.027828394422788407803 
0.37500000000000027756 0.320401201934949309 -1.6236642948559367738 -2.4615218805475382879 0.02555875496159846702 
0.40000000000000029976 0.24325983865727388022 -1.6885586834454906491 -2.468228110459401492 0.015389809236135174736 
0.42500000000000032196 0.28341700242598172332 -1.797561884864145032 -2.4733511448526526166 0.014116303123910017847 
0.45000000000000034417 0.31902994312739529903 -1.1557007212109566829 -2.4780969463893129934 0.017950936136368039059 
0.47500000000000036637 0.3306892069877026552 -0.5180920294450936936 -2.482974821358912898 0.010725730392875389499 
0.50000000000000033307 0.36447928913020205544 -0.99839871091551501969 -2.4873259230042266132 0.013935028996950961366 
0.52500000000000035527 0.3314024211900721828 -1.1856989727091178377 -2.4920859867619813421 0.018143271224675360659 
0.55000000000000037748 0.2673480534164533462 -1.4637396344431370387 -2.4997705406276953255 0.027208367259160072538 
0.57500000000000039968 0.23171847679434873224 -1.9421372542940074091 -2.507042655924550445 0.012788642578236544822 
0.60000000000000042188 0.22587196423222674624 -2.0132782208287500758 -2.5095172646294092722 0.007165237131535469664 
0.62500000000000044409 0.2481802069478079853 -1.9915663975443020917 -2.5125704842703515673 0.009967721625152886622 
0.65000000000000046629 0.27193999345987385219 -1.8387806958567707305 -2.5161288574605187307 0.010995732871659918972 
0.6750000000000004885 0.26955134135922814709 -1.3968282918817864768 -2.5188081141308709121 0.0053960728065273102366 
0.7000000000000005107 0.28055332123555515311 -1.3470390267906537929 -2.5211937732095761611 0.008978765469474096414 
0.72500000000000053291 0.29072490774892417731 -1.3783779599898347001 -2.5233527487891027619 0.0047465456125079658056 
0.75000000000000055511 0.26886497375982987279 -1.2919976569585571724 -2.5249854053359870321 0.0039483092082224615152 
0.77500000000000057732 0.26291816701630837949 -1.5604909370987880557 -2.5261126172797587763 0.0043679190511859838919 
0.80000000000000059952 0.2685969184499544804 -1.7710640106125061788 -2.5275060993585336533 0.0030279250726054892165 
0.82500000000000062172 0.26975927072492500436 -1.5834920515801709229 -2.5285210236111592685 0.0036696637816271168546 
0.85000000000000064393 0.27515854983965754021 -1.4255205031208206812 -2.529502376775236705 0.002107010479450912438 
0.87500000000000066613 0.27176645331048193688 -1.4164988862508254286 -2.5301692511104270089 0.001683027836111814033 
0.90000000000000068834 0.26782478561986039489 -1.4445177382684764034 -2.5306108838610472667 0.0016503179999666503855 
0.92500000000000071054 0.27257969633737355597 -1.544905471905345884 -2.5312926156217665508 0.0019088105570138698582 
0.95000000000000073275 0.27178429118295699407 -1.6171118155288899398 -2.5317818432321828048 0.0013033097677660721806 
0.97500000000000075495 0.27238708166279468337 -1.6454651211238493502 -2.5321278343752280371 0.00072821547897566776906 
1.0000000000000006661 0.27696226046012911715 -1.5765382325860497481 -2.5324205086866471426 0.0010817505214074532669 
1.0249999999999979128 0.27253853517702231191 -1.4226908283375121478 -2.5326917765728174103 0.00061786463346092160807 
1.0499999999999951594 0.27161725765295002821 -1.4472100241918546271 -2.5329428753829277277 0.00078659203488949051408 
1.0749999999999924061 0.27663161000315283911 -1.506040203166065794 -2.5331424089477505568 0.00055813506174139213174 
1.0999999999999896527 0.27673865848757245312 -1.4597445104676185501 -2.5333183691051703867 0.00037941600381956227519 
1.1249999999999868994 0.27470233495291823678 -1.5361507573709631824 -2.5334333974533596034 0.00043159933676768135391 
1.149999999999984146 0.26983991421330877358 -1.5977252142214657393 -2.5335712767587814653 0.00033372496289545659776 
1.1749999999999813927 0.26715543673865360663 -1.5427402981065476695 -2.5336669706330314789 0.00028758763843843499538 
1.1999999999999786393 0.27104866954638029419 -1.5376542695896679991 -2.5337518859353531653 0.00021237572961191892164 
1.224999999999975886 0.27488836707859243269 -1.5440598273781800387 -2.5338286283989543968 0.00024635826121402248706 
1.2499999999999731326 0.27796374371887555554 -1.5164234079855645199 -2.5338924643247344726 0.00016062973433625865388 
1.2749999999999703792 0.27840772902065097361 -1.4779240756170999305 -2.5339447101790826267 0.00014088800227631036264 
1.2999999999999676259 0.27354598769681992554 -1.468234375137610126 -2.5339867980584922513 0.00011670601855522313051 
1.3249999999999648725 0.2710409310901010782 -1.5247987012490042957 -2.5340216670151738398 0.00010744520599972995465 
1.3499999999999621192 0.27234254677690011848 -1.5434215047810186938 -2.5340583582973206234 0.00010374991933162171958 
1.3749999999999593658 0.27285158206044968221 -1.5207387770567062368 -2.5340877550211460267 7.2960958591764471103e-005 
1.3999999999999566125 0.2737097872587301306 -1.5426632686792842719 -2.5341071809646793511 5.0769107389490496717e-005 
1.4249999999999538591 0.27424976745568513392 -1.5413283173217788846 -2.5341257814015145655 6.6398075509256762388e-005 
1.4499999999999511058 0.27365897055454241338 -1.5088459010230579338 -2.5341450891928212208 3.9373465502578680673e-005 
1.4749999999999483524 0.27379096991850054854 -1.5180711967950619723 -2.5341570541336286837 4.1960980919079332433e-005 
1.4999999999999455991 0.27380138352205979357 -1.5251678591848869537 -2.5341700811904805946 3.6431596465334125355e-005 
1.5249999999999428457 0.27404558401963624581 -1.4989799496312770088 -2.5341818383587133567 2.8751884784479921059e-005 
1.5499999999999400924 0.27449484586954747689 -1.499208405606571759 -2.5341878258797567725 1.5244050851868992268e-005 
1.574999999999937339 0.27338449976536671748 -1.5282372382066875538 -2.5341952526680491253 2.564366200824943939e-005 
1.5999999999999345857 0.27283789359920351814 -1.5379574545390757301 -2.5342024504149947006 1.978093613134526639e-005 
1.6249999999999318323 0.27360435938236032927 -1.5282614160258838343 -2.5342077360739110325 1.0094152645268124802e-005 
1.649999999999929079 0.27389047902814334101 -1.5218419738678932163 -2.5342114274907210358 1.5335553966820452478e-005 
1.6749999999999263256 0.27435416441690169131 -1.5225936231226890882 -2.5342158210059579915 9.144131270956687687e-006 
1.6999999999999235722 0.27433122347796606855 -1.5134975992748656015 -2.5342187247454046606 8.7663004728492473558e-006 
1.7249999999999208189 0.27318734237098046824 -1.504919561429814312 -2.5342210970906631218 7.3305155030069960332e-006 
1.7499999999999180655 0.27297652815310335939 -1.5229153271500033284 -2.5342239325653586057 7.3189758006255118355e-006 
1.7749999999999153122 0.27354433697013258442 -1.5314367965529926963 -2.5342256248931684937 5.2144394643489788512e-006 
1.7999999999999125588 0.27387118045990904713 -1.5170013143226341867 -2.5342273937066197576 4.0632265389123822111e-006 
1.8249999999999098055 0.27416315076865621636 -1.5198971553757592012 -2.5342287099847542464 4.5200694120953027868e-006 
1.8499999999999070521 0.27399958693647208374 -1.5253341663517452353 -2.5342298230891757704 2.3691984232844158856e-006 
1.8749999999999042988 0.27382587217394172008 -1.5166848642086288024 -2.5342308862180615847 3.691511733589355611e-006 
1.8999999999999015454 0.27389705884882409315 -1.5157561191676989232 -2.5342317412165220603 1.9752921316950590393e-006 
1.9249999999998987921 0.27351657480048152671 -1.5203121053163282106 -2.5342325307619009145 2.198405093774405951e-006 
1.9499999999998960387 0.27342770115610642856 -1.5220391559978825313 -2.5342331042467911573 1.8827327573645635301e-006 
1.9749999999998932854 0.27374884303228780302 -1.5215312907138520693 -2.5342336051823837195 7.3739154823605629459e-007 
1.999999999999890532 0.2736113892416736082 -1.5209458637633761491 -2.5342339398552446994 1.6447731936189042824e-006 
2.0249999999998880007 0.2736274713442511386 -1.5223400256258412533 -2.5342344494652175868 1.2380046711400252911e-006 
2.0499999999998852473 0.27395302779711572239 -1.5188520040428454827 -2.5342348068709767972 8.3227800215327748444e-007 
2.074999999999882494 0.27392692561099502013 -1.5157955369468025797 -2.534234976002772477 4.6739130684039229276e-007 
2.0999999999998797406 0.27380850824166202973 -1.5206148028141517337 -2.534235207990711114 7.2630272853223101638e-007 
2.1249999999998769873 0.27375476773080786863 -1.5221402102080552332 -2.5342354037396410682 6.3317793680915102638e-007 
2.1499999999998742339 0.2737106241944414764 -1.5195101916919964147 -2.5342356084061257171 4.5917585402173487354e-007 
2.1749999999998714806 0.27373229183089631267 -1.5211629026685227206 -2.5342357384774572004 3.6920351355703282996e-007 
2.1999999999998687272 0.2736031234753717456 -1.5217949930528549274 -2.5342358298052660714 2.513040056097639341e-007 
2.2249999999998659739 0.27357934078217860385 -1.518834393540077432 -2.5342359343148488371 3.3118576105859029305e-007 
2.2499999999998632205 0.27381787131721463391 -1.5189464224939164261 -2.5342360304564914841 2.5838945681412112301e-007 
2.2749999999998604672 0.27384039184724856542 -1.5207487205112089068 -2.5342361030111457687 1.7244210590013173568e-007 
2.2999999999998577138 0.27375240856185784066 -1.5203066052781304407 -2.5342361556040393644 1.7465416663268815314e-007 
2.3249999999998549605 0.27380003277450321031 -1.5200515123022053654 -2.5342362087740619714 1.3104267414451914633e-007 
2.3499999999998522071 0.27374628882842905186 -1.5206125726889729854 -2.5342362552567663236 1.483314825780818362e-007 
2.3749999999998494538 0.27368000906691747343 -1.5204811538530251802 -2.5342362933476820785 9.3090671082454098583e-008 
2.3999999999998467004 0.27373142845697950865 -1.5195616516441523558 -2.5342363223203427935 7.1534932658687418915e-008 
2.4249999999998439471 0.27375571524597985817 -1.519377513965464388 -2.5342363451830411947 8.2602060132934654406e-008 
2.4499999999998411937 0.27375316436521202057 -1.5209832781363434862 -2.5342363736006117136 7.6680166981484924553e-008 
2.4749999999998384403 0.27372257699158886179 -1.5210031428662151853 -2.5342363935100391537 4.7197505416900611498e-008 
2.499999999999835687 0.2736970357031116019 -1.5194254016731933987 -2.5342364061947137976 3.3423407385166932813e-008 
2.5249999999998329336 0.27376050773962778973 -1.5200384249360037181 -2.5342364198741162973 4.7417935104837827672e-008 
2.5499999999998301803 0.27378819751149147121 -1.5206098653511015417 -2.5342364330094873104 3.2988909998959972144e-008 
2.5749999999998274269 0.27374998196687644336 -1.5198223898138507604 -2.5342364426175731928 2.4095946196251679588e-008 
2.5999999999998246736 0.27373852246737440108 -1.5201048239837198217 -2.5342364510492561003 2.9660360088934242008e-008 
2.6249999999998219202 0.27371205575257134823 -1.5205516085476551424 -2.5342364591650023975 1.5083447414416441679e-008 
2.6499999999998191669 0.27370269184860818168 -1.5202144345130741421 -2.5342364633636957905 1.5097246332059578543e-008 
2.6749999999998164135 0.27375305150333972826 -1.5199191892714574159 -2.534236468626828831 1.6215410127030535243e-008 
2.6999999999998136602 0.27377713649694207509 -1.5200021020313894127 -2.5342364743397958193 1.4988291118310337782e-008 
2.7249999999998109068 0.27376831831753933866 -1.5203236318516473169 -2.5342364772581080778 6.7960506968355723147e-009 
2.7499999999998081535 0.27375011902851864587 -1.5202320308242902591 -2.5342364805224386615 1.0172033552060955208e-008 
2.7749999999998054001 0.27371461338295016708 -1.5201071293873220647 -2.5342364829708818874 6.7221935782452047281e-009 
2.7999999999998026468 0.27370755209222352722 -1.5204569430687731035 -2.5342364852468932668 5.6138828565334014204e-009 
2.8249999999997998934 0.27373064383235995445 -1.5203853655260306521 -2.5342364871413405325 7.0863039969954341943e-009 
2.84999999999979714 0.27374958579953839743 -1.5199611355630975318 -2.5342364890017461398 3.2659097651781610898e-009 
2.8749999999997943867 0.27376393630020445791 -1.5200010332558220316 -2.5342364902063625465 4.3411095980579924982e-009 
2.8999999999997916333 0.27375732178472123035 -1.520103443654433395 -2.5342364913409984872 2.9136940157891314353e-009 
2.92499999999978888 0.27373811683939386352 -1.5200118448261950022 -2.5342364923434494983 2.6203745753219117387e-009 
2.9499999999997861266 0.2737357848297457541 -1.5202124789741753297 -2.5342364931008969364 2.6123701645322988025e-009 
2.9749999999997833733 0.27373812265676389366 -1.5204890272642481719 -2.5342364939790611444 1.9728511593429299735e-009 
2.9999999999997806199 0.27373839925760651282 -1.5204031060533171882 -2.5342364944764090851 1.6241031341922432554e-009 
3.0249999999997778666 0.27373874945037995898 -1.5201713867877897357 -2.534236494974565268 1.2913273845468243038e-009 
3.0499999999997751132 0.27373517411390491105 -1.5200287063853794578 -2.534236495474364137 1.443704084688701524e-009 
3.0749999999997723599 0.2737413893191303349 -1.5200360997103126159 -2.5342364957641967393 7.2541310925970372905e-010 
3.0999999999997696065 0.27375059570325249725 -1.5200997198536272403 -2.5342364960799268481 9.4201164242061026877e-010 
3.1249999999997668532 0.2737461056744849297 -1.5201358268027862497 -2.5342364963783610143 9.6720384567218929465e-010 
3.1499999999997640998 0.27374104137620469679 -1.5202716430138392134 -2.5342364966290324979 4.4832464360070531491e-010 
3.1749999999997613465 0.27373955579677916594 -1.5203238470835571672 -2.5342364967648927099 4.9927285613648089063e-010 
3.1999999999997585931 0.2737366464566167723 -1.5202082402721570631 -2.534236496916937309 4.0618012480751757988e-010 
3.2249999999997558398 0.27373886681522063835 -1.5201860950321468557 -2.5342364970805757451 5.0085059296996606158e-010 
3.2499999999997530864 0.27374344164440944649 -1.5201636266599285463 -2.5342364971971003129 3.0952543502604967304e-010 
3.274999999999750333 0.27374516032433732216 -1.520104424086375694 -2.5342364972974431581 2.1744573463501607647e-010 
3.2999999999997475797 0.27374369472952247984 -1.5201519254886168842 -2.5342364973627002911 2.3729217077921335338e-010 
3.3249999999997448263 0.27373944328148080984 -1.520189227334768356 -2.5342364974386373255 2.0228728178192954943e-010 
3.349999999999742073 0.27373902656473220185 -1.5201908522690528169 -2.5342364975038114139 1.8459028507850280921e-010 
3.3749999999997393196 0.27374097213791709349 -1.5202076535897881548 -2.5342364975510998093 1.2146959484864078593e-010 
3.3999999999997365663 0.27374008870222021894 -1.5202030857768760175 -2.534236497595263593 1.2715418624961185166e-010 
3.4249999999997338129 0.27374182983537731495 -1.5201925483247515913 -2.5342364976300970625 1.0260319774485925261e-010 
3.4499999999997310596 0.27374437865639511536 -1.5201689100920812159 -2.5342364976615945338 7.7579367908714986364e-011 
3.4749999999997283062 0.27374249209486312129 -1.5201590669066173955 -2.5342364976884077521 8.4412024311993050656e-011 
3.4999999999997255529 0.27374094222251493802 -1.5201893079385893071 -2.5342364977082203481 4.5229579716920885622e-011 
3.5249999999997227995 0.27374064847824575164 -1.5201910688180912956 -2.5342364977274081106 6.3233352504534078229e-011 
3.5499999999997200462 0.27374006354506269512 -1.520176747633731118 -2.5342364977455273944 5.2445252083064639889e-011 
3.5749999999997172928 0.27374099736887808065 -1.5201895569141381515 -2.5342364977602911402 2.5792194613342542038e-011 
3.5999999999997145395 0.27374186720443932641 -1.520181886811758698 -2.5342364977666589354 2.9421939460657931615e-011 
3.6249999999997117861 0.27374201074421999902 -1.5201624450176367542 -2.5342364977785423186 3.2095978224733840207e-011 
3.6499999999997090327 0.27374203869579771808 -1.5201823216010312834 -2.5342364977879503485 2.6652089811482266213e-011 
3.6749999999997062794 0.27374109776134714078 -1.5201995701323223198 -2.534236497794434495 1.4224072286220307267e-011 
3.699999999999703526 0.27374101897354335966 -1.5201859916257614014 -2.5342364978003604215 2.0133352526418435297e-011 
3.7249999999997007727 0.27374169313846336005 -1.5201808211217220368 -2.5342364978049047863 9.4786889283390850467e-012 
3.7499999999996980193 0.27374122012666818327 -1.5201838010178683191 -2.5342364978088740557 1.3067119682931176114e-011 
3.774999999999695266 0.27374130953701392155 -1.5201811542048577763 -2.5342364978129663378 1.3120600643821624855e-011 
3.7999999999996925126 0.27374171698022781163 -1.5201782040348470471 -2.5342364978166278533 6.9938543906953775419e-012 
3.8249999999996897593 0.27374120189048239959 -1.5201782106317947019 -2.5342364978184885871 6.2608866391209844775e-012 
3.8499999999996870059 0.27374147476349464103 -1.5201852284377728175 -2.534236497820618883 6.1244486481747353526e-012 
3.8749999999996842526 0.27374194546151470187 -1.5201820883200194423 -2.5342364978227012173 6.1756551771712747938e-012 
3.8999999999996814992 0.27374141813917429733 -1.5201751145638047191 -2.5342364978242564177 3.9564071359139151682e-012 
3.9249999999996787459 0.27374108877726521794 -1.5201869879892520032 -2.5342364978257587715 3.969846287010814726e-012 
3.9499999999996759925 0.27374102851674469994 -1.5201912292774357738 -2.5342364978266496145 2.7975628521825306631e-012 
3.9749999999996732392 0.27374114125998594282 -1.5201832136566721942 -2.5342364978276794574 2.723873100280101164e-012 
3.9999999999996704858 0.27374162768038079463 -1.5201838765768247441 -2.5342364978285845112 2.8046484684269979809e-012 
4.0249999999996788347 0.2737417510628345485 -1.520180573431881399 -2.5342364978292191147 1.1515152266272561106e-012 
4.0499999999996871836 0.27374173016055236562 -1.5201751302105646069 -2.5342364978297449163 2.1361733539439697863e-012 
4.0749999999996955324 0.27374168015050376335 -1.5201794317418118041 -2.5342364978303302259 1.3273438741300003629e-012 
4.0999999999997038813 0.27374117969997496802 -1.5201838405548289135 -2.5342364978307543311 1.088480338075948953e-012 
4.1249999999997122302 0.27374105829280170887 -1.5201839746246330609 -2.5342364978310545354 1.090702939538058188e-012 
4.1499999999997205791 0.27374140238788868817 -1.5201833929416241897 -2.5342364978314138035 7.568082900240494541e-013 
4.1749999999997289279 0.27374141767797410818 -1.5201849151081463507 -2.5342364978316265223 6.9655094163365884218e-013 
4.1999999999997372768 0.27374139065675218152 -1.5201861397447200552 -2.5342364978318410174 6.4574297974146615023e-013 
4.2249999999997456257 0.27374144258885801939 -1.5201820866043980196 -2.5342364978320741642 6.3665238252598342775e-013 
4.2499999999997539746 0.27374141240785382356 -1.520178930384964211 -2.5342364978322162727 3.2398385614099775318e-013 
4.2749999999997623235 0.27374154313762200097 -1.5201807360596593099 -2.5342364978323326241 3.2234185672666578548e-013 
4.2999999999997706723 0.27374160889529541851 -1.5201810356744274166 -2.5342364978324334324 3.6633023467053566794e-013 
4.3249999999997790212 0.27374146616215011552 -1.5201811855281153196 -2.5342364978325506719 2.8103901087313618654e-013 
4.3499999999997873701 0.27374135552915546121 -1.5201849170454913018 -2.5342364978326412661 2.6103147360384437716e-013 
4.374999999999795719 0.27374125657071868289 -1.5201853748860130189 -2.5342364978326967773 1.2732778988646845647e-013 
4.3999999999998040678 0.2737412920748301115 -1.5201818259170809533 -2.5342364978327514002 1.7052307822157341141e-013 
4.4249999999998124167 0.27374147317301222859 -1.5201814274063023547 -2.534236497832799806 1.5390455822062473586e-013 
4.4499999999998207656 0.27374148881710230752 -1.5201824605251701428 -2.5342364978328486558 1.1047101256877468517e-013 
4.4749999999998291145 0.27374143769145475868 -1.520182094542957163 -2.5342364978328828506 1.1732964200022400339e-013 
4.4999999999998374633 0.27374145745060041168 -1.5201823483247927093 -2.5342364978329139369 6.595547889723489148e-014 
4.5249999999998458122 0.27374142748801616465 -1.5201828200905045385 -2.5342364978329374736 7.1063637960208761342e-014 
4.5499999999998541611 0.27374141712232968882 -1.5201825703083833297 -2.5342364978329556813 6.0274735593182434632e-014 
4.57499999999986251 0.27374144227999358536 -1.5201817166825222216 -2.5342364978329787739 5.9916039099038859964e-014 
4.5999999999998708589 0.27374142407672114041 -1.5201818060676153266 -2.534236497832994317 3.9214887147748246856e-014 
4.6249999999998792077 0.27374141125415335507 -1.5201832029052091411 -2.5342364978330063074 3.2550971002083381154e-014 
4.6499999999998875566 0.27374139129893304556 -1.5201828953410603251 -2.5342364978330182979 4.0704354005633550481e-014 
4.6749999999998959055 0.27374138204407999497 -1.5201820370099323743 -2.5342364978330271796 1.7708348214140314599e-014 
4.6999999999999042544 0.27374143212045320972 -1.5201828610676026976 -2.5342364978330347292 2.3389666248480234594e-014 
4.7249999999999126032 0.27374145375989961115 -1.5201828495294624766 -2.5342364978330422787 2.3081326104507969907e-014 
4.7499999999999209521 0.27374143859013450042 -1.5201819513564340802 -2.53423649783304894 1.4495622124483258114e-014 
4.774999999999929301 0.27374143920940929853 -1.520182069659513413 -2.5342364978330533809 1.3781778371372804912e-014 
4.7999999999999376499 0.27374142228927628162 -1.5201824027535411066 -2.5342364978330569336 1.1095982547785248194e-014 
4.8249999999999459988 0.27374140308214595096 -1.5201823382972148302 -2.5342364978330609304 9.504633306524248266e-015 
4.8499999999999543476 0.27374140750952480339 -1.5201823562920502297 -2.5342364978330644831 7.7431211826487835739e-015 
4.8749999999999626965 0.27374141831959264426 -1.5201826509169003021 -2.5342364978330662595 1.0052918351628037301e-014 
4.8999999999999710454 0.27374143772900993987 -1.5201827913962764338 -2.534236497833068924 3.8486182591824065386e-015 
4.9249999999999793943 0.27374143934802891431 -1.5201824488848521 -2.5342364978330698122 5.0901384197407043825e-015 
4.9499999999999877431 0.27374141752170899622 -1.5201822718737525442 -2.5342364978330720326 4.330246399958369803e-015 
4.974999999999996092 0.27374141382564787239 -1.520182474446323484 -2.5342364978330733649 3.8617380646735187383e-015 
