0.025000000000000015266 0.59559722559899175298 0.0004842339631846714898 -2.2461310536228746848 0.040070331786935239893 
0.05000000000000003747 0.57151729888469582352 0.016987295272516286793 -2.255152412108682114 0.056968752294941464587 
0.075000000000000052736 0.43285205353629646607 -0.0067434258292724535977 -2.27863399611245665 0.091266423917629790896 
0.10000000000000007494 0.39696300786416471862 -0.053375698855896880346 -2.3182263717188287266 0.10618389321325315267 
0.12500000000000008327 0.23531309701174979443 -0.4109316931026495423 -2.3440387235533819421 0.054716851628993611045 
0.15000000000000010547 0.22709823938741804938 -1.9581373032333297957 -2.359667528410278603 0.047311731324023206802 
0.17500000000000012768 0.30263292843623923467 -2.4831720926656153381 -2.3756339399836314819 0.049305161452885180873 
0.20000000000000014988 0.24406086688196143575 -1.4873603258687067008 -2.3898790738447699411 0.027483529890827779196 
0.22500000000000017208 0.22891501717677190109 -1.8675998668865290142 -2.3982717067113048515 0.031247944325693968043 
0.25000000000000016653 0.26423596515145603147 -1.382375308435352057 -2.4114477957167812505 0.043049638933007949859 
0.27500000000000018874 0.28751974661186652238 -0.078445856235300537307 -2.4232443546793498435 0.027957576180283761486 
0.30000000000000021094 0.32613209908473855814 -0.13826810842311421101 -2.4315021272712242784 0.021440030270304461651 
0.32500000000000023315 0.33577478192551163394 -0.076387611947854816563 -2.441328345932926247 0.037143613517536568092 
0.35000000000000025535 0.36665399322579400598 -0.65254575280219517808 -2.4527378582680525732 0.028906734617790107167 
0.37500000000000027756 0.33093982466022542344 -1.600765942793252794 -2.4612730384734908817 0.02434297272556034189 
0.40000000000000029976 0.25241556051771990576 -1.5759743360343481111 -2.4684174314646960546 0.017422647765615719567 
0.42500000000000032196 0.28356639200111405374 -1.7586838682745613571 -2.4742091674425403802 0.014195685291610920728 
0.45000000000000034417 0.31372643129778055027 -1.2174491812128582779 -2.478448945174313689 0.016347795582193375141 
0.47500000000000036637 0.32600409748611741678 -0.57266190075475131849 -2.4833339996836154562 0.010679426868860846661 
0.50000000000000033307 0.36413904632391497218 -0.97712741131371283476 -2.4874355719540859333 0.012711316439328346553 
0.52500000000000035527 0.33772652090881483122 -1.1388907346357601824 -2.4918338954888241688 0.016174293276319834378 
0.55000000000000037748 0.27914933472498770772 -1.4416314294846621635 -2.4988763558499091921 0.026136502230633455734 
0.57500000000000039968 0.23729359008308623102 -1.8799572495468783728 -2.5069540632448750195 0.016224929696161530246 
0.60000000000000042188 0.22049780925961384725 -1.9246935044422042171 -2.5098106550824894612 0.0058693589411145247192 
0.62500000000000044409 0.24611032464447038515 -1.9373987786922353127 -2.5126801864356091976 0.010000835194027448208 
0.65000000000000046629 0.27278897116500461228 -1.8120843067919061298 -2.5161805306054989551 0.011117050786516488939 
0.6750000000000004885 0.27221438009422821436 -1.4192371942807933127 -2.5191517673395042998 0.005218361096420534237 
0.7000000000000005107 0.27909422024079899582 -1.3505206468851609358 -2.5212491815250759331 0.0089193458255831178927 
0.72500000000000053291 0.28809137116752908669 -1.4152745275225457888 -2.5236329342315193536 0.0046729266625471169855 
0.75000000000000055511 0.27005285991139182933 -1.3441692107737599482 -2.525228695093606035 0.0041154924091319723331 
0.77500000000000057732 0.26308673684034433737 -1.5300796491730215276 -2.5262431488249044165 0.0036567664168113047513 
0.80000000000000059952 0.26797864822722361478 -1.7219247418123284632 -2.527725596211666037 0.0035661953146002975043 
0.82500000000000062172 0.27090881892821566668 -1.5878676071750827958 -2.5286726615778714056 0.0031766978764918522155 
0.85000000000000064393 0.27668160782211820292 -1.4364601075135836616 -2.5296673965237719273 0.0021385739512440418188 
0.87500000000000066613 0.27241742743205626942 -1.4106311156976625298 -2.5303205565968105439 0.001801498445984007872 
0.90000000000000068834 0.26797967904116404281 -1.4503789086640632711 -2.5307722309729427934 0.0013315397563409422065 
0.92500000000000071054 0.27125977951799179477 -1.5506257544148049909 -2.5313894714355367199 0.0019528266265129148524 
0.95000000000000073275 0.27074477844043554065 -1.607544282731038443 -2.5318908246934732631 0.0011942930059139311542 
0.97500000000000075495 0.27267682649997326827 -1.6415929471324148814 -2.5322347736611923175 0.00073547538141769286824 
1.0000000000000006661 0.27813880194918921829 -1.5845746304726380238 -2.5324987378316787812 0.0010177915484591989418 
1.0249999999999979128 0.27362542642194237485 -1.4305130109358694668 -2.5327871827646082359 0.00060625924627338942819 
1.0499999999999951594 0.27059042504270996998 -1.4396813999978101961 -2.5330095147695170787 0.0007081875827856998944 
1.0749999999999924061 0.27514065743269744413 -1.5034487756113699142 -2.5331999844901669228 0.00050741655412422622187 
1.0999999999999896527 0.27710371353588514332 -1.47557130154751448 -2.5333738515024899485 0.00041785893313213889671 
1.1249999999999868994 0.27583065851933702417 -1.5365872034921590483 -2.5334843827564657026 0.00035737073919093386093 
1.149999999999984146 0.27051583057035194502 -1.5870420347797133953 -2.5336166058142763902 0.0003469171809565856795 
1.1749999999999813927 0.26750855042919691185 -1.5408265100928757452 -2.5337073229358053617 0.00024295342396417481893 
1.1999999999999786393 0.27091040202078825461 -1.5319137193444565259 -2.5337839445311529651 0.0001973555809633703985 
1.224999999999975886 0.2740515960941912188 -1.5375171966736869145 -2.5338559992108087293 0.00023500882888572607161 
1.2499999999999731326 0.27716226644709718308 -1.5218534653246207355 -2.5339209104209285961 0.00015396442100486571304 
1.2749999999999703792 0.27849685600349854964 -1.4892042983524851341 -2.5339680178975703129 0.00012352175320245770509 
1.2999999999999676259 0.27419824140834420101 -1.4744627437184973928 -2.5340067522647329312 0.00010845636148573431035 
1.3249999999999648725 0.27119624234692862874 -1.5206925180085251181 -2.5340394846578155885 9.5657435677273510029e-005 
1.3499999999999621192 0.2721571699590656368 -1.537986271124164972 -2.5340729277136970765 9.6369539453074196046e-005 
1.3749999999999593658 0.27307134107252828414 -1.5189220975698001226 -2.5341011710334950813 6.9317416921377603524e-005 
1.3999999999999566125 0.27396112312440884518 -1.5407646915087409578 -2.5341197022971875263 4.4773457334812977594e-005 
1.4249999999999538591 0.2741730635109909664 -1.5415440996475147095 -2.5341356410524111809 5.7882516828425080772e-005 
1.4499999999999511058 0.27356343484811362909 -1.5087928563268571125 -2.5341541836167875701 3.9182629037562881423e-005 
1.4749999999999483524 0.27368168894479760755 -1.5159579092692143654 -2.53416483629230882 3.4499360512206807641e-005 
1.4999999999999455991 0.27361963752634216318 -1.5280834026638132617 -2.534176521439454266 3.3077002564250348039e-005 
1.5249999999999428457 0.27390063759172089686 -1.5056622371518959547 -2.5341875231898320919 2.8437419695135228616e-005 
1.5499999999999400924 0.27454214752876804351 -1.4994781281946631957 -2.5341933597530217348 1.1615712794594913645e-005 
1.574999999999937339 0.27368270025418073299 -1.5238163083640690054 -2.5341996492660348039 2.3460656800773530499e-005 
1.5999999999999345857 0.27303666717022756494 -1.5363066393659525755 -2.534206139582024786 1.6707602321662324895e-005 
1.6249999999999318323 0.27350312217006778059 -1.5272837643592769297 -2.5342110693354591433 9.7513646680693454044e-006 
1.649999999999929079 0.27372259135497511995 -1.5203378634460844587 -2.5342141598411318526 1.3108959300699165069e-005 
1.6749999999999263256 0.27425085349687472469 -1.5238500033687456536 -2.5342185057293882267 8.8208680010652147353e-006 
1.6999999999999235722 0.27438133918749735285 -1.51618339650435896 -2.5342208643051740147 7.237377794053405498e-006 
1.7249999999999208189 0.2733703784647031898 -1.505515091189008281 -2.5342229617849940659 5.7644701143692422463e-006 
1.7499999999999180655 0.27300287302776737874 -1.5214606359202218488 -2.5342254792858347479 7.5329087953294663252e-006 
1.7749999999999153122 0.27342795254357821211 -1.5315906502220673069 -2.5342270625977887377 3.6218696050135734538e-006 
1.7999999999999125588 0.27382576562383414975 -1.5181179814251637428 -2.5342285730477387418 4.1391048988686048436e-006 
1.8249999999999098055 0.27416199482588832215 -1.5182111273817922026 -2.5342297586318869307 3.7238752327701490169e-006 
1.8499999999999070521 0.27401008948922739306 -1.5242735205472812687 -2.5342307796429706102 1.9694949604898572407e-006 
1.8749999999999042988 0.27383835996647676314 -1.5181455662014049501 -2.5342315985065693162 3.1792856618410399435e-006 
1.8999999999999015454 0.27389361632731912266 -1.5159273817664944417 -2.5342324325227405524 1.7407823814887257905e-006 
1.9249999999998987921 0.27354504503857268727 -1.5198671964153747105 -2.5342331025905502351 1.9470601651962983856e-006 
1.9499999999998960387 0.27344235665838761973 -1.5225572052463021144 -2.5342335848673398502 1.466554579310795394e-006 
1.9749999999998932854 0.27374241743643146219 -1.5216121353901157498 -2.5342340622602113065 8.3686974545876768557e-007 
1.999999999999890532 0.27364965460957868526 -1.5203855099329961487 -2.5342343155726738679 1.1929702322186559064e-006 
2.0249999999998880007 0.27362000859350543713 -1.5220550171887570201 -2.5342347530972384462 1.089539500401057435e-006 
2.0499999999998852473 0.27388386944634302012 -1.519233500664255887 -2.5342350666463189235 7.8741792600990508417e-007 
2.074999999999882494 0.273918928812120821 -1.5160437194835987285 -2.5342352251925643891 3.2211982209417488799e-007 
2.0999999999998797406 0.27382983081898465416 -1.5204474297139141115 -2.5342354150886525765 6.7484822635586988947e-007 
2.1249999999998769873 0.27374208892409868099 -1.5223902122279504567 -2.5342355846024782196 4.5762470707692315732e-007 
2.1499999999998742339 0.27370660378858174822 -1.5196069189071828021 -2.5342357482286548276 4.0315835141726284795e-007 
2.1749999999998714806 0.2737604551726856017 -1.5205498769960468231 -2.5342358627161036821 3.2839697917818603534e-007 
2.1999999999998687272 0.27364235709257056506 -1.5216310589885360116 -2.5342359493733797038 2.0523221548259186677e-007 
2.2249999999998659739 0.27357906609701981848 -1.5192795021071194839 -2.5342360308624671816 2.6776590384024433141e-007 
2.2499999999998632205 0.27377774274366778462 -1.5189645863759575484 -2.5342361105804127597 2.0789910993048893237e-007 
2.2749999999998604672 0.27383237022435957808 -1.5206419108467186252 -2.5342361731011573411 1.4964116167674871066e-007 
2.2999999999998577138 0.27376529974672664247 -1.520564352803939201 -2.5342362157397086975 1.3734593516000419975e-007 
2.3249999999998549605 0.27378869269053157653 -1.5199901790724790196 -2.5342362617334082131 1.1418990027013760043e-007 
2.3499999999998522071 0.27374403929427904014 -1.5203179721054356222 -2.5342362999878562668 1.1881349594832924901e-007 
2.3749999999998494538 0.27368993669179825234 -1.5206000469415701382 -2.5342363315401916779 7.3465334785045895286e-008 
2.3999999999998467004 0.27372727799030099893 -1.5197695509172945982 -2.5342363554447624452 6.1867948414867756187e-008 
2.4249999999998439471 0.27375617420049008777 -1.5192437496324484592 -2.5342363739106779086 6.1383445282082340642e-008 
2.4499999999998411937 0.27376348624904645046 -1.5207273876041689231 -2.5342363971382910748 6.5350608520691965979e-008 
2.4749999999998384403 0.27372851531814823556 -1.5210989895466666688 -2.5342364141862177007 3.9517279566408769928e-008 
2.499999999999835687 0.27369499592532930965 -1.5197074205406011504 -2.5342364246398454419 2.4664369528725579242e-008 
2.5249999999998329336 0.27374960506130019411 -1.5199808599127910824 -2.5342364351514263809 3.8214108455398140569e-008 
2.5499999999998301803 0.27378124001670067766 -1.5205023900752636656 -2.5342364460394146697 2.592698360057686837e-008 
2.5749999999998274269 0.27375261255211447153 -1.5198748991232728933 -2.5342364539661628164 2.0358785265961779094e-008 
2.5999999999998246736 0.27374184158284947666 -1.5200097149592415313 -2.5342364604896996383 2.1881001696768504524e-008 
2.6249999999998219202 0.27371882726501794991 -1.5204899476171995776 -2.5342364674160853255 1.4143564959672688024e-008 
2.6499999999998191669 0.27370691456755885662 -1.5203332324436877876 -2.5342364706477713554 1.0404778563628099284e-008 
2.6749999999998164135 0.27374518117111346083 -1.5199717567309201094 -2.5342364748446040146 1.2843308184586731942e-008 
2.6999999999998136602 0.27377030562686888171 -1.5199603731291986275 -2.534236479310848722 1.2349660394151721251e-008 
2.7249999999998109068 0.27376926384528188496 -1.5203175075476216271 -2.5342364817869960092 4.3707415502798089616e-009 
2.7499999999998081535 0.2737527879550859522 -1.5202704371838129394 -2.5342364841957145671 8.9648811458889956092e-009 
2.7749999999998054001 0.27371913099026323746 -1.5200793277654769398 -2.5342364864171562644 4.9267692020407390368e-009 
2.7999999999998026468 0.2737110584791707657 -1.5203711651453772902 -2.5342364880973815566 4.2615923438184663461e-009 
2.8249999999997998934 0.27372964154305129414 -1.520388239547938003 -2.5342364894433409006 5.1187199727636525625e-009 
2.84999999999979714 0.27374626848198324591 -1.5200138857454303931 -2.5342364910494428187 3.0368303619237169762e-009 
2.8749999999997943867 0.27376034959304207383 -1.5200033622190303184 -2.5342364919529600797 3.196212721398899094e-009 
2.8999999999997916333 0.27375692035598919727 -1.5201312540800762108 -2.5342364928780001243 2.1856994801176628956e-009 
2.92499999999978888 0.27374031156308731294 -1.5200753082295554997 -2.5342364936491419414 2.1788737422362840859e-009 
2.9499999999997861266 0.27373539839199934054 -1.5201850938028123039 -2.5342364942033523967 1.6114298491684421968e-009 
2.9749999999997833733 0.27373706504972566966 -1.5203997321980013968 -2.5342364948777431621 1.8292182651836961779e-009 
2.9999999999997806199 0.27374036957427599903 -1.520377380828341618 -2.5342364953041482956 1.1574654050945333423e-009 
3.0249999999997778666 0.27374168871722365237 -1.5201905501841841417 -2.5342364956804677156 9.277693400716555018e-010 
3.0499999999997751132 0.2737359835640408301 -1.5200465885886620399 -2.5342364960380483474 1.145425352182751803e-009 
3.0749999999997723599 0.27373890354957530757 -1.5200635041426804328 -2.5342364962905783443 5.0363639581953074135e-010 
3.0999999999997696065 0.27374768111760044986 -1.5201290133368077218 -2.5342364965117178954 7.2433543782000670683e-010 
3.1249999999997668532 0.27374589998334253327 -1.5201432008363728876 -2.5342364967386412644 6.9783278260347574126e-010 
3.1499999999997640998 0.27374185133124900871 -1.5202420436083783351 -2.5342364969396395935 3.7512696220137098612e-010 
3.1749999999997613465 0.27374045362786231239 -1.5202956049898699309 -2.5342364970382624811 3.5784828139063019601e-010 
3.1999999999997585931 0.27373817365466374119 -1.520208408125749866 -2.5342364971574573573 2.9668678592050512995e-010 
3.2249999999997558398 0.27373910252487893002 -1.5201815757551822017 -2.5342364972744735319 3.7137954259672987283e-010 
3.2499999999997530864 0.27374207789940824265 -1.5201661189493553827 -2.5342364973603626055 2.0318305906184222445e-010 
3.274999999999750333 0.27374422015734134472 -1.5201258507523438546 -2.534236497439401159 2.0625791888859737124e-010 
3.2999999999997475797 0.27374384454544614664 -1.5201600327638815635 -2.5342364974913893505 1.5176308640811226292e-010 
3.3249999999997448263 0.27374005380566562851 -1.5201881841712503451 -2.5342364975445708097 1.4348505712572793435e-010 
3.349999999999742073 0.27373929470379126938 -1.5201889988026211498 -2.5342364975910234293 1.3920307104397619481e-010 
3.3749999999997393196 0.27374117904466710449 -1.5201981869037592965 -2.5342364976285378653 8.6404525242467292742e-011 
3.3999999999997365663 0.27374051035045182667 -1.5201951105523305863 -2.5342364976603040105 9.6346055046106788316e-011 
3.4249999999997338129 0.27374137230768558204 -1.5201915643569150483 -2.5342364976866642579 7.1591854475034955138e-011 
3.4499999999997310596 0.27374344707755760009 -1.5201744074737812973 -2.5342364977096276668 5.6466717476077369725e-011 
3.4749999999997283062 0.27374247389977551803 -1.5201649519795901178 -2.5342364977286950811 6.1158853028606557341e-011 
3.4999999999997255529 0.27374129462113561129 -1.5201897122272161056 -2.5342364977440570151 3.1137480448367694544e-011 
3.5249999999997227995 0.27374082876123650987 -1.5201907998379071696 -2.5342364977570221996 4.5678281562756885231e-011 
3.5499999999997200462 0.27374032494435684981 -1.5201746744533033429 -2.5342364977704070483 3.6172877616613790001e-011 
3.5749999999997172928 0.27374109878635022319 -1.5201850593374377496 -2.5342364977817135596 2.2793289595194467048e-011 
3.5999999999997145395 0.27374181949833170657 -1.5201840620661692949 -2.5342364977862081865 1.6529738924183476193e-011 
3.6249999999997117861 0.27374193536406826732 -1.5201679061484538735 -2.53423649779431992 2.3920473760056781411e-011 
3.6499999999997090327 0.27374183974616245196 -1.5201801730683861535 -2.534236497801104715 1.8672134033165883616e-011 
3.6749999999997062794 0.2737409751887763254 -1.5201961444105567267 -2.5342364978059808145 1.0055338104361480183e-011 
3.699999999999703526 0.27374097490636284391 -1.5201880250423571717 -2.5342364978100797579 1.4836493846775776922e-011 
3.7249999999997007727 0.27374172001185043124 -1.5201809151291305611 -2.5342364978136120435 6.0612136474429123647e-012 
3.7499999999996980193 0.27374144588160775893 -1.5201817810928484054 -2.5342364978161091571 8.9927507704057694777e-012 
3.774999999999695266 0.27374141084088532416 -1.5201818248238492259 -2.5342364978190068392 8.8907561505220638281e-012 
3.7999999999996925126 0.27374165586282894758 -1.520179114500802342 -2.5342364978217268856 5.534270868468000378e-012 
3.8249999999996897593 0.27374122771854592084 -1.5201781287453464131 -2.5342364978229809935 3.8289532817103092825e-012 
3.8499999999996870059 0.27374135918959296987 -1.5201853217730780798 -2.5342364978245091045 4.4714927302268807023e-012 
3.8749999999996842526 0.27374175092684838173 -1.5201836892027322801 -2.5342364978259617203 4.3001618469746971566e-012 
3.8999999999996814992 0.27374147728719844253 -1.520176313476714558 -2.5342364978270417453 2.2973700370576990501e-012 
3.9249999999996787459 0.27374124313662445696 -1.5201845855721947132 -2.534236497828011192 3.0826143616541561478e-012 
3.9499999999996759925 0.27374111818214985625 -1.5201893378753452701 -2.5342364978287341692 1.7868273922743314772e-012 
3.9749999999996732392 0.27374116596005998447 -1.5201833706163214721 -2.5342364978294140698 1.9098871737234580013e-012 
3.9999999999996704858 0.27374155138534739251 -1.5201832726850326161 -2.5342364978300251366 1.8673229305663841355e-012 
4.0249999999996788347 0.2737416703064384782 -1.520181723559721032 -2.5342364978304932066 7.7649933884737744977e-013 
4.0499999999996871836 0.27374167312163066867 -1.5201774795563531839 -2.5342364978308045131 1.3697661559750572926e-012 
4.0749999999996955324 0.27374165082544832384 -1.5201792914896614661 -2.5342364978312321711 9.7640796263281914675e-013 
4.0999999999997038813 0.2737412605635379248 -1.5201829855061195218 -2.5342364978315372603 7.6931530487397567469e-013 
4.1249999999997122302 0.27374112453438609327 -1.5201842227982558242 -2.5342364978317233337 6.1034838343046747562e-013 
4.1499999999997205791 0.27374137722773034254 -1.5201832512706658918 -2.534236497831968471 5.9072283718806612518e-013 
4.1749999999997289279 0.27374142969671211301 -1.5201836133001309648 -2.5342364978321145763 4.3870075111536290373e-013 
4.1999999999997372768 0.2737414213388564832 -1.5201852148925378838 -2.5342364978322593494 4.0079200542253029697e-013 
4.2249999999997456257 0.27374143478723561573 -1.5201827551098630043 -2.5342364978324112279 4.6564552923769856422e-013 
4.2499999999997539746 0.27374139182736667575 -1.5201799041230039666 -2.5342364978325147007 1.7971713176857885807e-013 
4.2749999999997623235 0.27374148800346204125 -1.5201811057888914291 -2.5342364978325879754 2.380757504241251982e-013 
4.2999999999997706723 0.27374156119509590601 -1.520181522946988828 -2.5342364978326572533 2.248739991125314734e-013 
4.3249999999997790212 0.27374148758518079827 -1.5201812851637872548 -2.5342364978327336367 1.7889687137668445399e-013 
4.3499999999997873701 0.27374140444793582105 -1.5201839215390358095 -2.534236497832790036 1.7385814451236365268e-013 
4.374999999999795719 0.27374129702018612509 -1.5201847592347261795 -2.5342364978328331127 8.9274440221142541911e-014 
4.3999999999998040678 0.27374130092445236873 -1.5201822277954541995 -2.5342364978328690839 1.139627182144196177e-013 
4.4249999999998124167 0.27374144698081220861 -1.5201815182930258352 -2.5342364978328992819 8.5395521562507655677e-014 
4.4499999999998207656 0.27374147780322283241 -1.5201823499908064807 -2.5342364978329308123 7.8330160887986063558e-014 
4.4749999999998291145 0.27374143734849348819 -1.5201824005010111662 -2.5342364978329539049 7.3480823989059694777e-014 
4.4999999999998374633 0.2737414429904784785 -1.5201824526869964771 -2.5342364978329738889 4.521228714161074571e-014 
4.5249999999998458122 0.27374142516892269184 -1.5201826666715989589 -2.5342364978329898761 4.6119990483008840271e-014 
4.5499999999998541611 0.27374142149873154084 -1.520182581874989669 -2.5342364978330014225 3.3993077795248157655e-014 
4.57499999999986251 0.2737414381058613233 -1.5201818514778724367 -2.5342364978330169656 4.0836175150385249836e-014 
4.5999999999998708589 0.27374142793046807309 -1.5201817700447231019 -2.5342364978330262915 2.3528645302367557247e-014 
4.6249999999998792077 0.27374142132141410233 -1.5201829737434628953 -2.5342364978330333969 2.1466541019979048005e-014 
4.6499999999998875566 0.27374139999591784456 -1.5201829450438180125 -2.5342364978330413905 2.5751856856105167404e-014 
4.6749999999998959055 0.27374138562172756206 -1.5201821823517254195 -2.5342364978330480518 1.1197857871824369901e-014 
4.6999999999999042544 0.27374142373233550929 -1.5201826735332242269 -2.5342364978330516045 1.4074814380691742297e-014 
4.7249999999999126032 0.27374144554321855338 -1.5201827927875197766 -2.5342364978330578218 1.3951876143679004024e-014 
4.7499999999999209521 0.27374143622050089997 -1.5201821325769191429 -2.5342364978330613745 1.0216209376314992987e-014 
4.774999999999929301 0.27374143592358690658 -1.5201820837397406194 -2.5342364978330627068 7.6796831375799818292e-015 
4.7999999999999376499 0.27374142500178039183 -1.5201823692010068001 -2.5342364978330671477 7.6309319292192383082e-015 
4.8249999999999459988 0.27374141063147117148 -1.520182416868246289 -2.5342364978330684799 5.4568601334520687938e-015 
4.8499999999999543476 0.27374140940709973391 -1.5201823834344474484 -2.534236497833068924 4.4130713844413092686e-015 
4.8749999999999626965 0.2737414155550614292 -1.5201825523815335472 -2.5342364978330724767 6.5892328088677529437e-015 
4.8999999999999710454 0.27374143399607064886 -1.5201827113376142897 -2.534236497833073809 2.3987108492615411206e-015 
4.9249999999999793943 0.27374143893308322539 -1.5201824783044735057 -2.5342364978330742531 2.9493555040134547789e-015 
4.9499999999999877431 0.27374142085291208737 -1.5201822918283920405 -2.5342364978330751413 2.7509694694939369606e-015 
4.974999999999996092 0.27374141424428999336 -1.5201824424480976372 -2.5342364978330760295 2.2603630303155247972e-015 
