0.025000000000000015266 0.59569096611556504595 0.00048487260359478256966 -2.2460193589570387473 0.04013625678030360161 
0.05000000000000003747 0.5715490502448671295 0.017011832491002090717 -2.2549727622819890627 0.057155516714731187389 
0.075000000000000052736 0.43257142741077897474 -0.0068740613539310380098 -2.2783057966064959032 0.091627777078408773059 
0.10000000000000007494 0.39647304349474549179 -0.053450672755867567609 -2.3176464032888182132 0.10654218038150518877 
0.12500000000000008327 0.23449743238120032696 -0.41083078640535231063 -2.3432925025528970053 0.054991519435761790358 
0.15000000000000010547 0.22659547154788764467 -1.9651239659378039182 -2.3588842862621461904 0.047783915947173134786 
0.17500000000000012768 0.30253477305033732447 -2.4940967568094558615 -2.3748311629820300084 0.04970839765941886812 
0.20000000000000014988 0.24327463097354543042 -1.4923707545687259213 -2.3890546061266064726 0.027710217681599265405 
0.22500000000000017208 0.22778815321942358363 -1.8795426103915300331 -2.3974457669011379757 0.031647065263232639076 
0.25000000000000016653 0.26365878290344657575 -1.3943652007886715438 -2.41067169636506895 0.043751256307010391589 
0.27500000000000018874 0.2880938780280331013 -0.070290309885298940529 -2.4226573177426922179 0.029222356065693601279 
0.30000000000000021094 0.32882018113234334766 -0.11448052656295615304 -2.4313542034448838436 0.023161332801718278324 
0.32500000000000023315 0.34036051436900682798 -0.030031825114160359824 -2.4416471239649197855 0.038142770746882659338 
0.35000000000000025535 0.36840410433878240104 -0.60114172985100156055 -2.4525845525520906243 0.027947202060257258366 
0.37500000000000027756 0.32461341107252106308 -1.6133879240128838894 -2.4614485697434398404 0.025253794981018658217 
0.40000000000000029976 0.24659439168046701218 -1.6461451006225740201 -2.4683594771574721705 0.016244082835173825896 
0.42500000000000032196 0.28325526194242051092 -1.785715300996300714 -2.4737134077437685775 0.013905795684711211649 
0.45000000000000034417 0.31690519501901148747 -1.1799883757402991336 -2.4782503865192611059 0.017491821376997312987 
0.47500000000000036637 0.32902603948628106334 -0.53783982763977888908 -2.4831530008306748059 0.010650699209859490479 
0.50000000000000033307 0.36439685506760671752 -0.98918842125628958506 -2.4874085334008761983 0.013538630745754639748 
0.52500000000000035527 0.33359445401543136311 -1.1703925852248451278 -2.4920741231624692347 0.017601191216062888473 
0.55000000000000037748 0.27073485043660944216 -1.4578719684565610848 -2.4996199294178711448 0.027059096704535708783 
0.57500000000000039968 0.2327335725035959979 -1.9270886611562709767 -2.507151436786503762 0.013617288654060425573 
0.60000000000000042188 0.22416726325959307475 -1.9935174015991066199 -2.5096717380399988784 0.0066967488530730303817 
0.62500000000000044409 0.24768556680476649934 -1.9742604059569801578 -2.5126775418087130554 0.0099320520416084634441 
0.65000000000000046629 0.27245600769090405624 -1.826338603647938541 -2.5162162315617613295 0.01106806770203217806 
0.6750000000000004885 0.27067947167639661021 -1.4005107544667194652 -2.5189742169712343589 0.0052563832548639518802 
0.7000000000000005107 0.27990411937714526625 -1.3461470300940150402 -2.5212738370565253021 0.0089709280015626748778 
0.72500000000000053291 0.28996790683244222375 -1.3953200477938161317 -2.5234930299228039985 0.004681881623160947907 
0.75000000000000055511 0.26911137337133556047 -1.3118531037574576725 -2.5251081597059963357 0.0039464320839437396979 
0.77500000000000057732 0.26269894957993300544 -1.5500697186418936901 -2.5261882835968627603 0.0041642076444620449924 
0.80000000000000059952 0.26862732959568630386 -1.7554935908283306745 -2.5276122948678465541 0.0031519996451726305445 
0.82500000000000062172 0.27033218589364832463 -1.58071633119625643 -2.5286033672102909975 0.0035328451174415792004 
0.85000000000000064393 0.27562428894664209311 -1.4259345856178642364 -2.5295841263412017774 0.0020744817284885333671 
0.87500000000000066613 0.27204173456942104536 -1.4181797488589467093 -2.5302401256227158299 0.0017107717203253840123 
0.90000000000000068834 0.26769839919505167281 -1.4483088291650032531 -2.5306830193403593299 0.0015462486673697860198 
0.92500000000000071054 0.27201041975209971913 -1.546536159947802247 -2.5313445312481270832 0.0019121749644391895263 
0.95000000000000073275 0.27158090250217747919 -1.6149207302010024634 -2.5318331776972269331 0.0012590799914614229146 
0.97500000000000075495 0.27255912777091784172 -1.6435294646071034741 -2.5321761226599210914 0.00071725672535242123926 
1.0000000000000006661 0.27739426810309913973 -1.5780346193814021039 -2.5324588106238214991 0.0010654267788371106496 
1.0249999999999979128 0.27284468194108985051 -1.4253921461565752793 -2.5327346348640085161 0.00060276240089443338614 
1.0499999999999951594 0.2711737938943177828 -1.4443082079210327606 -2.5329735007568183747 0.00075469289541441140351 
1.0749999999999924061 0.27624673479058986514 -1.5053641617782065332 -2.5331690516379747891 0.0005391123792140421235 
1.0999999999999896527 0.27696518333404190892 -1.4654768768232253606 -2.5333440569485552452 0.0003885276581310364327 
1.1249999999999868994 0.27498709825818895558 -1.5368525007226101486 -2.5334563001773759972 0.00040586070662180048123 
1.149999999999984146 0.26999727712391591306 -1.5953586579160741188 -2.533592106157056989 0.00033413720710285019872 
1.1749999999999813927 0.26727134311118377896 -1.5414539448082784645 -2.5336846773131900257 0.00026834336465183047547 
1.1999999999999786393 0.27103575938483370766 -1.534452220719353166 -2.5337662124932043284 0.00020716578202311820432 
1.224999999999975886 0.27468636930744028124 -1.5421846418131637257 -2.5338413797416077244 0.00024177622343380086368 
1.2499999999999731326 0.27768597103192299569 -1.51809124623623104 -2.5339051901268767608 0.00015620551785519443534 
1.2749999999999703792 0.27837017262136820595 -1.4817540762408119015 -2.5339549933239466917 0.00013289043502789829035 
1.2999999999999676259 0.27374646293930010588 -1.4712559678388918982 -2.5339956363192519539 0.00011356549329767614599 
1.3249999999999648725 0.27110407993663326875 -1.5231743648445550399 -2.534029518038077633 0.00010238557647625605722 
1.3499999999999621192 0.27233098336788330585 -1.5408980812394408311 -2.534065019363855864 0.00010068610640138050884 
1.3749999999999593658 0.27295428199223797927 -1.5202458777867047246 -2.5340937387896231847 7.0883442790564799127e-005 
1.3999999999999566125 0.27375333455145800521 -1.5423929476446871512 -2.5341125936074146985 4.7797838668888591857e-005 
1.4249999999999538591 0.27421080155649485421 -1.5415992246223639839 -2.5341301980473054378 6.3534584661947848491e-005 
1.4499999999999511058 0.27363579603394377893 -1.5086350481980179694 -2.5341491111728249308 3.8349746061877161801e-005 
1.4749999999999483524 0.27374036016715791453 -1.5171782884010773795 -2.5341604569465401298 3.9329795774476020718e-005 
1.4999999999999455991 0.27374654053862329528 -1.5262538256809676795 -2.5341729538478623418 3.4868139021077817694e-005 
1.5249999999999428457 0.27400645632092873738 -1.5010750789121825033 -2.5341843855273471497 2.8283381738093704445e-005 
1.5499999999999400924 0.27450683596767533334 -1.4992725540732609879 -2.5341901938977278164 1.390965321380765989e-005 
1.574999999999937339 0.27348896983654213955 -1.5270664322557947479 -2.5341972136479857802 2.4552095283780927837e-005 
1.5999999999999345857 0.27290488804767604192 -1.5373117302028860287 -2.5342040778126522227 1.8591528134666356151e-005 
1.6249999999999318323 0.27357241652381319996 -1.5277868638054985517 -2.5342091851609431785 9.7073000868996844073e-006 
1.649999999999929079 0.27383668833784885477 -1.521522988032038004 -2.5342126509174045523 1.4653297386793415341e-005 
1.6749999999999263256 0.27430794783896161881 -1.5229308752891372869 -2.5342169920639490144 8.758618191667281449e-006 
1.6999999999999235722 0.27434973059855760624 -1.5142399660129215455 -2.5342196630557718429 8.1412253035822454368e-006 
1.7249999999999208189 0.27325743633772170416 -1.5052671893399613978 -2.5342219043537252965 6.7477625934482169564e-006 
1.7499999999999180655 0.2729775471424434885 -1.522491793288807127 -2.5342246258954319593 7.2879005351876144757e-006 
1.7749999999999153122 0.27350466138528534144 -1.5314033919103473558 -2.5342262466257921005 4.6251179612340125665e-006 
1.7999999999999125588 0.27386171950889820481 -1.5173200223868368308 -2.5342279179363824682 4.0141750584475971794e-006 
1.8249999999999098055 0.2741601403311692553 -1.5193731393512655004 -2.5342291688443068232 4.2136436390352156021e-006 
1.8499999999999070521 0.27400350130896727885 -1.5250808980389545244 -2.5342302354371408768 2.1665238277869885412e-006 
1.8749999999999042988 0.27383048271381854599 -1.5171087394985465213 -2.5342312040623116154 3.4874245489110783361e-006 
1.8999999999999015454 0.27389504046283125183 -1.5157389199974067306 -2.5342320411053966822 1.8728262211259788119e-006 
1.9249999999998987921 0.27352876266612657918 -1.5202425477010637067 -2.53423278428915566 2.0786036796931171042e-006 
1.9499999999998960387 0.27343058125847963247 -1.5221990790380259817 -2.5342333161880192804 1.716724596515476596e-006 
1.9749999999998932854 0.27374491510989784615 -1.5215401522683655866 -2.5342338023125856594 7.4338900476368763327e-007 
1.999999999999890532 0.27362642623114508122 -1.5208191805316113587 -2.5342341031946005181 1.4840003460068873159e-006 
2.0249999999998880007 0.27362419735373494367 -1.522182200012710318 -2.5342345850864900214 1.1669677646146074922e-006 
2.0499999999998852473 0.27393098358411294146 -1.518918237612870703 -2.5342349218734874228 7.9997246064791351331e-007 
2.074999999999882494 0.27392526624983415395 -1.5159411868062373507 -2.5342350832706421748 4.1191584006275682592e-007 
2.0999999999998797406 0.27381185018358755734 -1.5206143079890142022 -2.5342352992980052839 6.98621674318145604e-007 
2.1249999999998769873 0.27375085245235375453 -1.5222291138910633013 -2.5342354824472730357 5.6185006035569229339e-007 
2.1499999999998742339 0.2737120367560003098 -1.5195051280822293727 -2.5342356704204620499 4.3254047745507831471e-007 
2.1749999999998714806 0.27374097018074999843 -1.5209171557074130376 -2.5342357932846302226 3.5087606119764649024e-007 
2.1999999999998687272 0.27361588173274847824 -1.5217420540271906493 -2.5342358816156709267 2.3047987961274611656e-007 
2.2249999999998659739 0.27357870856650240432 -1.5189914367123416028 -2.5342359768431919065 3.0379164920817814163e-007 
2.2499999999998632205 0.27380431039489155909 -1.5189747237985240513 -2.5342360657756461961 2.3775375931430920256e-007 
2.2749999999998604672 0.27384008553529304297 -1.5207440773097986586 -2.5342361337413641387 1.5996884891972997262e-007 
2.2999999999998577138 0.27375685563235857556 -1.5203686612177764736 -2.5342361818819552077 1.5974523093047569079e-007 
2.3249999999998549605 0.27379424051465078849 -1.5200024661838389406 -2.5342362321013780502 1.2351197122295712593e-007 
2.3499999999998522071 0.27374456683654840861 -1.5205316533124644263 -2.5342362750498694801 1.3536847820890284746e-007 
2.3749999999998494538 0.27368285309710560504 -1.5205243153513317012 -2.5342363100652121055 8.4327333451243132591e-008 
2.3999999999998467004 0.27373131118153931629 -1.5196233808315033897 -2.5342363368466922502 6.6507397995077867436e-008 
2.4249999999998439471 0.27375731895805349714 -1.519340863387686813 -2.5342363577335080826 7.4508150341301916596e-008 
2.4499999999998411937 0.27375571807897475241 -1.5208944175755554351 -2.5342363840904051919 7.1407039125996807314e-008 
2.4749999999998384403 0.27372419986297014116 -1.52103375613767966 -2.5342364026551758016 4.3442311714525153841e-008 
2.499999999999835687 0.27369699146038700688 -1.5195271099868681297 -2.5342364142050164411 2.955923646158988262e-008 
2.5249999999998329336 0.27375693783776267054 -1.5200165685862558895 -2.534236426640844364 4.3634230797405564167e-008 
2.5499999999998301803 0.2737859807547425306 -1.5205702033894978875 -2.5342364387438887086 2.9839513299794746601e-008 
2.5749999999998274269 0.27375008221550267695 -1.5198338462117697567 -2.5342364476280221375 2.2216585520905896358e-008 
2.5999999999998246736 0.27373857151537611676 -1.520073495200959357 -2.5342364552233194175 2.6659399217092554676e-008 
2.6249999999998219202 0.27371493271250046941 -1.5205443113417556056 -2.5342364628114015801 1.4190013614021857236e-008 
2.6499999999998191669 0.27370495315445519946 -1.5202524854138936838 -2.5342364665566554649 1.330167727777943923e-008 
2.6749999999998164135 0.27375061479724965841 -1.5199295165881629988 -2.5342364713777332241 1.4684244128992878388e-008 
2.6999999999998136602 0.27377493926189233608 -1.5199917050508540139 -2.534236476550506989 1.3762657187398800498e-008 
2.7249999999998109068 0.2737682255917931462 -1.5203193508688166435 -2.5342364792349263425 5.8000869026658709932e-009 
2.7499999999998081535 0.27375065426183925466 -1.5202427395301043589 -2.5342364821759151283 9.6047268648705158093e-009 
2.7749999999998054001 0.27371617918162677308 -1.520101601005667824 -2.5342364844843934257 5.9299194266922472906e-009 
2.7999999999998026468 0.27370876320090709033 -1.5204277870913118775 -2.534236486502467578 4.9665323035772282973e-009 
2.8249999999997998934 0.27373058750557172081 -1.5203856154483266216 -2.5342364881634855678 6.2960790826689533293e-009 
2.84999999999979714 0.27374858179388100732 -1.5199786260550727235 -2.5342364899086011754 3.1179291529757242929e-009 
2.8749999999997943867 0.27376243419859752626 -1.5200002897509818922 -2.5342364909872481249 3.8567464126850517164e-009 
2.8999999999997916333 0.27375722073289193714 -1.5201145334491334982 -2.53423649201859158 2.5737737603390250348e-009 
2.92499999999978888 0.27373892819781836527 -1.5200355121145627812 -2.5342364929217620073 2.4069807646567108342e-009 
2.9499999999997861266 0.27373549443091860223 -1.5202038654945084772 -2.5342364935887400357 2.2109602280596278172e-009 
2.9749999999997833733 0.27373783284219782574 -1.5204582757091911205 -2.5342364943818629364 1.8811049794227142724e-009 
2.9999999999997806199 0.27373914139783322996 -1.5203904606825855428 -2.5342364948432773986 1.4237081677223401446e-009 
3.0249999999997778666 0.27373973092635411897 -1.5201757734380327847 -2.5342364952875056083 1.1301905718634344938e-009 
3.0499999999997751132 0.27373553420946472592 -1.5200376087704075001 -2.5342364957272875969 1.3092548233913430783e-009 
3.0749999999997723599 0.27374052329861364719 -1.5200467522906833118 -2.5342364959960956838 6.2522608487120307127e-010 
3.0999999999997696065 0.27374953952507302679 -1.5201101222122685996 -2.5342364962725403288 8.4598078441051003698e-010 
3.1249999999997668532 0.27374601138206067219 -1.5201400234919792975 -2.5342364965399335475 8.5417623522852034934e-010 
3.1499999999997640998 0.27374124004685751466 -1.520260562030751661 -2.5342364967674417819 4.0664582979565932055e-010 
3.1749999999997613465 0.2737399000252930259 -1.5203124314201692524 -2.5342364968865949137 4.3880148060502321699e-010 
3.1999999999997585931 0.27373726066633186083 -1.5202079848390404049 -2.53423649702394993 3.5864965040122751226e-010 
3.2249999999997558398 0.27373895053005165012 -1.5201841146430998819 -2.5342364971674955498 4.4107154518404651195e-010 
3.2499999999997530864 0.27374299487122238927 -1.5201649044777547637 -2.5342364972697928316 2.6532219520632937456e-010 
3.274999999999750333 0.27374479123108064194 -1.5201124482047341235 -2.5342364973614142087 2.091754042211883589e-010 
3.2999999999997475797 0.27374365328969285649 -1.5201550318904855086 -2.5342364974199758088 2.0017914320734127663e-010 
3.3249999999997448263 0.27373970251827667299 -1.5201894935691075972 -2.534236497485925721 1.7622595593794440657e-010 
3.349999999999742073 0.27373919072470026537 -1.5201897805777775385 -2.5342364975431226348 1.638274495930489097e-010 
3.3749999999997393196 0.27374104566532125871 -1.520203877927617242 -2.534236497585596215 1.0595663806928466064e-010 
3.3999999999997365663 0.27374022275113429892 -1.5202004227954346582 -2.5342364976245383978 1.1334053608858922662e-010 
3.4249999999997338129 0.27374162947062447016 -1.5201915169124027294 -2.5342364976554474509 8.8871867485024135346e-011 
3.4499999999997310596 0.27374404044981404116 -1.5201708637537558744 -2.534236497683180378 6.777197222632538177e-011 
3.4749999999997283062 0.27374250602209942995 -1.5201621353779031232 -2.5342364977065590104 7.4225956493217300431e-011 
3.4999999999997255529 0.27374105383964791871 -1.5201894922899841234 -2.5342364977241857993 3.8408568478543979115e-011 
3.5249999999997227995 0.27374071578749714639 -1.5201905862461988495 -2.5342364977407605409 5.5842811712865665735e-011 
3.5499999999997200462 0.27374017714488646513 -1.5201758638517133271 -2.5342364977567859441 4.5363343740441435462e-011 
3.5749999999997172928 0.27374104187756126416 -1.5201877615773566887 -2.5342364977699736173 2.3739363145238266277e-011 
3.5999999999997145395 0.27374186999011690391 -1.5201827341893323631 -2.534236497775373298 2.3933276110371299724e-011 
3.6249999999997117861 0.27374197030308827783 -1.5201646934152999169 -2.5342364977856695063 2.8391765620300223703e-011 
3.6499999999997090327 0.27374192163341326545 -1.5201817545436624446 -2.5342364977939082493 2.3171952068793824633e-011 
3.6749999999997062794 0.27374104634437723682 -1.5201982799434996529 -2.5342364977996392206 1.2240615009919023973e-011 
3.699999999999703526 0.27374102066274069722 -1.5201863654536780235 -2.5342364978047764446 1.7743375967774479979e-011 
3.7249999999997007727 0.27374172226387355478 -1.5201807790011563348 -2.534236497808805666 7.8783953537542324925e-012 
3.7499999999996980193 0.27374131628038617103 -1.5201833068633008317 -2.5342364978121487695 1.128822386681383489e-011 
3.774999999999695266 0.27374133462413552387 -1.520181321393155871 -2.5342364978157077005 1.1269110039818314883e-011 
3.7999999999996925126 0.27374168398747716902 -1.5201784983898081194 -2.534236497818941114 6.2054241381462283842e-012 
3.8249999999996897593 0.27374121492924674559 -1.520178381444916127 -2.5342364978205176307 5.2396169898010824926e-012 
3.8499999999996870059 0.2737414297257489415 -1.5201851831724098041 -2.5342364978223814731 5.3556493489563934498e-012 
3.8749999999996842526 0.27374187370480801418 -1.520182584237193435 -2.5342364978241871398 5.3230652151261456902e-012 
3.8999999999996814992 0.27374143984135113072 -1.5201756709611551344 -2.5342364978255131902 3.1980726848873284872e-012 
3.9249999999996787459 0.27374114221057949115 -1.5201860875390629246 -2.5342364978267850617 3.5711240991518706528e-012 
3.9499999999996759925 0.27374106904657152795 -1.5201904433626096669 -2.5342364978275946363 2.3475669312910871152e-012 
3.9749999999996732392 0.2737411552601589082 -1.5201832360611673423 -2.5342364978284708243 2.347510780544387278e-012 
3.9999999999996704858 0.273741595186545561 -1.5201836925871961004 -2.5342364978292422073 2.3774324876782106917e-012 
4.0249999999996788347 0.27374172032715887726 -1.5201810798618804466 -2.5342364978297937661 9.6837924522755695019e-013 
4.0499999999996871836 0.2737417057898716144 -1.5201759675227641821 -2.5342364978302280853 1.8063743780504484381e-012 
4.0749999999996955324 0.27374166603205579706 -1.5201793615187333408 -2.5342364978307423407 1.1638875025741975493e-012 
4.0999999999997038813 0.27374121321944716589 -1.5201835663191305414 -2.5342364978311113788 9.3252326560738011973e-013 
4.1249999999997122302 0.27374108500877231132 -1.5201840220041125118 -2.5342364978313587365 8.8326127661903877888e-013 
4.1499999999997205791 0.2737413947880426579 -1.5201833369550379338 -2.5342364978316673785 6.7096487356257919689e-013 
4.1749999999997289279 0.2737414232817084736 -1.5201844745838606343 -2.5342364978318503432 5.8322897547994150438e-013 
4.1999999999997372768 0.27374139811305114867 -1.5201857466777850547 -2.5342364978320324198 5.3571646147744253868e-013 
4.2249999999997456257 0.27374143835284309167 -1.520182311679827869 -2.5342364978322304836 5.5605396582211425781e-013 
4.2499999999997539746 0.273741406429482248 -1.5201793342323663971 -2.5342364978323534963 2.5823189916186741063e-013 
4.2749999999997623235 0.27374152247481975397 -1.5201808823807310134 -2.5342364978324494196 2.8291844375392176749e-013 
4.2999999999997706723 0.27374159192239921889 -1.5201812163218741958 -2.5342364978325364611 3.0288000506553120372e-013 
4.3249999999997790212 0.27374147375671409321 -1.52018123129362559 -2.5342364978326323843 2.325128972515487222e-013 
4.3499999999997873701 0.27374137223754169135 -1.5201845425724951344 -2.5342364978327100999 2.2321037401809420824e-013 
4.374999999999795719 0.27374127304334733291 -1.520185131573855486 -2.5342364978327598379 1.087281022896327129e-013 
4.3999999999998040678 0.27374129624446857934 -1.5201819523011939062 -2.5342364978328055791 1.4389134178867754662e-013 
4.4249999999998124167 0.27374146302830731914 -1.5201814644927114095 -2.5342364978328468794 1.231500019398757203e-013 
4.4499999999998207656 0.27374148504090028977 -1.5201824513498640723 -2.5342364978328868474 9.5170685390549101963e-014 
4.4749999999998291145 0.27374143647807641644 -1.5201822126630677445 -2.5342364978329152692 9.7974127836713541919e-014 
4.4999999999998374633 0.27374145138043443071 -1.5201823778006269272 -2.5342364978329423586 5.5742176613823484479e-014 
4.5249999999998458122 0.2737414277814343988 -1.520182759177010734 -2.5342364978329614544 5.9666254969699207604e-014 
4.5499999999998541611 0.27374141901852733216 -1.5201825578717067522 -2.5342364978329783298 4.8105444470730299974e-014 
4.57499999999986251 0.27374144033752412231 -1.5201817710900324965 -2.5342364978329974257 5.1227721176665576347e-014 
4.5999999999998708589 0.27374142496275738479 -1.5201818128408413067 -2.5342364978330085279 3.1856519236904545843e-014 
4.6249999999998792077 0.27374141451616235132 -1.5201831133022922771 -2.534236497833019186 2.7502790152300744909e-014 
4.6499999999998875566 0.27374139559257421039 -1.5201829092608716287 -2.5342364978330294001 3.3941710615321287822e-014 
4.6749999999998959055 0.27374138425576749478 -1.5201820933609131448 -2.5342364978330378378 1.4324461089687597528e-014 
4.6999999999999042544 0.27374142852068944487 -1.5201827870121724651 -2.5342364978330422787 1.9273732540991127648e-014 
4.7249999999999126032 0.27374145039066904994 -1.5201828276078479529 -2.5342364978330480518 1.8893168261122567619e-014 
4.7499999999999209521 0.27374143736591904918 -1.5201820161946162369 -2.5342364978330547132 1.243217632354843822e-014 
4.774999999999929301 0.27374143771398012914 -1.5201820737350728585 -2.5342364978330573777 1.1031777424512052486e-014 
4.7999999999999376499 0.27374142363204906347 -1.5201823959884528392 -2.5342364978330618186 9.3878993924905958632e-015 
4.8249999999999459988 0.27374140584618816829 -1.5201823699716663363 -2.534236497833064039 7.6507434861874142553e-015 
4.8499999999999543476 0.2737414081013796463 -1.5201823701609615824 -2.5342364978330667036 6.2069000768769082824e-015 
4.8749999999999626965 0.27374141768417559195 -1.5201826151291435441 -2.534236497833068924 8.4751600725578525258e-015 
4.8999999999999710454 0.27374143652641469426 -1.5201827522118382952 -2.5342364978330707004 3.1220443598031892103e-015 
4.9249999999999793943 0.27374143916790127928 -1.5201824558338892235 -2.5342364978330720326 4.1048053719348799478e-015 
4.9499999999999877431 0.2737414185600336447 -1.5201822827533650884 -2.5342364978330729208 3.6059132727348187047e-015 
4.974999999999996092 0.27374141361442883014 -1.5201824639272123463 -2.5342364978330742531 3.1011256876348620356e-015 
