0.025000000000000015266 0.595254202457172088 0.00048190018753337116042 -2.2465385093138765527 0.039829796775216759486 
0.05000000000000003747 0.57140146913354783464 0.016897667611571007273 -2.2558056246084530194 0.056289285042700622219 
0.075000000000000052736 0.43387420260505860092 -0.0062705930025451772636 -2.2798197180131363204 0.089954771010285969335 
0.10000000000000007494 0.39874335224013085499 -0.053089477982885768803 -2.3203157262672897687 0.10488800697054682931 
0.12500000000000008327 0.23827958462010304097 -0.41119723556486087457 -2.3467276061684447797 0.053731652727619462484 
0.15000000000000010547 0.2289341743403755236 -1.9326681714782503185 -2.3624833875043282916 0.045631565398210942319 
0.17500000000000012768 0.30301948033798009607 -2.4436320395355499713 -2.378513378284255797 0.047875585554785930753 
0.20000000000000014988 0.24695234841036692308 -1.469250235690014339 -2.3928397310631255301 0.026722794555692482715 
0.22500000000000017208 0.23311680443771198856 -1.824905047743426767 -2.4012551161393060895 0.029915533810585724639 
0.25000000000000016653 0.26671965302648353857 -1.3416493883432356604 -2.4142735674071587049 0.040685550773402377744 
0.27500000000000018874 0.28625295680918350083 -0.1116941895586046618 -2.425452840395054821 0.023959143468501538365 
0.30000000000000021094 0.3181533685140643386 -0.22139790042180851337 -2.4323288445699606797 0.01614827958996466889 
0.32500000000000023315 0.32021917123826459939 -0.2308656578583286878 -2.4402764142883719423 0.030002830907321965254 
0.35000000000000025535 0.34789884609241911173 -0.83411304304563937961 -2.4514383607375545004 0.033273544794818352144 
0.37500000000000027756 0.34559891510982260199 -1.5990436555483591441 -2.46023114225890982 0.019316716528190856772 
0.40000000000000029976 0.28229355140231432442 -1.2756979177412337556 -2.4671661448396000615 0.019087617238380642781 
0.42500000000000032196 0.29431639350873217698 -1.5105843432345222865 -2.4746506862309991526 0.020965932321414033901 
0.45000000000000034417 0.30553959695130050722 -1.3100912055780105092 -2.4793680040724108693 0.01038673307945045185 
0.47500000000000036637 0.30896617654456332014 -0.77182654193190303182 -2.4830677848843070166 0.010553275650628414842 
0.50000000000000033307 0.35671989491832989394 -1.0011741971312677624 -2.4869328018574328176 0.0095686120581704777605 
0.52500000000000035527 0.34963225433720451774 -0.97198811559038400532 -2.4900506781357156783 0.010112755676022716286 
0.55000000000000037748 0.31905465427878326734 -1.3158254327984413301 -2.4937049936638495673 0.011615646533913843996 
0.57500000000000039968 0.30727268835368753974 -1.662398347878017546 -2.4984532960132552759 0.01541522562076397436 
0.60000000000000042188 0.25835566131918441535 -1.3784600442344832061 -2.5049102691338842597 0.020727279459914673548 
0.62500000000000044409 0.23483664219520516969 -1.4064259712578230932 -2.5106625466020626725 0.010669097454490605523 
0.65000000000000046629 0.25214421140169646085 -1.6196366148898471149 -2.5131420188336868193 0.0063006922542342943053 
0.6750000000000004885 0.26290108449182508776 -1.7129973025042064538 -2.5163849551234624968 0.011219690798875721696 
0.7000000000000005107 0.27459130765389583306 -1.7606041728790224887 -2.519540622193386703 0.0067609156948784943086 
0.72500000000000053291 0.28169532692706167332 -1.5812082206918602889 -2.5216106387274770384 0.006302191555940631594 
0.75000000000000055511 0.27491187619087642524 -1.4197636071625672205 -2.5240031697932709953 0.0059695584223202913937 
0.77500000000000057732 0.27244740487153451536 -1.3560015703880725635 -2.52561017294444623 0.0037423656782525926458 
0.80000000000000059952 0.27227913270328535367 -1.4001249682787590967 -2.5265808974101640061 0.002756029049860934943 
0.82500000000000062172 0.2651557434207703623 -1.5260034083644478109 -2.5280895210126925754 0.0046709188481105015645 
0.85000000000000064393 0.27148409466461786987 -1.7048013549680156586 -2.5290378152303358839 0.0016114096226769031566 
0.87500000000000066613 0.27893352217128353221 -1.6419248300335906876 -2.5298242809249655849 0.0026041054175584112465 
0.90000000000000068834 0.27283315747003999974 -1.3628618565141605856 -2.5305975970182839063 0.0019071975785831553601 
0.92500000000000071054 0.27369571933981268197 -1.389509548549197282 -2.5311515716512213992 0.0011411063265717605406 
0.95000000000000073275 0.27050075022169567385 -1.5122952480456994806 -2.5315377855066656387 0.0015074117946687385326 
0.97500000000000075495 0.26587352083201953867 -1.556450150077300032 -2.5321057557001882543 0.0012921036684691961875 
1.0000000000000006661 0.27358272915725628804 -1.6633939094828957828 -2.5324122088539078312 0.00066882145522237422628 
1.0249999999999979128 0.27724155589816551482 -1.6128074508235614726 -2.5326596753744450297 0.00084054269222003184098 
1.0499999999999951594 0.27385730117027395902 -1.4681777441254149075 -2.5329505901801572243 0.00067968036568795474166 
1.0749999999999924061 0.27282709212837025214 -1.4305951532199785436 -2.533145538387970408 0.00052919019183028811158 
1.0999999999999896527 0.27353908481494720872 -1.4777802026820792136 -2.5333128003136970996 0.00042161433212821306698 
1.1249999999999868994 0.2757994336391308976 -1.5446621417788914954 -2.5334631240584464251 0.00043972848318666647466 
1.149999999999984146 0.27640351531981538491 -1.5325934313045768143 -2.5335912904208699459 0.00029002311317031446688 
1.1749999999999813927 0.27267135500991529495 -1.5026781674105913478 -2.5336953337972447642 0.00031463865924011145308 
1.1999999999999786393 0.27092561197206049828 -1.5433822512410908523 -2.5337787330862062696 0.00017242894799192979845 
1.224999999999975886 0.27028713143863941637 -1.5485299882006646754 -2.5338488155364347065 0.00022000163234297702214 
1.2499999999999731326 0.27034395055675380926 -1.5202580995219423521 -2.5339113934945531881 0.00015690209063429130104 
1.2749999999999703792 0.27582631913797850398 -1.529155906809319454 -2.5339677945805361148 0.0001472085510454586299 
1.2999999999999676259 0.27953737881189388848 -1.5171327511160166424 -2.5340090571429501054 0.00010515048061277568669 
1.3249999999999648725 0.27565175474648001552 -1.4882345971829535891 -2.5340451737806515276 9.6208459272819954315e-005 
1.3499999999999621192 0.27133415608164845878 -1.5052619753490428245 -2.5340740334623279573 7.4372081409143991839e-005 
1.3749999999999593658 0.2710264256104331082 -1.5359308375484119757 -2.5341000027844420295 7.4823655159677104963e-005 
1.3999999999999566125 0.27325952633144429127 -1.5368279252374377197 -2.5341248347089329052 6.0454503177976309943e-005 
1.4249999999999538591 0.27486256296890854145 -1.5210324889154149819 -2.5341406274160207523 4.2684552563899489232e-005 
1.4499999999999511058 0.27426172331509557356 -1.5073749517510843798 -2.5341559430238365103 3.5424120664900981951e-005 
1.4749999999999483524 0.27369064584094193737 -1.511748175172093811 -2.5341687651673141524 4.4750570230954635339e-005 
1.4999999999999455991 0.27359504109294097152 -1.5305980982889066944 -2.5341805872341947037 1.8818622393298403711e-005 
1.5249999999999428457 0.2731026199743953331 -1.5352093909712056785 -2.5341878316426948992 2.6696737717004759527e-005 
1.5499999999999400924 0.2734557757560250324 -1.5259691259906502658 -2.5341964625412565226 2.1731730973414714359e-005 
1.574999999999937339 0.27429037491833890838 -1.5124373185160044919 -2.5342039658635706623 1.8832628881407197492e-005 
1.5999999999999345857 0.27422402178720234334 -1.5068738108256418684 -2.534207864287417511 7.6030336922827376065e-006 
1.6249999999999318323 0.27364961744980059732 -1.5170045677287100627 -2.5342120976244895125 1.5006687294755464136e-005 
1.649999999999929079 0.27329128149863968211 -1.5201741078155550646 -2.5342168634387762793 1.1934457354232356311e-005 
1.6749999999999263256 0.2736805182105798151 -1.521895940524126134 -2.534219845858635356 6.4291157129351152912e-006 
1.6999999999999235722 0.27427179058380540821 -1.5308847955665918494 -2.5342224486926330229 7.1409994626110367171e-006 
1.7249999999999208189 0.27393472506539101596 -1.522841500426039385 -2.5342245426887610726 6.4623007375598663022e-006 
1.7499999999999180655 0.27337829175833422424 -1.5123942059440826924 -2.5342265702813517869 4.0038192439733290818e-006 
1.7749999999999153122 0.27337554657836460326 -1.5193934812457663419 -2.5342280632340696833 5.4942344847448841598e-006 
1.7999999999999125588 0.27354297738656246919 -1.5247033334381794312 -2.5342295857580015017 2.3741382875487896116e-006 
1.8249999999999098055 0.27377262840853427983 -1.520811662020877808 -2.534230489896311056 3.6837799231569233431e-006 
1.8499999999999070521 0.27393686332120370519 -1.5167271379931701603 -2.5342316088876457592 2.2920706196323201322e-006 
1.8749999999999042988 0.27397633109567404164 -1.5183123838219199087 -2.5342323661044394711 1.9109701363448657409e-006 
1.8999999999999015454 0.27399065052646082163 -1.5210943832905252648 -2.5342328792915860269 1.7013506745320928968e-006 
1.9249999999998987921 0.27374587605710642979 -1.5191585988809033214 -2.5342336046916962289 1.835127166275401631e-006 
1.9499999999998960387 0.27351485780178858009 -1.5200713169542383607 -2.5342340481184986167 9.321627697040821511e-007 
1.9749999999998932854 0.27362249544950173474 -1.52342743508195122 -2.5342343772574684735 1.1536934164836241615e-006 
1.999999999999890532 0.27370292073181329284 -1.5210091866198847121 -2.5342348038292872303 9.5286285011197302986e-007 
2.0249999999998880007 0.27369494516576414744 -1.5188225472461067689 -2.5342350014396215485 4.8462540587009768111e-007 
2.0499999999998852473 0.27372493047082069317 -1.5208319105674004135 -2.5342352418865652375 7.6279648946334734804e-007 
2.074999999999882494 0.27374662047003384124 -1.5203657822096783292 -2.534235481234153653 6.3877714133967716409e-007 
2.0999999999998797406 0.27385428728682292832 -1.5183288527193752326 -2.53423564289967862 2.5579969432172741526e-007 
2.1249999999998769873 0.27386206987804995183 -1.5193879589528758167 -2.5342357499117920128 4.3722522295788757412e-007 
2.1499999999998742339 0.27369016093637704712 -1.5204841873779302297 -2.5342358836850849002 2.7970112877989670436e-007 
2.1749999999998714806 0.27369431767391316779 -1.520308397179497728 -2.5342359792934687768 2.8311821292509839799e-007 
2.1999999999998687272 0.27377898625961910595 -1.5210529227387805662 -2.5342360676177189127 2.2353461012746642568e-007 
2.2249999999998659739 0.27371655334123823344 -1.5213527567150224584 -2.5342361329842790774 1.5843334606534471183e-007 
2.2499999999998632205 0.27368665624488613952 -1.520245161450581417 -2.5342361895441629649 1.6524429078100383092e-007 
2.2749999999998604672 0.27371783955298634172 -1.5189573781713523459 -2.5342362415997055081 1.3203865812342502094e-007 
2.2999999999998577138 0.2737440815420796314 -1.5192849590897794521 -2.5342362815835937084 9.8292501342272430216e-008 
2.3249999999998549605 0.27377924596203445651 -1.5208484564274220574 -2.534236313450338951 9.4286471482831625955e-008 
2.3499999999998522071 0.27376276446121938779 -1.5206749218798290002 -2.5342363470987159246 8.1879245876194839281e-008 
2.3749999999998494538 0.27374379511909385787 -1.5200772803949980094 -2.5342363682189983365 6.0251058035142589609e-008 
2.3999999999998467004 0.27374552170275939789 -1.5205630852743183823 -2.5342363915220262882 5.6284058102051020733e-008 
2.4249999999998439471 0.273712864300813985 -1.5198391299280533673 -2.534236406405455444 4.0442527949325104474e-008 
2.4499999999998411937 0.27373695508816781041 -1.5192194857693364085 -2.5342364211543850772 3.9601266355060651031e-008 
2.4749999999998384403 0.27378546077906062983 -1.5202751284003928056 -2.5342364332705047403 3.460404736658218971e-008 
2.499999999999835687 0.27374147953292288227 -1.5209329624870382425 -2.5342364451089700594 2.7057110458081255132e-008 
2.5249999999998329336 0.27370397526910306141 -1.5206332786055576367 -2.534236452784734972 2.1763500736420325806e-008 
2.5499999999998301803 0.27372082467203689982 -1.5201668532540382195 -2.534236459257690921 1.5236161195358580408e-008 
2.5749999999998274269 0.27373711749799034543 -1.5199375090074966899 -2.5342364655924756178 2.0518670000836372899e-008 
2.5999999999998246736 0.27376910374151880445 -1.5199516519035989326 -2.5342364717066176993 1.3330874723732061736e-008 
2.6249999999998219202 0.27377800253608819414 -1.5198823655593460824 -2.5342364749301156124 7.7287853142599372847e-009 
2.6499999999998191669 0.27373629915065555984 -1.520083769055537104 -2.5342364787514672919 1.3099354950048593741e-008 
2.6749999999998164135 0.27371129313892428314 -1.5204557074581326326 -2.534236482317618222 6.6642936490090925046e-009 
2.6999999999998136602 0.27372049840490003669 -1.5203431571597885164 -2.5342364843229070459 5.9796806953008055404e-009 
2.7249999999998109068 0.27374606664659550948 -1.5201898197871170915 -2.5342364863381541262 6.0439855930873605761e-009 
2.7499999999998081535 0.27376707181596743323 -1.5203318273418728879 -2.5342364886184030048 5.198364773941783395e-009 
2.7749999999998054001 0.27375401768682200432 -1.520201391730876761 -2.5342364897841420657 3.6250856420042424486e-009 
2.7999999999998026468 0.27373558857822360979 -1.519937689798220859 -2.5342364913019617134 3.5922598150922933631e-009 
2.8249999999997998934 0.27373347701966044276 -1.5200596663084888771 -2.5342364921775795139 2.198233664399023359e-009 
2.84999999999979714 0.27372833846033173266 -1.5202336639829008291 -2.5342364930286076508 2.702885393043330545e-009 
2.8749999999997943867 0.27373454015052078869 -1.5202257888974592959 -2.5342364939539869795 2.2334843435406228686e-009 
2.8999999999997916333 0.27375118697941230872 -1.5202561050783782726 -2.5342364945049360436 1.2551608141342500724e-009 
2.92499999999978888 0.27375033742725668473 -1.520259294840257791 -2.5342364950113012156 1.6032359319052912231e-009 
2.9499999999997861266 0.27374240640273250769 -1.5201575430877969364 -2.5342364955377529867 1.3013470719275329028e-009 
2.9749999999997833733 0.27373986265955341235 -1.5200522265736151617 -2.5342364958223613236 5.221548092035862918e-010 
2.9999999999997806199 0.27373948930580260797 -1.5201156451857780194 -2.5342364961585870375 1.2911447046457201157e-009 
3.0249999999997778666 0.27374298581857503532 -1.5203069073264470212 -2.5342364964666188598 5.2992506396567794312e-010 
3.0499999999997751132 0.27374181361017663194 -1.5202715545959033516 -2.5342364966636772294 5.4663725685973275913e-010 
3.0749999999997723599 0.2737364050495908474 -1.5201271655971895225 -2.5342364968330528541 5.5208589721138073868e-010 
3.0999999999997696065 0.2737388417602624191 -1.5201651848859289995 -2.5342364970269657398 4.1260105918923310009e-010 
3.1249999999997668532 0.27374353188337885445 -1.5201780545482075357 -2.5342364971264630391 2.7516879089807245083e-010 
3.1499999999997640998 0.27374417602950551487 -1.5201232414631353773 -2.5342364972421043134 3.4932058362146490022e-010 
3.1749999999997613465 0.27374370528961339266 -1.5201660447578912994 -2.5342364973499300618 2.6474773090398387848e-010 
3.1999999999997585931 0.2737418482738909753 -1.5202300266206127954 -2.5342364974268276612 1.874351975118909647e-010 
3.2249999999997558398 0.27373987033983693262 -1.5202258901762963905 -2.5342364974843283321 1.3807591381901436484e-010 
3.2499999999997530864 0.27373886058058588544 -1.5201816791214808333 -2.5342364975363778079 1.7747245704817124945e-010 
3.274999999999750333 0.27373940089364351413 -1.5201691770061627196 -2.5342364975892177625 1.1497446683131591889e-010 
3.2999999999997475797 0.27374323154893026588 -1.5201864810452208054 -2.5342364976315163716 1.1910185527176954311e-010 
3.3249999999997448263 0.27374501814701229785 -1.5201691628217022245 -2.5342364976595468384 6.2660150621749650825e-011 
3.349999999999742073 0.27374171386027074115 -1.5201581770009160444 -2.5342364976875839666 8.4335174656818160054e-011 
3.3749999999997393196 0.27373963527000999552 -1.5201839514066406434 -2.5342364977103719603 5.4867605808224858273e-011 
3.3999999999997365663 0.27374048898979769229 -1.5201909259494699178 -2.5342364977312570318 5.8155271986343513439e-011 
3.4249999999997338129 0.27374098531268470369 -1.5201863615149233677 -2.5342364977465074993 3.8390594987066149372e-011 
3.4499999999997310596 0.27374104650998315469 -1.5201963708463110958 -2.5342364977612632515 3.8523065787745124298e-011 
3.4749999999997283062 0.27374159705015238542 -1.5201890104975182005 -2.5342364977723828012 2.9524076178372554459e-011 
3.4999999999997255529 0.2737424241216694365 -1.5201707868498961496 -2.534236497781770403 2.4880351816113266823e-011 
3.5249999999997227995 0.27374238559499475265 -1.5201767596828648088 -2.5342364977901867817 2.215772884971476171e-011 
3.5499999999997200462 0.27374132836623421561 -1.5201846574183095484 -2.5342364977969706885 1.7057548621073576961e-011 
3.5749999999997172928 0.27374084644880231076 -1.5201809087174780188 -2.5342364978025226918 1.5895052579126283131e-011 
3.5999999999997145395 0.27374094747051336274 -1.5201838955629405348 -2.5342364978079028326 1.4683246939017283819e-011 
3.6249999999997117861 0.27374107792532526018 -1.5201849036915509039 -2.5342364978121034724 7.6718338126732162005e-012 
3.6499999999997090327 0.27374165181735260477 -1.5201782105174164172 -2.5342364978144731325 9.4251881389081989438e-012 
3.6749999999997062794 0.27374187310955999664 -1.520176126068408573 -2.5342364978179743318 8.3981713356195530207e-012 
3.699999999999703526 0.27374141018721170893 -1.5201855283102441163 -2.5342364978206473047 7.087348199311115926e-012 
3.7249999999997007727 0.27374121015957886272 -1.520194403259544913 -2.5342364978223788086 3.6203561746450635317e-012 
3.7499999999996980193 0.27374128843191525284 -1.5201843944659696461 -2.5342364978240503604 5.7446223831914900081e-012 
3.774999999999695266 0.27374147391236969273 -1.520175029576117165 -2.5342364978255900176 3.0054509956726769774e-012 
3.7999999999996925126 0.27374167349015360307 -1.5201804053021665819 -2.5342364978266931352 3.4306224138141710371e-012 
3.8249999999996897593 0.27374152899567455455 -1.5201804846397792836 -2.534236497827786927 2.8995071002463119837e-012 
3.8499999999996870059 0.27374131780493166088 -1.5201804037108004319 -2.5342364978286200383 1.8482991240953136244e-012 
3.8749999999996842526 0.27374124777850405987 -1.5201870439275042557 -2.5342364978293137057 2.1361988035997840427e-012 
3.8999999999996814992 0.27374132816481283603 -1.5201854500461309261 -2.5342364978299434242 1.6027550744622701118e-012 
3.9249999999996787459 0.27374163157602099394 -1.5201797344510172838 -2.5342364978304323664 9.8324333306598765509e-013 
3.9499999999996759925 0.27374159563380895399 -1.5201805720729586469 -2.5342364978307978518 1.4697913962903329903e-012 
3.9749999999996732392 0.27374121503730464156 -1.5201839084508550481 -2.5342364978312623691 8.147663462340495121e-013 
3.9999999999996704858 0.27374122055153637945 -1.5201837525744419377 -2.5342364978314844137 7.6471912419383999027e-013 
4.0249999999996788347 0.27374143932025923887 -1.5201815922809043258 -2.5342364978317584168 6.9448838869658691338e-013 
4.0499999999996871836 0.27374152065103257714 -1.5201823148852591228 -2.5342364978319906754 5.9021708059646452496e-013 
4.0749999999996955324 0.27374157100460966285 -1.5201830505437810004 -2.5342364978321225699 3.0203322492590545837e-013 
4.0999999999997038813 0.2737414977857221543 -1.5201812513801375992 -2.5342364978322882152 5.7043403664800743456e-013 
4.1249999999997122302 0.27374137646227580944 -1.5201820026297101496 -2.5342364978324458669 3.1170221785401803728e-013 
4.1499999999997205791 0.27374134878464662091 -1.5201837566508298316 -2.534236497832516477 1.7370962940298456629e-013 
4.1749999999997289279 0.27374133711905146438 -1.5201816436842596758 -2.5342364978326132885 3.1051112506674116651e-013 
4.1999999999997372768 0.27374141989434108702 -1.5201807918152638877 -2.5342364978326923364 1.8733216432577495112e-013 
4.2249999999997456257 0.27374150202690888944 -1.5201839292620937805 -2.5342364978327527325 1.3610194168325105302e-013 
4.2499999999997539746 0.27374141437160998125 -1.520184451167664097 -2.5342364978328006941 1.6640613677924599964e-013 
4.2749999999997623235 0.27374136413824651237 -1.5201821104063562018 -2.5342364978328522085 1.0044975958142694169e-013 
4.2999999999997706723 0.27374141282647757034 -1.5201816266001215716 -2.5342364978328855152 1.1841877594652071607e-013 
4.3249999999997790212 0.27374145114175763016 -1.5201818749519218077 -2.5342364978329183778 5.1516610789510316764e-014 
4.3499999999997873701 0.27374150007820308161 -1.5201817056187794108 -2.5342364978329401382 8.2261480158870950416e-014 
4.374999999999795719 0.27374146771859103611 -1.5201822508059177341 -2.5342364978329645631 6.4462528385644823367e-014 
4.3999999999998040678 0.27374136886299338389 -1.5201832029976296567 -2.5342364978329858793 4.4971510227595000654e-014 
4.4249999999998124167 0.27374137143245336201 -1.5201833335740548847 -2.5342364978329987579 3.8580902071662415346e-014 
4.4499999999998207656 0.27374141059117029773 -1.5201821782891382639 -2.5342364978330111924 3.2617674958143671108e-014 
4.4749999999998291145 0.27374141740396490396 -1.5201817674540358816 -2.5342364978330227387 3.2136008090107682754e-014 
4.4999999999998374633 0.2737414396866642563 -1.5201826030697147552 -2.5342364978330316205 2.2595667195084327179e-014 
4.5249999999998458122 0.27374143976210596474 -1.5201826324977580907 -2.5342364978330405023 2.2523920065201514679e-014 
4.5499999999998541611 0.27374142013872365675 -1.5201824486391624092 -2.5342364978330458314 1.5662965498693225687e-014 
4.57499999999986251 0.27374141823794573281 -1.5201826265442381914 -2.5342364978330520486 1.3871482964027920426e-014 
4.5999999999998708589 0.27374142303138698784 -1.5201821936133921298 -2.5342364978330560454 1.2166326328728124787e-014 
4.6249999999998792077 0.27374144343119916067 -1.5201820151121521185 -2.5342364978330613745 1.1042143694349563005e-014 
4.6499999999998875566 0.27374144192423954802 -1.520182519406252597 -2.534236497833063595 8.2381833837677340561e-015 
4.6749999999998959055 0.27374139977794881284 -1.520182681281516679 -2.5342364978330658154 6.2867026317111391901e-015 
4.6999999999999042544 0.27374139437750627524 -1.5201824720993033502 -2.5342364978330684799 7.8665934820660283502e-015 
4.7249999999999126032 0.27374142262884415544 -1.5201824369241800916 -2.5342364978330707004 3.5000031813489559889e-015 
4.7499999999999209521 0.27374142874435630768 -1.5201825512741242719 -2.5342364978330715886 4.0697087206988982724e-015 
4.774999999999929301 0.27374142979950610854 -1.5201824828483472274 -2.5342364978330733649 4.7630946195476243736e-015 
4.7999999999999376499 0.27374143271158862811 -1.5201823009864821046 -2.5342364978330751413 2.3817447909105989551e-015 
4.8249999999999459988 0.27374142706911458456 -1.5201823421738054343 -2.5342364978330760295 2.6668807424938681087e-015 
4.8499999999999543476 0.27374142236306592268 -1.5201824357673943133 -2.5342364978330760295 1.9984372454571159936e-015 
4.8749999999999626965 0.2737414153970383901 -1.52018234436250399 -2.5342364978330773617 1.6137299632616526007e-015 
4.8999999999999710454 0.27374141335786444929 -1.5201823991091201194 -2.5342364978330769176 1.7949585067475550395e-015 
4.9249999999999793943 0.2737414240237832086 -1.5201826346291800185 -2.5342364978330782499 1.3382767572645961329e-015 
4.9499999999999877431 0.27374142971647114075 -1.520182569994878774 -2.5342364978330782499 7.2024312236514735863e-016 
4.974999999999996092 0.27374142764327175081 -1.5201823393709883447 -2.534236497833078694 1.1239980262743119856e-015 
