0.025000000000000015266 0.59435505487159867588 0.00047580662725318911832 -2.2475971206279830028 0.039204520243255915057 
0.05000000000000003747 0.57110046343219211806 0.016663931089489658621 -2.2574869810980766616 0.054537514697560157684 
0.075000000000000052736 0.4365183127818655362 -0.0050693565595150702485 -2.2828161669576823023 0.086594754359303194313 
0.10000000000000007494 0.40331723546799075342 -0.052254266158128892528 -2.3255524433269267881 0.10160025660378033119 
0.12500000000000008327 0.24592012913860586409 -0.41115481412043386467 -2.3534732383100283037 0.051290758182148246669 
0.15000000000000010547 0.23371583477754684366 -1.8666925643932619217 -2.3695045958612652726 0.041561092396666519944 
0.17500000000000012768 0.30421744063640965283 -2.3431817601989615163 -2.3856477984003832127 0.044440439555206011357 
0.20000000000000014988 0.254583178061159765 -1.4234926753936449906 -2.4002007310521547012 0.025155854269507976761 
0.22500000000000017208 0.2444591450592810411 -1.7206388332386399753 -2.4087840057837959229 0.027160671436864694539 
0.25000000000000016653 0.27518152094738834723 -1.2557195314324980373 -2.4215300374103922998 0.035747709628212241684 
0.27500000000000018874 0.28806127131506653605 -0.21168825877899066779 -2.4316659447498625291 0.017679820103888955335 
0.30000000000000021094 0.31024711565003509905 -0.40084605632691733268 -2.4367580929682284285 0.010435765216793797816 
0.32500000000000023315 0.30359746902049139505 -0.51689388753805887156 -2.4425636391155878258 0.019248539776172315929 
0.35000000000000025535 0.31199564426725934219 -1.1620010037996788554 -2.4492392338104811422 0.015604262462028496011 
0.37500000000000027756 0.30771908858902530248 -1.8039992782775557956 -2.4529849736441349251 0.0058090908301255874541 
0.40000000000000029976 0.27357996911975768217 -1.2199353491734656885 -2.4556686641186575848 0.0076598371154058923771 
0.42500000000000032196 0.29976832514101103833 -0.91442784709076718741 -2.4594991825669856311 0.011437196550241028256 
0.45000000000000034417 0.32287169915887442562 -0.35369554975765576943 -2.4637121214034625183 0.011635951535497580586 
0.47500000000000036637 0.33054111776443095838 0.089008918654368884837 -2.4673725965623001244 0.0080316428386246752069 
0.50000000000000033307 0.34015582687759787772 -0.16480728799704658094 -2.4700960038623018811 0.0045019365149338652979 
0.52500000000000035527 0.31512166574275418673 -0.16873518723581903966 -2.471912720764718685 0.0064926587534879049921 
0.55000000000000037748 0.30478462491808622215 -0.74571872599951594118 -2.474610489365948407 0.0075101638825518148707 
0.57500000000000039968 0.3186078952997598579 -1.4111832205700132192 -2.4772836288926112225 0.0068452646556612234408 
0.60000000000000042188 0.32319089905254311246 -1.3860031339964931085 -2.4802630977194919382 0.0084018613247835924329 
0.62500000000000044409 0.35301040419083423716 -1.4222429304977106668 -2.4834053453235074294 0.007727918837363917208 
0.65000000000000046629 0.35417037319258143357 -1.1951396119903128223 -2.4865417334121677762 0.0095249272658830558963 
0.6750000000000004885 0.32008281586867914914 -1.0167082895567094436 -2.4903506276851832268 0.010348861970299222043 
0.7000000000000005107 0.3034705433497468241 -1.0959866579996790925 -2.4942403827173813546 0.0095455380953548916306 
0.72500000000000053291 0.28589510555542485548 -1.0683956240360310552 -2.4978586565019385013 0.0097161817069959539178 
0.75000000000000055511 0.28548128701575359312 -1.4888133489526667042 -2.5014460222016650093 0.0088561304303587610326 
0.77500000000000057732 0.30965770157235056326 -1.9764517770908347494 -2.5042128649032187049 0.0053276083824666262481 
0.80000000000000059952 0.31179871814081688841 -1.9955424207071561504 -2.5058041779670752192 0.0036514218114661774195 
0.82500000000000062172 0.30328351156568422731 -1.9688751877447656646 -2.5072082079522406417 0.00368775639361263851 
0.85000000000000064393 0.30149160554210652219 -1.8292195257732291047 -2.5084525186241961592 0.0028051343991540426438 
0.87500000000000066613 0.30708851483847326991 -1.5029015149742668278 -2.509535697125313547 0.0029852470753785687388 
0.90000000000000068834 0.32183480434515931989 -1.3051872964861002124 -2.5105210634434351746 0.0021008021956849276014 
0.92500000000000071054 0.32359626857441348147 -1.3161457645434442298 -2.5113448393203223752 0.0022815094704362517269 
0.95000000000000073275 0.3112857387500395645 -1.4189008205895363712 -2.5120502773404655983 0.0012628345196808649694 
0.97500000000000075495 0.30308890304224578305 -1.6100770811424955919 -2.5124124440518906809 0.00092087703153868731044 
1.0000000000000006661 0.30034570465254195604 -1.7939988533924959846 -2.5128221124078069515 0.0010890893255290033919 
1.0249999999999979128 0.30233230489966722576 -1.8068122322553146208 -2.5131878079027201167 0.00089281831371788996591 
1.0499999999999951594 0.3080845279494001665 -1.6519814719481211718 -2.5135213456390013143 0.00084533164910004731339 
1.0749999999999924061 0.31460121599002832671 -1.5120222975126349496 -2.5137958469299097608 0.00052384667941269137496 
1.0999999999999896527 0.31946876352464986804 -1.5056989255721959786 -2.5139400986063047405 0.00033733126427844332658 
1.1249999999999868994 0.31638302755247260656 -1.528956733891210451 -2.5140801958264562543 0.00039457167969445764572 
1.149999999999984146 0.30966997667201440203 -1.5404042800692507864 -2.5142459796972675967 0.00044659175156449377932 
1.1749999999999813927 0.30712143146183440434 -1.584407681543139379 -2.514383176135999598 0.00026395156053227029251 
1.1999999999999786393 0.30681256532164147277 -1.6139219945838325643 -2.5144559546594487109 0.00013300332757900716033 
1.224999999999975886 0.30933674523087639763 -1.6095110279542095277 -2.5145140423841403354 0.00020665510643381684408 
1.2499999999999731326 0.31287286786217977097 -1.5717526488301625243 -2.5145971868091696599 0.00018532354649670809026 
1.2749999999999703792 0.31222198956686564308 -1.5359496951210234172 -2.5146452498429008315 8.9187914070126459408e-005 
1.2999999999999676259 0.31101717741434042885 -1.5648565845933148921 -2.5146868858382496192 0.00012886512460132318997 
1.3249999999999648725 0.31099350119520857705 -1.5947964555777176532 -2.5147252974985088159 6.8164000139090107902e-005 
1.3499999999999621192 0.31027545902498360197 -1.5866275329109198466 -2.514750999316234914 7.6945768787098397091e-005 
1.3749999999999593658 0.3107502710824758263 -1.5998019346577425637 -2.514780575864994816 6.6695251338765552821e-005 
1.3999999999999566125 0.31153878305245430447 -1.6044347061442578717 -2.5147987748776690076 3.6885376673680612643e-005 
1.4249999999999538591 0.31105567785112064882 -1.5731514200809555426 -2.5148130707860216759 3.8033111574180633141e-005 
1.4499999999999511058 0.31081120384784688415 -1.5550382562177027523 -2.5148281923204325317 4.1011248607720846503e-005 
1.4749999999999483524 0.31089687530424148232 -1.546310968257563756 -2.5148415472956875405 2.6730059306742164841e-005 
1.4999999999999455991 0.31111800813881185235 -1.5470134843396339264 -2.5148496592208715583 1.8646657095122309465e-005 
1.5249999999999428457 0.31149944417138974995 -1.5763886083285860717 -2.5148569626887402606 2.0067783001677624681e-005 
1.5499999999999400924 0.31113435132940536754 -1.5976636840251312588 -2.5148639147023463813 1.4821015979206716382e-005 
1.574999999999937339 0.31041426397293564454 -1.5946861186873677596 -2.5148689782472355425 1.3582074590563224703e-005 
1.5999999999999345857 0.31034861551581921502 -1.5878156685538242776 -2.514874102077295337 1.2272063156240457793e-005 
1.6249999999999318323 0.31091747189305590782 -1.5815868487313289314 -2.5148775735838100331 5.5227580574116754645e-006 
1.649999999999929079 0.3113705377713949507 -1.5756148743515003829 -2.5148795264826402374 6.9253997843281192475e-006 
1.6749999999999263256 0.3111503003558614977 -1.5676949611747104107 -2.5148828901020277016 9.154612890803918491e-006 
1.6999999999999235722 0.31105769746546568788 -1.5642397261417753107 -2.5148853554033578916 3.5646216850903893513e-006 
1.7249999999999208189 0.31138359547054089704 -1.5697354087416734991 -2.5148864768252572333 3.2435479854433512852e-006 
1.7499999999999180655 0.31124271348030146944 -1.5736942958959099226 -2.5148877547763617279 3.3116775425460279802e-006 
1.7749999999999153122 0.31083579116603787806 -1.5762718487138445145 -2.5148890561811243494 3.4647901947859255093e-006 
1.7999999999999125588 0.31064097879993823881 -1.5789600695220138427 -2.5148902360488465391 2.5441257819696347723e-006 
1.8249999999999098055 0.31061457230024464016 -1.5791077067430427938 -2.5148909869814555229 1.5443381082292818027e-006 
1.8499999999999070521 0.3109610719098656606 -1.5808286923779910627 -2.5148915075665776442 1.2740490921269702306e-006 
1.8749999999999042988 0.31128863559904940139 -1.5799104978100322327 -2.5148920158254179924 1.4308801454468789214e-006 
1.8999999999999015454 0.3111779457395128512 -1.5753317176431398394 -2.5148925531930377275 1.2991753988599807982e-006 
1.9249999999998987921 0.31104289176024751962 -1.5744062461118120133 -2.5148929626500065027 8.2156314624406442713e-007 
1.9499999999998960387 0.31099995648742223553 -1.5739333172712663966 -2.5148932162200035023 6.31843619510824048e-007 
1.9749999999998932854 0.31095888290142864596 -1.5728190780448438879 -2.5148934742968331868 6.8370889759486392815e-007 
1.999999999999890532 0.31102220448782219586 -1.5742579409242090094 -2.5148937060347220651 4.7827012790005137776e-007 
2.0249999999998880007 0.31104418525949401042 -1.5751622545323138436 -2.5148938411554775385 3.3739734633996170072e-007 
2.0499999999998852473 0.31096578765090288066 -1.5762108504835183886 -2.5148939989705807463 4.2300377901285707292e-007 
2.074999999999882494 0.3109052943595639884 -1.5782250732144182948 -2.5148941302502429984 2.9415063838780716113e-007 
2.0999999999998797406 0.31091586601940396362 -1.577595606999248723 -2.5148942362871964384 2.4422749664826701107e-007 
2.1249999999998769873 0.31102980757494214092 -1.5759929694626031438 -2.5148943062098161327 1.3887467195123401611e-007 
2.1499999999998742339 0.31112238963076876974 -1.5758038769830675641 -2.514894361062533612 1.5573643057701690645e-007 
2.1749999999998714806 0.31110126973660634508 -1.575421346449114246 -2.5148944182690664562 1.4413431691907311953e-007 
2.1999999999998687272 0.31103409370061529948 -1.5751096161688116215 -2.5148944749112973618 1.4918367873246376473e-007 
2.2249999999998659739 0.31094487964204658992 -1.5759100903299438912 -2.5148945217315357148 8.2878897934298285809e-008 
2.2499999999998632205 0.3109110730203732964 -1.5767084149129195758 -2.5148945392201840221 3.1975762546756225293e-008 
2.2749999999998604672 0.31096429749901299822 -1.5763355204548745725 -2.5148945602151022705 7.6235903899716187055e-008 
2.2999999999998577138 0.31100928297632163266 -1.5752512598899133245 -2.5148945893929739448 6.7326922259619012518e-008 
2.3249999999998549605 0.31105175935625067885 -1.5747417582914149392 -2.5148946077984910552 3.4448338173929150187e-008 
2.3499999999998522071 0.31107436053752157701 -1.5751398633903701541 -2.5148946215466008169 3.8128061458524013087e-008 
2.3749999999998494538 0.31102635823428692596 -1.5759622288452121985 -2.5148946335666328977 2.3910755241940399189e-008 
2.3999999999998467004 0.31098450212076611532 -1.5766839980290106027 -2.5148946420630724496 2.3395879663198492571e-008 
2.4249999999998439471 0.31097300625246776518 -1.5767479782005509037 -2.5148946510615406424 2.1741328137577431812e-008 
2.4499999999998411937 0.31097414509076826139 -1.5764487864118748028 -2.5148946578624054027 1.5328954305171865526e-008 
2.4749999999998384403 0.31101112354815285688 -1.5762446222651407268 -2.5148946637253843939 1.4837192584127917089e-008 
2.499999999999835687 0.31102800565789417986 -1.5757137549578781321 -2.5148946687747759654 1.2115086850677336859e-008 
2.5249999999998329336 0.3110010646932311329 -1.5751668824287075044 -2.5148946727358931774 7.9958854320818799022e-009 
2.5499999999998301803 0.31099461415965795608 -1.5752357999880541861 -2.5148946749601170936 4.9484302031828194647e-009 
2.5749999999998274269 0.31101369122286548485 -1.5754808662835493305 -2.5148946776214886611 8.8266625825376765003e-009 
2.5999999999998246736 0.3110278805366408772 -1.5757754847822524891 -2.514894680491704726 5.5873553898108353396e-009 
2.6249999999998219202 0.31102324089527716433 -1.5762043881636702558 -2.5148946822172058013 3.9641721082416423838e-009 
2.6499999999998191669 0.3110000298057713497 -1.5763339081069527303 -2.5148946836926717729 3.6159818308713556159e-009 
2.6749999999998164135 0.3109845635429349664 -1.5762588835154389688 -2.5148946847221540501 1.9352532952655115428e-009 
2.6999999999998136602 0.31098770696641003797 -1.5761626216023971736 -2.5148946855235916331 2.5956086999419260206e-009 
2.7249999999998109068 0.31100175775764238306 -1.5758828927887833515 -2.514894686666417023 3.0253455104222398825e-009 
2.7499999999998081535 0.31101839604194375655 -1.5756352796894723678 -2.5148946875242730314 1.39153021547538843e-009 
2.7749999999998054001 0.31102046060902943658 -1.5755929758751978653 -2.5148946879155795742 9.582523155907897109e-010 
2.7999999999998026468 0.31101118980532699299 -1.5756734930526248295 -2.5148946883067679892 1.0642560497510440568e-009 
2.8249999999997998934 0.31100479784089934965 -1.5758342161932337167 -2.5148946887354171054 1.1862833905359044356e-009 
2.84999999999979714 0.31100041839886888306 -1.5759454027522434849 -2.5148946891534875725 8.7606047362783900813e-010 
2.8749999999997943867 0.3110018389044793552 -1.5759806656525645607 -2.5148946893824919435 4.7979202733394425685e-010 
2.8999999999997916333 0.31100681356553422363 -1.5760113447053845093 -2.514894689586379517 5.3184124011518225132e-010 
2.92499999999978888 0.31100638228123428375 -1.5760042006072820797 -2.5148946897702595393 4.6520021600326315197e-010 
2.9499999999997861266 0.31100635539312698752 -1.5759408778497812076 -2.5148946899379636122 3.9610738857840113899e-010 
2.9749999999997833733 0.31100755225232379342 -1.5758507714441503111 -2.5148946900598789789 2.4312109048147172528e-010 
2.9999999999997806199 0.31100593249037172816 -1.5758113741313963807 -2.5148946901479192206 2.4910246842279796484e-010 
3.0249999999997778666 0.31100648044676959536 -1.5758293793400182103 -2.5148946902461379871 2.5079026939723657163e-010 
3.0499999999997751132 0.311007434561280105 -1.575830025335478668 -2.5148946903267939135 1.5990763696647738736e-010 
3.0749999999997723599 0.31100578253931704387 -1.5758706160515691952 -2.5148946903743731873 1.1169494109920874044e-010 
3.0999999999997696065 0.3110054443680079217 -1.5759430330259363018 -2.5148946904180027317 1.1552828980204829525e-010 
3.1249999999997668532 0.31100560317331044091 -1.5759332709434090702 -2.5148946904618574294 1.1283927103983979131e-010 
3.1499999999997640998 0.31100520100645917543 -1.5758977007081533817 -2.5148946905012325992 8.8425103934959721851e-011 
3.1749999999997613465 0.31100623957096634742 -1.5758869167553255508 -2.5148946905252347328 4.4383393205383808614e-011 
3.1999999999997585931 0.3110078288771238042 -1.575865144258417283 -2.5148946905452320699 6.145409815273996528e-011 
3.2249999999997558398 0.31100834604463639677 -1.5758694628307658991 -2.5148946905650428896 4.0213606465316892406e-011 
3.2499999999997530864 0.31100676329379423057 -1.5758968201925449559 -2.514894690580228076 4.4182798434853903968e-011 
3.274999999999750333 0.31100424471437704277 -1.5759014786931557772 -2.5148946905965230414 3.3309448801157940691e-011 
3.2999999999997475797 0.31100388617493651688 -1.5758981447614996974 -2.5148946906039228999 1.3151833802394178846e-011 
3.3249999999997448263 0.31100551482394972469 -1.5758942370159141344 -2.5148946906116012023 2.6260624378134870065e-011 
3.349999999999742073 0.31100716491727437019 -1.5758829800993181536 -2.5148946906210434271 2.0987907259419414624e-011 
3.3749999999997393196 0.31100772105515656074 -1.5758729409164198287 -2.5148946906271305579 1.2052916823177025688e-011 
3.3999999999997365663 0.31100693050579297783 -1.5758696645453480478 -2.5148946906312468208 9.9146884200840518198e-012 
3.4249999999997338129 0.31100624564459689037 -1.575880244404976871 -2.5148946906350255759 1.0519784236365112901e-011 
3.4499999999997310596 0.31100606162558042111 -1.575897710047300837 -2.5148946906388274236 8.7884697194386311432e-012 
3.4749999999997283062 0.31100564325662943821 -1.5759037893611109737 -2.5148946906417450897 6.5174345688816376761e-012 
3.4999999999997255529 0.31100568548301976701 -1.5758992453232272268 -2.5148946906439677562 5.5443091731316257427e-012 
3.5249999999997227995 0.31100612340589545157 -1.5758928269505521058 -2.5148946906458147232 4.0507410644052021016e-012 
3.5499999999997200462 0.31100626193761826688 -1.5758863690024629278 -2.514894690647331732 4.1194394791021524016e-012 
3.5749999999997172928 0.31100644762579499059 -1.5758792229093461223 -2.5148946906488287567 3.3403173187988492109e-012 
3.5999999999997145395 0.3110064928666382289 -1.5758756811105467666 -2.5148946906496907339 1.613952862960780032e-012 
3.6249999999997117861 0.31100623808559824113 -1.5758827355504125833 -2.5148946906505669219 3.0420408236641831838e-012 
3.6499999999997090327 0.3110061877027806565 -1.575892070541290213 -2.5148946906515696753 1.7952811925914706276e-012 
3.6749999999997062794 0.3110062266408678 -1.57589269254579456 -2.5148946906520488476 1.0761998453773691153e-012 
3.699999999999703526 0.31100617064750035734 -1.5758914861310908684 -2.5148946906524858314 1.1448033834954676635e-012 
3.7249999999997007727 0.31100615127789332792 -1.5758912339806103731 -2.5148946906528744094 9.8989703643802081727e-013 
3.7499999999996980193 0.3110061447045618932 -1.5758878938338161113 -2.5148946906532887446 1.0525915202607370732e-012 
3.774999999999695266 0.3110061737917227398 -1.5758864432311834314 -2.5148946906536129298 7.0499034227173101178e-013 
3.7999999999996925126 0.31100624828276257627 -1.5758866126625377113 -2.514894690653833198 4.4904606681272406523e-013 
3.8249999999996897593 0.31100633789424847464 -1.5758853796992955409 -2.5148946906539815238 3.4344301602482497149e-013 
3.8499999999996870059 0.31100635992677505559 -1.5758871578676976188 -2.5148946906541214119 4.3447491667095022067e-013 
3.8749999999996842526 0.31100619080269742422 -1.5758894359936275187 -2.5148946906542954949 4.3738343045249818952e-013 
3.8999999999996814992 0.31100603402533372188 -1.5758883035596888966 -2.514894690654430498 2.4664997491026594856e-013 
3.9249999999996787459 0.31100608517623901106 -1.5758878896757377852 -2.5148946906544944468 1.4236087520893834204e-013 
3.9499999999996759925 0.31100622601491878516 -1.5758886748792302335 -2.5148946906545583957 1.8187525390309038126e-013 
3.9749999999996732392 0.31100635241920110419 -1.5758884753475701501 -2.5148946906546236768 1.6199021061960742746e-013 
3.9999999999996704858 0.31100634570944679647 -1.5758878563478750934 -2.5148946906546836288 1.452646269159657757e-013 
4.0249999999996788347 0.3110062070984311311 -1.5758873169283669213 -2.5148946906547271496 8.5058487905468185171e-014 
4.0499999999996871836 0.31100615560494870859 -1.5758875782618031458 -2.5148946906547586799 8.777243565060050896e-014 
4.0749999999996955324 0.31100619059012879486 -1.5758881418468579927 -2.5148946906547871016 6.3881305302076272377e-014 
4.0999999999997038813 0.3110061974308108157 -1.5758879286909759365 -2.5148946906548110825 5.9180350544810192978e-014 
4.1249999999997122302 0.31100620929934996717 -1.5758877097390144861 -2.5148946906548310665 4.4066783562148270479e-014 
4.1499999999997205791 0.31100621888605117782 -1.5758879026975447513 -2.5148946906548461655 3.6444821712628716582e-014 
4.1749999999997289279 0.31100621444376458369 -1.5758882837115788522 -2.5148946906548621527 4.5933395912732041891e-014 
4.1999999999997372768 0.31100622157282131752 -1.5758884093697869133 -2.5148946906548759195 2.2339785597461445688e-014 
4.2249999999997456257 0.31100622069834166217 -1.5758879322661596412 -2.5148946906548816926 1.3124669359000097162e-014 
4.2499999999997539746 0.31100622709026476409 -1.5758876698971859831 -2.514894690654888354 2.1806265224935518619e-014 
4.2749999999997623235 0.31100624664301435018 -1.5758877119511760512 -2.5148946906548954594 1.6367713435614572784e-014 
4.2999999999997706723 0.31100623745791033947 -1.5758877087938036876 -2.5148946906549016767 1.4726867649174243921e-014 
4.3249999999997790212 0.31100620576872167744 -1.5758880517424898038 -2.5148946906549070057 1.0804647412046317643e-014 
4.3499999999997873701 0.31100618274117036721 -1.5758882490922272446 -2.5148946906549101143 4.0103452370796079825e-015 
4.374999999999795719 0.31100618765700788204 -1.5758880468135783026 -2.5148946906549110025 7.6185612451137263902e-015 
4.3999999999998040678 0.31100621616335549779 -1.5758879847821569697 -2.5148946906549149993 8.158743905178075695e-015 
4.4249999999998124167 0.31100623533331372972 -1.5758878133136007271 -2.5148946906549167757 4.95576164714594817e-015 
4.4499999999998207656 0.31100623922535874932 -1.5758876380667183881 -2.514894690654918108 2.4028492074202782403e-015 
4.4749999999998291145 0.31100623085228146225 -1.5758879143423405456 -2.5148946906549194402 4.0380634054722454324e-015 
4.4999999999998374633 0.31100620901927977791 -1.575888159776245967 -2.5148946906549207725 2.5297680033349647471e-015 
4.5249999999998458122 0.3110062021550856759 -1.5758881006387430723 -2.5148946906549221048 2.1024891530257230651e-015 
4.5499999999998541611 0.31100621391502197843 -1.5758880309121074959 -2.5148946906549216607 2.1544250213221883592e-015 
4.57499999999986251 0.31100622113448106454 -1.575887967797905187 -2.5148946906549229929 1.403769205971734912e-015 
4.5999999999998708589 0.31100622364009777865 -1.5758878565391980509 -2.514894690654923437 1.4469448453068770637e-015 
4.6249999999998792077 0.31100621855175358821 -1.5758877806068132266 -2.5148946906549243252 9.6838945198117056463e-016 
4.6499999999998875566 0.31100620969028641705 -1.5758878063481400744 -2.5148946906549243252 5.4180133809261903862e-016 
4.6749999999998959055 0.31100621423913066277 -1.5758879201735467301 -2.5148946906549247693 9.8486743743286974676e-016 
4.6999999999999042544 0.3110062222515659891 -1.5758880343078618402 -2.5148946906549247693 7.4621405946714655586e-016 
4.7249999999999126032 0.31100622126689081437 -1.5758880850440479815 -2.5148946906549247693 3.2670835364837700387e-016 
4.7499999999999209521 0.31100621754523066764 -1.5758880525376803838 -2.5148946906549265456 3.4728108753665067112e-016 
4.774999999999929301 0.31100621416216878146 -1.5758879794650542117 -2.5148946906549247693 3.7481670705461124878e-016 
4.7999999999999376499 0.31100621424665247927 -1.575887931179524859 -2.5148946906549256575 3.3254543347019915602e-016 
4.8249999999999459988 0.31100621803684053157 -1.5758878810608036858 -2.5148946906549252134 1.9869880320994764631e-016 
4.8499999999999543476 0.31100621967252184419 -1.5758878381713583572 -2.5148946906549265456 1.9616316802964864495e-016 
4.8749999999999626965 0.31100621940855649461 -1.5758878742671684758 -2.5148946906549261016 1.2926572715260235487e-016 
4.8999999999999710454 0.31100621841007608515 -1.5758879472793050347 -2.5148946906549252134 1.4182499595983752625e-016 
4.9249999999999793943 0.31100621650316451205 -1.5758879948996189491 -2.5148946906549265456 1.2725007141655881842e-016 
4.9499999999999877431 0.31100621530987238028 -1.5758880130104235828 -2.5148946906549256575 7.5999333334495805283e-017 
4.974999999999996092 0.31100621490766094945 -1.575887985154295734 -2.5148946906549261016 6.292708083417551828e-017 
