0.025000000000000015266 0.59438593536546990848 0.0004760153323200809472 -2.2475609895514692127 0.039225869826980439004 
0.05000000000000003747 0.57111073965778358374 0.016671929797302073584 -2.257429971626441656 0.054596979668232084593 
0.075000000000000052736 0.43642834436853106261 -0.0051097083547335109266 -2.2827158908184870256 0.086708300741380250898 
0.10000000000000007494 0.40316235773254827102 -0.05228491433375248576 -2.3253782388459010022 0.10171064058907239303 
0.12500000000000008327 0.24566094923859843613 -0.41117326589718194985 -2.3532486455452317209 0.051371330395756371889 
0.15000000000000010547 0.23355239376826816833 -1.8689383434666821948 -2.3692717882539922059 0.041693332347492152723 
0.17500000000000012768 0.30417227200144753008 -2.3465561985332703543 -2.3854122781612541182 0.044551549753069470683 
0.20000000000000014988 0.25432099356326176576 -1.4250222710677562521 -2.3999571236171095556 0.025201112273038808048 
0.22500000000000017208 0.24406670078517628264 -1.7240346597265903128 -2.4085325085186162219 0.027241699780047288343 
0.25000000000000016653 0.27486012485389910154 -1.2582298993276086474 -2.4212854194762405413 0.035892196142347870813 
0.27500000000000018874 0.28790352897379967168 -0.20817421715492012702 -2.4314440841113720282 0.017810843047261489674 
0.30000000000000021094 0.31025869545363737867 -0.39568782135847835324 -2.4365563778363661385 0.010465308308928313041 
0.32500000000000023315 0.30357532363535394415 -0.50959129663001423438 -2.4423546207145259146 0.019286800286275836147 
0.35000000000000025535 0.31180539472399149137 -1.154999001034898054 -2.4490245616299413101 0.015644144315699146097 
0.37500000000000027756 0.30665287309231181734 -1.8000365315060733451 -2.4527446674296160545 0.0056735197092618568429 
0.40000000000000029976 0.27167432720155365589 -1.213834814270303486 -2.4553183551173942689 0.0072153676796916444217 
0.42500000000000032196 0.29723991929307769233 -0.90666658705587799272 -2.4588988811954379798 0.010619879124754632443 
0.45000000000000034417 0.31791701709300212997 -0.32646427195622929052 -2.4627664973828591322 0.010902929050238261907 
0.47500000000000036637 0.32463244373299893208 0.20957355445519731951 -2.466372222656918467 0.0086958363991551813205 
0.50000000000000033307 0.33926566542012237537 0.1387526011201699605 -2.4695081505949918466 0.0055796469238969829615 
0.52500000000000035527 0.31679353534640486423 0.33474254997325691985 -2.4714845736122166286 0.0063226431850013807209 
0.55000000000000037748 0.30267863441696174487 0.036150932999831963954 -2.4741074614724825054 0.0077655217785351201079 
0.57500000000000039968 0.3114361747433374572 -0.1992980497292357045 -2.4771136960120978543 0.008141681271435502118 
0.60000000000000042188 0.31114666462166101768 0.26182810380582555165 -2.4808492886562993895 0.012041976771135848995 
0.62500000000000044409 0.33996407108610732228 0.63156738578558480057 -2.4861851583361147533 0.014439409373538538914 
0.65000000000000046629 0.3405698949513663587 1.2560795992165396662 -2.4917162084456023763 0.015633847724062382295 
0.6750000000000004885 0.30293535693148221366 -1.4919838714343645059 -2.4972480753721351121 0.012580847110501039779 
0.7000000000000005107 0.28514622914581227997 -1.6268992256449412714 -2.5008270212240062413 0.0058968801316843042631 
0.72500000000000053291 0.27850063263583574313 -1.5661830259440461255 -2.5022863236556545097 0.0031043451399196887903 
0.75000000000000055511 0.29164843769559550823 -1.6797272108546383862 -2.503961755901228603 0.0062261749141578129341 
0.77500000000000057732 0.31816753215710497082 -1.8020087013167866985 -2.5064602738791079695 0.0056926714231583432774 
0.80000000000000059952 0.32028868613468292059 -1.6097658301315562746 -2.5079922006610857466 0.0023849294538961138788 
0.82500000000000062172 0.31674144607815524211 -1.6664289248089181328 -2.5086892961448361561 0.0022728755955957742445 
0.85000000000000064393 0.31573829909661149662 -1.7162668981425230896 -2.5097931490060951809 0.0031201963940186761871 
0.87500000000000066613 0.30751453927542549138 -1.5182835366582145831 -2.510809413079083896 0.0019409664227535464946 
0.90000000000000068834 0.30378259275975411091 -1.6080965806157356823 -2.5113557952987854982 0.0011727424929277988942 
0.92500000000000071054 0.29972590769470991434 -1.7624224593585089416 -2.5117717974800677361 0.0012510921135514380901 
0.95000000000000073275 0.30137068416061996157 -1.7172876565301540275 -2.5123241652518286671 0.0014016991274326459898 
0.97500000000000075495 0.31313103779758139078 -1.7238798686978125119 -2.5127781271759372927 0.0010161197526044516391 
1.0000000000000006661 0.31595962449990461218 -1.7149149615589824869 -2.5130676718470783548 0.00053932245338174020222 
1.0249999999999979128 0.31419578610289011777 -1.6520685983442902067 -2.5132686436438853583 0.00060439110573643113362 
1.0499999999999951594 0.31356782452758602542 -1.6321721357154550525 -2.5135080882326334972 0.0005862166462195542941 
1.0749999999999924061 0.30624319610358929911 -1.6023825766780324109 -2.5137060776439583698 0.00045726572625778280157 
1.0999999999999896527 0.30352673668236368476 -1.6144628731240810993 -2.5138448127311203706 0.00028721819527985690103 
1.1249999999999868994 0.30779988473941727323 -1.6361744297101386003 -2.5139554613325629795 0.00032077062701260417076 
1.149999999999984146 0.31050623007917682594 -1.6298152410241706356 -2.5140720016424578098 0.0002746307404466605739 
1.1749999999999813927 0.31345425643692209627 -1.6935865380192067775 -2.5141595158889011863 0.00016630254660627487198 
1.1999999999999786393 0.31245117368812785896 -1.7359037253485793961 -2.5142119471814905474 0.00015291749993686095201 
1.224999999999975886 0.30814857330529732415 -1.6813619447570227194 -2.5142715282811587407 0.00013939558300036730492 
1.2499999999999731326 0.30840036819005312019 -1.6592202619696887478 -2.5143197266701249326 0.00012307170332894490383 
1.2749999999999703792 0.30970011509524725257 -1.6595927723786250141 -2.5143663697308342719 0.00011227090889626946608 
1.2999999999999676259 0.31026399680349253662 -1.6323133257525661577 -2.5143979343824374162 5.903278259008102268e-005 
1.3249999999999648725 0.31146541774213748477 -1.6239200455702424986 -2.5144165126158011248 4.9303966141586891313e-005 
1.3499999999999621192 0.31049773650361550681 -1.6387601157333726576 -2.5144423546470640041 7.5604813148150406535e-005 
1.3749999999999593658 0.30952984615887285669 -1.6640405213909372772 -2.5144634893755610783 3.8996997782534455895e-005 
1.3999999999999566125 0.30969893719593855064 -1.6727251551027333409 -2.5144765501658428164 3.1957213327507357653e-005 
1.4249999999999538591 0.30915040479929445372 -1.6648707551812109706 -2.5144884602331059043 2.94625776757645745e-005 
1.4499999999999511058 0.30943883476949979316 -1.6710417225871865288 -2.5144989968831392702 2.7275996754140531352e-005 
1.4749999999999483524 0.30996222293034036976 -1.6609033141200453265 -2.5145088000552364704 2.3649211096871455552e-005 
1.4999999999999455991 0.30984276499165269714 -1.6479282871842440006 -2.5145157852877777493 1.2089339717474393928e-005 
1.5249999999999428457 0.31038267277344727679 -1.6625412217105288715 -2.5145198528987946496 1.2907311101831675816e-005 
1.5499999999999400924 0.31067199003018380887 -1.6619588282333630502 -2.5145260420389448086 1.6897053703375298123e-005 
1.574999999999937339 0.31050680181226170129 -1.6526670676161652196 -2.5145305517892637681 6.9394016163092575919e-006 
1.5999999999999345857 0.31032995242422345417 -1.6565362823293472427 -2.5145327230954910291 6.3941351988141836317e-006 
1.6249999999999318323 0.30965465783820522727 -1.6543978645915864423 -2.5145357939076791176 8.5500892029428138415e-006 
1.649999999999929079 0.30950865617969697263 -1.6543996001722642841 -2.5145385469307748316 5.8593307606308402238e-006 
1.6749999999999263256 0.30985567952122677893 -1.6557667712317143405 -2.5145402224229398414 3.5574486107424942211e-006 
1.6999999999999235722 0.30972090022843906665 -1.6552839645367396493 -2.5145414851005840617 2.8060980464153489782e-006 
1.7249999999999208189 0.30986109823584623291 -1.6641022665063238684 -2.514542695640115344 4.0417871553228272184e-006 
1.7499999999999180655 0.31019234244432969394 -1.6651863827507475957 -2.5145442052252997556 3.3320885747544243897e-006 
1.7749999999999153122 0.31011657170574835618 -1.6588836968197351318 -2.514545016897480334 1.1138360599208019708e-006 
1.7999999999999125588 0.31012039269542585052 -1.6597753248804372195 -2.5145454597494989457 1.5011222174570182477e-006 
1.8249999999999098055 0.31022263146520440147 -1.6558249365310300227 -2.5145461754907558749 2.126482463787030306e-006 
1.8499999999999070521 0.31021488392480695007 -1.6514979457181993006 -2.5145467915362518241 1.0531824892758062501e-006 
1.8749999999999042988 0.31006692198787433323 -1.6562427110357016424 -2.5145471235916310171 6.9133741036382206179e-007 
1.8999999999999015454 0.30976544565691754851 -1.6581228992642642606 -2.5145473843743069153 8.7638914149891424665e-007 
1.9249999999998987921 0.309711932158417802 -1.6575916298241590852 -2.5145477476762243541 9.1637461338452177408e-007 
1.9499999999998960387 0.30991164927005726559 -1.6596768175462566219 -2.5145480322032462972 5.282574325287372841e-007 
1.9749999999998932854 0.31006296541029076952 -1.6595331327015936385 -2.5145481697855869285 2.51952321097962621e-007 
1.999999999999890532 0.31019551579621207349 -1.6582861783133671096 -2.5145482791404809575 4.124572604157985631e-007 
2.0249999999998880007 0.31015319107307709467 -1.6577140372879528574 -2.5145484542682119411 4.2122027666422714807e-007 
2.0499999999998852473 0.30996364382851843144 -1.6573591976366408574 -2.5145485885347285127 2.7651441937494370829e-007 
2.074999999999882494 0.30992285648605782944 -1.6584127582737990814 -2.5145486588268193273 1.34156797362288968e-007 
2.0999999999998797406 0.30994540156916294826 -1.6582530288343813041 -2.5145487211110775227 1.9975015626112989015e-007 
2.1249999999998769873 0.30998876176422845985 -1.6569363488252228933 -2.5145487965576438505 1.7916423071745341286e-007 
2.1499999999998742339 0.31007647807763788483 -1.657481779768628094 -2.514548848873842779 9.0802887676518580572e-008 
2.1749999999998714806 0.31006243413288070432 -1.657571020770668202 -2.5145488768803310187 8.3718046899012901243e-008 
2.1999999999998687272 0.31002597637118406437 -1.6570636519253494345 -2.5145489182626366009 1.2124071779008040996e-007 
2.2249999999998659739 0.31002147127147200445 -1.6581727936292307568 -2.5145489566627401423 7.5023752345089478987e-008 
2.2499999999998632205 0.30997494476503872907 -1.6586495622707677633 -2.5145489774480789258 3.7558476579416789292e-008 
2.2749999999998604672 0.30997311503066499183 -1.6580628576132456775 -2.5145489895699304483 3.3962629601646227226e-008 
2.2999999999998577138 0.30999430049538267973 -1.6580703606389435301 -2.5145490056223995801 5.1662141264406275991e-008 
2.3249999999998549605 0.30998629405594668729 -1.6581101822011405922 -2.514549025740948629 4.4912262469523335728e-008 
2.3499999999998522071 0.31002560542679435951 -1.657903319154242272 -2.514549036731968279 1.5520413219008900357e-008 
2.3749999999998494538 0.31005339523348973696 -1.6575382128534661419 -2.5145490420793756847 1.9848673303548500281e-008 
2.3999999999998467004 0.31002808185312169531 -1.6574249321735163853 -2.5145490514023967066 2.3291229625213385204e-008 
2.4249999999998439471 0.31001074631840747076 -1.6578437624628572511 -2.5145490583241167926 1.3774715853720667176e-008 
2.4499999999998411937 0.30999121074758057004 -1.6578657785070549657 -2.5145490626095714504 1.0702680043054256746e-008 
2.4749999999998384403 0.3099876580920329916 -1.6577856071987517872 -2.5145490668363787989 1.1161260014095908699e-008 
2.499999999999835687 0.31001080600001706955 -1.6579663293490756182 -2.5145490709545419428 1.0161659167606531044e-008 
2.5249999999998329336 0.31002116225101844504 -1.6578207524814494445 -2.51454907442380593 7.5651945546133072656e-009 
2.5499999999998301803 0.31003131166221414849 -1.6578806277790230084 -2.514549076276797912 3.1868620992187714853e-009 
2.5749999999998274269 0.3100237755292757913 -1.6581335277806896755 -2.5145490778806318666 5.4717688093792115896e-009 
2.5999999999998246736 0.30998974076338325911 -1.6580339800325591959 -2.5145490800170477996 5.2095293497830699198e-009 
2.6249999999998219202 0.3099859530076374825 -1.6579257050521714056 -2.5145490815465962875 2.7422312503750916e-009 
2.6499999999998191669 0.31000269610572750434 -1.6577572286738728735 -2.5145490824811860264 2.7819216036823859253e-009 
2.6749999999998164135 0.31001316188035660248 -1.657612422143925901 -2.5145490834961612414 2.1860933851972399035e-009 
2.6999999999998136602 0.3100263078744228129 -1.6577169752608882369 -2.5145490842385482821 1.8944356380392278538e-009 
2.7249999999998109068 0.31002348682635488819 -1.6577444954245097453 -2.514549084928298317 1.6348627280227145357e-009 
2.7499999999998081535 0.3100112964586444475 -1.6578772190950257226 -2.514549085431756037 1.1271006041688157012e-009 
2.7749999999998054001 0.31001007483924097885 -1.6580876320522353051 -2.5145490858493757536 1.1302155561761710091e-009 
2.7999999999998026468 0.31000650314231653626 -1.6579670295723107909 -2.5145490863039783314 1.0528264679221526635e-009 
2.8249999999997998934 0.31000394174815365522 -1.6578667153607060669 -2.5145490865747741616 5.7245070675955012385e-010 
2.84999999999979714 0.31000707296405588531 -1.6579043391775263316 -2.514549086798195443 5.5735269678946003795e-010 
2.8749999999997943867 0.31000706292084984073 -1.6578151183560370097 -2.5145490870061468769 5.2328951582917749873e-010 
2.8999999999997916333 0.31001000423790686655 -1.6577860711594807341 -2.5145490871977846936 5.0442000345901372429e-010 
2.92499999999978888 0.31001395753243171649 -1.6578439192618277254 -2.5145490873553804079 3.1353412391703986361e-010 
2.9499999999997861266 0.31001372919702357978 -1.6578478326203658355 -2.5145490874484215382 1.8295048089791946173e-010 
2.9749999999997833733 0.31001358729456268692 -1.6578623086732044989 -2.5145490875337714876 2.9130707302072925959e-010 
2.9999999999997806199 0.31001008331416651798 -1.657862169964487542 -2.5145490876391867197 2.4283985337431044339e-010 
3.0249999999997778666 0.31000676647645269979 -1.6578508458797820424 -2.5145490877090566073 1.1913767434992257952e-010 
3.0499999999997751132 0.31000943727164259611 -1.6578745097194516056 -2.5145490877494607318 1.085320943126410221e-010 
3.0749999999997723599 0.31001071087835929685 -1.6578653126769760107 -2.514549087791949411 1.2375038442243842577e-010 
3.0999999999997696065 0.31001018693304188689 -1.6578648994571687503 -2.514549087838966468 1.0965943417880384797e-010 
3.1249999999997668532 0.31001075100126490591 -1.6579048688442206139 -2.5145490878714444882 6.2309851420694767166e-011 
3.1499999999997640998 0.31000987384696188087 -1.6578891436696920891 -2.51454908789130549 5.0275807193652470855e-011 
3.1749999999997613465 0.31000996506410422038 -1.6578497388617778885 -2.5145490879137954998 6.9003874788677456488e-011 
3.1999999999997585931 0.31001083351992958503 -1.6578379350837790795 -2.5145490879361891423 3.9665865210719977757e-011 
3.2249999999997558398 0.3100103811803399112 -1.6578194770183509732 -2.5145490879465106637 2.2571867646598261619e-011 
3.2499999999997530864 0.31001084031536485508 -1.657829406745360501 -2.5145490879565244313 3.1405716049169276542e-011 
3.274999999999750333 0.31001048089833888044 -1.6578697604370757901 -2.5145490879695948649 3.42142862376106906e-011 
3.2999999999997475797 0.31000903192788803464 -1.6578853216379336732 -2.5145490879797418593 1.8691760151857846444e-011 
3.3249999999997448263 0.31000983985175167845 -1.6578848911528774046 -2.5145490879847161025 8.1536941874878307505e-012 
3.349999999999742073 0.31001092991749090721 -1.6578776634999621287 -2.5145490879883527491 1.4799256007824731366e-011 
3.3749999999997393196 0.31001083098341619682 -1.6578637357222616444 -2.5145490879948413365 1.5740213269547541963e-011 
3.3999999999997365663 0.31001072275499036435 -1.657854545082827924 -2.5145490879992977717 7.9381808649013409627e-012 
3.4249999999997338129 0.31001003571006047199 -1.6578463583198312925 -2.514549088001638566 5.5455539068995330408e-012 
3.4499999999997310596 0.31000963236745421314 -1.6578501337365754154 -2.5145490880041330151 7.9009101435168978255e-012 
3.4749999999997283062 0.31001012455668958134 -1.6578611456199161545 -2.5145490880068779305 5.8222983624744371749e-012 
3.4999999999997255529 0.31001042036792741952 -1.6578616920629816178 -2.5145490880087679741 3.7023059988596498544e-012 
3.5249999999997227995 0.31001062856224176345 -1.6578643294751649329 -2.5145490880096308395 2.1835902623864433475e-012 
3.5499999999997200462 0.31001050612478331381 -1.6578671768201980186 -2.5145490880109337972 4.1976520891995196973e-012 
3.5749999999997172928 0.31001002960255374941 -1.6578628749930586217 -2.5145490880124219402 3.2348479080238212691e-012 
3.5999999999997145395 0.31001008714207095585 -1.6578609603305078934 -2.5145490880132452816 1.2369694946464251211e-012 
3.6249999999997117861 0.31001023350465684025 -1.657859630386043559 -2.5145490880136582845 1.348416917780309519e-012 
3.6499999999997090327 0.31001026747277399265 -1.6578603836058936061 -2.5145490880142649104 1.6101897858765408235e-012 
3.6749999999997062794 0.31001050627461756992 -1.6578629407831431131 -2.5145490880148289037 1.3681721823592506781e-012 
3.699999999999703526 0.31001043431526909 -1.6578609730836002534 -2.5145490880152578939 8.4931807715453191563e-013 
3.7249999999997007727 0.31001025097710477318 -1.6578613754113096235 -2.5145490880155239033 6.5472079971636976288e-013 
3.7499999999996980193 0.31001031352297109267 -1.6578619978460467088 -2.5145490880158036795 8.5000264261287417022e-013 
3.774999999999695266 0.31001024314600855725 -1.6578587154181454455 -2.5145490880160910052 5.1143108507135742731e-013 
3.7999999999996925126 0.31001014615590322121 -1.6578598131052253439 -2.5145490880162113534 2.4887118145628533857e-013 
3.8249999999996897593 0.31001017709623823748 -1.657861816195050686 -2.5145490880163428038 4.6516006481856316938e-013 
3.8499999999996870059 0.3100102285290713966 -1.6578612621388360004 -2.5145490880165177749 3.8230689310967914234e-013 
3.8749999999996842526 0.31001037147712684483 -1.6578627550755977715 -2.5145490880166305736 2.288645245434755496e-013 
3.8999999999996814992 0.31001045074430727544 -1.6578627095574534067 -2.5145490880167029601 1.6938460204337414557e-013 
3.9249999999996787459 0.31001038227838439987 -1.6578608711681490639 -2.5145490880167584713 1.4621764543717191653e-013 
3.9499999999996759925 0.3100103077144085173 -1.6578611444070729952 -2.5145490880168281933 1.9164351269000444428e-013 
3.9749999999996732392 0.31001019992507267142 -1.6578612645466794806 -2.5145490880168881453 1.1931106790696145009e-013 
3.9999999999996704858 0.31001013795756909852 -1.6578608460123096524 -2.5145490880169174552 6.2104182635167538726e-014 
4.0249999999996788347 0.31001021937175277099 -1.6578608150443689961 -2.514549088016951206 1.0226867556704060992e-013 
4.0499999999996871836 0.31001032936139227836 -1.6578605434617461611 -2.5145490880169862891 7.5264537355697050658e-014 
4.0749999999996955324 0.310010393498339476 -1.6578612353167541116 -2.5145490880170062731 4.1915816074290333933e-014 
4.0999999999997038813 0.31001036463737691173 -1.657861925259905167 -2.5145490880170218162 4.3717306454815648186e-014 
4.1249999999997122302 0.31001027064384756304 -1.657861401734153084 -2.5145490880170391357 3.7949788402836471269e-014 
4.1499999999997205791 0.31001023713286129935 -1.6578615266511558257 -2.5145490880170529024 3.9777240132618896951e-014 
4.1749999999997289279 0.31001024871332411026 -1.6578617035567839721 -2.5145490880170648929 2.2855808360199124694e-014 
4.1999999999997372768 0.31001026673813186774 -1.657860926679453506 -2.5145490880170728865 1.7481920419703429135e-014 
4.2249999999997456257 0.31001030040683574818 -1.6578608920192778875 -2.5145490880170799919 1.9159261900771437432e-014 
4.2499999999997539746 0.31001030145869240551 -1.6578613213791602021 -2.5145490880170862091 1.6071840223838686721e-014 
4.2749999999997623235 0.31001028904647875972 -1.6578612600552262712 -2.5145490880170919823 1.0745397679934073568e-014 
4.2999999999997706723 0.3100102960974568389 -1.6578613448135370856 -2.514549088017095535 1.0209988979395275264e-014 
4.3249999999997790212 0.31001029031154153648 -1.6578613765119158963 -2.5145490880170990877 8.5192052329426033392e-015 
4.3499999999997873701 0.31001028825581911086 -1.6578612040519287163 -2.5145490880171017523 7.3278130735292276972e-015 
4.374999999999795719 0.31001029162318222143 -1.6578611574330117673 -2.5145490880171048609 5.0451658452638580526e-015 
4.3999999999998040678 0.31001027828802657504 -1.6578611390026973815 -2.5145490880171057491 4.0642680374664639754e-015 
4.4249999999998124167 0.31001027815912035601 -1.6578613067201297682 -2.5145490880171075254 4.7445889132293498792e-015 
4.4499999999998207656 0.31001028917745543367 -1.6578614401306155379 -2.5145490880171093018 3.3935901005538217411e-015 
4.4749999999998291145 0.31001028895202636937 -1.6578613215077946386 -2.514549088017110634 2.1397733620775167118e-015 
4.4999999999998374633 0.31001028541204850297 -1.6578613302998939094 -2.5145490880171110781 1.8255242653609635727e-015 
4.5249999999998458122 0.31001027979692902248 -1.6578613164119109236 -2.5145490880171119663 2.5184283555035019931e-015 
4.5499999999998541611 0.31001028217088583139 -1.6578611854178086915 -2.5145490880171124104 1.5630316613863427504e-015 
4.57499999999986251 0.31001029269044211301 -1.6578611739747866061 -2.5145490880171115222 7.4414167369680158017e-016 
4.5999999999998708589 0.31001029358490950205 -1.6578611693611406963 -2.5145490880171137427 1.0088245832326709893e-015 
4.6249999999998792077 0.31001029349809178237 -1.6578612066301294803 -2.5145490880171137427 1.1223572291009437706e-015 
4.6499999999998875566 0.31001029211550279463 -1.6578613138439139973 -2.5145490880171146308 7.6679451999637533846e-016 
4.6749999999998959055 0.31001028108095934899 -1.6578613763597589426 -2.514549088017115519 4.2405089013702242293e-016 
4.6999999999999042544 0.31001027761044869235 -1.6578614033232110803 -2.5145490880171137427 3.8249156733899535567e-016 
4.7249999999999126032 0.31001028298722821397 -1.6578612910066881092 -2.5145490880171150749 5.6904480025437914108e-016 
4.7499999999999209521 0.31001028670282576583 -1.6578611690934399459 -2.514549088017115519 3.1894807818566092542e-016 
4.774999999999929301 0.31001029018171138985 -1.6578612207563079295 -2.5145490880171150749 1.350970935417065751e-016 
4.7999999999999376499 0.31001028903132815673 -1.6578612421497442853 -2.514549088017115519 3.2070806609468486626e-016 
4.8249999999999459988 0.31001028559408810858 -1.6578612380443109586 -2.5145490880171146308 2.2810004501008187962e-016 
4.8499999999999543476 0.31001028674095826299 -1.6578613060037370452 -2.514549088017115519 1.014570559860018688e-016 
4.8749999999999626965 0.31001028790949092251 -1.6578613069078507181 -2.5145490880171150749 9.7014353420712882404e-017 
4.8999999999999710454 0.3100102884442595963 -1.6578612734671418494 -2.514549088017115519 1.252899840090550568e-016 
4.9249999999999793943 0.31001028832035815164 -1.6578612736976845454 -2.514549088017115519 1.1721936443248902802e-016 
4.9499999999999877431 0.31001028521939577587 -1.6578612608143332707 -2.5145490880171159631 5.9772083364483468522e-017 
4.974999999999996092 0.31001028416950671129 -1.6578612629031246328 -2.514549088017115519 3.6977380040664524641e-017 
