0.025000000000000015266 0.59475719412609306946 0.00047852767042677948894 -2.2471253478879043008 0.039483239134812879445 
0.05000000000000003747 0.57123462515005130058 0.016768253993673334912 -2.2567404975438978276 0.055315770155139401543 
0.075000000000000052736 0.43534202772091518119 -0.0055998382540535796004 -2.2814957603693248878 0.088083652294948674988 
0.10000000000000007494 0.40128809860573327883 -0.052642619137658330786 -2.3232526964496682531 0.10305162246278319615 
0.12500000000000008327 0.24252705154000361865 -0.4113021155987515165 -2.3505094795377350358 0.052357837262771857179 
0.15000000000000010547 0.23158299482431074501 -1.8960527173171415338 -2.3664271774589424879 0.043324258222049327749 
0.17500000000000012768 0.30365073666652669937 -2.3875425434524730761 -2.382528738438722371 0.045924231965162327918 
0.20000000000000014988 0.25116706051759840612 -1.4436467461445414706 -2.3969779760463985063 0.025789233357536450048 
0.22500000000000017208 0.2393541470974698826 -1.7658928702603420291 -2.4054692386372384938 0.028282951292936328591 
0.25000000000000016653 0.27113362042501137905 -1.2907299690472759934 -2.4183166889225784502 0.037758077818492018218 
0.27500000000000018874 0.28647463375477066894 -0.16591788399023177369 -2.4288187746265159639 0.01981540350911715348 
0.30000000000000021094 0.31169611662091972759 -0.32800878088370466479 -2.4343891680443765502 0.011651111681774409951 
0.32500000000000023315 0.30640218508504263317 -0.40879506174822227704 -2.440527631119211005 0.021450813743430972164 
0.35000000000000025535 0.31749727180510894931 -1.0489818107166923866 -2.4481274766192928638 0.020283909014948958011 
0.37500000000000027756 0.31280037548157657579 -1.7250664518895826305 -2.4539371994010727995 0.013581958592631686658 
0.40000000000000029976 0.28792508011565121073 -1.1167253832406225378 -2.4602336460320439748 0.019625131920020629644 
0.42500000000000032196 0.33336598251308657836 -0.88428165182101525765 -2.4678645731248987083 0.019430953997073750761 
0.45000000000000034417 0.34094002888411900631 -0.63416928130664684815 -2.4749342456836576076 0.022186838697245244573 
0.47500000000000036637 0.30881753008703316521 -0.70616739318074395193 -2.481768489516455567 0.013273589679962699561 
0.50000000000000033307 0.31092145585119629336 -1.2844779582666354667 -2.4851527359391583083 0.0056943621544138641952 
0.52500000000000035527 0.30748613632067883783 -1.1125080399265643294 -2.4875700606995319042 0.0075149573872953122008 
0.55000000000000037748 0.31262844287561902812 -1.1921615693544618253 -2.4898457407886924742 0.0057852781137427092967 
0.57500000000000039968 0.32279104708524442024 -1.3264137783316218844 -2.4923108329125938099 0.0082089338954384853675 
0.60000000000000042188 0.32254577784649918204 -0.9790365527921549571 -2.4952908276317078418 0.0062372719620571283675 
0.62500000000000044409 0.34100133025534568043 -0.94381678952800851512 -2.4970331578329854061 0.0043383201765947645295 
0.65000000000000046629 0.34179371046715256721 -0.89429550049565054159 -2.4986409384970778014 0.0043669955313959804219 
0.6750000000000004885 0.33033273127404794156 -0.89837024352680838746 -2.500011127975752423 0.0031161445222968832056 
0.7000000000000005107 0.33263070162286234588 -1.1719956043959507408 -2.5011598078491541486 0.0034121014778051420892 
0.72500000000000053291 0.32024341543052592396 -1.3273718918993975269 -2.5027345764269615103 0.0052999020935021361536 
0.75000000000000055511 0.305358446062147737 -1.5029851645748550926 -2.5051705931946908201 0.0088617994975966809384 
0.77500000000000057732 0.29003465324861266161 -1.523728331660430424 -2.5098232112427112384 0.016523545532035072841 
0.80000000000000059952 0.25155690635928190657 -1.3906477948922519872 -2.5157093271321580019 0.012325312421046076203 
0.82500000000000062172 0.2447898193353358065 -1.6957658503366972447 -2.518580529550864977 0.0055989221189849626079 
0.85000000000000064393 0.26639270021247335452 -2.0218476045355271431 -2.5205563612705295107 0.00489611724341339552 
0.87500000000000066613 0.26615569124139470958 -1.8089734716772385426 -2.5223179804396713699 0.0052936147172293812266 
0.90000000000000068834 0.27210280655797325355 -1.506397833566186506 -2.5243357018164234162 0.0052915927901003865022 
0.92500000000000071054 0.27747146276445300295 -1.3836523307792423232 -2.5263916583671623961 0.005701890559853604705 
0.95000000000000073275 0.27488149569065500888 -1.3371009373611446591 -2.5277856665421065685 0.0021924431095187222988 
0.97500000000000075495 0.27652004323626017124 -1.3945437927309187742 -2.5286229003943780924 0.0023473825402151116473 
1.0000000000000006661 0.26656574340397748424 -1.5384816583088556374 -2.5294807788567088558 0.0026146806981374487618 
1.0249999999999979128 0.26436853419649186669 -1.6729812658975209416 -2.5303946900192859637 0.0020803727904408937655 
1.0499999999999951594 0.27715369870074918479 -1.703696420818526347 -2.531090258305547902 0.0017837497724550001928 
1.0749999999999924061 0.27563434276103870868 -1.5026358534206436524 -2.5316015361710673126 0.0010282449837464362977 
1.0999999999999896527 0.2710686844556883246 -1.3981881653324976789 -2.5319505651842133531 0.00093848728659909211661 
1.1249999999999868994 0.27579164160585251109 -1.4900932791020713442 -2.5323040712507132177 0.001118040224329283714 
1.149999999999984146 0.27387001541454775166 -1.4835663812223405245 -2.532748239164980486 0.0010095058618048717743 
1.1749999999999813927 0.27175666551467952958 -1.5263713889093990517 -2.5329847856941518636 0.00047408075493642076476 
1.1999999999999786393 0.27332809860835821647 -1.6120492920597513375 -2.533130117398847414 0.00032825476768275980077 
1.224999999999975886 0.27193628594628982409 -1.5427334267366727971 -2.5333101246832838704 0.00064889502232817796237 
1.2499999999999731326 0.27276533735738472952 -1.493042691229261365 -2.5335165284709568745 0.00043042022953397764259 
1.2749999999999703792 0.27386942263585767332 -1.5136312515045231564 -2.5336359459647428416 0.00023271137415287239609 
1.2999999999999676259 0.27347599369774250322 -1.5101744515603912067 -2.5337051099155885048 0.00019976812751801198051 
1.3249999999999648725 0.27601278623784702981 -1.5109713840988425737 -2.5337971039442392929 0.00026515786975062885424 
1.3499999999999621192 0.27512368701622924583 -1.5134154528019103658 -2.5338852329611767367 0.00021852821847896154468 
1.3749999999999593658 0.27150946690152438778 -1.5283134301241836361 -2.5339427088587109793 0.00010154883260979978804 
1.3999999999999566125 0.2722600997186518379 -1.5413447181526969132 -2.5339855120031096192 0.00012940673872620920594 
1.4249999999999538591 0.2731449162883211601 -1.5169560247854678714 -2.5340251317735189573 0.0001022678085163966844 
1.4499999999999511058 0.27394114623158333233 -1.5175316777530316603 -2.5340662117116736773 0.00010182500621473460024 
1.4749999999999483524 0.27593350583153575251 -1.5308081677038578583 -2.5340940483995275656 6.708972088042507696e-005 
1.4999999999999455991 0.27457813661236596392 -1.504285823669420985 -2.5341181372059442545 5.0297923601245359568e-005 
1.5249999999999428457 0.27245666561191100863 -1.5058083490707852015 -2.5341339988022975049 5.3037805537255328645e-005 
1.5499999999999400924 0.27242790068847588802 -1.5377622483582960022 -2.534153937323905037 4.4914045237423247392e-005 
1.574999999999937339 0.27294428616915972219 -1.5291217571811339671 -2.5341688926201157983 3.8181248336848561456e-005 
1.5999999999999345857 0.27416540944849121519 -1.5121687428183012702 -2.5341791331350314032 2.0796244578145996895e-005 
1.6249999999999318323 0.27453318280635324866 -1.5174156818699291449 -2.5341876691031859359 2.4739584226245311342e-005 
1.649999999999929079 0.27394576435754541821 -1.5179908436825217954 -2.5341962691962436338 2.4067155133748168453e-005 
1.6749999999999263256 0.27430006248965743687 -1.5213637731762670313 -2.5342042984257235894 1.5564777348515843942e-005 
1.6999999999999235722 0.27393277820400169231 -1.5277738309113573223 -2.5342085968074172797 1.2091152073529816204e-005 
1.7249999999999208189 0.27297873547217399448 -1.5250909479298324634 -2.5342129722761637112 1.124577895185391462e-005 
1.7499999999999180655 0.27343757572923449439 -1.5173146006697857402 -2.5342178376423305508 1.3348230243859082061e-005 
1.7749999999999153122 0.27381575052969997497 -1.5082136588063663751 -2.5342206364714203737 3.6907225185684152555e-006 
1.7999999999999125588 0.27350119384070603612 -1.5147808439305214812 -2.5342227297197457148 7.6351771970004137207e-006 
1.8249999999999098055 0.27359794735883835592 -1.5277822496243982364 -2.5342253993286991687 7.1706287341284600118e-006 
1.8499999999999070521 0.27386159003011056878 -1.524893207200008316 -2.5342277515144018274 4.1804841062982578585e-006 
1.8749999999999042988 0.2741060034575193427 -1.5240875952017176598 -2.5342286635570632214 2.5854918986675590557e-006 
1.8999999999999015454 0.27402536485338729877 -1.5242121645732704671 -2.5342298848905993047 3.5550456449280540126e-006 
1.9249999999998987921 0.27363812208657134484 -1.5136615812844254059 -2.5342312281033354537 3.5293638667223374566e-006 
1.9499999999998960387 0.27372043309145938084 -1.5132745644085914272 -2.5342322144190490008 1.9475917745486056783e-006 
1.9749999999998932854 0.27373605924139526868 -1.5216622529509384876 -2.5342327795307646454 1.2473323998039149535e-006 
1.999999999999890532 0.27340072102019569167 -1.5217684217772173838 -2.5342333113291077851 1.8552219197800055741e-006 
2.0249999999998880007 0.27355576999449321418 -1.5196353370656277004 -2.5342339772866613323 1.4471319809461174299e-006 
2.0499999999998852473 0.27387984884872967895 -1.5215563607066870944 -2.5342344129965450605 1.0608367173111833522e-006 
2.074999999999882494 0.27388211200625256492 -1.5234407915072036843 -2.5342346958851509342 6.1031970993049812296e-007 
2.0999999999998797406 0.27384544861722148745 -1.5210168009536850775 -2.5342350086260760911 9.3702556393821939786e-007 
2.1249999999998769873 0.27377455327520194839 -1.517491969041976807 -2.5342352598891140225 5.6602130240463647343e-007 
2.1499999999998742339 0.27372159534855039498 -1.5188819730134333064 -2.5342354853552770955 5.8021930306438689487e-007 
2.1749999999998714806 0.27372353174045310764 -1.5205158268097020979 -2.5342356545256987665 3.8730412957767649967e-007 
2.1999999999998687272 0.27365159091087487564 -1.5188646709185442685 -2.5342357794964445183 2.7823729684069366697e-007 
2.2249999999998659739 0.2736846933411243854 -1.5201937668547818028 -2.5342358863553275938 3.5014320759286305332e-007 
2.2499999999998632205 0.27378343689293893615 -1.5226135535861875514 -2.5342360132805348272 3.0944727820509937408e-007 
2.2749999999998604672 0.27376943170742651379 -1.5204491977941136938 -2.5342361044634680312 1.6256724565413103148e-007 
2.2999999999998577138 0.27376999253421552272 -1.5188900704668772956 -2.5342361472783472287 1.2875677141122317601e-007 
2.3249999999998549605 0.27375549485820738216 -1.5203346368485119999 -2.5342362020091764307 1.5192697933097744691e-007 
2.3499999999998522071 0.27371129090572859921 -1.5205213672702031502 -2.5342362637231281575 1.7761839076961970242e-007 
2.3749999999998494538 0.27375057306654981826 -1.5200702729231778676 -2.5342363092594077933 6.4487258190170645797e-008 
2.3999999999998467004 0.27374508831335003789 -1.5202281346561972164 -2.5342363309098994151 7.0202297764647797354e-008 
2.4249999999998439471 0.27369544085100433461 -1.5200949894608930535 -2.5342363555234594941 6.8132067880442344451e-008 
2.4499999999998411937 0.2737327620476594503 -1.5198408211288543246 -2.534236385404127212 7.770400073114943553e-008 
2.4749999999998384403 0.27376581286847667673 -1.5197425802599349165 -2.5342364045056720023 3.9710148074936260801e-008 
2.499999999999835687 0.27376299159556649609 -1.5204421282171862728 -2.534236419244777494 3.4820387770540602377e-008 
2.5249999999998329336 0.27376394136154719172 -1.5209139597367435925 -2.5342364303464934849 3.1750142340352061102e-008 
2.5499999999998301803 0.27374093930431142585 -1.5201861050821317001 -2.5342364425814105644 3.1368189744810996898e-008 
2.5749999999998274269 0.2737271543889879255 -1.5201156226538552474 -2.5342364531264776062 2.6206005021556228969e-008 
2.5999999999998246736 0.27372284197103685655 -1.5202861108594398765 -2.5342364600934095265 1.3573360034174593904e-008 
2.6249999999998219202 0.27371758353187086721 -1.5196321722347034822 -2.5342364656281000102 1.5536313747464722071e-008 
2.6499999999998191669 0.27374817406588397573 -1.5198197191109854565 -2.5342364708347764335 1.5219599502538676543e-008 
2.6749999999998164135 0.27376086728278997695 -1.5205856383283906652 -2.5342364764747107309 1.2540489935579093642e-008 
2.6999999999998136602 0.27373811535109332516 -1.5205149859564985881 -2.5342364798865149034 7.9159679862610404962e-009 
2.7249999999998109068 0.27374225895993425928 -1.5201678270746707966 -2.534236482265174395 4.7698376489888720148e-009 
2.7499999999998081535 0.27375193233753641886 -1.5200946958752490357 -2.5342364846814535717 9.3864609868250263834e-009 
2.7749999999998054001 0.27374885580615748726 -1.520120291129173129 -2.5342364876767056181 5.494564355900089718e-009 
2.7999999999998026468 0.27374772131489222282 -1.5200818663520943019 -2.5342364892098667717 3.33011358835385005e-009 
2.8249999999997998934 0.27373062244672902166 -1.5200746554476434191 -2.5342364902415264183 3.1927129218556808669e-009 
2.84999999999979714 0.27371987328870539535 -1.5202958068038410211 -2.5342364917141342318 4.0378070044080421888e-009 
2.8749999999997943867 0.27373376589417802718 -1.5203822185375890363 -2.5342364928413871894 2.3136732155782719212e-009 
2.8999999999997916333 0.27374390412977894771 -1.520158445686578208 -2.5342364935747898613 1.7935336556636604015e-009 
2.92499999999978888 0.27375137255827847182 -1.5201272846506381775 -2.534236494294038522 2.1055022722864506677e-009 
2.9499999999997861266 0.27375677816637911111 -1.5202067532672138839 -2.5342364949090656623 1.3379151534168554005e-009 
2.9749999999997833733 0.27374810097792950936 -1.5200574949344991538 -2.5342364954091101126 1.1801828366739507919e-009 
2.9999999999997806199 0.27373847751116131555 -1.5200529625368195408 -2.5342364957529608382 1.0149601329955797239e-009 
3.0249999999997778666 0.27373220869314024428 -1.5202579419584312248 -2.5342364961513825783 9.2075022535789418761e-010 
3.0499999999997751132 0.27373088921063498669 -1.5203058107874385385 -2.5342364964353398804 7.4549224884858234163e-010 
3.0749999999997723599 0.27374011632639227987 -1.5202681579303476411 -2.5342364966570070095 4.2017760945653483489e-010 
3.0999999999997696065 0.27374498916953593497 -1.5202184413735919666 -2.5342364968352968368 6.2196333653037859618e-010 
3.1249999999997668532 0.2737443737150316303 -1.5201117654999736217 -2.5342364970303830063 3.8737373658199679618e-010 
3.1499999999997640998 0.2737470682553350132 -1.5200620743508383992 -2.5342364971554434128 2.9985816547714732919e-010 
3.1749999999997613465 0.27374399472675670086 -1.5201073719538351625 -2.5342364972592825723 3.1348996227744597926e-010 
3.1999999999997585931 0.27373850864335602662 -1.5202232505904480497 -2.5342364973666637873 2.3513405695367680259e-010 
3.2249999999997558398 0.27373888005707086579 -1.5202848592732742805 -2.5342364974433251312 1.88869175589469983e-010 
3.2499999999997530864 0.27373886170591538169 -1.5202152960773118728 -2.534236497500889751 1.519831213180840458e-010 
3.274999999999750333 0.27373962190501549552 -1.5201810831168054428 -2.5342364975651601178 1.6453767961420377628e-010 
3.2999999999997475797 0.27374299282537645217 -1.5201808576878073076 -2.5342364976059683634 9.1220959822560576708e-011 
3.3249999999997448263 0.27374393209996134013 -1.520131437892444648 -2.5342364976433855439 8.7475492753899312106e-011 
3.349999999999742073 0.27374336612932953505 -1.520142869460098467 -2.5342364976734663706 1.0281160470223768244e-010 
3.3749999999997393196 0.27374193842507693608 -1.5201973301661171334 -2.5342364977073876808 5.7732177680439328017e-011 
3.3999999999997365663 0.27373988696013024091 -1.5202001759501895251 -2.5342364977235307677 4.5216127550761144005e-011 
3.4249999999997338129 0.27373978015830358057 -1.5201934690697469499 -2.5342364977389548741 4.0955010642240664941e-011 
3.4499999999997310596 0.27374010334595644256 -1.5201982236601951914 -2.5342364977578224483 5.5683907558129515475e-011 
3.4749999999997283062 0.27374110494851650044 -1.520190111755840956 -2.5342364977725697628 2.6672891943145025593e-011 
3.4999999999997255529 0.27374328168849387799 -1.5201718102396948318 -2.5342364977807831927 1.7761104264137920159e-011 
3.5249999999997227995 0.2737427919732786652 -1.520161003409653766 -2.5342364977877815946 2.474548113501965485e-011 
3.5499999999997200462 0.27374109482799752202 -1.5201740240268728499 -2.5342364977965425865 2.0117574081471063219e-011 
3.5749999999997172928 0.27374130801693852266 -1.5201903674169641167 -2.534236497803763033 1.8174818755655923354e-011 
3.5999999999997145395 0.27374117868311625967 -1.5201893992282142776 -2.5342364978081004523 7.9296976999065046724e-012 
3.6249999999997117861 0.273740574366712619 -1.5201899546094175264 -2.5342364978117690733 1.0830038238229653634e-011 
3.6499999999997090327 0.27374108878977276849 -1.5201882875704644249 -2.53423649781510818 9.4992449539553028898e-012 
3.6749999999997062794 0.27374182274128033843 -1.5201743970072811862 -2.5342364978189237945 8.4403221541125680833e-012 
3.699999999999703526 0.2737420437980772614 -1.5201750049371107743 -2.5342364978211251447 5.6763893887200860104e-012 
3.7249999999997007727 0.27374157453222847103 -1.52018467549516334 -2.5342364978229636741 3.4878598321548997918e-012 
3.7499999999996980193 0.27374105515534097322 -1.5201813766328025057 -2.5342364978243425711 4.9031314288824606027e-012 
3.774999999999695266 0.27374130596245943581 -1.5201824038495979075 -2.5342364978261722186 4.4655625104395945167e-012 
3.7999999999996925126 0.2737414217495214297 -1.5201876198323653888 -2.5342364978275306875 2.7082392510827448389e-012 
3.8249999999996897593 0.27374129914129136099 -1.5201828120930607202 -2.534236497828115553 1.2240554417263350762e-012 
3.8499999999996870059 0.27374160723476292922 -1.5201794899258547211 -2.5342364978288407507 2.5314461365971096163e-012 
3.8749999999996842526 0.27374162968163778809 -1.5201824708768802985 -2.5342364978298053124 2.5344683370798246144e-012 
3.8999999999996814992 0.27374133874350203843 -1.5201848042340875278 -2.5342364978304008361 7.4931860084677382884e-013 
3.9249999999996787459 0.27374134922422144189 -1.5201821801001607071 -2.5342364978306926027 1.0074475433279188841e-012 
3.9499999999996759925 0.27374138671292586045 -1.5201784045451263161 -2.5342364978310638612 1.0566522195372647197e-012 
3.9749999999996732392 0.27374140321668349873 -1.5201820230627625108 -2.5342364978314866342 1.0772066506141901837e-012 
3.9999999999996704858 0.27374143675803225273 -1.5201848387310445965 -2.5342364978317628577 5.661392034662381483e-013 
4.0249999999996788347 0.27374134775281239174 -1.5201819715013114021 -2.5342364978319622537 4.3847437171344360707e-013 
4.0499999999996871836 0.27374138470584929994 -1.5201836063566795954 -2.5342364978321190172 5.2713418070886705329e-013 
4.0749999999996955324 0.27374150532191360297 -1.5201852726446114517 -2.5342364978323028701 4.0907321851708679361e-013 
4.0999999999997038813 0.27374151761182469178 -1.5201810884329591822 -2.5342364978324396496 3.3375660652343417772e-013 
4.1249999999997122302 0.27374150313594208805 -1.5201795390065935276 -2.5342364978325417901 2.6290950574246936566e-013 
4.1499999999997205791 0.27374140266253199627 -1.5201818766621317813 -2.5342364978326332725 1.9760024149361739201e-013 
4.1749999999997289279 0.27374131583148125779 -1.5201827288572165031 -2.5342364978326981095 2.0264833027288343087e-013 
4.1999999999997372768 0.27374137696046296764 -1.5201826292592537371 -2.5342364978327718283 1.618362183958138313e-013 
4.2249999999997456257 0.27374139910733386039 -1.5201833216893119172 -2.534236497832825119 1.4704114786025890007e-013 
4.2499999999997539746 0.27374140614277625572 -1.5201837277716339081 -2.5342364978328610903 5.8742619961047884176e-014 
4.2749999999997623235 0.27374147633529505308 -1.5201826684662460565 -2.5342364978328979497 1.2685334127237845653e-013 
4.2999999999997706723 0.27374147083415945048 -1.5201815607200539482 -2.5342364978329339209 7.626600014587672694e-014 
4.3249999999997790212 0.27374143254374688761 -1.5201819644305010204 -2.5342364978329583458 5.0560638309867270823e-014 
4.3499999999997873701 0.27374142641958487676 -1.5201820929485028167 -2.5342364978329730008 4.7450855538627328098e-014 
4.374999999999795719 0.2737414093394811565 -1.5201815698566472079 -2.5342364978329934289 5.248234534848790805e-014 
4.3999999999998040678 0.27374141485771102955 -1.5201826956830433168 -2.5342364978330098602 3.9764688410518192445e-014 
4.4249999999998124167 0.27374141295703147136 -1.5201837609410984165 -2.5342364978330200742 1.9873361801945869414e-014 
4.4499999999998207656 0.27374139194869134828 -1.5201827696077643282 -2.5342364978330298442 2.8038588421011889038e-014 
4.4749999999998291145 0.27374141786360356443 -1.5201821250411418074 -2.534236497833038726 2.6057193955541940515e-014 
4.4999999999998374633 0.27374144305840059088 -1.5201822723210618449 -2.5342364978330467196 1.1701631423429547277e-014 
4.5249999999998458122 0.27374144018893792341 -1.5201819764328976525 -2.5342364978330507164 1.5419076322026641599e-014 
4.5499999999998541611 0.27374144055110433138 -1.5201820966293220216 -2.5342364978330564895 1.2619643322640283022e-014 
4.57499999999986251 0.27374142072267609871 -1.5201826903180815087 -2.5342364978330609304 1.251901338267785545e-014 
4.5999999999998708589 0.27374140573631394746 -1.5201828777708099594 -2.5342364978330631509 4.6973279563189152057e-015 
4.6249999999998792077 0.27374141482517067026 -1.5201825282024175046 -2.5342364978330675918 7.79950210077819259e-015 
4.6499999999998875566 0.27374141373111954278 -1.5201821688122714171 -2.5342364978330693681 6.3257546452022574701e-015 
4.6749999999998959055 0.27374142318430821907 -1.52018237735317574 -2.5342364978330715886 5.5345000446018661351e-015 
4.6999999999999042544 0.27374143943966244841 -1.5201825347624768892 -2.5342364978330724767 3.13307161656522739e-015 
4.7249999999999126032 0.27374142856799144052 -1.5201823310013953261 -2.5342364978330742531 3.0472773355956288093e-015 
4.7499999999999209521 0.27374141948793917489 -1.5201824415426985482 -2.5342364978330746972 3.1951577369292079079e-015 
4.774999999999929301 0.27374142273404367121 -1.520182548342982054 -2.5342364978330764735 2.4352294702162768948e-015 
4.7999999999999376499 0.27374142070220536249 -1.5201823694932108388 -2.5342364978330778058 1.9810146195497731938e-015 
4.8249999999999459988 0.27374141967056569991 -1.5201824114579589597 -2.5342364978330782499 1.3589596057180596235e-015 
4.8499999999999543476 0.27374141770605914248 -1.5201825083132214367 -2.5342364978330778058 1.1051667900851180483e-015 
4.8749999999999626965 0.27374141951089392411 -1.5201824013528060231 -2.534236497833078694 1.6657818939029527106e-015 
4.8999999999999710454 0.27374142868585116251 -1.5201823766530202509 -2.5342364978330791381 7.8537730841509969857e-016 
4.9249999999999793943 0.27374142761360964471 -1.520182462010724489 -2.534236497833078694 5.3284301474211047007e-016 
4.9499999999999877431 0.27374142381857330397 -1.5201824779005037591 -2.534236497833078694 6.7065555338119978363e-016 
4.974999999999996092 0.27374142687903268989 -1.520182433523366905 -2.5342364978330800263 7.6958418691254535092e-016 
