0.025000000000000015266 0.59472620697163058878 0.00047831775234253096074 -2.2471617976583528886 0.039461708623803729012 
0.05000000000000003747 0.57122426086737110307 0.016760202965190706959 -2.2567983335167465242 0.055255501867316300646 
0.075000000000000052736 0.43543302800663569174 -0.005558574649377978627 -2.2815986328498012448 0.087968131690129652833 
0.10000000000000007494 0.4014454015658485142 -0.052613532289368381001 -2.3234323207600011685 0.1029387055221752667 
0.12500000000000008327 0.24278989145863461019 -0.411298013987258404 -2.3507408811436332208 0.052274222857411407894 
0.15000000000000010547 0.23174767999033002441 -1.8937816558713302939 -2.3666678661830484742 0.04318517994126607612 
0.17500000000000012768 0.30369270059761832581 -2.3840919960782285258 -2.3827731340369049384 0.045806986819295056335 
0.20000000000000014988 0.25143030858689136009 -1.4420757369531773673 -2.3972302320203984216 0.025736853290891901352 
0.22500000000000017208 0.23974655561090948974 -1.7623262829494228399 -2.4057277003120876024 0.028190881920305301683 
0.25000000000000016653 0.27143325163090320506 -1.2878464535190099483 -2.4185663251086331194 0.037592692056801269018 
0.27500000000000018874 0.28655745589307790588 -0.16942385465757947571 -2.4290346223434000628 0.019615474978632613245 
0.30000000000000021094 0.31147603633021125891 -0.33405670244252094747 -2.4345506996685832846 0.011487849956400611115 
0.32500000000000023315 0.30593257137330270856 -0.41817990604037036384 -2.4406285557891229665 0.021137197453106677109 
0.35000000000000025535 0.31641692345478200643 -1.0595389249890927452 -2.4480755926339470285 0.01957539314829618432 
0.37500000000000027756 0.31083238921149286549 -1.7334709557825140891 -2.4535425449952090737 0.012287376362582801484 
0.40000000000000029976 0.28429368888867928566 -1.1250757102713213609 -2.4593292572732230461 0.018439609013289642858 
0.42500000000000032196 0.33084833949548886345 -0.87491872653662139392 -2.4669894000656964472 0.020129614223869250061 
0.45000000000000034417 0.34428076587369549344 -0.56961684962666359056 -2.4738721694947440888 0.021143544121405247194 
0.47500000000000036637 0.31437684395850612473 -0.61387826743487727832 -2.4809843696068329955 0.015555365164971881459 
0.50000000000000033307 0.31222722406525255101 -1.2581348028902641367 -2.4850485495025855798 0.0061699937538781833221 
0.52500000000000035527 0.30232982287306792157 -1.1403190551671260611 -2.487353467463045309 0.0071386100363748606831 
0.55000000000000037748 0.30793553903903919666 -1.2189182981005899364 -2.4896196046825922465 0.0057242572232518501227 
0.57500000000000039968 0.32088837036171563577 -1.3063325961733265324 -2.4918726267734756519 0.007482848327476652843 
0.60000000000000042188 0.32077769385543297709 -0.93599159560391609336 -2.4948885064129995293 0.0069972962310710278347 
0.62500000000000044409 0.34241532254047812867 -0.93792063955996463065 -2.4968641917508298533 0.00451341830777560616 
0.65000000000000046629 0.3442225961297538106 -0.89186823344833943139 -2.4984777816646523974 0.0044085855356444198991 
0.6750000000000004885 0.33094776860022900866 -0.88959785850395745044 -2.4998525204597181748 0.003120325229413646248 
0.7000000000000005107 0.33296975968438907723 -1.1569256151211777528 -2.5010112300887930026 0.0032598900161607828781 
0.72500000000000053291 0.32118914919153651599 -1.2916631763138666233 -2.502440203349773018 0.0046889560985054470552 
0.75000000000000055511 0.30837496284820670178 -1.4820516115444077876 -2.5045434055396684769 0.0074607527602600625521 
0.77500000000000057732 0.29739695121107206921 -1.5213066862673163548 -2.5085180707619056939 0.014759163345247327745 
0.80000000000000059952 0.25899603269678461714 -1.3510905429145161349 -2.514596115826981837 0.014985165024868008637 
0.82500000000000062172 0.24341275660979733164 -1.612774598349887345 -2.5182013180472457847 0.0061225394604935033313 
0.85000000000000064393 0.26409544713482191458 -2.0065778648722023547 -2.5202100918951275688 0.0049910334999351468541 
0.87500000000000066613 0.26648619699435005526 -1.8815842034791545601 -2.5218923817606304638 0.0047544387300414055197 
0.90000000000000068834 0.26945373444558895493 -1.5799826396782390425 -2.5238899049024774435 0.0055419909006153775244 
0.92500000000000071054 0.27615166806434665592 -1.4106781879030809712 -2.5259286062784136462 0.0059653911173642272872 
0.95000000000000073275 0.27420888868788145798 -1.3412762642893181209 -2.5276194584592204251 0.0025968547349984397177 
0.97500000000000075495 0.27841850488344027648 -1.3797991744130668756 -2.5284450382499943366 0.0023807325340470600339 
1.0000000000000006661 0.26992325719172299836 -1.4972052373283806226 -2.5292917315773189024 0.0024587695702959172332 
1.0249999999999979128 0.26278872695183952413 -1.6373295368385867299 -2.5302374648612215857 0.0023065262810928362225 
1.0499999999999951594 0.27440158585167567784 -1.7204344288491171255 -2.5309638275652233119 0.0018116673948708297056 
1.0749999999999924061 0.2763647663243328223 -1.5605256215991916147 -2.5315241657835882982 0.0011523582075757825456 
1.0999999999999896527 0.27139843069273134057 -1.4120184220913651885 -2.531883216448998386 0.00095444683752413605159 
1.1249999999999868994 0.27553725227866476821 -1.4754302373232921486 -2.532233622115418914 0.00099378000333180866767 
1.149999999999984146 0.27471462978626270957 -1.4740394687677973451 -2.5326682342390158809 0.0011814132748264353449 
1.1749999999999813927 0.27188997047633040038 -1.5004526721263520272 -2.5329551631047446669 0.00049627742483946302599 
1.1999999999999786393 0.27300682212601290466 -1.6032696736971643325 -2.5331129609749680753 0.00034166730042892276727 
1.224999999999975886 0.2718613312896368539 -1.5650933158283406588 -2.5332664373452087325 0.00058297273360643326549 
1.2499999999999731326 0.27256945946494609556 -1.5030828443905670522 -2.5334853033360835717 0.00050201940102358785095 
1.2749999999999703792 0.27403983322815383961 -1.5113120278708764843 -2.5336223452133705969 0.00026525631484580406002 
1.2999999999999676259 0.27328650460414211087 -1.5115748759493869979 -2.5336952319209742335 0.00017413813304111312513 
1.3249999999999648725 0.27540804432183924044 -1.5099468820766153154 -2.5337791186501252838 0.00026987111384408935281 
1.3499999999999621192 0.275642052146965022 -1.5073004059036296809 -2.5338721296739188382 0.00023172177380535898114 
1.3749999999999593658 0.27214205138371949655 -1.5234690294569261937 -2.5339377030816301328 0.00011266822219080256716 
1.3999999999999566125 0.27204682779800004599 -1.5444425523965188418 -2.5339774970266031318 0.00012676983032469224099 
1.4249999999999538591 0.2730030273600607682 -1.5213503592731232317 -2.5340196622325228404 0.00010044990262040651824 
1.4499999999999511058 0.27358423506383533486 -1.5141836892927129643 -2.5340603988501109178 0.0001122170975342595586 
1.4749999999999483524 0.27563525341367706156 -1.5320937353275227988 -2.5340907926681452977 6.1840043488708976095e-005 
1.4999999999999455991 0.2750378370009760598 -1.5110022621009941979 -2.5341150047122926736 6.1051046992337845666e-005 
1.5249999999999428457 0.27283656864875172054 -1.5016251880277322606 -2.5341318368077434542 4.5157988347068345886e-005 
1.5499999999999400924 0.27237982908172642116 -1.5320451613645804656 -2.5341514312847834844 5.0100795603823183942e-005 
1.574999999999937339 0.27275091591090805387 -1.5333694337777741268 -2.5341668378906954118 3.8558559530396712073e-005 
1.5999999999999345857 0.27392482563032305443 -1.5136091207152337912 -2.534178368917644697 2.2430974805739174337e-005 
1.6249999999999318323 0.27453360802435183841 -1.5148853130568720182 -2.5341864925774459927 2.4424152633567008399e-005 
1.649999999999929079 0.27398581596088927848 -1.5188622563005917954 -2.5341951717188697657 2.3096488568498185708e-005 
1.6749999999999263256 0.27425539454674041639 -1.521354191518479837 -2.534203494946223767 1.8509343628726634246e-005 
1.6999999999999235722 0.27413585181552352354 -1.5261211912848040573 -2.534208182118158792 1.1053479064017628024e-005 
1.7249999999999208189 0.27311938254214923605 -1.52579897721135338 -2.5342125205719869818 1.1203982977822192206e-005 
1.7499999999999180655 0.27327655604614048412 -1.5205864262375969886 -2.5342171105176083401 1.3998033704153809253e-005 
1.7749999999999153122 0.2737738907602115801 -1.5093808082790913794 -2.5342206881733222446 4.4718725701916680305e-006 
1.7999999999999125588 0.27356321254377446994 -1.5112799474033042912 -2.5342224150065661981 6.8580155009745623644e-006 
1.8249999999999098055 0.2735403179408016916 -1.5258599458866859422 -2.5342250430676576123 6.8175028757687653041e-006 
1.8499999999999070521 0.27380079855548100642 -1.5259125217839506483 -2.534227559456784018 5.7298911889524510547e-006 
1.8749999999999042988 0.27410358309950472178 -1.523752215269655208 -2.534228708369745231 1.9053379139977889168e-006 
1.8999999999999015454 0.27407077432676607565 -1.5252278697166941068 -2.5342297298793639015 3.3959130236489719547e-006 
1.9249999999998987921 0.27366772222502144807 -1.516157541402048281 -2.5342310436234711801 3.6659608170107829259e-006 
1.9499999999998960387 0.27369653105442159902 -1.5125273586735399345 -2.5342321790096575818 2.2780668443355422055e-006 
1.9749999999998932854 0.27378113181041485724 -1.5197298360246815907 -2.5342327741777372907 1.2020868736919982027e-006 
1.999999999999890532 0.27345330940966616762 -1.5220529347790399122 -2.5342332447397768469 1.5973769497613060903e-006 
2.0249999999998880007 0.27348842793774152948 -1.5199829338222290431 -2.5342339144058083633 1.6818766528820670252e-006 
2.0499999999998852473 0.273824179757405195 -1.5206659281040570963 -2.5342343904834243595 1.0854391689649086032e-006 
2.074999999999882494 0.27389892667125398384 -1.5234394918774190053 -2.5342346997631035599 5.711950055909916348e-007 
2.0999999999998797406 0.27385266084294351829 -1.522273144072766593 -2.5342349675215558591 9.3839334289213372e-007 
2.1249999999998769873 0.27377727840536708603 -1.5178520954100707119 -2.5342352516165265186 5.7709928958826121979e-007 
2.1499999999998742339 0.27373401095394789273 -1.5181185147460243279 -2.534235468327628471 6.0526125574705003293e-007 
2.1749999999998714806 0.27373804963692538461 -1.5204317303096837044 -2.5342356487944153187 3.7842336725583169805e-007 
2.1999999999998687272 0.27366237403002069417 -1.5191639676363219991 -2.5342357763942313653 3.1055132266697318741e-007 
2.2249999999998659739 0.27366890688779493823 -1.5196062971408488274 -2.5342358794575434722 3.0480502109500372366e-007 
2.2499999999998632205 0.27376222516251547123 -1.5224064502357568252 -2.5342360026121837357 3.2245248745798012752e-007 
2.2749999999998604672 0.27376825406374749594 -1.5212335584669069988 -2.5342361022420254457 2.0077063184133474797e-007 
2.2999999999998577138 0.27377726314722244938 -1.5190033529423270231 -2.5342361500355159443 1.0664254977720376542e-007 
2.3249999999998549605 0.27376705480710217255 -1.519872896410009 -2.5342361991762825113 1.4672915956035071309e-007 
2.3499999999998522071 0.27371202474346317812 -1.5205462115774570631 -2.534236257141335269 1.7447428911837406599e-007 
2.3749999999998494538 0.27374013889937121036 -1.5201712588186513386 -2.5342363100120475217 8.6923212650184573108e-008 
2.3999999999998467004 0.27375116028115420441 -1.5201434958222206362 -2.5342363314208813385 5.9747304059733957766e-008 
2.4249999999998439471 0.27370369665761007383 -1.5201392678099048261 -2.5342363551286548606 6.2841117110316619065e-008 
2.4499999999998411937 0.27372384960214685146 -1.5199916477249115765 -2.5342363828377649781 8.3661892537069714147e-008 
2.4749999999998384403 0.27375837251647194837 -1.5197077642438348022 -2.5342364051040120465 3.8694800794816429115e-008 
2.499999999999835687 0.2737631798602480071 -1.5202349566999893149 -2.5342364189368131733 3.7111015538636908827e-008 
2.5249999999998329336 0.27376578615851382414 -1.5209386151899668693 -2.5342364304373852235 2.9109252648260113029e-008 
2.5499999999998301803 0.2737447091775210839 -1.5203026013678710981 -2.5342364422285341696 3.1973452326375694177e-008 
2.5749999999998274269 0.27373155602437182488 -1.5200297797410906586 -2.5342364527367724492 2.6378109762008049368e-008 
2.5999999999998246736 0.27372670981245494914 -1.5203389824168418443 -2.5342364603835907388 1.4468880070216414315e-008 
2.6249999999998219202 0.27371436927141873374 -1.5197941376261252522 -2.5342364656530129707 1.5395489928108926203e-008 
2.6499999999998191669 0.27373989955390765072 -1.5197035523031612314 -2.5342364707979956329 1.3576717200799841228e-008 
2.6749999999998164135 0.27376120834567918561 -1.520418137570749284 -2.5342364762707374481 1.4027511104152274232e-008 
2.6999999999998136602 0.27374230823073869567 -1.5205761075807766591 -2.5342364799692309596 7.6468269385913653562e-009 
2.7249999999998109068 0.27374092219502321743 -1.5202610065470523182 -2.5342364825362966307 5.3385902185344539324e-009 
2.7499999999998081535 0.27375022538818272189 -1.5200838357808938994 -2.5342364845452198807 7.8109340639796609742e-009 
2.7749999999998054001 0.27374865354041111321 -1.5201161106448717319 -2.5342364876238927529 6.5113537577732401905e-009 
2.7999999999998026468 0.27374948332242793336 -1.5201097176062485783 -2.5342364892960485001 3.5771998961048341876e-009 
2.8249999999997998934 0.27373503254602610246 -1.5200429425489554447 -2.5342364903632921269 2.6094820538696561652e-009 
2.84999999999979714 0.27372071202674824741 -1.5202313571515277957 -2.5342364916386199702 4.119625016903828965e-009 
2.8749999999997943867 0.27373092998479287008 -1.5203986684686259245 -2.5342364928855021233 2.4574792002149427064e-009 
2.8999999999997916333 0.27374168140049232045 -1.5202110000590285388 -2.5342364936321706281 1.7453836916071843463e-009 
2.92499999999978888 0.27374910087840936823 -1.520115776225536397 -2.5342364942784887383 1.9811548370105316094e-009 
2.9499999999997861266 0.27375602311224239704 -1.5202064290011236825 -2.5342364949387627959 1.4125224817132193475e-009 
2.9749999999997833733 0.2737501435692862306 -1.5200970062503520452 -2.5342364954329275051 1.2598116194574505767e-009 
2.9999999999997806199 0.27374106125265079692 -1.5200296588654502727 -2.5342364957770127099 8.2217799719538347135e-010 
3.0249999999997778666 0.27373403276177471488 -1.5202071605232259088 -2.5342364961479826313 1.0244156759621704204e-009 
3.0499999999997751132 0.27373020852842394612 -1.52030442584557135 -2.5342364964476091771 7.0733335966209284501e-010 
3.0749999999997723599 0.27373782843073557469 -1.5202834672860559007 -2.5342364966833539341 4.7557720023563879887e-010 
3.0999999999997696065 0.27374426768803972188 -1.5202360981169475984 -2.534236496836024255 5.1782083719804736935e-010 
3.1249999999997668532 0.27374409543490568764 -1.520135116025034705 -2.5342364970371384914 4.4205550287576043662e-010 
3.1499999999997640998 0.27374684459457809815 -1.520068988720665315 -2.5342364971662800777 3.0730345187667446987e-010 
3.1749999999997613465 0.2737453565011916945 -1.520086180249804908 -2.5342364972666593381 2.7190093814190518441e-010 
3.1999999999997585931 0.2737394464855998355 -1.520192046525067564 -2.5342364973698114916 2.516031006078584247e-010 
3.2249999999997558398 0.2737385412475001889 -1.5202830490959333698 -2.5342364974487838758 1.9200731521768619974e-010 
3.2499999999997530864 0.27373870935509736491 -1.5202340961076685755 -2.5342364975075373223 1.3671869455057883734e-010 
3.274999999999750333 0.27373923236981767548 -1.5201866093819258463 -2.5342364975656894721 1.7128671778620182216e-010 
3.2999999999997475797 0.27374237754976393777 -1.5201870156376573462 -2.5342364976113898045 8.4814648290489517284e-011 
3.3249999999997448263 0.2737438594684897808 -1.5201397934322207206 -2.5342364976464004656 9.5094507651503840943e-011 
3.349999999999742073 0.27374362330893042827 -1.5201325154379290439 -2.5342364976747204786 8.319500160169463876e-011 
3.3749999999997393196 0.273742436626746799 -1.5201848969030100633 -2.5342364977090778844 7.4857215394512834957e-011 
3.3999999999997365663 0.27374024498009685846 -1.520201732051545962 -2.5342364977265230408 3.9490193649005461791e-011 
3.4249999999997338129 0.27373967393393122682 -1.5201956841415276145 -2.534236497741219285 3.6518145017943469018e-011 
3.4499999999997310596 0.27373991375654571634 -1.5201974550533052799 -2.5342364977574471929 5.3957407549846187825e-011 
3.4749999999997283062 0.27374073080883060127 -1.5201943489181415359 -2.5342364977739437748 3.0515048649888755256e-011 
3.4999999999997255529 0.27374298158184717789 -1.5201777226133126319 -2.5342364977825053707 1.8043336850344241568e-011 
3.5249999999997227995 0.27374310812913305035 -1.5201605882580762064 -2.5342364977885809552 2.0194951649161161954e-011 
3.5499999999997200462 0.27374134416349094057 -1.5201685798518647097 -2.5342364977970226469 2.1106101447303124967e-011 
3.5749999999997172928 0.27374120319223743669 -1.5201875368887050044 -2.534236497804091659 1.8538637976621746862e-011 
3.5999999999997145395 0.2737413017543100513 -1.5201899364880815391 -2.534236497809009947 7.7652843314724333129e-012 
3.6249999999997117861 0.27374069309237952785 -1.5201896672867301064 -2.534236497812186073 1.0699163597622648468e-011 
3.6499999999997090327 0.2737408894474414045 -1.5201900962829273389 -2.5342364978155194066 7.9811297389874219918e-012 
3.6749999999997062794 0.27374163175848054141 -1.520177833439135151 -2.5342364978190827784 9.5470705064296562383e-012 
3.699999999999703526 0.27374205586952971014 -1.5201738404458824405 -2.5342364978214626525 4.9818582499736903034e-012 
3.7249999999997007727 0.27374172469703766941 -1.520182720882184757 -2.5342364978232971851 4.0137976490154054412e-012 
3.7499999999996980193 0.27374114298635920939 -1.5201819743192825918 -2.5342364978245384144 3.9897932718070464633e-012 
3.774999999999695266 0.27374126000621962218 -1.5201815101023274934 -2.534236497826263701 4.5321921805669997799e-012 
3.7999999999996925126 0.27374140498211235739 -1.5201869206953833036 -2.5342364978276532561 3.0458018354532236233e-012 
3.8249999999996897593 0.27374126831986772546 -1.5201844286637384851 -2.5342364978283571375 1.0791121255485789203e-012 
3.8499999999996870059 0.27374152571104659604 -1.5201801797287226581 -2.5342364978289331212 2.1663855551931120589e-012 
3.8749999999996842526 0.27374166152632284366 -1.5201813069600786932 -2.534236497829808421 2.5173099576132361386e-012 
3.8999999999996814992 0.27374141915499822231 -1.5201842232450313297 -2.5342364978305171874 1.0309331665102531348e-012 
3.9249999999996787459 0.27374135460084098037 -1.5201833295145925629 -2.5342364978307836409 8.1049660760099009958e-013 
3.9499999999996759925 0.27374137537102555262 -1.5201789261128193509 -2.5342364978311171519 9.34258096455803517e-013 
3.9749999999996732392 0.27374138929808050635 -1.5201809141286055649 -2.5342364978315070623 1.1342050678605341126e-012 
3.9999999999996704858 0.27374142413958679754 -1.520184685504017974 -2.5342364978318148161 5.3825238618846577759e-013 
4.0249999999996788347 0.27374135787431952416 -1.5201824850345069251 -2.5342364978320004454 4.6710848296972833247e-013 
4.0499999999996871836 0.27374137749646032525 -1.5201830108474632119 -2.5342364978321483271 4.3796005539303539846e-013 
4.0749999999996955324 0.27374148423088917603 -1.52018520326686013 -2.5342364978323259628 4.3665670889447303908e-013 
4.0999999999997038813 0.27374151447109296154 -1.5201821115839271314 -2.5342364978324587454 3.1664331359921246284e-013 
4.1249999999997122302 0.27374151713966377031 -1.520179691701468716 -2.5342364978325604419 2.4616945255270252953e-013 
4.1499999999997205791 0.27374142762564468434 -1.5201812301054569154 -2.5342364978326492597 2.1222778052836357642e-013 
4.1749999999997289279 0.27374132409891877016 -1.520182582109409708 -2.5342364978327114322 1.7113172721655286742e-013 
4.1999999999997372768 0.273741366342978798 -1.5201826870562824556 -2.5342364978327811542 1.6935735309942763776e-013 
4.2249999999997456257 0.27374139647488104909 -1.5201831314623506231 -2.5342364978328322245 1.3880871494275417064e-013 
4.2499999999997539746 0.27374139694946225676 -1.5201837500894967992 -2.5342364978328726366 6.2570477299341892328e-014 
4.2749999999997623235 0.27374145988356046733 -1.5201830090017978137 -2.5342364978329023906 1.1228307824236476854e-013 
4.2999999999997706723 0.2737414740099871624 -1.5201816907105705212 -2.5342364978329383618 7.6252396902119080046e-014 
4.3249999999997790212 0.2737414447729174527 -1.5201818111037415093 -2.5342364978329636749 5.7527482459727783909e-014 
4.3499999999997873701 0.27374143166129238924 -1.5201821393823602424 -2.5342364978329778857 3.5451192826030033417e-014 
4.374999999999795719 0.27374140930191981358 -1.5201816160624659346 -2.5342364978329965375 5.348656169426612825e-014 
4.3999999999998040678 0.27374141273161195498 -1.5201823587171596763 -2.5342364978330134129 3.9363708798193202686e-014 
4.4249999999998124167 0.2737414153861389976 -1.5201836284697134438 -2.5342364978330236269 1.9567648045151362211e-014 
4.4499999999998207656 0.27374139292716109795 -1.5201830403184439788 -2.5342364978330320646 2.5241801397573216764e-014 
4.4749999999998291145 0.27374141168917415223 -1.5201822479612330241 -2.5342364978330409464 2.431033807209569742e-014 
4.4999999999998374633 0.27374143973909248473 -1.5201822829409856741 -2.5342364978330498282 1.5107798639487982066e-014 
4.5249999999998458122 0.27374144024555330246 -1.5201820263627852103 -2.5342364978330524927 1.0874797391072921434e-014 
4.5499999999998541611 0.27374144175360343167 -1.5201819961277314164 -2.5342364978330569336 1.3316502935517429255e-014 
4.57499999999986251 0.27374142551450542094 -1.520182520255285219 -2.5342364978330618186 1.2278979848017639702e-014 
4.5999999999998708589 0.27374140807179198065 -1.520182872170411148 -2.5342364978330649272 4.8816667412471276559e-015 
4.6249999999998792077 0.27374141375659294395 -1.5201826699809437571 -2.5342364978330671477 6.8447463815933196655e-015 
4.6499999999998875566 0.27374141224164777464 -1.5201822310799055771 -2.5342364978330693681 5.7152412749924702472e-015 
4.6749999999998959055 0.27374141944923996439 -1.5201823144780235442 -2.5342364978330720326 5.9631488960645489352e-015 
4.6999999999999042544 0.27374143831130764992 -1.5201825260839445519 -2.534236497833073809 2.8594525808226883251e-015 
4.7249999999999126032 0.27374143164459691091 -1.5201823474558220362 -2.5342364978330742531 2.8200159634480309041e-015 
4.7499999999999209521 0.27374142038497489837 -1.5201823959426674637 -2.5342364978330746972 2.9782883114026834691e-015 
4.774999999999929301 0.27374142232542519881 -1.5201825498993866148 -2.5342364978330769176 2.3229488520312862817e-015 
4.7999999999999376499 0.27374142138299523141 -1.5201824125981560076 -2.5342364978330769176 2.022145768214976494e-015 
4.8249999999999459988 0.2737414201356450083 -1.5201823974205290746 -2.5342364978330773617 1.2478017470060689074e-015 
4.8499999999999543476 0.27374141770499488269 -1.5201824935798877725 -2.534236497833078694 1.0581132502993943648e-015 
4.8749999999999626965 0.27374141798498935474 -1.5201824241916146452 -2.534236497833078694 1.4101932639250939379e-015 
4.8999999999999710454 0.27374142734899414853 -1.5201823744555120754 -2.5342364978330800263 9.8754416800685112726e-016 
4.9249999999999793943 0.27374142867234346754 -1.5201824405237576165 -2.5342364978330791381 4.5491691516060800565e-016 
4.9499999999999877431 0.27374142412759960852 -1.5201824788476479 -2.5342364978330800263 5.35197971821794852e-016 
4.974999999999996092 0.27374142624652747502 -1.5201824450060301697 -2.5342364978330795822 7.6148087766450435951e-016 
