0.025000000000000015266 0.5948191951661314647 0.0004789478109017766827 -2.2470523682763254847 0.039526345636382728688 
0.05000000000000003747 0.57125537595780095934 0.01678436918564038538 -2.2566246172710613394 0.05543650910148604366 
0.075000000000000052736 0.43515976753292090473 -0.0056825960652323592726 -2.2812893577601793815 0.088315192459238578415 
0.10000000000000007494 0.40097288097331945655 -0.052700391636853693988 -2.322892072636934202 0.10327810262375711203 
0.12500000000000008327 0.24200044942177326157 -0.4113066293554403785 -2.3500449445389284264 0.052525846057948279155 
0.15000000000000010547 0.23125331643830254746 -1.9006010590341875233 -2.3659437851349611748 0.043604182932144582019 
0.17500000000000012768 0.30356765964012061287 -2.3944629005159958623 -2.3820376712561484034 0.046160331523414421806 
0.20000000000000014988 0.25064041678984949613 -1.4467990951837965685 -2.3964712495166420325 0.025895960812599254364 
0.22500000000000017208 0.23856985109643438769 -1.7730689357332096723 -2.4049505781783824254 0.028470277017650185564 
0.25000000000000016653 0.27054146924157479459 -1.2965974949885292755 -2.417816263870565141 0.0380946350137043796 
0.27500000000000018874 0.28633104744810305986 -0.15892947030772219819 -2.4283888633537182855 0.020234702808845643485 
0.30000000000000021094 0.31219636413112639151 -0.31569144800554227448 -2.434077190631205756 0.012016320776746487048 
0.32500000000000023315 0.30747744601337251291 -0.38944935930748852959 -2.4403554726647369577 0.022157467233549409114 
0.35000000000000025535 0.32000230095660775476 -1.0268327296268515703 -2.4483020747935992922 0.021871811623993660245 
0.37500000000000027756 0.31743905884318085464 -1.7072903554828950945 -2.4548526169110167494 0.016236405065902750899 
0.40000000000000029976 0.29478614977455602775 -1.1035132483066061315 -2.4619451569193602225 0.02048380509489331272 
0.42500000000000032196 0.33423769226169430802 -0.91885204622245197914 -2.4692453087293086966 0.019201814839384243744 
0.45000000000000034417 0.3325166546569694459 -0.776310176046654421 -2.4767771786954626556 0.022630384472341686514 
0.47500000000000036637 0.30028310888233400444 -0.84075527521988602242 -2.4825999947853576444 0.0089581805731015172467 
0.50000000000000033307 0.31297260831988826801 -1.288354113430853598 -2.4852497305280945028 0.0065606378369093719047 
0.52500000000000035527 0.31898493565054325538 -1.0606001635101198755 -2.4880028930223394568 0.00767908691153279966 
0.55000000000000037748 0.31899978891228591982 -1.1588251183212918693 -2.4902746031127263038 0.0064065700094059199396 
0.57500000000000039968 0.32599674191874511431 -1.3771691025966337207 -2.4931424411597644664 0.0087961601763885954863 
0.60000000000000042188 0.32453767171170627703 -1.0411724706952718567 -2.4958396741631587723 0.0048827828207087687479 
0.62500000000000044409 0.33644880628464790551 -0.94991038175836539637 -2.4972994012361620086 0.0043489738619919499421 
0.65000000000000046629 0.33824626778530342275 -0.91377720034916209979 -2.4989404605391261072 0.0043685736242149173295 
0.6750000000000004885 0.33021647165929096657 -0.91872265030941746566 -2.5002909713244565459 0.0030258745620857230296 
0.7000000000000005107 0.33123830606185428183 -1.2069631475880941984 -2.5015332360206508078 0.004311139474440459432 
0.72500000000000053291 0.31684806521081632091 -1.3907635962358615433 -2.503606626691277981 0.0072676677356698551197 
0.75000000000000055511 0.29460238962358697989 -1.5377238515882116765 -2.5072086658161536477 0.013567488050948992365 
0.77500000000000057732 0.26861559789717975866 -1.5608471948661784001 -2.513199842411020235 0.016587357813822766611 
0.80000000000000059952 0.24219490020942618935 -1.5605580654432689158 -2.5173943916427097278 0.0066469768130827640643 
0.82500000000000062172 0.25268216496022088968 -1.8736929834850450938 -2.5194290036415885048 0.005599721312541688055 
0.85000000000000064393 0.26748361565303457876 -1.9698290576214376735 -2.5213358374540608686 0.0050379193441912294149 
0.87500000000000066613 0.26811161974444214229 -1.6391141994557529848 -2.5233203185810650915 0.0054878160962284986552 
0.90000000000000068834 0.27764925935249645805 -1.3862569576533663174 -2.5252730171608961385 0.0057875859726902161712 
0.92500000000000071054 0.27920542698339351206 -1.3468312763473475613 -2.5271818928948852623 0.003695019408238103386 
0.95000000000000073275 0.27567055529651690593 -1.3395727221359305936 -2.5281551864423654763 0.0023574582348920140352 
0.97500000000000075495 0.26959940122707842791 -1.4522947912686146044 -2.5289803366322738398 0.0022910256847061116064 
1.0000000000000006661 0.26250556142682140992 -1.6352000719235428861 -2.5299105176569791631 0.00254390582256375751 
1.0249999999999979128 0.27086979755926721136 -1.7197350978163381541 -2.5306887994386375595 0.0019518753411848783607 
1.0499999999999951594 0.27976321328533887423 -1.6087248994079828002 -2.5313513487699252913 0.001427159644192415016 
1.0749999999999924061 0.27347916992271520398 -1.4040578380975463624 -2.5317545018386860001 0.00098708576757188643512 
1.0999999999999896527 0.27184971208982555702 -1.415804601169435184 -2.5320778889373061205 0.00086622909845130975724 
1.1249999999999868994 0.27491551198808855672 -1.5090608163484671156 -2.5324996312252050501 0.0013505405265213852022 
1.149999999999984146 0.27239050940576442494 -1.5145657921896988896 -2.532866185799547587 0.00061954578554338662379 
1.1749999999999813927 0.27247130191644636232 -1.5828037217922736879 -2.5330455824288233835 0.00038577293734644540861 
1.1999999999999786393 0.2734615443082189512 -1.5945912675772548894 -2.5331780579698248701 0.00051337808088752171377 
1.224999999999975886 0.27214137242242386616 -1.4981928839757938654 -2.5334103814414548062 0.00058237402054582695313 
1.2499999999999731326 0.27298892199566349159 -1.4893918107799546391 -2.533567991237468231 0.00033263728444797059647 
1.2749999999999703792 0.27360896198886686115 -1.5140570217165065792 -2.5336583701775770017 0.00018201187367618013794 
1.2999999999999676259 0.27480751487586618786 -1.505140035296985479 -2.5337371822029171042 0.00026761808531820677551 
1.3249999999999648725 0.27643625575116137494 -1.5180144662607066852 -2.5338317301147221805 0.00023847594569132839768 
1.3499999999999621192 0.273093440586167302 -1.5301028369657041495 -2.5339098709236971274 0.0001662483704834991831 
1.3749999999999593658 0.27090452171687395833 -1.5350266435450610203 -2.5339551550506702604 0.00012385762578595802268 
1.3999999999999566125 0.27283967775835743508 -1.5281598882936879846 -2.5340009034115187347 0.00010375862604592245102 
1.4249999999999538591 0.27365535895428438895 -1.5138179990863509516 -2.5340388134110485296 0.00011824970504893781049 
1.4499999999999511058 0.27510485408769130844 -1.5257159100938779694 -2.5340758254145643313 7.7415603838571758408e-005 
1.4749999999999483524 0.27578192256057237897 -1.5182265079413612696 -2.5341035113142504898 7.3959214368432972292e-005 
1.4999999999999455991 0.27329922170900672329 -1.4972091675628103058 -2.5341220810332893976 3.6598173227502889477e-005 
1.5249999999999428457 0.27210109800786747014 -1.5222191172415087124 -2.534140786787264954 5.9998372994942533157e-005 
1.5499999999999400924 0.27271242110712701212 -1.5394502359455628504 -2.5341586082376785782 4.3050025392100568333e-005 
1.574999999999937339 0.27349164348312426931 -1.5189962029443335734 -2.5341728045593234775 2.7976635255425632816e-005 
1.5999999999999345857 0.27446462397576593117 -1.5162123949707164705 -2.534181087740288163 2.4603842387410235356e-005 
1.6249999999999318323 0.2743100980814728862 -1.5207472636029280011 -2.5341901202920280589 2.3379319289387407371e-005 
1.649999999999929079 0.27403311348404246761 -1.5151713351279825215 -2.5341990937706784237 2.4258044185960212814e-005 
1.6749999999999263256 0.27425872700383913116 -1.522984855077700761 -2.5342053465671945389 1.1514104953502201682e-005 
1.6999999999999235722 0.2734184404507967181 -1.529718729307817604 -2.5342097994820051987 1.2411990345590513194e-005 
1.7249999999999208189 0.27301677037048455166 -1.5208742859406525483 -2.5342142422079723119 1.4242551427008355876e-005 
1.7499999999999180655 0.273762352982099888 -1.5104310621998626729 -2.5342188916718262348 7.4323220953406438021e-006 
1.7749999999999153122 0.27371998889317156189 -1.5107351970830014132 -2.5342207758196688694 6.4931453806434337634e-006 
1.7999999999999125588 0.27345320074954149181 -1.522902648948429416 -2.5342235095955807367 7.4544957663350511296e-006 
1.8249999999999098055 0.27374219671799265852 -1.5277360899422769425 -2.5342262707863656424 6.9053537153951653413e-006 
1.8499999999999070521 0.273954611368505907 -1.5238982522626591809 -2.5342277536417765482 2.1202455844292917747e-006 
1.8749999999999042988 0.27408384042458894259 -1.5253285394593605329 -2.5342288756474342648 3.9814483039949351688e-006 
1.8999999999999015454 0.27390397522572246247 -1.5191287367986676671 -2.5342302794001687616 3.8667638414013085342e-006 
1.9249999999998987921 0.27364031560044183022 -1.5101330380695845435 -2.5342315217785524872 2.5052100623905665058e-006 
1.9499999999998960387 0.2737370258392300415 -1.5174040313354826282 -2.5342322772225758243 1.8817179161114624438e-006 
1.9749999999998932854 0.27358222469851484204 -1.5239976607117176055 -2.5342328279659440682 1.4471369913945667044e-006 
1.999999999999890532 0.27340407222019535993 -1.520179752347962765 -2.5342335182992594689 1.9762284638641483512e-006 
2.0249999999998880007 0.27372943258653964493 -1.5202903983570459356 -2.5342340576416328979 1.2047316911302571055e-006 
2.0499999999998852473 0.27391236971150767499 -1.5234790888317619739 -2.5342344581637838985 8.1053568384381195979e-007 
2.074999999999882494 0.27384494103176032498 -1.5219817363003951272 -2.5342347358771886157 9.9138273137318183954e-007 
2.0999999999998797406 0.27384145711707813531 -1.5183736164274648228 -2.5342350724880420287 6.3029943347651128244e-007 
2.1249999999998769873 0.27376189708564141467 -1.5180978881628497401 -2.5342352927088711567 7.0553424151808841416e-007 
2.1499999999998742339 0.27370241153541213786 -1.5203563265193411613 -2.5342355159217437865 4.8552910338680739839e-007 
2.1749999999998714806 0.27368577659947390668 -1.5197946375646971262 -2.534235676756189104 3.6897162909562052469e-007 
2.1999999999998687272 0.27364083131496746981 -1.5190241023324868586 -2.5342357805485526967 2.8861624018841598625e-007 
2.2249999999998659739 0.27372847291985541451 -1.5217545861524857109 -2.5342359135651508772 3.8573428561114970974e-007 
2.2499999999998632205 0.27381329851417407495 -1.521821462627830357 -2.5342360358994433511 2.7923410961057763434e-007 
2.2749999999998604672 0.27377191507123616043 -1.5189575548415186201 -2.5342361003513635964 9.9445844259613499755e-008 
2.2999999999998577138 0.27374999088005569359 -1.5195467964853719423 -2.5342361503697188319 1.7388754078495398262e-007 
2.3249999999998549605 0.2737317408548128328 -1.520957387554340956 -2.5342362112911049898 1.7953344455434764037e-007 
2.3499999999998522071 0.27373131893438495954 -1.5201879997332374828 -2.534236276883097716 1.3440272251052439933e-007 
2.3749999999998494538 0.27376094718278970452 -1.5200961263067198637 -2.5342363052697192138 6.1968979750255787298e-008 
2.3999999999998467004 0.27371346223752174298 -1.5203929338744459621 -2.5342363320362242263 7.0382577477373782925e-008 
2.4249999999998439471 0.2736922529729625686 -1.5198417578301728348 -2.5342363597220618487 9.2788293428459970535e-008 
2.4499999999998411937 0.27375723607702090456 -1.5195802755965770459 -2.534236388244938798 5.0576822651088365278e-008 
2.4749999999998384403 0.27377623280800283956 -1.5200741602520007056 -2.5342364052564607668 4.9628287246358091693e-008 
2.499999999999835687 0.27376379846393394946 -1.5207498628417268627 -2.5342364192247148758 2.8650324901338931906e-008 
2.5249999999998329336 0.27375812331637267016 -1.5205987127192299724 -2.5342364311000786792 3.6289385798573724362e-008 
2.5499999999998301803 0.27373132926228915807 -1.5201625781920120595 -2.5342364436300282016 3.257466799106779826e-008 
2.5749999999998274269 0.27371595327632569639 -1.5203312813216274257 -2.5342364539141213342 2.077302837994754971e-008 
2.5999999999998246736 0.27371770159005809342 -1.5199404352525842654 -2.5342364597574591478 1.5889605079695862748e-008 
2.6249999999998219202 0.27373371517508932049 -1.5194816329203459926 -2.534236465501090052 1.4575869601605402801e-008 
2.6499999999998191669 0.27375996988065937066 -1.5202501541513180339 -2.5342364715932261809 1.8057566947639274904e-008 
2.6749999999998164135 0.27375114281914464387 -1.5207281780720434128 -2.534236476615764122 1.0033330702697916513e-008 
2.6999999999998136602 0.27373526993304725385 -1.5202667094548931725 -2.534236479780052953 6.5809688892899801016e-009 
2.7249999999998109068 0.27374865577043300258 -1.520078495979310329 -2.5342364818106646318 7.1967859111146830548e-009 
2.7499999999998081535 0.27375390588076181642 -1.520157844150190618 -2.5342364852733108016 9.2813515814314364787e-009 
2.7749999999998054001 0.27374828010438206904 -1.520080175926956878 -2.5342364876632905712 4.6931902286884000804e-009 
2.7999999999998026468 0.27373933972839886719 -1.5200487875344306232 -2.5342364889389319416 2.5547729222385902466e-009 
2.8249999999997998934 0.27372164297256734722 -1.5202123854110816126 -2.5342364902681957517 4.8780299480763149114e-009 
2.84999999999979714 0.27372340162551078713 -1.5203833382578082478 -2.5342364917934876445 3.1795149120160484997e-009 
2.8749999999997943867 0.27374070958096763384 -1.5202622936440888246 -2.5342364927628335813 2.1939710558767765722e-009 
2.8999999999997916333 0.27374896752182154014 -1.520098417903173349 -2.5342364935276240345 2.3286013182720561894e-009 
2.92499999999978888 0.27375550155114919404 -1.5201817780009783121 -2.5342364943201740601 1.6586434487994898601e-009 
2.9499999999997861266 0.27375500126957041935 -1.5201450675397258916 -2.5342364948643973932 1.6015821209990481664e-009 
2.9749999999997833733 0.27374269900771613928 -1.5200131992115877289 -2.5342364953462332977 9.908169872287806791e-010 
2.9999999999997806199 0.27373313382114061731 -1.5201661708414402341 -2.5342364957744085707 1.2927171468884223796e-009 
3.0249999999997778666 0.27372979952712955809 -1.5203233607736468258 -2.5342364961269332468 7.7756792604558141407e-010 
3.0499999999997751132 0.27373510277728269058 -1.5202757819909511472 -2.5342364964196915089 6.6966119776827747252e-010 
3.0749999999997723599 0.27374427426347330838 -1.5202367058150367818 -2.5342364966107937541 5.8615597396541825158e-010 
3.0999999999997696065 0.27374536472145416521 -1.5201733967491626309 -2.5342364968511370549 5.6800396892692269016e-010 
3.1249999999997668532 0.27374546444066660822 -1.5200682022919589365 -2.5342364970115016654 3.8750611583912949611e-010 
3.1499999999997640998 0.27374613346970161354 -1.5200708597000494038 -2.5342364971310740174 2.9264520839821099443e-010 
3.1749999999997613465 0.27374065187862695048 -1.5201764079726727275 -2.5342364972594713102 3.5967604164476441202e-010 
3.1999999999997585931 0.27373797406151545442 -1.5202736608452869227 -2.5342364973568289876 2.1937657317911983719e-010 
3.2249999999997558398 0.27373945762865797837 -1.5202557766174533693 -2.5342364974305890968 1.6314013806699887065e-010 
3.2499999999997530864 0.27373904665342946307 -1.5201842870473294411 -2.534236497495882201 2.1996987930223443025e-010 
3.274999999999750333 0.27374102930097932163 -1.5201767841222886268 -2.5342364975604096955 1.0700071878351085909e-010 
3.2999999999997475797 0.27374403627743532086 -1.520155978259744245 -2.5342364975988265208 1.2345521245285683625e-010 
3.3249999999997448263 0.27374378733789700435 -1.5201273537199719854 -2.534236497635475871 8.614459317201557637e-011 
3.349999999999742073 0.27374253399226944339 -1.5201779667567585363 -2.5342364976759665929 1.1104408587714622279e-010 
3.3749999999997393196 0.27374070723078031131 -1.5202119888917606794 -2.5342364977004798732 4.4738374228905856129e-011 
3.3999999999997365663 0.27373956170584101688 -1.5201916305360216874 -2.5342364977185054542 4.6539974662330443645e-011 
3.4249999999997338129 0.27374014664816448406 -1.5201930043433153905 -2.534236497736888083 6.2617540322095756311e-011 
3.4499999999997310596 0.27374066456980750139 -1.5201964916773071934 -2.5342364977580591479 4.2443305424509121827e-011 
3.4749999999997283062 0.27374214069111796332 -1.5201767090472375621 -2.5342364977694002981 2.5668846200440564e-011 
3.4999999999997255529 0.27374330720969736186 -1.520162998393047582 -2.5342364977773801371 2.1699544463184209228e-011 
3.5249999999997227995 0.27374183006414642971 -1.5201685738488444066 -2.5342364977872313681 2.7447483038895238241e-011 
3.5499999999997200462 0.2737410320326302271 -1.5201851813371431987 -2.5342364977956353123 2.2525549461796842732e-011 
3.5749999999997172928 0.27374145521006953974 -1.5201918046377578264 -2.5342364978027243083 1.2633272357801104502e-011 
3.5999999999997145395 0.27374074245861740318 -1.5201895123109292474 -2.5342364978066593828 1.2358970238242325464e-011 
3.6249999999997117861 0.27374061121635473448 -1.5201904468259173075 -2.5342364978107561058 9.3326954953260016449e-012 
3.6499999999997090327 0.27374162644648702969 -1.5201802197416613982 -2.5342364978148061994 1.2803313820539782042e-011 
3.6749999999997062794 0.27374208990761156324 -1.520170203566055811 -2.5342364978183113955 6.3674981798735614036e-012 
3.699999999999703526 0.2737418476320936378 -1.5201807610221469425 -2.5342364978206184389 5.9128414090084323488e-012 
3.7249999999997007727 0.27374122316503757268 -1.520185868869229795 -2.534236497822186962 4.1235244809652064659e-012 
3.7499999999996980193 0.27374101171025311263 -1.520180685929002351 -2.5342364978241467277 5.7634625272287178035e-012 
3.774999999999695266 0.27374140833553434193 -1.520185633599515862 -2.534236497826029666 4.5049323990652621209e-012 
3.7999999999996925126 0.27374144294203445194 -1.5201865787580741696 -2.5342364978271341158 1.5589289045290823174e-012 
3.8249999999996897593 0.27374145857050202757 -1.5201789140813128931 -2.5342364978277087673 2.2523705904461676934e-012 
3.8499999999996870059 0.27374168975569046491 -1.5201800934797728981 -2.5342364978287563737 3.2223695474884275011e-012 
3.8749999999996842526 0.27374145465879901051 -1.5201855768489833665 -2.5342364978297577949 1.7643130876284334689e-012 
3.8999999999996814992 0.27374124467653920822 -1.5201842535400884593 -2.5342364978301259448 9.2494004581003507349e-013 
3.9249999999996787459 0.27374137836224821108 -1.5201791020111161679 -2.5342364978305429446 1.1378952534854187229e-012 
3.9499999999996759925 0.2737414077281782876 -1.5201793241706260673 -2.5342364978309990242 1.4134410131459138185e-012 
3.9749999999996732392 0.27374143873330109011 -1.5201843265871917144 -2.5342364978314133594 7.9099687765038308823e-013 
3.9999999999996704858 0.27374143212868096153 -1.520183701286732969 -2.5342364978316815893 7.0230946735435905967e-013 
4.0249999999996788347 0.27374133131226041638 -1.5201818402487026205 -2.5342364978318707713 4.4359375157179737664e-013 
4.0499999999996871836 0.27374142655108862909 -1.5201851523553249201 -2.5342364978320772728 5.8858253593674754234e-013 
4.0749999999996955324 0.27374154197886901851 -1.5201839496530271667 -2.5342364978322549085 4.5624839643537731734e-013 
4.0999999999997038813 0.27374150818071396607 -1.52017922522635196 -2.5342364978324014579 3.0472853337425329441e-013 
4.1249999999997122302 0.27374144936623195923 -1.5201804293366572018 -2.5342364978325102598 3.0849479140044322181e-013 
4.1499999999997205791 0.27374135526845672084 -1.520183002621738666 -2.5342364978325950808 1.7702817205051459309e-013 
4.1749999999997289279 0.27374133184243837347 -1.5201825762352054738 -2.5342364978326781255 2.5638766390027146985e-013 
4.1999999999997372768 0.27374139454573342967 -1.5201827620676668928 -2.5342364978327518443 1.7539107407748289642e-013 
4.2249999999997456257 0.27374140090904297562 -1.5201837325767193487 -2.5342364978328095759 9.9690107098168326921e-014 
4.2499999999997539746 0.27374144118294529981 -1.5201832559537136191 -2.5342364978328393299 1.2335462794088675152e-013 
4.2749999999997623235 0.27374149602108649448 -1.5201819188825378415 -2.5342364978328899561 1.1189814105868684181e-013 
4.2999999999997706723 0.27374144832843694264 -1.5201816930251541571 -2.5342364978329237069 8.5187762684108002558e-014 
4.3249999999997790212 0.27374141279535740834 -1.5201822211912856542 -2.5342364978329450231 4.0642997701866814846e-014 
4.3499999999997873701 0.27374142099606724177 -1.5201817720323984595 -2.5342364978329667835 7.1091322892376298268e-014 
4.374999999999795719 0.27374141391739442719 -1.5201818981830803601 -2.5342364978329880998 5.1425687454541838367e-014 
4.3999999999998040678 0.2737414146839775575 -1.5201834889332228595 -2.5342364978330049752 3.124278938773450419e-014 
4.4249999999998124167 0.27374140283781722705 -1.5201835244606713982 -2.534236497833013857 3.2917006988805883258e-014 
4.4499999999998207656 0.27374139806766101257 -1.5201822039670389586 -2.5342364978330267355 2.8454509559534076908e-014 
4.4749999999998291145 0.27374143245816029424 -1.5201820651629012193 -2.5342364978330369496 2.5276427296306064247e-014 
4.4999999999998374633 0.27374144795948041065 -1.5201821551844210134 -2.5342364978330422787 1.2125859466304989996e-014 
4.5249999999998458122 0.27374144171260034186 -1.5201819411286785488 -2.5342364978330484959 2.0022251181845105896e-014 
4.5499999999998541611 0.27374143182627336257 -1.5201824696497086009 -2.5342364978330551573 1.4033198155396010213e-014 
4.57499999999986251 0.27374140840443061951 -1.5201829864287961236 -2.53423649783305871 8.710653091198622758e-015 
4.5999999999998708589 0.27374140562325693926 -1.5201827094033784071 -2.5342364978330631509 9.0897809748671098553e-015 
4.6249999999998792077 0.27374141742899571472 -1.5201822178673343178 -2.5342364978330658154 7.311092754255786e-015 
4.6499999999998875566 0.2737414189913031648 -1.5201821882049748602 -2.5342364978330671477 7.9336171186320231405e-015 
4.6749999999998959055 0.27374143124633576463 -1.5201824951933526897 -2.5342364978330711445 4.4832214094343228812e-015 
4.6999999999999042544 0.27374143673369061291 -1.520182476728505705 -2.5342364978330720326 3.8387772410049789491e-015 
4.7249999999999126032 0.27374142317694627469 -1.5201823729994254908 -2.5342364978330729208 3.915793091284891031e-015 
4.7499999999999209521 0.2737414203939175783 -1.5201825327143447808 -2.5342364978330733649 3.0433192126389882808e-015 
4.774999999999929301 0.27374142242596216645 -1.5201824604368325833 -2.5342364978330751413 2.9887633384729529036e-015 
4.7999999999999376499 0.27374141890505232499 -1.520182325812715618 -2.5342364978330760295 1.8005287401986366774e-015 
4.8249999999999459988 0.27374141809712493334 -1.5201824826084653353 -2.5342364978330773617 1.4390596466319191409e-015 
4.8499999999999543476 0.27374141846202726391 -1.5201824901253266908 -2.5342364978330769176 1.6763522686220912332e-015 
4.8749999999999626965 0.27374142444142030017 -1.520182355268434371 -2.5342364978330778058 1.6526872167658765244e-015 
4.8999999999999710454 0.27374142959906183625 -1.5201824168371125268 -2.5342364978330782499 6.2252356318058664569e-016 
4.9249999999999793943 0.27374142487731961682 -1.5201824941865553775 -2.534236497833078694 6.6105578077682043049e-016 
4.9499999999999877431 0.27374142479743285294 -1.5201824548883693389 -2.5342364978330791381 1.0455822589133087121e-015 
4.974999999999996092 0.27374142695058811814 -1.5201824134424697377 -2.5342364978330791381 6.1131337293491790227e-016 
