0.025000000000000015266 0.5940159539900624619 0.0004735175100181870933 -2.2479928221569545066 0.03897066212891617254 
0.05000000000000003747 0.57098790211129113459 0.016576231341157030008 -2.2581095929425303304 0.053887769844868954605 
0.075000000000000052736 0.43750234200987908606 -0.0046304188670187040877 -2.2839051919815358538 0.085356433773350920413 
0.10000000000000007494 0.40500772228340353731 -0.051908886921472663367 -2.3274395129440255126 0.1003995614106005102 
0.12500000000000008327 0.24875121397463914596 -0.41087606268203147319 -2.3559072252151156412 0.050420601178363520789 
0.15000000000000010547 0.23550676114791213589 -1.8421310141739049016 -2.3720235032204248782 0.040142283323471146528 
0.17500000000000012768 0.30473040235667409048 -2.3064742925530588025 -2.3881914450636427816 0.043249698406835859754 
0.20000000000000014988 0.25745785566463114113 -1.4068953699692638981 -2.4028343992474701096 0.024691707943435670103 
0.22500000000000017208 0.24876148758883401269 -1.6842144675211336846 -2.4115119781613900685 0.026318090014340104338 
0.25000000000000016653 0.27878912051201709676 -1.2299370557880622279 -2.4241902032219075913 0.034256904337187081555 
0.27500000000000018874 0.29010751408226587156 -0.24982924722957700059 -2.4341294522053251725 0.016546869030876758255 
0.30000000000000021094 0.31100530320149549768 -0.45277363127644731922 -2.4391588154124712595 0.010668380714353626476 
0.32500000000000023315 0.30599257892019748883 -0.58725766177429794546 -2.4453420422911955612 0.019898433410593205362 
0.35000000000000025535 0.3192744816920606854 -1.224046969912110594 -2.4527031385365658522 0.017422501360080045602 
0.37500000000000027756 0.32907320442866938581 -1.833583167575072892 -2.457927266315674153 0.011061792758033038228 
0.40000000000000029976 0.3089231950102399038 -1.2884094533287664408 -2.4633624559238018747 0.015588416623449176737 
0.42500000000000032196 0.3383930845056047354 -1.1000960257085399263 -2.4699689539942837335 0.016107063996780822401 
0.45000000000000034417 0.35088585573968467113 -0.84923499598648821696 -2.4751894020317779521 0.011842294525357139473 
0.47500000000000036637 0.33253997675309870941 -0.72325133162707211376 -2.4793099524456367888 0.010372409099628207563 
0.50000000000000033307 0.32153356928877296905 -1.0870563586247654619 -2.4839111147784072031 0.011566266895638808304 
0.52500000000000035527 0.29670793140746082317 -1.1214728738088997062 -2.4887795935760967936 0.013817540350417822914 
0.55000000000000037748 0.28705682854930641978 -1.5530977856417613747 -2.4942728948698271729 0.013775545831141582792 
0.57500000000000039968 0.29291887225770246728 -2.0038238520528661724 -2.4988318801550075676 0.0086617647384786278231 
0.60000000000000042188 0.28992132965487382723 -1.8492488214918101352 -2.5015860104985150336 0.0059809582030004009717 
0.62500000000000044409 0.30637977344174421868 -1.9216767060124826383 -2.5039025409003592415 0.0060138627506388210933 
0.65000000000000046629 0.31410174477859492681 -1.8664003092866001676 -2.5059017481044882913 0.0040923601642205527026 
0.6750000000000004885 0.30567598394094519509 -1.481101498205227518 -2.5073377620845920255 0.0033243990793051635818 
0.7000000000000005107 0.31490543945959487138 -1.3957538145468859625 -2.5085752395238900547 0.0027772904951249314728 
0.72500000000000053291 0.31531759709948403714 -1.3741704590507133332 -2.5095883274289829679 0.0027476678903622553558 
0.75000000000000055511 0.30981630441023699785 -1.4465432703086671395 -2.5107511480160051853 0.0030478078918763952532 
0.77500000000000057732 0.31239169645225323135 -1.6034491716270458106 -2.5117354866410281922 0.0015218670489304637287 
0.80000000000000059952 0.30350337944763267073 -1.6210691533787324747 -2.5120494394386585491 0.00058771699524525638798 
0.82500000000000062172 0.30152726787095890382 -1.7361691361533759803 -2.5124371086068246761 0.0013848874845475917308 
0.85000000000000064393 0.30881161196263634539 -1.8013438482214489955 -2.5129571467326310419 0.001121599556964800919 
0.87500000000000066613 0.30752536208887332192 -1.6316965165700958451 -2.5133561611405257352 0.00091466931847543082174 
0.90000000000000068834 0.31186037940665550794 -1.5135098278751710765 -2.5136661039574454968 0.00064337884315552110182 
0.92500000000000071054 0.31692065452073137077 -1.4716718288628487521 -2.5138461114809116381 0.00034152769595096650482 
0.95000000000000073275 0.31496083810278591164 -1.4735055033462569618 -2.5139804218093924071 0.0003651619482031226503 
0.97500000000000075495 0.31358789811196707831 -1.5569990661406833965 -2.5141588814183877254 0.00051650967098055460339 
1.0000000000000006661 0.30754919787293150124 -1.6029099496494370047 -2.514338726911171662 0.00034654299566150618093 
1.0249999999999979128 0.30382457300342285977 -1.6184564227691204952 -2.5144202219312075108 0.00013287684257081526225 
1.0499999999999951594 0.30950800265030037339 -1.6322247867505230712 -2.5144890209379804347 0.00021251793067027862044 
1.0749999999999924061 0.31305009127941441083 -1.5889434361066405721 -2.5145698166312331345 0.00017369291825879211401 
1.0999999999999896527 0.31323241113893857124 -1.5524013173727171377 -2.5146247234464240705 0.00012878381755202820903 
1.1249999999999868994 0.31219977151528827131 -1.5478376254293260139 -2.514674493315608661 0.00012114287403856720314 
1.149999999999984146 0.30980336206752906447 -1.5484632648429033086 -2.5147167884759493717 8.2405744987139545408e-005 
1.1749999999999813927 0.31012893500058941187 -1.5884208425016703714 -2.514743371077691414 6.8873171718148248508e-005 
1.1999999999999786393 0.31056664092481345296 -1.6112168283599865859 -2.5147740996597147678 8.0072368255440750902e-005 
1.224999999999975886 0.31036565265089016696 -1.5922193847341972184 -2.5147969233451057391 3.4828423836738274543e-005 
1.2499999999999731326 0.31177068349461606322 -1.5906752072216114868 -2.514809916874758855 3.7115689345449171433e-005 
1.2749999999999703792 0.31144890594472496304 -1.5735680457254237474 -2.5148261474689901362 4.3254252413737307738e-005 
1.2999999999999676259 0.31074272336633668168 -1.5455781071412642014 -2.5148404274389175583 2.785955960787921316e-005 
1.3249999999999648725 0.31144235074865073143 -1.5502163434867202163 -2.5148488771738999326 1.7369108867421187496e-005 
1.3499999999999621192 0.31118584136463373069 -1.5599672166980278476 -2.5148567872563662995 2.2902373141181824273e-005 
1.3749999999999593658 0.31109702390823756879 -1.5799152487837275771 -2.5148646254242610354 1.5302932513856054e-005 
1.3999999999999566125 0.31095272306793553252 -1.600558611189123237 -2.5148690038972807415 9.5777246278733251477e-006 
1.4249999999999538591 0.30999578527573645736 -1.5921705826033127895 -2.5148736391846564509 1.249539710509329456e-005 
1.4499999999999511058 0.31040810105203003877 -1.5870585313980265507 -2.5148776883797694381 8.1686286569787878623e-006 
1.4749999999999483524 0.3111849831107188491 -1.5835818196320052831 -2.5148805091898509545 7.2020126281204068967e-006 
1.4999999999999455991 0.31125209514778701125 -1.5680252690115503711 -2.5148834251849274679 6.8570686958900745113e-006 
1.5249999999999428457 0.31159207426332080626 -1.5627755208492057903 -2.5148854635707236227 3.1465791992076125488e-006 
1.5499999999999400924 0.31149998423594921215 -1.5631212353694570183 -2.5148865020363611045 3.4764462814989497739e-006 
1.574999999999937339 0.31109284883229432195 -1.5694004175553779579 -2.514888188455686624 4.3676631434858237358e-006 
1.5999999999999345857 0.31091333493465561633 -1.5801484700038588294 -2.5148895839638014671 2.6509159707007647727e-006 
1.6249999999999318323 0.31051935150426640542 -1.5788045665995267264 -2.5148904742872963958 1.9518972390404252214e-006 
1.649999999999929079 0.3105317675420989354 -1.5787870285319627328 -2.5148911284952215617 1.5753449250828891568e-006 
1.6749999999999263256 0.31098361357350251533 -1.5823866929316943164 -2.5148917105861099408 1.3637276681756451533e-006 
1.6999999999999235722 0.31117947559837033644 -1.5793008744269076971 -2.5148922515134830569 1.3378114045833691641e-006 
1.7249999999999208189 0.31122962190735925514 -1.5774300157140126455 -2.5148927608577604786 1.2205085620243394254e-006 
1.7499999999999180655 0.3110697723137744175 -1.5748336205879136518 -2.5148931132365870411 5.8002889403994157192e-007 
1.7749999999999153122 0.31094522574385646818 -1.5722809176147012344 -2.5148933162616722292 6.0320272424593658167e-007 
1.7999999999999125588 0.3111155991649164898 -1.5741925043730757849 -2.5148936101999850301 7.3974029046534584416e-007 
1.8249999999999098055 0.31107511072552662679 -1.5734457968732469269 -2.5148938222360759376 3.6272499888610470424e-007 
1.8499999999999070521 0.31093906418767469635 -1.5733594627003451016 -2.5148939322510481809 2.7176758468294458828e-007 
1.8749999999999042988 0.31095087893908451848 -1.5764477046218510203 -2.5148940639835095645 3.7188354144422431087e-007 
1.8999999999999015454 0.3108907334028769287 -1.5772825945816166815 -2.5148942034968300163 3.08396876276891079e-007 
1.9249999999998987921 0.31093728457641572893 -1.5780139263332473298 -2.5148942997542267364 1.9928811116446241496e-007 
1.9499999999998960387 0.31105647818855958198 -1.5779716385804278822 -2.5148943600425521794 1.0948586707328861166e-007 
1.9749999999998932854 0.31105652121782551012 -1.5759807238993992495 -2.5148944003689464033 1.0957716287008146264e-007 
1.999999999999890532 0.31108968998331643085 -1.5756305665749950062 -2.5148944537134156896 1.5650300535649237133e-007 
2.0249999999998880007 0.31105652147049211997 -1.5755441411390251893 -2.5148945104832196584 1.2649882976077626204e-007 
2.0499999999998852473 0.3109492320559842371 -1.5749894732261289221 -2.5148945486588289988 6.0470444758937782636e-008 
2.074999999999882494 0.31096153857483976868 -1.5754669502335472142 -2.5148945636225810141 3.0407329613910393367e-008 
2.0999999999998797406 0.3109814926203509633 -1.5756810255564781542 -2.5148945814050773784 6.0688341332222640579e-008 
2.1249999999998769873 0.31098683184283076875 -1.5756431754327855366 -2.5148946043393567429 5.1764361636234483572e-008 
2.1499999999998742339 0.31103206584483344965 -1.5757296623244747558 -2.5148946223015795631 3.9094870132630859326e-008 
2.1749999999998714806 0.31103446260625300379 -1.5756012992595274103 -2.5148946356959176462 2.7746211594520104187e-008 
2.1999999999998687272 0.31102797952874827736 -1.576086901298382692 -2.5148946438891610633 1.7689229618986055751e-008 
2.2249999999998659739 0.3110141934238460637 -1.5766058333208032849 -2.5148946508741021333 1.8299390617362781833e-008 
2.2499999999998632205 0.31097573293356922663 -1.5763818066622283798 -2.5148946584033473606 1.8134596370517185554e-008 
2.2749999999998604672 0.31098613855857781818 -1.5762216737972072345 -2.5148946645710430481 1.3326407774679497508e-008 
2.2999999999998577138 0.3110069891342671089 -1.5760328826315537221 -2.5148946692002902559 1.182927368904938846e-008 
2.3249999999998549605 0.3110082433879097219 -1.5756153487015911452 -2.514894673620252874 9.1596403487803760868e-009 
2.3499999999998522071 0.31101654207153017762 -1.5754263537861898925 -2.5148946764355417649 5.6083911688223081655e-009 
2.3749999999998494538 0.31100513848553390517 -1.5753392447037359858 -2.5148946783932748517 4.8378348246229163995e-009 
2.3999999999998467004 0.3110031393669299149 -1.5755303590371094735 -2.5148946804671212796 6.1000782436392864759e-009 
2.4249999999998439471 0.31101974293401013494 -1.5760089101829586333 -2.514894682802620629 4.8319725556234999196e-009 
2.4499999999998411937 0.31101138861680660552 -1.5761690792769433855 -2.5148946842739023921 2.9976910972795222391e-009 
2.4749999999998384403 0.31100260834352705386 -1.5762021357521631693 -2.5148946853256242129 2.4934937598321253889e-009 
2.499999999999835687 0.31100001194824999917 -1.5762203086898569637 -2.5148946861282550636 1.645318248027333597e-009 
2.5249999999998329336 0.31099347161669116391 -1.5759825776627536253 -2.5148946868402024535 2.0606384320063409128e-009 
2.5499999999998301803 0.31100488734640396871 -1.5758114165376388982 -2.5148946876781259618 1.9482894364808246945e-009 
2.5749999999998274269 0.31101385188779390178 -1.5757134537107815309 -2.5148946882535190284 1.1398220305031959335e-009 
2.5999999999998246736 0.31100941860735692446 -1.5756394362581231938 -2.5148946886493157571 8.6026976395972334672e-010 
2.6249999999998219202 0.31101025886990130154 -1.5757971812948485812 -2.5148946889754935086 8.0602193679686377613e-010 
2.6499999999998191669 0.31100689192971076036 -1.5759140753148452863 -2.5148946892663013308 6.9195867085969586956e-010 
2.6749999999998164135 0.31100194532439157102 -1.5759304759631731496 -2.5148946895238122323 6.2290349830390075978e-010 
2.6999999999998136602 0.31100411040209535729 -1.5759845877348523935 -2.5148946897336434958 4.2218081812853857138e-010 
2.7249999999998109068 0.31100492406025803671 -1.5759368718116792962 -2.5148946898961539453 4.2165686487069865586e-010 
2.7499999999998081535 0.31100753282969118008 -1.5758936275910553348 -2.5148946900421633721 3.1898505712351785134e-010 
2.7749999999998054001 0.31100988126863288175 -1.575896546832980416 -2.5148946901475555116 2.2727251580971597847e-010 
2.7999999999998026468 0.31100694951534041399 -1.5758568926556839607 -2.5148946902267819148 1.6514754027270221087e-010 
2.8249999999997998934 0.31100549780182723536 -1.5758750654884547959 -2.5148946902947919568 2.0743190585515395684e-010 
2.84999999999979714 0.31100420281422264113 -1.5758930530348636001 -2.5148946903778872652 1.8840926039994186299e-010 
2.8749999999997943867 0.31100349968721535676 -1.5758810157474913982 -2.5148946904300584215 8.6107158707725703811e-011 
2.8999999999997916333 0.31100656268806614602 -1.5759023174233459663 -2.5148946904627327292 8.101482359216445973e-011 
2.92499999999978888 0.31100751413287497371 -1.575885034288701636 -2.514894690491718876 7.3596620038035958817e-011 
2.9499999999997861266 0.31100702845168082256 -1.5758706792268988295 -2.5148946905230693538 8.54301572179997308e-011 
2.9749999999997833733 0.31100721330837488576 -1.5758866648182214831 -2.5148946905527060913 5.5912450697237701551e-011 
2.9999999999997806199 0.31100589862184280232 -1.5758720015481539889 -2.5148946905684752551 2.9914193284968025254e-011 
3.0249999999997778666 0.31100627718392981347 -1.5758785850285366159 -2.5148946905807734176 3.7413602711624833207e-011 
3.0499999999997751132 0.31100728612916384019 -1.5759000792176376393 -2.5148946905960030129 3.6100829328994264319e-011 
3.0749999999997723599 0.31100589002306849862 -1.5759028985598722006 -2.5148946906075382302 2.1736288275946660835e-011 
3.0999999999997696065 0.3110050687996116503 -1.5759132021221340381 -2.5148946906151063985 1.8373594487294015501e-011 
3.1249999999997668532 0.31100489277235754404 -1.5759022775984492526 -2.5148946906214795227 1.5108566594223519668e-011 
3.1499999999997640998 0.31100514034691489895 -1.5758802125166879726 -2.5148946906276923308 1.6026898748533948363e-011 
3.1749999999997613465 0.31100695929496924297 -1.5758771625698253516 -2.5148946906333775608 1.1839375986632140611e-011 
3.1999999999997585931 0.31100780090288066004 -1.5758687517199829742 -2.5148946906372469101 8.4524819589860009165e-012 
3.2249999999997558398 0.31100722443831158026 -1.5758676946712060207 -2.5148946906397862122 5.093982127411998975e-012 
3.2499999999997530864 0.31100657619793670161 -1.5758828924713803588 -2.51489469064214477 7.1999076174949539578e-012 
3.274999999999750333 0.31100565225236109779 -1.5758943724946021803 -2.5148946906450460048 6.4156720337985649007e-012 
3.2999999999997475797 0.31100539192542769884 -1.5759047359588791437 -2.5148946906468547802 3.4429569974972992093e-012 
3.3249999999997448263 0.31100573359807975882 -1.5759056764591190536 -2.5148946906481222108 3.2106321148405164593e-012 
3.349999999999742073 0.31100591926242598939 -1.5758937979003744267 -2.5148946906493248044 2.5792483118850741912e-012 
3.3749999999997393196 0.31100642350756646515 -1.5758856707182329338 -2.5148946906502618326 2.4364879401594319883e-012 
3.3999999999997365663 0.31100666920766550927 -1.5758802684514710002 -2.5148946906511788768 2.1551432475975055102e-012 
3.4249999999997338129 0.31100641920794686035 -1.5758770220366715709 -2.5148946906518649946 1.2970992480567725704e-012 
3.4499999999997310596 0.31100629094223514182 -1.5758809436180754027 -2.5148946906523308442 1.1921285996259397686e-012 
3.4749999999997283062 0.31100614186751407431 -1.5758863139686800636 -2.5148946906528557577 1.4051271916923172284e-012 
3.4999999999997255529 0.31100618420678094456 -1.5758914706024786945 -2.5148946906532732015 7.0018416384891905967e-013 
3.5249999999997227995 0.31100630362106407301 -1.5758946592609959225 -2.514894690653489473 4.8443137500007186619e-013 
3.5499999999997200462 0.31100606569568117754 -1.5758922491651294884 -2.5148946906537132939 6.5694158085655306611e-013 
3.5749999999997172928 0.31100601722153631279 -1.5758895561025436649 -2.5148946906539806356 6.5823598423086179368e-013 
3.5999999999997145395 0.31100619601436585437 -1.575887717935343435 -2.5148946906541769231 3.4681215216929760778e-013 
3.6249999999997117861 0.31100626255649604923 -1.5758849881776884061 -2.5148946906542954949 2.7150403715911304589e-013 
3.6499999999997090327 0.31100639364052079516 -1.5758850725587154606 -2.5148946906543927504 2.1440191501171370349e-013 
3.6749999999997062794 0.31100638081474218932 -1.5758864372477368043 -2.5148946906544678015 2.1462100296413967141e-013 
3.699999999999703526 0.31100617753491827111 -1.5758875115122121802 -2.5148946906545677216 2.6018140509625693518e-013 
3.7249999999997007727 0.31100609114601612815 -1.5758896002298599104 -2.5148946906546503222 1.4019341926865730023e-013 
3.7499999999996980193 0.31100607910297117797 -1.5758894933674940653 -2.514894690654689402 8.7292099404074126102e-014 
3.774999999999695266 0.31100617038136046943 -1.5758882039152344312 -2.5148946906547258173 9.4598172695995211664e-014 
3.7999999999996925126 0.31100632116257781457 -1.5758884317717236634 -2.5148946906547600122 8.0193335496873756093e-014 
3.8249999999996897593 0.31100631436806353003 -1.5758878748644122858 -2.5148946906547902103 7.3048335725348166172e-014 
3.8499999999996870059 0.31100624274652133305 -1.5758872342530567678 -2.5148946906548190761 6.8505612359050165e-014 
3.8749999999996842526 0.31100619425979325605 -1.5758874294408515837 -2.5148946906548390601 3.9767385810587751339e-014 
3.8999999999996814992 0.31100616960533683519 -1.5758874989332316563 -2.5148946906548523827 2.9918581972148309592e-014 
3.9249999999996787459 0.31100621297706748658 -1.575888156857617961 -2.5148946906548639291 2.876459030660996553e-014 
3.9499999999996759925 0.31100622871125477298 -1.5758882400029627924 -2.5148946906548750313 2.6930260840054887905e-014 
3.9749999999996732392 0.31100620463162909068 -1.5758877379250424422 -2.5148946906548843572 2.0746908857327075307e-014 
3.9999999999996704858 0.31100620932719547085 -1.5758882690073598987 -2.5148946906548941271 2.4108771900311894633e-014 
4.0249999999996788347 0.31100620624036651174 -1.575888466721810266 -2.5148946906548994562 9.5931163669838067312e-015 
4.0499999999996871836 0.31100621570953179695 -1.5758879968136176863 -2.5148946906549021207 6.2490949365562756825e-015 
4.0749999999996955324 0.31100623894159240557 -1.5758877545626379657 -2.5148946906549061175 1.1966984702628924913e-014 
4.0999999999997038813 0.3110062331368952937 -1.5758875461226544701 -2.5148946906549110025 9.6821327544776381096e-015 
4.1249999999997122302 0.31100623386594633546 -1.5758877394717356601 -2.5148946906549149993 6.355324615852646673e-015 
4.1499999999997205791 0.31100622443113057347 -1.5758879784044732553 -2.5148946906549158875 4.5019880048035791346e-015 
4.1749999999997289279 0.31100619091273817851 -1.5758879341855664968 -2.5148946906549176639 3.4373997940971426214e-015 
4.1999999999997372768 0.31100619251162842094 -1.5758881249436398342 -2.514894690654918108 3.5474391827790450132e-015 
4.2249999999997456257 0.31100621423813590294 -1.5758881198246186273 -2.5148946906549198843 3.7747170272386291554e-015 
4.2499999999997539746 0.31100622527679766538 -1.5758879433125996261 -2.5148946906549216607 2.0232455474943465334e-015 
4.2749999999997623235 0.31100623147164124793 -1.5758879735641500019 -2.5148946906549216607 1.630351025472310715e-015 
4.2999999999997706723 0.31100622121333726389 -1.5758878749714375633 -2.5148946906549221048 2.0524058864048174102e-015 
4.3249999999997790212 0.31100621208126816297 -1.5758878656559600628 -2.5148946906549238811 1.2895113726216029805e-015 
4.3499999999997873701 0.31100621662989608174 -1.5758880046800880503 -2.5148946906549243252 6.0672649143416780301e-016 
4.374999999999795719 0.31100621712235348992 -1.5758879498054041424 -2.5148946906549243252 1.0927550502542904322e-015 
4.3999999999998040678 0.31100621959017821228 -1.5758879115998027931 -2.5148946906549252134 8.4636401392738462211e-016 
4.4249999999998124167 0.31100622153837320649 -1.575887932238550615 -2.5148946906549252134 6.6245326611737399292e-016 
4.4499999999998207656 0.31100621498472508231 -1.5758879130483185449 -2.5148946906549252134 4.3585445615448754044e-016 
4.4749999999998291145 0.3110062126109121583 -1.5758879425565521792 -2.5148946906549265456 2.3059164154126097141e-016 
4.4999999999998374633 0.31100621415605628206 -1.5758879443899336259 -2.5148946906549252134 3.6211772820961999515e-016 
4.5249999999998458122 0.31100621730848471147 -1.5758879583363281096 -2.5148946906549256575 4.3021246499168949165e-016 
4.5499999999998541611 0.31100622156723672918 -1.5758880220134094952 -2.5148946906549265456 1.9536286941495798348e-016 
4.57499999999986251 0.3110062186464829237 -1.5758879973290607079 -2.5148946906549256575 1.0466760660330327057e-016 
4.5999999999998708589 0.31100621563797858915 -1.5758879406076089502 -2.5148946906549261016 1.6146299794490844647e-016 
4.6249999999998792077 0.31100621733711508732 -1.5758879257064553059 -2.5148946906549256575 1.4450240178049043804e-016 
4.6499999999998875566 0.31100621753678880932 -1.5758879038573323506 -2.5148946906549261016 1.0414139814556523089e-016 
4.6749999999998959055 0.311006218643338328 -1.57588789757750658 -2.5148946906549261016 9.0769903254121922915e-017 
4.6999999999999042544 0.31100621883214418784 -1.5758879168480572908 -2.5148946906549261016 5.4298072549503287785e-017 
4.7249999999999126032 0.31100621621902774239 -1.5758879485792138819 -2.5148946906549256575 5.1483138224103211179e-017 
4.7499999999999209521 0.31100621621993823629 -1.5758879890963415349 -2.5148946906549256575 6.3353479925063451095e-017 
4.774999999999929301 0.31100621644485532125 -1.5758879901680964419 -2.5148946906549261016 2.9324207555021287193e-017 
4.7999999999999376499 0.31100621584311782808 -1.575887961590298314 -2.5148946906549261016 2.8706444502872332567e-017 
4.8249999999999459988 0.31100621749560414253 -1.5758879466101756162 -2.5148946906549252134 2.9871470304322987608e-017 
4.8499999999999543476 0.3110062186817258989 -1.5758879315510581076 -2.5148946906549252134 2.0771565566949440557e-017 
4.8749999999999626965 0.3110062187211732887 -1.5758879273693540135 -2.5148946906549256575 1.6971556472568887682e-017 
4.8999999999999710454 0.31100621833285002626 -1.5758879384641157895 -2.5148946906549265456 1.4916915215543532702e-017 
4.9249999999999793943 0.31100621684252865995 -1.5758879386824422575 -2.5148946906549261016 1.0064266304491164422e-017 
4.9499999999999877431 0.31100621636618408505 -1.5758879464822541649 -2.5148946906549265456 9.5757514873821183089e-018 
4.974999999999996092 0.31100621687044804897 -1.5758879580509526086 -2.5148946906549269897 9.6481429972471875492e-018 
