0.025000000000000015266 0.59432418324523716979 0.00047559802293981739973 -2.247633225272129831 0.039183185658591149214 
0.05000000000000003747 0.57109019447282716175 0.016655936724414122097 -2.2575439222310658138 0.05447811618381597637 
0.075000000000000052736 0.43660819572711251357 -0.0050290799150050635724 -2.2829162294248903642 0.08648137079966559948 
0.10000000000000007494 0.40347191281093397475 -0.052223491276367939307 -2.3257262024950429158 0.10149007963304515489 
0.12500000000000008327 0.24617900638373180211 -0.41113519824987287965 -2.3536972729044944863 0.051210433462842180896 
0.15000000000000010547 0.2338791712473108908 -1.8644489227025462519 -2.3697367605617039032 0.041429404241092357419 
0.17500000000000012768 0.30426286094258053749 -2.3398135911061310743 -2.3858825966606915792 0.044329817475860198994 
0.20000000000000014988 0.25484523808347514517 -1.4219665363727038709 -2.4004436336638597105 0.025111133521725451795 
0.22500000000000017208 0.24485144002772771255 -1.7172571516471566433 -2.409034920917687117 0.027080438290078223673 
0.25000000000000016653 0.27550423813663854622 -1.2532380193408272362 -2.4217742061194202918 0.035604796306389144278 
0.27500000000000018874 0.28822422729050134471 -0.21519699463075381285 -2.4318882088891715654 0.017553828567930175597 
0.30000000000000021094 0.31025030092102040546 -0.40593062391491513408 -2.4369627811856733324 0.010415607372171049524 
0.32500000000000023315 0.30365543591823168645 -0.52403881943806329691 -2.4427805970051674755 0.019229044701105469511 
0.35000000000000025535 0.31227608347280944034 -1.1687567687382314219 -2.4494730168232781153 0.015608205392913056253 
0.37500000000000027756 0.30898070815758649221 -1.807701963532438949 -2.4532700201101405035 0.0060407124702943106043 
0.40000000000000029976 0.27588775921005787017 -1.2259536153201833208 -2.4561175798017149674 0.0082934732594320409449 
0.42500000000000032196 0.30311155542487316916 -0.92450765391951272854 -2.460288114374462598 0.012506254294869833046 
0.45000000000000034417 0.32883716475245799993 -0.39671763132577136934 -2.4649119546067810305 0.012424450491735827481 
0.47500000000000036637 0.33685433889134264174 -0.069068017957468641477 -2.4687521217209442703 0.0083431377428463335266 
0.50000000000000033307 0.34458259488517672953 -0.4791324195538809172 -2.4718563873802930075 0.0066723186529927215258 
0.52500000000000035527 0.32462257491996804326 -0.61142783244292209233 -2.4750750714141127595 0.011277366650926604758 
0.55000000000000037748 0.3224954859379908223 -1.2774635336316662038 -2.4795661633892214226 0.011376350852012464404 
0.57500000000000039968 0.32978167171779493305 -1.8362665324873006512 -2.4833020455747001343 0.0089001796168646160612 
0.60000000000000042188 0.31055539553539168729 -1.5096392639430513682 -2.4870111059408825938 0.010727513769672712002 
0.62500000000000044409 0.315816818242842412 -1.3656614951918468748 -2.4918507846527369054 0.014071009433739312469 
0.65000000000000046629 0.30709765122643783997 -1.2562316429830586717 -2.496975004084305727 0.011953289103556769685 
0.6750000000000004885 0.2876546402741356756 -1.2885448731227211461 -2.500339890876783322 0.0062742566501153198416 
0.7000000000000005107 0.30449886226466732486 -1.6540198836340191946 -2.5026764419359315283 0.006010630878249837751 
0.72500000000000053291 0.30602492846913176283 -1.8498747496933811707 -2.5049255487230230877 0.0059683470837653424673 
0.75000000000000055511 0.29819374235400603057 -1.9467311036887999798 -2.5068494867655095604 0.0036738144039973330557 
0.77500000000000057732 0.30914222993127715711 -1.8941160325976325041 -2.5078237912218694916 0.0019242160197618506535 
0.80000000000000059952 0.31071312465890560395 -1.5368034499025911011 -2.5088581320061704716 0.0036892862643691649686 
0.82500000000000062172 0.31433495432423635974 -1.3702753456462000159 -2.5102591276521688535 0.0031102229151688020117 
0.85000000000000064393 0.31915406773132642959 -1.3857508951153643117 -2.5111249902837480263 0.0016030287782877166575 
0.87500000000000066613 0.30991200229082543904 -1.3416274347145096257 -2.5116405812331503711 0.0012297001539263467326 
0.90000000000000068834 0.30439631526922944493 -1.5213875170634216794 -2.5121624273849607611 0.0015907985102130257297 
0.92500000000000071054 0.30681441541331555545 -1.8015705938483876913 -2.5127491786186029188 0.0011806931597153013346 
0.95000000000000073275 0.30664908439765198311 -1.8370793342725022512 -2.5130349726589424897 0.000621102405184276651 
0.97500000000000075495 0.30724853080620107004 -1.6887469500528198285 -2.5133603816705627487 0.00098206695682657714312 
1.0000000000000006661 0.30990533907889650234 -1.5100820057266246543 -2.5136999346641335507 0.00072102569662790415468 
1.0249999999999979128 0.31479517274022134066 -1.4594727654038437414 -2.513882825427084633 0.0003275107823199597222 
1.0499999999999951594 0.31768634132175749274 -1.4952718026943752072 -2.5140140047127341738 0.00036615372505965064097 
1.0749999999999924061 0.31385047108206892696 -1.5060666199919068298 -2.5141771080707839836 0.00048198135267498131958 
1.0999999999999896527 0.30918483975757948823 -1.5872918867914216356 -2.514337143473417413 0.00031854766955305397575 
1.1249999999999868994 0.30630083703685068164 -1.6668656783127104859 -2.5144236440585054915 0.00015589784569420235875 
1.149999999999984146 0.30716161525771396024 -1.6371189963785166555 -2.5144825525479501671 0.00019159525083380036983 
1.1749999999999813927 0.31190830127864133114 -1.5776590027547070516 -2.5145710831129375329 0.0002294603107869931072 
1.1999999999999786393 0.31243352577168753692 -1.533995078402702994 -2.5146328245437956639 9.4811658316993865014e-005 
1.224999999999975886 0.31142125375094104056 -1.5363628793997594624 -2.5146629432317264552 9.6685545736439600182e-005 
1.2499999999999731326 0.31248041603143555944 -1.5731110582025240596 -2.5147092435681952516 0.00012074266899447193811 
1.2749999999999703792 0.31034270306880440415 -1.5901511531888450346 -2.5147461026786599447 7.610806534367695888e-005 
1.2999999999999676259 0.30896444004039708142 -1.6081559587577269888 -2.5147701668736530678 5.2684101374183711522e-005 
1.3249999999999648725 0.31122653627415991506 -1.6122118831495830804 -2.5147886397081640197 4.9350775319998829022e-005 
1.3499999999999621192 0.31179926934047841325 -1.5765652364584825662 -2.5148086922683385858 4.8004931938791128474e-005 
1.3749999999999593658 0.31135425775051805974 -1.5530003950605251184 -2.5148234420029251801 3.4942625103967468259e-005 
1.3999999999999566125 0.31139083158699853993 -1.543000977110052796 -2.5148363397620423498 2.9849817436345878489e-005 
1.4249999999999538591 0.31080259287983769134 -1.5415966503588656167 -2.5148462377949876156 2.3645106862232375549e-005 
1.4499999999999511058 0.31083922313118556024 -1.5776669837208507907 -2.5148547643600700496 2.0533401502254808199e-005 
1.4749999999999483524 0.31099429063243777538 -1.6062485501361467577 -2.5148616965175718541 1.5529525925370304225e-005 
1.4999999999999455991 0.31045616479126597609 -1.5982206648874508481 -2.5148669521868938226 1.3461718342529240634e-005 
1.5249999999999428457 0.31056263049593546555 -1.5860788434397101732 -2.5148720187792252823 1.2201100908920351555e-005 
1.5499999999999400924 0.31117385321632601292 -1.5762388050361553216 -2.5148764401516952027 1.0214692171541072242e-005 
1.574999999999937339 0.31141247184328274544 -1.5697448196319765401 -2.5148790351658698583 5.0561580573191211181e-006 
1.5999999999999345857 0.31111831550909996302 -1.5671546805522806878 -2.5148817939422181134 8.846883762424547439e-006 
1.6249999999999318323 0.31092918663948726499 -1.5646949888421439745 -2.5148845140785458518 4.5885134228111703898e-006 
1.649999999999929079 0.31128202298644946922 -1.572717355963275887 -2.5148858789556958193 3.6502572814498100248e-006 
1.6749999999999263256 0.31123513199374969185 -1.5809096349808697823 -2.5148873454446576403 3.7454992873611198208e-006 
1.6999999999999235722 0.31082712371239928917 -1.5775865560405575305 -2.5148887435183953087 3.5474972532519669008e-006 
1.7249999999999208189 0.31074993555182300886 -1.5751707707073050457 -2.5148899320151842929 2.4859151469736091928e-006 
1.7499999999999180655 0.31065606263255779451 -1.5762414217567344288 -2.5148906552006820014 1.5379839118959748394e-006 
1.7749999999999153122 0.31087236836390247374 -1.5782613479446689908 -2.5148912490931607522 1.6915600521973387361e-006 
1.7999999999999125588 0.31136253386820428313 -1.580050423446739849 -2.5148919182773226133 1.6133432469223301944e-006 
1.8249999999999098055 0.31121195744321511478 -1.5775533518885522799 -2.5148924306691622377 1.1129784892951179014e-006 
1.8499999999999070521 0.31093083868396331759 -1.5757083394626127948 -2.5148927940699756789 8.7435937614076360317e-007 
1.8749999999999042988 0.31100386070862001686 -1.5749038073868102394 -2.5148931287228726283 8.4638810648741431887e-007 
1.8999999999999015454 0.31097786672606814173 -1.5723173961563505774 -2.5148934230628041675 6.5874239109572263657e-007 
1.9249999999998987921 0.31099054342202642198 -1.5728415513583953178 -2.5148936215875425937 4.1953656181464365371e-007 
1.9499999999998960387 0.31107589273975744248 -1.574677742173004491 -2.5148937782223312887 4.5454212589455294965e-007 
1.9749999999998932854 0.31099443220594535919 -1.575856203922143095 -2.5148939734995470197 4.8552631565743479361e-007 
1.999999999999890532 0.31092424647835148477 -1.5786548970428335714 -2.5148941026816933331 2.2532498607430476408e-007 
2.0249999999998880007 0.31092609097520268469 -1.5788258617112040927 -2.5148941929994803601 2.5768577927702653371e-007 
2.0499999999998852473 0.31098107216619669257 -1.5764194268609246219 -2.5148942788992414421 1.8993451803369220286e-007 
2.074999999999882494 0.31109536030898277126 -1.5755213507280501073 -2.5148943484330685827 1.7404185921732912853e-007 
2.0999999999998797406 0.31111467190212843681 -1.5747630649248145485 -2.5148944088457705348 1.3585657952365205185e-007 
2.1249999999998769873 0.31103602948026493058 -1.5746335971163163414 -2.5148944549443186247 1.2932103278765329798e-007 
2.1499999999998742339 0.31095258880710568983 -1.5759152943256227175 -2.5148945086654892478 1.2073336726662697417e-007 
2.1749999999998714806 0.31092433931336582731 -1.5765602856108826835 -2.5148945359544048195 3.7910131391189929769e-008 
2.1999999999998687272 0.31097487803846290966 -1.576583095078859742 -2.5148945522587404788 5.6497659965854095041e-008 
2.2249999999998659739 0.31100632766835167864 -1.5759187779804224583 -2.5148945800730904132 8.4096108048673221789e-008 
2.2499999999998632205 0.3110311366512683029 -1.5747681804833479902 -2.5148946068999253889 4.5766058790104213215e-008 
2.2749999999998604672 0.31107555928766428277 -1.5748863674809572277 -2.5148946173803627957 2.0134764148994050501e-008 
2.2999999999998577138 0.31103518302160326758 -1.5758982275616872926 -2.5148946278801456167 3.513862985763064502e-008 
2.3249999999998549605 0.31097769884982562338 -1.5766111597063281469 -2.5148946409725709827 2.99485766561974925e-008 
2.3499999999998522071 0.31097799904340739374 -1.5767920634024468196 -2.5148946497083328744 1.5755686783539669968e-008 
2.3749999999998494538 0.31097269482895761872 -1.5764711364922612269 -2.5148946550215569573 1.5591817845598833939e-008 
2.3999999999998467004 0.31099749672436965975 -1.5761245962633605444 -2.5148946623928782884 2.0838404624606893736e-008 
2.4249999999998439471 0.31103637318157578706 -1.575633831594950518 -2.5148946682736839087 9.3318591023808228728e-009 
2.4499999999998411937 0.31101471290451321305 -1.5750790037225603779 -2.5148946713370605721 7.7314490195789356947e-009 
2.4749999999998384403 0.31099802906488488441 -1.5752534180953103871 -2.5148946739800095429 7.0638845570789281525e-009 
2.499999999999835687 0.31101258600365799811 -1.5757323016557309714 -2.514894677319122529 9.4343650362454489062e-009 
2.5249999999998329336 0.31101371068948086007 -1.576001472614374288 -2.5148946801263361017 5.0145009118167890192e-009 
2.5499999999998301803 0.31101159724192245504 -1.5762521584569579858 -2.5148946815954058565 3.3372267173223087536e-009 
2.5749999999998274269 0.31100527786304815736 -1.5762151721031552043 -2.5148946831277712022 4.701079103977995717e-009 
2.5999999999998246736 0.31099354912824656028 -1.5760269781901548036 -2.5148946846592381554 2.9219755184919498345e-009 
2.6249999999998219202 0.31099564600288059912 -1.5759911494730722836 -2.5148946854590894517 1.599360533002292596e-009 
2.6499999999998191669 0.31100521551388038421 -1.5758366640690155691 -2.514894686283751124 2.9102560891138343715e-009 
2.6749999999998164135 0.31101264863470612365 -1.5757120610215740175 -2.5148946873366564425 2.1339602013500278321e-009 
2.6999999999998136602 0.3110120992278930796 -1.5757827029480089287 -2.5148946878655928927 8.7866577469932907443e-010 
2.7249999999998109068 0.3110067093290441731 -1.5758223938505073747 -2.5148946882108895728 1.0071317702884050417e-009 
2.7499999999998081535 0.31100743257053942159 -1.5758615762127976545 -2.5148946886408198864 1.2684611702167662181e-009 
2.7749999999998054001 0.31100615478806903358 -1.5758838720683432388 -2.5148946890947323496 9.1324539628697038836e-010 
2.7999999999998026468 0.31100404942176329559 -1.5758563827721525641 -2.5148946893137806846 4.0624292467781944524e-010 
2.8249999999997998934 0.31100758070624379137 -1.575921979247981275 -2.5148946895240471555 6.8039825781847496908e-010 
2.84999999999979714 0.3110055185571199976 -1.5759894140571755194 -2.5148946897624315788 5.1219173091697139867e-010 
2.8749999999997943867 0.31100314737812195798 -1.5759671112305300156 -2.514894689913774517 3.1404804196911836006e-010 
2.8999999999997916333 0.3110068073154774182 -1.575922651644753758 -2.5148946900172939323 2.3994761160670356235e-010 
2.92499999999978888 0.31100648746868841954 -1.5758649976960055206 -2.5148946901252768882 3.3336545043674438913e-010 
2.9499999999997861266 0.31100626045872953318 -1.5758272707883906882 -2.514894690242672759 2.523544077124996502e-010 
2.9749999999997833733 0.31100807648528056015 -1.5758219166577296377 -2.5148946903108306827 1.1796836499889479669e-010 
2.9999999999997806199 0.31100580905346814076 -1.5758457699475634239 -2.5148946903585485124 1.4406389648769123108e-010 
3.0249999999997778666 0.31100544714540434565 -1.5759087769718198579 -2.5148946904125883961 1.346704505225179471e-010 
3.0499999999997751132 0.31100708629205603417 -1.5759318212658179892 -2.5148946904580351536 9.6531684338828020884e-011 
3.0749999999997723599 0.31100569516561760164 -1.5759117805743056984 -2.5148946904911624323 8.6542191930480669651e-011 
3.0999999999997696065 0.31100542811789982922 -1.5759002609063750278 -2.5148946905202103075 5.8882843956810310265e-011 
3.1249999999997668532 0.31100680806210301288 -1.5758689660968976387 -2.5148946905425062504 6.5049297346494570923e-011 
3.1499999999997640998 0.31100711555860838242 -1.5758601337292668099 -2.5148946905640148231 4.0632697920418116065e-011 
3.1749999999997613465 0.31100674626574753567 -1.5758958371189959458 -2.5148946905767779469 3.4542561740908669515e-011 
3.1999999999997585931 0.31100560977972246945 -1.5759036228126195311 -2.5148946905923916795 4.0542319374249871687e-011 
3.2249999999997558398 0.31100488205136039843 -1.5758965937974096505 -2.5148946906034210791 2.0643105630484641624e-011 
3.2499999999997530864 0.31100546563510583775 -1.5758988931944328815 -2.5148946906113383015 2.0589369695219514599e-011 
3.274999999999750333 0.3110065019020518684 -1.5758849142229780504 -2.5148946906189557637 2.0049622137343691913e-011 
3.2999999999997475797 0.31100729234113339006 -1.5758708060805790563 -2.5148946906263369705 1.6734692593438500802e-011 
3.3249999999997448263 0.3110069101697259808 -1.5758681077677409998 -2.5148946906308111693 7.9981665563127658314e-012 
3.349999999999742073 0.31100630209243201874 -1.5758757929893898453 -2.5148946906341613783 1.0424113957672621568e-011 
3.3749999999997393196 0.31100634807932642234 -1.5758966673797982772 -2.5148946906383082833 1.0365869924870449393e-011 
3.3999999999997365663 0.31100577438180465606 -1.5759069346560510283 -2.5148946906416189684 6.6122910595466801601e-012 
3.4249999999997338129 0.31100539430185331069 -1.5759019342624471793 -2.5148946906436386861 4.8664553985660929257e-012 
3.4499999999997310596 0.31100601110670145211 -1.5758952020523184778 -2.5148946906454470174 4.4317105375915854261e-012 
3.4749999999997283062 0.31100635594605441359 -1.575884242952114711 -2.514894690647167419 4.3648937531140241445e-012 
3.4999999999997255529 0.31100659682540149342 -1.5758755620922468843 -2.5148946906485978303 3.3513513932756232777e-012 
3.5249999999997227995 0.31100670655002154996 -1.5758761205136826433 -2.5148946906496383313 1.9634230019907780073e-012 
3.5499999999997200462 0.31100613563347140333 -1.5758830458113244344 -2.5148946906504789922 2.7631873190742862331e-012 
3.5749999999997172928 0.31100592442207891652 -1.5758928230894801992 -2.514894690651468423 1.9634091637209988917e-012 
3.5999999999997145395 0.31100618388697015559 -1.575895875383083844 -2.5148946906519653588 9.3484259770969982535e-013 
3.6249999999997117861 0.31100618048369649271 -1.5758922263911592232 -2.5148946906523730327 1.2804059192341460868e-012 
3.6499999999997090327 0.31100622521509929674 -1.5758889208220967504 -2.5148946906528868439 1.2708886917915615506e-012 
3.6749999999997062794 0.31100631786647647825 -1.5758853408791062556 -2.5148946906532931855 8.4115748609270252417e-013 
3.699999999999703526 0.31100620864370237539 -1.5758851084288545419 -2.5148946906535440959 5.7214745314862572479e-013 
3.7249999999997007727 0.31100614101784535004 -1.575887622024521928 -2.514894690653778131 6.2185795461551309107e-013 
3.7499999999996980193 0.31100622243844644466 -1.5758870760928744836 -2.5148946906539877411 4.4136765260068358648e-013 
3.774999999999695266 0.3110063316151985835 -1.5758881663938841822 -2.5148946906541236324 3.4785571482824659287e-013 
3.7999999999996925126 0.31100627211723014254 -1.5758903968570983078 -2.5148946906542675173 3.870171423733812434e-013 
3.8249999999996897593 0.31100610403300810169 -1.5758881744704233974 -2.5148946906544149549 3.3532820270549439174e-013 
3.8499999999996870059 0.31100609109660976026 -1.5758864244695529599 -2.5148946906544966673 1.2187377887615726635e-013 
3.8749999999996842526 0.31100618340567048881 -1.5758875464195352123 -2.5148946906545464053 1.6922382108773271483e-013 
3.8999999999996814992 0.31100629766440057722 -1.5758883360763626946 -2.5148946906546205682 1.9096941208886589836e-013 
3.9249999999996787459 0.31100636207066689742 -1.575888534177028788 -2.5148946906546831848 1.3996106473189401714e-013 
3.9499999999996759925 0.31100624715048125202 -1.5758879145172581815 -2.5148946906547235969 6.7520147736104302789e-014 
3.9749999999996732392 0.31100615345181265026 -1.5758875332533235358 -2.5148946906547515745 1.0071129097324584735e-013 
3.9999999999996704858 0.31100618736947271969 -1.5758881981381693826 -2.5148946906547910984 8.1951660108973130026e-014 
4.0249999999996788347 0.31100618547176406281 -1.5758879558071474669 -2.5148946906548115265 3.5979598773521761995e-014 
4.0499999999996871836 0.31100619654164673999 -1.5758873556517141168 -2.5148946906548270697 4.857652679515584528e-014 
4.0749999999996955324 0.3110062361804954989 -1.5758877552495913488 -2.5148946906548466096 5.0773932630262736234e-014 
4.0999999999997038813 0.31100622051650783639 -1.5758884154413863588 -2.5148946906548639291 3.7052725219619840593e-014 
4.1249999999997122302 0.31100621824797719528 -1.5758887141403910004 -2.5148946906548741431 1.76775647529133911e-014 
4.1499999999997205791 0.31100622567860708445 -1.5758881890341640553 -2.5148946906548799163 1.9585557542654946027e-014 
4.1749999999997289279 0.31100621293943214729 -1.5758874536471509931 -2.5148946906548887981 2.453010288988579132e-014 
4.1999999999997372768 0.31100623569285928971 -1.5758874280828982783 -2.5148946906548963476 1.3479996827496763218e-014 
4.2249999999997456257 0.31100624992454323214 -1.5758875742357552063 -2.5148946906549021207 1.1587383614179754558e-014 
4.2499999999997539746 0.31100621516532123145 -1.5758878735403765159 -2.5148946906549056735 1.3829130230786620449e-014 
4.2749999999997623235 0.31100618471981822388 -1.5758883482201078152 -2.5148946906549096703 6.2108015146060322044e-015 
4.2999999999997706723 0.31100618612226266224 -1.575888367715222671 -2.5148946906549114466 5.2660419153371799811e-015 
4.3249999999997790212 0.31100621046938276004 -1.5758881896913827791 -2.5148946906549141111 7.3071544598018669427e-015 
4.3499999999997873701 0.31100623092663987057 -1.5758879022834557659 -2.5148946906549167757 6.8468204688283887234e-015 
4.374999999999795719 0.31100623618941652948 -1.5758875207186093803 -2.5148946906549176639 2.0297008535362832542e-015 
4.3999999999998040678 0.31100623374434527291 -1.5758876728999577921 -2.5148946906549194402 3.2086338355312985456e-015 
4.4249999999998124167 0.311006215954100107 -1.5758880318346462079 -2.5148946906549207725 3.4197627219483488595e-015 
4.4499999999998207656 0.31100620335315376508 -1.5758880908769345996 -2.5148946906549212166 2.0602346894179589943e-015 
4.4749999999998291145 0.31100621216902618604 -1.5758881082806783791 -2.5148946906549221048 1.5881855971665564641e-015 
4.4999999999998374633 0.31100621821857782345 -1.5758880478545580495 -2.5148946906549238811 1.755551625503021892e-015 
4.5249999999998458122 0.31100622140929107262 -1.5758878880159150615 -2.5148946906549238811 1.567224214833183809e-015 
4.5499999999998541611 0.31100622186846693662 -1.575887816594892854 -2.514894690654923437 7.6286639398898981666e-016 
4.57499999999986251 0.31100621093039043652 -1.575887797602164575 -2.5148946906549238811 6.6463372967040773433e-016 
4.5999999999998708589 0.31100621170722064779 -1.5758878848162072295 -2.5148946906549252134 9.2749318112861879005e-016 
4.6249999999998792077 0.31100622263314131599 -1.5758880441455369592 -2.5148946906549247693 7.4590866657533991342e-016 
4.6499999999998875566 0.31100622103327374424 -1.5758880890130524399 -2.5148946906549261016 3.064565805225990786e-016 
4.6749999999998959055 0.31100621660331057017 -1.575888037404015396 -2.5148946906549261016 4.0941084176952695689e-016 
4.6999999999999042544 0.31100621584772347727 -1.5758879556397857868 -2.5148946906549247693 3.6770358950503956283e-016 
4.7249999999999126032 0.31100621510499776301 -1.5758878956151165518 -2.5148946906549256575 2.9911221197096925713e-016 
4.7499999999999209521 0.31100621826597774078 -1.5758878787387113896 -2.5148946906549256575 1.7889034303290566251e-016 
4.774999999999929301 0.31100622018646956191 -1.5758878601412651399 -2.5148946906549265456 2.2007800235935865667e-016 
4.7999999999999376499 0.31100621790082577656 -1.5758878989669826698 -2.5148946906549265456 1.6125246158165000056e-016 
4.8249999999999459988 0.31100621653748350415 -1.5758879894644197694 -2.5148946906549256575 1.1526866802766370097e-016 
4.8499999999999543476 0.31100621612582768361 -1.5758880157629375773 -2.5148946906549252134 1.0090642288579277089e-016 
4.8749999999999626965 0.31100621622938412481 -1.5758879911726797474 -2.5148946906549252134 1.0222569212300292779e-016 
4.8999999999999710454 0.31100621670297373678 -1.5758879530746057185 -2.5148946906549261016 6.7009130218689129079e-017 
4.9249999999999793943 0.31100621745076273417 -1.5758879193847912248 -2.5148946906549261016 5.4236250640972391546e-017 
4.9499999999999877431 0.31100621885568002778 -1.5758879313155433888 -2.5148946906549261016 5.6016277981637448759e-017 
4.974999999999996092 0.31100621834020381051 -1.5758879466675428382 -2.5148946906549261016 4.6901835967026870307e-017 
