0.025000000000000015266 0.59506755621439944015 0.00048063243772097918871 -2.2467593793642781641 0.039699379819436358963 
0.05000000000000003747 0.57133867740049448791 0.016849005481281639773 -2.2561583062110854847 0.055922174270600373547 
0.075000000000000052736 0.43442725339035731524 -0.0060167211634971629053 -2.2804549166304592944 0.08924804496354600547 
0.10000000000000007494 0.39970381547271716105 -0.052926053331496358823 -2.321431094329977185 0.10419273583122118376 
0.12500000000000008327 0.23988169313152335471 -0.411274744523544733 -2.3481634978762389032 0.053208424577547680512 
0.15000000000000010547 0.22993051964750674254 -1.918876559597624043 -2.3639830226395033286 0.044747892117232193621 
0.17500000000000012768 0.30324706225986619579 -2.4224028853412562512 -2.3800426316057139431 0.047126753161445600337 
0.20000000000000014988 0.2485327737707301865 -1.4595460186125519542 -2.3944144159882236877 0.026350533779036663939 
0.22500000000000017208 0.23544359995703872945 -1.8023458006867416614 -2.4028527836903426085 0.029265460284327318718 
0.25000000000000016653 0.26828077419587326169 -1.3214600181094025011 -2.4157999556205687064 0.03952232840485531834 
0.27500000000000018874 0.28607487199216746765 -0.13146971973493737362 -2.4266946707886574153 0.022186181628791070558 
0.30000000000000021094 0.3150498743134410029 -0.26350495122266348602 -2.4329826791567579214 0.014025543087702133441 
0.32500000000000023315 0.31364160678466251886 -0.30398016899592855689 -2.4400714217710373077 0.026062609390911893603 
0.35000000000000025535 0.33430661094533059563 -0.92421565276212003237 -2.4498448632345368736 0.029543190108357323537 
0.37500000000000027756 0.33890259467263333937 -1.6347312038999222139 -2.4587709096260534913 0.020761311968559896524 
0.40000000000000029976 0.29874229532985019375 -1.1418579451138450853 -2.4657278702043163854 0.017771213544952466079 
0.42500000000000032196 0.31049500123883128078 -1.2481233843114027948 -2.4731450775903378592 0.02367575608414528715 
0.45000000000000034417 0.30835730600187499784 -1.2258734764498404601 -2.4797816681695867835 0.012755988919742172402 
0.47500000000000036637 0.29789294835431978647 -0.90759393548098732385 -2.4827137737554094699 0.0073198888457952143369 
0.50000000000000033307 0.34216891086295514457 -1.1073446012835457264 -2.4863233359253182897 0.0097259351458635120297 
0.52500000000000035527 0.34656221009590165716 -0.93515687318842433129 -2.4891670896388333745 0.0080476953989453876848 
0.55000000000000037748 0.32554501766447352384 -1.1987180478353689494 -2.4921200381855785899 0.0091539477516820542263 
0.57500000000000039968 0.32970587566149728298 -1.5721770592403381261 -2.4952928310167834525 0.0073571305971973375085 
0.60000000000000042188 0.31152041192428475691 -1.185044200380595214 -2.4974378740068057247 0.0054129620432078620965 
0.62500000000000044409 0.31153689002985118783 -1.1047830923782067103 -2.499783931027767192 0.0085152579647553832548 
0.65000000000000046629 0.31471093888374218617 -1.114258439330713113 -2.5036011455552222849 0.01409217115514544913 
0.6750000000000004885 0.2702669204372412648 -1.1394612842591367308 -2.5102205109203152844 0.020004184309346185328 
0.7000000000000005107 0.24567316512934109229 -1.6957525409628022572 -2.5151569592181419743 0.0086088038995914013124 
0.72500000000000053291 0.26019088477569302098 -2.2735992009765886301 -2.5177861803380454653 0.0063812589104907651433 
0.75000000000000055511 0.25665620866022892388 -2.2694435000866137742 -2.5193446858877317496 0.0032708408862969430737 
0.77500000000000057732 0.25924060416051764033 -1.9419882853512353549 -2.5210068997298926696 0.005843390562855043345 
0.80000000000000059952 0.26649671846873623782 -1.4788770455579931529 -2.5233166555716932677 0.0077074034181001576174 
0.82500000000000062172 0.27604055351279049857 -1.2199419343185713416 -2.525775609901311114 0.0047118578277603089324 
0.85000000000000064393 0.29308523792460666746 -1.3369628449968615769 -2.5269264378606259847 0.0027000631092437910388 
0.87500000000000066613 0.2823056684761893198 -1.4102221556330454266 -2.5279256572384474211 0.0031693841153532793624 
0.90000000000000068834 0.26279752852016102782 -1.5140521799364963229 -2.529074600577603249 0.0028894174991921242959 
0.92500000000000071054 0.2671001095382002366 -1.7181595331157992756 -2.5299320114298353701 0.0020047339864478399413 
0.95000000000000073275 0.27067249143450033966 -1.6771971783031396352 -2.5305723356734746154 0.0018170951221913209887 
0.97500000000000075495 0.2701030081335092925 -1.5294479595025720631 -2.5312020367206131688 0.0015458458922032515016 
1.0000000000000006661 0.27699033782703508244 -1.5371945295489304328 -2.5316416748452397201 0.0010608491586297180784 
1.0249999999999979128 0.27558445531068004319 -1.4899555169799483245 -2.5320608021344539473 0.0012708501129617940165 
1.0499999999999951594 0.27135227303375270003 -1.4416748532402459126 -2.5324564021287021554 0.00095787365021508341732 
1.0749999999999924061 0.27199806645454471798 -1.4863340999730545455 -2.5327497992240926017 0.00065730845778637879417 
1.0999999999999896527 0.27195811650219142708 -1.5321250559757459975 -2.5329450312404233614 0.0005263117866835762557 
1.1249999999999868994 0.27475592143050087124 -1.5924113413208731416 -2.5331584817860473002 0.00067266286196704947256 
1.149999999999984146 0.27570710266200937344 -1.5733886945321817752 -2.533373320632490433 0.00047000619121736553555 
1.1749999999999813927 0.2728740551300458117 -1.4736658364814587685 -2.5334962808309922089 0.00027452729154848809273 
1.1999999999999786393 0.27496062237406498907 -1.4566160164789661025 -2.5336016372627971904 0.00033473523863134538271 
1.224999999999975886 0.27532189280158037015 -1.4850409173882423985 -2.533715980829291059 0.00028755336262751695232 
1.2499999999999731326 0.2704274314290612824 -1.5254070960994878803 -2.5338059874503899849 0.00021663485661454410895 
1.2749999999999703792 0.26979688991598388403 -1.5813454891562406246 -2.5338683811436921722 0.00015020515847779793107 
1.2999999999999676259 0.27251935869957133463 -1.571736563553275623 -2.5339246471048086917 0.00017131001081508055923 
1.3249999999999648725 0.27489938324036639061 -1.5213657460713674308 -2.5339838082816514842 0.0001488426616374773049 
1.3499999999999621192 0.276902342982127736 -1.4940308395946453324 -2.5340232976646266394 7.6840147083877171621e-005 
1.3749999999999593658 0.27587999470926288792 -1.4883201466022137893 -2.534052169144788369 9.8945358900164953825e-005 
1.3999999999999566125 0.2735600542863967366 -1.5099822677688043981 -2.5340862723480772623 8.1367080007512776582e-005 
1.4249999999999538591 0.27253369776377545097 -1.5328560242813977776 -2.5341118737590013765 6.7307819003104062214e-005 
1.4499999999999511058 0.27210702030620276259 -1.5211326464527434865 -2.5341315946372233725 4.2730449933509360516e-005 
1.4749999999999483524 0.27303994881415144524 -1.5125879339935490719 -2.5341461033150078919 4.2204805232730447186e-005 
1.4999999999999455991 0.27375598279135154867 -1.5260638430424831036 -2.5341614066114557247 4.4286855914904167263e-005 
1.5249999999999428457 0.27328006276227650995 -1.5303186518019322726 -2.534175635201699972 3.2373813809897268319e-005 
1.5499999999999400924 0.27412161739792784143 -1.5302297545012841784 -2.5341848491967242651 2.1795533064590065628e-005 
1.574999999999937339 0.27500643137319930043 -1.5275686870666169703 -2.5341920929366512638 2.0405796834767282776e-005 
1.5999999999999345857 0.27424349272090098317 -1.5154660697710338191 -2.5341996326811204732 2.1346715981181689791e-005 
1.6249999999999318323 0.27354885712782284202 -1.5092299235187383033 -2.5342064326814499609 1.6182244146611695528e-005 
1.649999999999929079 0.27328963677941714439 -1.5080109311508498315 -2.5342112340843399032 1.1340931302989995551e-005 
1.6749999999999263256 0.27326503071598079453 -1.5150294097107579461 -2.5342147941652068965 9.42863158427812246e-006 
1.6999999999999235722 0.27357376462422255958 -1.5263534655186186129 -2.5342180071262747632 8.8727039538760658758e-006 
1.7249999999999208189 0.27369183265528829185 -1.5241105090094384522 -2.5342216341238921196 1.0961489886918227704e-005 
1.7499999999999180655 0.27388984070062372123 -1.5252897649304002492 -2.5342245419144151519 4.7498779615507654209e-006 
1.7749999999999153122 0.2740323796988599625 -1.5303831942205290417 -2.5342255644305180518 2.6798238301117333808e-006 
1.7999999999999125588 0.27374504172535696345 -1.5209875066882154737 -2.5342272457202610347 6.3562463029094142265e-006 
1.8249999999999098055 0.27370636352211191733 -1.5140422029245357294 -2.5342293679433209874 4.9828851024977569329e-006 
1.8499999999999070521 0.27378976368944540898 -1.5156901821709922729 -2.5342305845215933324 2.0085891425473415991e-006 
1.8749999999999042988 0.27362172476150115052 -1.5155265863050422226 -2.5342311208114733923 1.583001801056766026e-006 
1.8999999999999015454 0.27365332511160045392 -1.5168384745742278241 -2.5342319597589995084 2.9991789965416272283e-006 
1.9249999999998987921 0.27375623838534784982 -1.5210187502842971163 -2.5342329694238823201 2.4106492470457434566e-006 
1.9499999999998960387 0.27376703484932007893 -1.5259840186657602779 -2.5342335515718499295 9.402999765566209662e-007 
1.9749999999998932854 0.27382178304481186171 -1.526549213497853108 -2.534233882280201744 1.1366855488327830404e-006 
1.999999999999890532 0.273742104459118063 -1.5205243066170255339 -2.5342343150071027225 1.2308956414981082141e-006 
2.0249999999998880007 0.27370967947661350994 -1.5168313475113324174 -2.5342347187255733765 9.8731817833834152472e-007 
2.0499999999998852473 0.27380920772780298345 -1.5174527388012686302 -2.5342350164532008172 7.1736998693581118476e-007 
2.074999999999882494 0.27372485801006135597 -1.5180188456861039015 -2.5342352481552348209 6.0752959504238838859e-007 
2.0999999999998797406 0.27361848707734215402 -1.5203744578506337426 -2.534235439752891228 4.6452923744827035261e-007 
2.1249999999998769873 0.27366517778223603541 -1.5229281774681819872 -2.5342355902870865592 4.4058885197452052889e-007 
2.1499999999998742339 0.27375812240998320668 -1.521327805737378025 -2.5342357738406349199 5.1722467556178521862e-007 
2.1749999999998714806 0.27386205910486993709 -1.5191267759887367994 -2.5342358984656838672 2.0749763252340093943e-007 
2.1999999999998687272 0.27382562225385587151 -1.5193836541612686375 -2.5342359667154679137 2.0819760914809789443e-007 
2.2249999999998659739 0.27371372195972337726 -1.5200053187529993792 -2.5342360514729738163 2.705869922403876166e-007 
2.2499999999998632205 0.27374036288015524132 -1.5207089945525200658 -2.5342361437854736828 2.1639637890294648776e-007 
2.2749999999998604672 0.27374060526670745963 -1.5208639399253893743 -2.5342362011601866634 1.2559613742534270559e-007 
2.2999999999998577138 0.27367136968025895793 -1.5200162912505834623 -2.5342362393528090614 9.3392958734236072139e-008 
2.3249999999998549605 0.27368818055523841393 -1.5198622221037729751 -2.5342362773200370896 1.2991200185753333267e-007 
2.3499999999998522071 0.27372304835271038526 -1.5199889977235236938 -2.5342363224979385095 1.0563975132293478698e-007 
2.3749999999998494538 0.27375884915999620928 -1.5201829704325031667 -2.5342363510925469683 6.6011119475654596897e-008 
2.3999999999998467004 0.27380704064765204464 -1.5204344797498829944 -2.5342363720102571989 5.1137812796938827166e-008 
2.4249999999998439471 0.27378862370902035117 -1.5198456599095924169 -2.5342363906182399091 5.7661468568105930379e-008 
2.4499999999998411937 0.27375412216897437867 -1.5199464485615352682 -2.5342364104621037946 4.8585558048567506485e-008 
2.4749999999998384403 0.27372782984970400744 -1.520626124010951985 -2.5342364244368145165 3.4315763912851055046e-008 
2.499999999999835687 0.2736937766497277158 -1.5203092583706703245 -2.534236436479360588 3.1922234078718915683e-008 
2.5249999999998329336 0.27371631507591254184 -1.5201451500862117605 -2.5342364464576410121 2.4211535818768688008e-008 
2.5499999999998301803 0.27374716960272066357 -1.5202764098329888398 -2.5342364539003123802 2.0233773506531732439e-008 
2.5749999999998274269 0.27373502722562237377 -1.5200503883231308855 -2.5342364615175720921 2.0864742667286106191e-008 
2.5999999999998246736 0.27374204049831352137 -1.5200654474566923646 -2.5342364678578124249 1.4965686616763257652e-008 
2.6249999999998219202 0.27375915347164841984 -1.5201924502956858376 -2.5342364725412367399 1.1976202333732358349e-008 
2.6499999999998191669 0.27376385303156897111 -1.5202287728786707532 -2.5342364763377571713 9.8031889869886599249e-009 
2.6749999999998164135 0.27376220943707596511 -1.5202136469464253565 -2.5342364799172685252 1.0023098779030084616e-008 
2.6999999999998136602 0.27373105376862993943 -1.5200259227192387534 -2.5342364830856456415 7.6031310738742472195e-009 
2.7249999999998109068 0.27371075913167014493 -1.5200852712451466964 -2.5342364852452381463 5.3484242974547443163e-009 
2.7499999999998081535 0.27373044165547627538 -1.5203729923756299502 -2.5342364873751357379 6.1230609305211125726e-009 
2.7749999999998054001 0.27374124108730196747 -1.5203697509932769805 -2.5342364891466315768 3.8871174991511172114e-009 
2.7999999999998026468 0.27374395995470385268 -1.5202266670097706047 -2.5342364903848340063 3.4833437902819852679e-009 
2.8249999999997998934 0.27375419190783889523 -1.5201474797697311914 -2.5342364916348425474 3.4770923369729343224e-009 
2.84999999999979714 0.27375204927324608972 -1.520009125665039651 -2.5342364928204035301 2.8616580069239161488e-009 
2.8749999999997943867 0.27374476141847747801 -1.5199916271208504526 -2.5342364935340619958 1.4481104410412849117e-009 
2.8999999999997916333 0.2737383741882420396 -1.5201652946995802829 -2.5342364940749231295 1.8302627840569824041e-009 
2.92499999999978888 0.2737311217511847472 -1.5203045835254629381 -2.5342364948390985191 2.1401590544996953255e-009 
2.9499999999997861266 0.27373404144309604336 -1.5203702767316200628 -2.5342364953932685623 1.0065004589384871543e-009 
2.9749999999997833733 0.27373917359893024104 -1.5202856935773463309 -2.5342364956775047524 7.8577276333622109527e-010 
2.9999999999997806199 0.27374321669992229822 -1.5201011711038456831 -2.5342364960089156511 1.0368652573952516127e-009 
3.0249999999997778666 0.27375118344854654229 -1.5200634772500785097 -2.534236496356719659 8.5518685718148772762e-010 
3.0499999999997751132 0.27374888250990825345 -1.5200904128577841234 -2.5342364966102040036 6.093055318454222449e-010 
3.0749999999997723599 0.27373969254737551271 -1.520137313408586266 -2.5342364967880572912 4.1632568322907238811e-010 
3.0999999999997696065 0.27373773890539421227 -1.5202562412391955604 -2.5342364969505162264 4.8767796382229141602e-010 
3.1249999999997668532 0.27373642119774760362 -1.5202831828722320751 -2.5342364970942505842 3.3114683313576351474e-010 
3.1499999999997640998 0.27373617014933565583 -1.5202320808931779617 -2.5342364972184303618 3.7600576910782641408e-010 
3.1749999999997613465 0.27374169998333308662 -1.5201861245926791 -2.5342364973335205214 2.4482571943396618169e-010 
3.1999999999997585931 0.27374585987457655811 -1.5201252022496163363 -2.53423649740124457 1.6248413858198813769e-010 
3.2249999999997558398 0.27374632217515487698 -1.5201155847424452361 -2.5342364974616709006 1.8851187568940699324e-010 
3.2499999999997530864 0.27374372091232268556 -1.5201457474201061082 -2.5342364975325324394 1.9569600453779325933e-010 
3.274999999999750333 0.27373927729629610184 -1.5201834268757399293 -2.5342364975892874845 1.1828494562443126028e-010 
3.2999999999997475797 0.27373803242563760074 -1.5202395857761681341 -2.5342364976207676364 6.9596213339824577324e-011 
3.3249999999997448263 0.27373916128682046489 -1.5202403276357845385 -2.5342364976474716087 9.4014202753368200068e-011 
3.349999999999742073 0.27374091558536567392 -1.5201923334946965127 -2.5342364976867730597 1.0936867665297835721e-010 
3.3749999999997393196 0.27374360765290195463 -1.5201667290806628596 -2.5342364977143283511 4.7230583092866166851e-011 
3.3999999999997365663 0.27374356592803172905 -1.5201507383276005037 -2.5342364977276137239 3.4754818033762596861e-011 
3.4249999999997338129 0.27374138424290828109 -1.5201448841455815764 -2.5342364977416642624 4.8938201024639916941e-011 
3.4499999999997310596 0.2737409289023624015 -1.5201698284366975678 -2.5342364977609146415 5.1231329816171270161e-011 
3.4749999999997283062 0.27374099627408726709 -1.5202006562604104545 -2.5342364977748603749 2.6618025436317993253e-011 
3.4999999999997255529 0.27374073538626608748 -1.5202122006857070602 -2.5342364977812916749 1.5915158281663103842e-011 
3.5249999999997227995 0.27374088816457309292 -1.5202011810558555549 -2.5342364977886253641 2.3854076028524006101e-011 
3.5499999999997200462 0.2737412679351499678 -1.520179625320956962 -2.5342364977969569217 2.2598146215361355495e-011 
3.5749999999997172928 0.27374221011522653635 -1.5201712803998996826 -2.5342364978040956558 1.5763390492817585721e-011 
3.5999999999997145395 0.27374258922803201832 -1.5201725808075665647 -2.5342364978080338389 9.1756273408885476295e-012 
3.6249999999997117861 0.27374154043746173892 -1.5201717717478233638 -2.5342364978115168306 9.7681925165672491302e-012 
3.6499999999997090327 0.27374076879868286527 -1.5201817152797167942 -2.5342364978151348254 1.0605821523693113005e-011 
3.6749999999997062794 0.2737407865884453062 -1.5201911944146520028 -2.5342364978183842261 7.8744683359261959065e-012 
3.699999999999703526 0.27374103838455748905 -1.5201857948647103935 -2.534236497821066969 6.5856456616750786188e-012 
3.7249999999997007727 0.2737415104164743207 -1.5201832166599751339 -2.5342364978226425976 2.8980648660642270024e-012 
3.7499999999996980193 0.27374175809687617544 -1.5201844957316223983 -2.5342364978239930728 5.3140481784138653827e-012 
3.774999999999695266 0.27374178065802801108 -1.5201831929296965029 -2.534236497825945289 4.819162073532391178e-012 
3.7999999999996925126 0.27374169340226944813 -1.5201817308408487328 -2.5342364978272038378 2.2867318885439065478e-012 
3.8249999999996897593 0.27374132896807312765 -1.5201781481658453998 -2.534236497827846879 1.8853703528339622517e-012 
3.8499999999996870059 0.27374122637686881809 -1.5201798188529052069 -2.5342364978286804345 2.7622369317854776689e-012 
3.8749999999996842526 0.27374133207432116421 -1.5201845534137516935 -2.534236497829599255 2.0401546213816423893e-012 
3.8999999999996814992 0.27374118962538235289 -1.5201832311527900821 -2.5342364978301192835 1.1098233253886275782e-012 
3.9249999999996787459 0.27374128329562030792 -1.5201828447991216908 -2.5342364978305123024 1.2335914415360066848e-012 
3.9499999999996759925 0.27374161692716830752 -1.5201837221268950096 -2.5342364978309723789 1.2157129833139014374e-012 
3.9749999999996732392 0.27374167006726207729 -1.5201823347136274034 -2.5342364978313351997 8.5840542793836178119e-013 
3.9999999999996704858 0.27374152421477920827 -1.5201822862843077377 -2.5342364978316038737 6.7758955493071870547e-013 
4.0249999999996788347 0.27374134970896590868 -1.5201818982477455222 -2.5342364978318339119 6.4610535206913192184e-013 
4.0499999999996871836 0.27374130080197345283 -1.5201812290826532958 -2.5342364978320564006 5.6304875274849094865e-013 
4.0749999999996955324 0.27374139819484555325 -1.5201823291488483214 -2.5342364978322167168 3.5410226328836408107e-013 
4.0999999999997038813 0.27374139006656433848 -1.5201829434144176201 -2.5342364978323392855 3.9071912817044608919e-013 
4.1249999999997122302 0.27374138162041350419 -1.5201832716309262583 -2.5342364978324805058 3.3551307599652283009e-013 
4.1499999999997205791 0.27374146722441289326 -1.5201836199104932223 -2.5342364978325728764 2.2798732012948602586e-013 
4.1749999999997289279 0.27374146711331015513 -1.5201823389499027339 -2.5342364978326559211 2.2594236035691020722e-013 
4.1999999999997372768 0.27374146354587303165 -1.5201810188380111555 -2.5342364978327234226 1.6355795641874726166e-013 
4.2249999999997456257 0.27374147052659592028 -1.5201812796910734171 -2.5342364978327753811 1.4125983335150558425e-013 
4.2499999999997539746 0.27374139388522739091 -1.5201820839355333348 -2.5342364978328304481 1.5369322552968474998e-013 
4.2749999999997623235 0.27374137540895715492 -1.520183107084539742 -2.5342364978328757452 1.0589782827795459256e-013 
4.2999999999997706723 0.27374139852641315995 -1.5201836711791203438 -2.5342364978329054992 6.2691799067168533837e-014 
4.3249999999997790212 0.27374137832249617608 -1.5201831025885463866 -2.5342364978329277037 7.2275177430016636692e-014 
4.3499999999997873701 0.27374141166527315994 -1.5201826481516240719 -2.5342364978329570135 8.3743281659232669434e-014 
4.374999999999795719 0.27374146254064007922 -1.520182092137021046 -2.5342364978329823266 5.2624099452607077437e-014 
4.3999999999998040678 0.27374147204186560778 -1.5201813017664895789 -2.5342364978329947611 2.492990275842818456e-014 
4.4249999999998124167 0.2737414707543727177 -1.5201816654677779983 -2.534236497833004087 3.622183748854502945e-014 
4.4499999999998207656 0.27374142630986320057 -1.5201823679132773215 -2.534236497833019186 4.3315323978639926122e-014 
4.4749999999998291145 0.2737413813898590953 -1.5201828243332355939 -2.5342364978330329528 2.8194658968281043576e-014 
4.4999999999998374633 0.27374138504576267517 -1.5201833398717941037 -2.5342364978330373937 6.4647611630491662521e-015 
4.5249999999998458122 0.27374139160489158185 -1.5201830162918985589 -2.5342364978330418346 2.143697270849845892e-014 
4.5499999999998541611 0.27374141758294107118 -1.520182324738984736 -2.5342364978330507164 2.1692414894774030897e-014 
4.57499999999986251 0.27374145063418020563 -1.5201820557617464758 -2.5342364978330569336 1.1262239248596296075e-014 
4.5999999999998708589 0.27374144159884905569 -1.5201819547067798588 -2.5342364978330591541 6.1304231716342115001e-015 
4.6249999999998792077 0.27374143687250879209 -1.5201821978210974251 -2.5342364978330622627 9.1807560336309165516e-015 
4.6499999999998875566 0.27374144193517241375 -1.5201824907118846042 -2.5342364978330658154 1.0006696811309025985e-014 
4.6749999999998959055 0.27374142196117057235 -1.5201825748255393123 -2.5342364978330693681 5.8350028827548243848e-015 
4.6999999999999042544 0.27374140637298377543 -1.5201826933468240988 -2.5342364978330698122 4.3091349357142738801e-015 
4.7249999999999126032 0.27374140161417287453 -1.5201825722510413641 -2.5342364978330724767 3.7780104379525217271e-015 
4.7499999999999209521 0.27374140383109069052 -1.5201823429714171887 -2.534236497833073809 3.9775608163191510937e-015 
4.774999999999929301 0.27374142561035791354 -1.520182370504284286 -2.5342364978330746972 3.7434325260215430301e-015 
4.7999999999999376499 0.27374143927096328266 -1.5201824016750371538 -2.5342364978330751413 2.3655185843038682025e-015 
4.8249999999999459988 0.2737414345207361821 -1.5201823979212021332 -2.5342364978330769176 1.4539134062278039891e-015 
4.8499999999999543476 0.27374142956764924151 -1.5201824771349412568 -2.5342364978330773617 1.8185348526342040772e-015 
4.8749999999999626965 0.27374142252408989462 -1.5201824543206146068 -2.5342364978330778058 2.1989054268643738507e-015 
4.8999999999999710454 0.27374141920390193672 -1.5201823702070080824 -2.5342364978330782499 9.8811290472884135671e-016 
4.9249999999999793943 0.27374142002433171639 -1.5201823992731617885 -2.534236497833078694 6.0825342809439796277e-016 
4.9499999999999877431 0.27374141471892105004 -1.5201824516424673472 -2.5342364978330791381 1.1587944441602834311e-015 
4.974999999999996092 0.27374141619752456744 -1.520182476848018549 -2.534236497833078694 9.1761486296447779776e-016 
