0.025000000000000015266 0.59497435384826291571 0.00047999993959083400719 -2.2468694512599993729 0.039634377754559503571 
0.05000000000000003747 0.57130738324781704662 0.0168247339118249295 -2.2563336974456547068 0.055739540494523891201 
0.075000000000000052736 0.43470259886836865038 -0.0058908418602375278716 -2.2807694952411807776 0.08889696586781321852 
0.10000000000000007494 0.40018125622745143177 -0.052842457474765014425 -2.3219824444137295849 0.10384810329799515349 
0.12500000000000008327 0.24067854795971516113 -0.41129615483112846874 -2.3488734363345189493 0.052950463464541283609 
0.15000000000000010547 0.23042733106993101844 -1.9120079424163620718 -2.3647234467929432178 0.04431444673946820928 
0.17500000000000012768 0.30336504642893630246 -2.4118767041221218506 -2.3807965922411860049 0.0467601471041035055 
0.20000000000000014988 0.24932323084931898305 -1.4547401634698584605 -2.3951913885579081409 0.026174707657483996248 
0.22500000000000017208 0.23661340679441697499 -1.7912595534969257827 -2.4036437975467501715 0.028958247513074852897 
0.25000000000000016653 0.2691066987964650381 -1.3118692139063981017 -2.4165587185576522522 0.038971141542467224728 
0.27500000000000018874 0.28610842141287007312 -0.14165207718197247999 -2.4273250374154784481 0.021401202709668817881 
0.30000000000000021094 0.31381414702014570617 -0.28361623452045697791 -2.4333637758546973195 0.013165658905375451915 
0.32500000000000023315 0.3109771050259120817 -0.33759375953548942384 -2.4401016140033622293 0.024397514999751207521 
0.35000000000000025535 0.32820949547102895583 -0.96529191867303787422 -2.4491288792150744946 0.026602835309401995367 
0.37500000000000027756 0.33133867297816887998 -1.6605073101911220768 -2.4574515224934039281 0.020789775441861026856 
0.40000000000000029976 0.30229678314920305215 -1.1068982451745648099 -2.4647768783189190067 0.017989880810187569571 
0.42500000000000032196 0.32107942413658974168 -1.1018492078660067079 -2.4718689812519394344 0.02271994951547607472 
0.45000000000000034417 0.31416769623455825799 -1.1032028219969847171 -2.4794015557281245954 0.016803794641237792401 
0.47500000000000036637 0.29460354013454831401 -0.94361896199268602281 -2.4827470105804945177 0.0055861362313671504912 
0.50000000000000033307 0.33095267635289643549 -1.1835126047875297317 -2.4858725422509846403 0.0096096215433688486618 
0.52500000000000035527 0.34042851732936224574 -0.96151673005910953673 -2.4887829221614388153 0.00735893783525408407 
0.55000000000000037748 0.32497979854978104042 -1.1543094470880830293 -2.4914278599994537089 0.0085926250652842341843 
0.57500000000000039968 0.3310738965590129812 -1.5094878798814870269 -2.4946162677494658766 0.0076266568659309275438 
0.60000000000000042188 0.31999857036516393682 -1.1294787924437117432 -2.4966298924215291066 0.003905641532391984725 
0.62500000000000044409 0.32305003308408747342 -1.0126145272338908931 -2.4981642884981769548 0.0054089948215033751763 
0.65000000000000046629 0.33372474220177905657 -1.0234755182963573006 -2.5001221925338281693 0.0052329923854046462434 
0.6750000000000004885 0.32059221149640537707 -1.0178030738323762261 -2.5023780550964578318 0.008606994720727526027 
0.7000000000000005107 0.29784871132030821261 -1.3748206317307296587 -2.5073588184568933457 0.019623520093111416346 
0.72500000000000053291 0.25410445436735346059 -1.7064080353944497404 -2.5142448636085363844 0.014121258949462076049 
0.75000000000000055511 0.23745938438417038552 -2.0565721666530816236 -2.5172798004353982293 0.0059647534095165393245 
0.77500000000000057732 0.26141889381551874916 -2.2768454439815966062 -2.5191645637726973739 0.0035308898812257999596 
0.80000000000000059952 0.25919183704475723395 -2.0171864460449504541 -2.520295563709620712 0.0043473702989375627784 
0.82500000000000062172 0.25526706731897674807 -1.6339270453945078376 -2.5222860450334136928 0.0061898889780562169061 
0.85000000000000064393 0.27645501884805212534 -1.4052548573758030237 -2.5247365904160785632 0.0072864805804878545262 
0.87500000000000066613 0.29012534413342960793 -1.3124288273735378318 -2.5267275178100114807 0.0032456927639724249268 
0.90000000000000068834 0.28983116313922330232 -1.301923224846167404 -2.5276492416896947368 0.0025404941236133390947 
0.92500000000000071054 0.27204463484425772668 -1.3978161014360419578 -2.5285868192306497626 0.0028275257257775491745 
0.95000000000000073275 0.25676310266991164699 -1.5819891467784583661 -2.529559963372197462 0.0023315470711740790034 
0.97500000000000075495 0.26656388268913289163 -1.7484191080295685694 -2.5303401475980993318 0.0022341463126836231395 
1.0000000000000006661 0.27579450501407976049 -1.6800319449336840183 -2.5310905770604983367 0.001667061053309628043 
1.0249999999999979128 0.27536323045187516279 -1.4931655674964463554 -2.5315068124931818794 0.00097137877444097170138 
1.0499999999999951594 0.27601379184354346563 -1.4536576449669813549 -2.5319042340655002477 0.0011437848838300181901 
1.0749999999999924061 0.27225526905209457285 -1.4047551270559077707 -2.5323134067932038249 0.0011608635727119701216 
1.0999999999999896527 0.27177699720764270097 -1.4228020052026246756 -2.5326821491313413759 0.00086849388138588053381 
1.1249999999999868994 0.27513886825093725186 -1.5869167021835619558 -2.5329390135486580249 0.00051942916346418149809 
1.149999999999984146 0.27245135379002682896 -1.623117339136525672 -2.5330765652117919196 0.00041033370867600620037 
1.1749999999999813927 0.27149921859209252828 -1.5618067707991927229 -2.5332978318778192062 0.00072308275645064387736 
1.1999999999999786393 0.27360725282165865302 -1.5181763858861194727 -2.5334889961121023205 0.0003348746294598871874 
1.224999999999975886 0.27366889806734173707 -1.4600164058616531548 -2.5335902536093701798 0.00025700462398586977749 
1.2499999999999731326 0.27572777681863208654 -1.4653469661565940996 -2.5336786017651102831 0.00025805090624740780305 
1.2749999999999703792 0.27537978570689553015 -1.5045298572438881024 -2.5337789135713766342 0.00028908484306459209488 
1.2999999999999676259 0.27140193748972224475 -1.5490487195519779817 -2.5338662081736864629 0.00017901001888170415188 
1.3249999999999648725 0.27113993323350032982 -1.5837993185749277281 -2.5339178623533333834 0.00013551676060724319908 
1.3499999999999621192 0.27263355992151272478 -1.5299209450277229116 -2.5339684696089359583 0.00013825654127401054271 
1.3749999999999593658 0.27425623138035182258 -1.4921018881992567096 -2.5340130321285574411 0.00011673531838121383505 
1.3999999999999566125 0.27641735033645409292 -1.524505888214604532 -2.534051746388503279 9.1670939285886626877e-005 
1.4249999999999538591 0.2750902567206957583 -1.5173128868914398382 -2.5340820440307005867 8.2606682286100570822e-005 
1.4499999999999511058 0.27299034384855352942 -1.4979209012516436772 -2.5341070061711423733 5.8147894015922413173e-005 
1.4749999999999483524 0.27295422435492139313 -1.5150328793081881962 -2.5341278926981987141 5.5651437889262772682e-005 
1.4999999999999455991 0.27268761645904759927 -1.5243658248858857895 -2.5341445199228203045 4.1421727245147832463e-005 
1.5249999999999428457 0.27311153306086560777 -1.524627022306505042 -2.5341610897272728309 4.8080034046465794926e-005 
1.5499999999999400924 0.27366132437454354642 -1.5316514471832061162 -2.5341739546370489755 2.4287621435447053105e-005 
1.574999999999937339 0.27354182585486869206 -1.5312370441379892227 -2.5341826225850874188 2.6477866449186003301e-005 
1.5999999999999345857 0.27466021188850536783 -1.5225097852725109071 -2.5341922257202513791 2.4659247095966713197e-005 
1.6249999999999318323 0.27494979440824018901 -1.5124246722012331112 -2.534199504771269762 1.8005007338655187318e-005 
1.649999999999929079 0.27357371305909378156 -1.5113283878608041455 -2.5342055512903884917 1.4412580062192652318e-005 
1.6749999999999263256 0.27327940230019304169 -1.5201780672835873975 -2.5342103826919268883 1.4328156139125136962e-005 
1.6999999999999235722 0.27350038063619336315 -1.5172542386290612804 -2.5342153222334635743 1.1025632489325545632e-005 
1.7249999999999208189 0.27334878877533502761 -1.5135901292900793003 -2.5342181330722368671 6.7396063224239947118e-006 
1.7499999999999180655 0.27348535161614700995 -1.5251191715964231843 -2.5342209469773542274 8.6373365423632781105e-006 
1.7749999999999153122 0.27362735754361788842 -1.527016499157583862 -2.534224185798744422 8.6463098785197675385e-006 
1.7999999999999125588 0.27399414475346772768 -1.5236375203043817095 -2.5342261891303676791 2.8332078077185116677e-006 
1.8249999999999098055 0.27425257051108542505 -1.5265782210974760957 -2.5342272978957045559 4.0892413823269709554e-006 
1.8499999999999070521 0.27381853141222955994 -1.519060763561232319 -2.5342289469420768988 4.7389324917803476059e-006 
1.8749999999999042988 0.27368521355813796303 -1.5117105732720739208 -2.5342305552963084736 3.9114434092889591114e-006 
1.8999999999999015454 0.27375494856376214603 -1.514754853845885485 -2.5342314575412436817 1.3033506675832359362e-006 
1.9249999999998987921 0.27347470029676534953 -1.5181219167400574754 -2.5342319450855583796 1.9084459751356453686e-006 
1.9499999999998960387 0.27356429785343638894 -1.521866868682008711 -2.5342328559638067631 2.7068197014415534729e-006 
1.9749999999998932854 0.27379293278500860254 -1.5241239135650470615 -2.5342335754685358928 1.4130136885803697793e-006 
1.999999999999890532 0.27373132813682554687 -1.5246892755296626021 -2.5342340079422909227 9.8095524375279986316e-007 
2.0249999999998880007 0.27380238041769905388 -1.5235615837759475255 -2.5342343240191307352 9.7118453808273260882e-007 
2.0499999999998852473 0.27387192961094863897 -1.5171328515555895233 -2.5342347142772534418 1.0424974768310658738e-006 
2.074999999999882494 0.27383266204589323811 -1.5150889052725557971 -2.5342350272743576767 7.9799495943592323315e-007 
2.0999999999998797406 0.27379467356735148753 -1.5197692554459492076 -2.5342352894534232455 5.8803969009936766234e-007 
2.1249999999998769873 0.27360680271527765273 -1.5209572142189560218 -2.5342354725761722101 4.8511613996319061431e-007 
2.1499999999998742339 0.27354172427029116443 -1.520553824779769192 -2.5342356116091617757 3.1579621689838823091e-007 
2.1749999999998714806 0.2737181264194296082 -1.5217465232381406359 -2.5342357581484575846 5.0379295474253481884e-007 
2.1999999999998687272 0.27382370867030836337 -1.5207974724261226207 -2.5342359193888133184 3.3440097131274950377e-007 
2.2249999999998659739 0.27385745398664379513 -1.5192049739123467678 -2.5342360030470238996 1.7867660343871107503e-007 
2.2499999999998632205 0.2737999300628821131 -1.5196219131314785411 -2.5342360632179108393 1.678839355935142909e-007 
2.2749999999998604672 0.2736827861410200402 -1.5203882915848447865 -2.5342361317670731857 2.2019844059121343837e-007 
2.2999999999998577138 0.27373021350297682686 -1.5205314170747290525 -2.5342362151895381217 2.0657301401232038943e-007 
2.3249999999998549605 0.27376736498836495848 -1.5202163078844699307 -2.5342362588437135074 6.2531371866856008074e-008 
2.3499999999998522071 0.27367280869327831327 -1.5200390863490462756 -2.534236284520329896 8.6890170764363815819e-008 
2.3749999999998494538 0.27367205750706297129 -1.5204483118911069628 -2.5342363200718138749 1.1196511796076903537e-007 
2.3999999999998467004 0.27374853238250634879 -1.5201069603655938955 -2.5342363582409399569 8.6420838271016223119e-008 
2.4249999999998439471 0.27379486239999184516 -1.5196277059045433244 -2.5342363801307343785 4.6209622776004390795e-008 
2.4499999999998411937 0.27380788653637838648 -1.5201535052772110479 -2.5342363954602245002 3.9404906578252185373e-008 
2.4749999999998384403 0.27376084884896811911 -1.5201841912309421723 -2.5342364114514053242 5.1595527817133417778e-008 
2.499999999999835687 0.27372210127041007866 -1.5203215159692882175 -2.5342364280723188585 3.7935031989054586149e-008 
2.5249999999998329336 0.27371748761070141542 -1.5209332658556637963 -2.5342364399292520716 2.9686596310867517182e-008 
2.5499999999998301803 0.27370281824046144292 -1.520254413494924961 -2.5342364493799345304 2.1420517802401608582e-008 
2.5749999999998274269 0.27372615899765528891 -1.5195462645191442075 -2.5342364553386498294 1.6268718618869082903e-008 
2.5999999999998246736 0.27375736719643667394 -1.5199382734942354922 -2.5342364629398224096 2.3823781462237858667e-008 
2.6249999999998219202 0.27374440780800585182 -1.5202815064373069731 -2.5342364698756210117 1.4300183337391360749e-008 
2.6499999999998191669 0.2737480324333757542 -1.5203536633066687678 -2.5342364743379630632 1.0346379915023724919e-008 
2.6749999999998164135 0.27376165408511121679 -1.5202357727920388086 -2.5342364770164769183 7.351902371383495378e-009 
2.6999999999998136602 0.27375317570266161082 -1.5201622407651789182 -2.5342364807331110299 1.1592484072003911004e-008 
2.7249999999998109068 0.27374543478748464276 -1.5202205843822782505 -2.5342364842157749649 7.6722101642937628405e-009 
2.7499999999998081535 0.27372907227542392361 -1.5200370736568400432 -2.5342364862245485568 3.8758194480438177252e-009 
2.7749999999998054001 0.27371813965485913833 -1.52010770480656765 -2.5342364876926692929 5.1583314894139629371e-009 
2.7999999999998026468 0.27373283736546250022 -1.5204170113169692691 -2.534236489659573266 4.9013629609687005356e-009 
2.8249999999997998934 0.27374232745272258915 -1.520275793843422818 -2.5342364910814434431 3.2241934414810629882e-009 
2.84999999999979714 0.27374698636362765347 -1.5200831149421012434 -2.5342364920229201175 2.3971560576446849388e-009 
2.8749999999997943867 0.27375523793896711089 -1.5201462330670201251 -2.5342364929833016696 2.8264443785377887808e-009 
2.8999999999997916333 0.27375169981944380559 -1.5200995539803390244 -2.5342364939244323985 2.1616031014064657591e-009 
2.92499999999978888 0.2737446367762103594 -1.5200653772564456379 -2.5342364944303956698 1.0432778461718919566e-009 
2.9499999999997861266 0.27373614234269633139 -1.5202208104985830417 -2.5342364949744387026 1.927864935448252649e-009 
2.9749999999997833733 0.27372697898296766139 -1.5203184376114591281 -2.5342364955393454906 1.0723600015955247021e-009 
2.9999999999997806199 0.2737337298410275066 -1.5202820103549035125 -2.5342364958851595347 9.4890617148458745337e-010 
3.0249999999997778666 0.27374427339998036457 -1.5202045203582246202 -2.5342364961661787426 7.0488045015833869427e-010 
3.0499999999997751132 0.27374614836577326749 -1.5201288358216398233 -2.5342364964514287884 8.0613603591593356362e-010 
3.0749999999997723599 0.27374808907469377894 -1.5200967699755967288 -2.5342364967011055121 6.0417031283629564391e-010 
3.0999999999997696065 0.27374597735961486711 -1.5200855517543947482 -2.534236496884201717 4.1194544567174731108e-010 
3.1249999999997668532 0.27374049893631696717 -1.5201566267857853365 -2.5342364970198367757 3.9548599876216713672e-010 
3.1499999999997640998 0.27373855586253881267 -1.5202859770205043866 -2.5342364971630084725 3.5537130233661931347e-010 
3.1749999999997613465 0.27373606990725452004 -1.5202677018152979116 -2.5342364972709892079 2.7473347714642601423e-010 
3.1999999999997585931 0.27373703703999530124 -1.520197227531405737 -2.5342364973673472406 2.6339209343872516589e-010 
3.2249999999997558398 0.27374316372290352639 -1.5201878692173549368 -2.5342364974472042505 1.6788283454458825087e-010 
3.2499999999997530864 0.27374573582001954231 -1.5201255305121366135 -2.5342364975023778939 1.5360946782094404158e-010 
3.274999999999750333 0.27374504375545344326 -1.5201005385297308159 -2.534236497551546563 1.3213754842774298062e-010 
3.2999999999997475797 0.27374261642263725269 -1.5201737159948320866 -2.5342364976079347905 1.6810056470349744834e-010 
3.3249999999997448263 0.27373888987589328758 -1.5202217003561220299 -2.5342364976499647256 5.849799135970586306e-011 
3.349999999999742073 0.27373866141286001819 -1.5202256761964325626 -2.5342364976676630128 6.1739909015791670175e-011 
3.3749999999997393196 0.27374025081520991787 -1.520205238065591935 -2.5342364976944211641 8.5134892712249386187e-011 
3.3999999999997365663 0.27374141473240604094 -1.5201827873588351636 -2.5342364977245845914 7.2302563167520654566e-011 
3.4249999999997338129 0.27374316071350207613 -1.5201718848318610533 -2.5342364977433864404 3.4852842763980925049e-011 
3.4499999999997310596 0.27374261558851509246 -1.5201499499682673555 -2.5342364977526279368 2.432160209578826823e-011 
3.4749999999997283062 0.27374107388448420952 -1.5201562562926163036 -2.5342364977646836266 4.304357489996041138e-011 
3.4999999999997255529 0.27374168968207635011 -1.5201917474912902684 -2.5342364977803639725 3.768989620284021451e-011 
3.5249999999997227995 0.27374157831625844928 -1.5201998566853511807 -2.534236497789082776 1.3134011541048175255e-011 
3.5499999999997200462 0.2737403976662376448 -1.5201965442728395672 -2.534236497793742604 1.7231414340406955881e-011 
3.5749999999997172928 0.27374048509778342586 -1.5201956781952663533 -2.5342364978003271148 1.6667466102048270483e-011 
3.5999999999997145395 0.27374144635316915997 -1.5201783091358289646 -2.5342364978065390346 1.8215039628606741415e-011 
3.6249999999997117861 0.27374250507536823651 -1.520166741017316081 -2.5342364978115177188 9.2118621949206687178e-012 
3.6499999999997090327 0.27374234687888832074 -1.5201740342670495565 -2.5342364978144429344 8.0131410779536145178e-012 
3.6749999999997062794 0.27374105856875036169 -1.5201801945865551779 -2.5342364978170088818 6.4129815613271286713e-012 
3.699999999999703526 0.27374081461291521755 -1.5201852474644732549 -2.5342364978197031711 8.7510112498692014629e-012 
3.7249999999997007727 0.27374115306552126992 -1.5201903253951276618 -2.5342364978226323835 6.8456223325049262882e-012 
3.7499999999996980193 0.27374118276632214419 -1.5201867661764016937 -2.5342364978242555296 2.3580064885065923295e-012 
3.774999999999695266 0.27374161120744261444 -1.5201816511917209951 -2.5342364978250748742 3.0601444022244446116e-012 
3.7999999999996925126 0.27374181790886209509 -1.5201795838300968811 -2.5342364978264941833 4.6459140459496817135e-012 
3.8249999999996897593 0.27374156358524331933 -1.5201808439435249287 -2.5342364978280174093 3.1841635926659292087e-012 
3.8499999999996870059 0.27374150761805904342 -1.5201836687071448306 -2.5342364978287443833 1.3320161389704866134e-012 
3.8749999999996842526 0.27374134527407584239 -1.5201803767726886907 -2.5342364978292031275 1.3847380817066407734e-012 
3.8999999999996814992 0.2737411971823911494 -1.5201801134293440043 -2.5342364978298723699 2.3869179133931915823e-012 
3.9249999999996787459 0.27374130565105386781 -1.5201853133920677497 -2.5342364978305935708 1.2214830918590375842e-012 
3.9499999999996759925 0.27374133016948593022 -1.5201834411352981302 -2.5342364978309110946 9.0544091562337840548e-013 
3.9749999999996732392 0.27374144407736522577 -1.5201817548615528253 -2.5342364978312308388 8.2225288765419780149e-013 
3.9999999999996704858 0.27374159102531769872 -1.520184215505039349 -2.5342364978315399249 9.1117820389175061951e-013 
4.0249999999996788347 0.27374152064290629971 -1.5201828372773982245 -2.5342364978318245861 6.171154699175357576e-013 
4.0499999999996871836 0.27374149333375552562 -1.5201809868856788199 -2.5342364978320159885 5.1234027272615155485e-013 
4.0749999999996955324 0.27374142980944793369 -1.5201808809485806151 -2.534236497832192736 4.6943433380081682678e-013 
4.0999999999997038813 0.27374129877678643474 -1.5201815081809715302 -2.5342364978323366209 3.1863987931787246979e-013 
4.1249999999997122302 0.27374136026193468529 -1.5201833196067200404 -2.5342364978324485314 3.3422602583309579009e-013 
4.1499999999997205791 0.27374140146865966194 -1.5201836975348987924 -2.5342364978325657709 2.9706272370654766886e-013 
4.1749999999997289279 0.27374136983338254181 -1.5201832588647130606 -2.5342364978326523683 1.8347540621699160151e-013 
4.1999999999997372768 0.27374146315919822836 -1.520182846223232076 -2.5342364978327109881 1.7762743042654334393e-013 
4.2249999999997456257 0.27374151472149915731 -1.5201815372457523345 -2.5342364978327762692 1.5924131255352650844e-013 
4.2499999999997539746 0.27374146840411772708 -1.5201814961681501259 -2.5342364978328255631 1.3743867686295875302e-013 
4.2749999999997623235 0.27374142362000325468 -1.5201823436412893464 -2.5342364978328708602 9.3132682950675108354e-014 
4.2999999999997706723 0.27374137976641527148 -1.5201820644645787084 -2.5342364978329010583 9.2588083668919600621e-014 
4.3249999999997790212 0.2737413991038756822 -1.5201823954660897975 -2.5342364978329325886 8.1177090121398619861e-014 
4.3499999999997873701 0.27374141910615834572 -1.5201834725592844322 -2.5342364978329561254 5.0637412398706058022e-014 
4.374999999999795719 0.2737413791767315252 -1.5201832361671510085 -2.5342364978329756653 5.341221260427929485e-014 
4.3999999999998040678 0.27374140735655339007 -1.520182478419138894 -2.534236497832994317 5.2148100350670841214e-014 
4.4249999999998124167 0.27374146772060525823 -1.5201820456086914124 -2.5342364978330103042 3.6479701151992660785e-014 
4.4499999999998207656 0.27374146672618926424 -1.5201815376266694102 -2.5342364978330196301 1.7716655252038186528e-014 
4.4749999999998291145 0.27374144873262451494 -1.5201817479339143624 -2.5342364978330276237 3.0193348601967688983e-014 
4.4999999999998374633 0.27374141139117269539 -1.5201826014962240841 -2.534236497833038726 3.0242307155592205248e-014 
4.5249999999998458122 0.27374138150451970963 -1.520183186336486969 -2.5342364978330462755 1.1801248726785770516e-014 
4.5499999999998541611 0.2737414020878829457 -1.5201831706732358285 -2.5342364978330502723 1.0433250736026453527e-014 
4.57499999999986251 0.27374141796814643879 -1.5201824078399002182 -2.5342364978330547132 1.5896640717303792704e-014 
4.5999999999998708589 0.27374142559429892607 -1.5201819625429184857 -2.5342364978330600422 1.3140864705540441754e-014 
4.6249999999998792077 0.27374144049233528619 -1.5201822158823303788 -2.5342364978330631509 6.5309512076643492416e-015 
4.6499999999998875566 0.27374143417811258594 -1.5201822452558066967 -2.5342364978330658154 5.4524449319857267898e-015 
4.6749999999998959055 0.27374143009697332607 -1.5201823923781376813 -2.5342364978330680358 7.6429228658269118388e-015 
4.6999999999999042544 0.27374143204287137987 -1.5201826821285013835 -2.5342364978330707004 5.2946609185491741237e-015 
4.7249999999999126032 0.27374141672416224536 -1.5201825515644844522 -2.5342364978330729208 4.3825935618631816167e-015 
4.7499999999999209521 0.27374140753117320868 -1.5201824526414200456 -2.5342364978330742531 2.8756070572453315783e-015 
4.774999999999929301 0.27374140913669225972 -1.5201824547452180703 -2.5342364978330755854 2.7852365668291961723e-015 
4.7999999999999376499 0.27374141639895438471 -1.5201823603933439788 -2.5342364978330760295 2.7792565055364671867e-015 
4.8249999999999459988 0.2737414335215168637 -1.5201823698403316154 -2.5342364978330764735 2.633469557902556366e-015 
4.8499999999999543476 0.27374143547693774448 -1.520182415154524902 -2.5342364978330773617 1.294485953527834283e-015 
4.8749999999999626965 0.27374142444733096102 -1.5201824651869424443 -2.5342364978330773617 9.6206003886380510775e-016 
4.8999999999999710454 0.27374142396153217094 -1.5201824964667003393 -2.5342364978330773617 1.5901899927071019331e-015 
4.9249999999999793943 0.2737414241580565788 -1.5201824223239772671 -2.5342364978330791381 1.4218330442208579756e-015 
4.9499999999999877431 0.27374142126203149239 -1.5201824064392965852 -2.5342364978330795822 4.4057690940329892216e-016 
4.974999999999996092 0.27374141919654226829 -1.5201824347151786654 -2.5342364978330795822 5.5940410994020525829e-016 
