0.025000000000000015266 0.59466425937770783783 0.00047789822022000633117 -2.2472346172257049446 0.039418693020733558408 
0.05000000000000003747 0.57120355448851112268 0.01674411402981604291 -2.2569137975521011974 0.055135167285022254613 
0.075000000000000052736 0.43561476936433701779 -0.0054762773920274954165 -2.281803722264795109 0.087737588109755265675 
0.10000000000000007494 0.40175939709480928963 -0.052554960067646594446 -2.323790199165528314 0.1027135147018232858 
0.12500000000000008327 0.24331465076733380104 -0.41128614646602856819 -2.3512019598614997129 0.052107769212996452035 
0.15000000000000010547 0.23207674149242052408 -1.8892457775899664796 -2.367147239790475588 0.042908776966933979968 
0.17500000000000012768 0.30377746699050067747 -2.3772101055623662269 -2.3832596634531935109 0.045574086920789402821 
0.20000000000000014988 0.25195662736329799136 -1.4389440556813988259 -2.3977325425936291126 0.025634013270782948779 
0.22500000000000017208 0.24053176321026153994 -1.755235962320710108 -2.4062428858876416804 0.028009820319932241667 
0.25000000000000016653 0.27203919788748881503 -1.2821781390633495423 -2.4190644193218950875 0.037267564121966328949 
0.27500000000000018874 0.28674433704522711563 -0.17645361770080958408 -2.4294680387538174493 0.019234528719382776307 
0.30000000000000021094 0.31109409144842192774 -0.34593037395274495172 -2.4348846234635614927 0.01119879565675411387 
0.32500000000000023315 0.30512681653187068154 -0.43638776850914984262 -2.4408595870734419719 0.020587421431573018488 
0.35000000000000025535 0.31459952720226808109 -1.0796467654371535438 -2.4480430188195367869 0.018337958405222842817 
0.37500000000000027756 0.30768564438916229387 -1.7491311752444587135 -2.4529041821349215624 0.0099445991868509654027 
0.40000000000000029976 0.27756376719921793672 -1.1433785864787058273 -2.4576123445904363152 0.015105126438697659766 
0.42500000000000032196 0.32197803141633635216 -0.86845568320907806648 -2.4647358870290441146 0.021118591159333285207 
0.45000000000000034417 0.34681890283085370363 -0.46211064361998843708 -2.4715339500447526255 0.018240614155003047336 
0.47500000000000036637 0.32601351880328494071 -0.37998751138111280801 -2.4784118321065968793 0.018526214711477799468 
0.50000000000000033307 0.32030556863412534829 -1.1147977394523307382 -2.4841907888529144444 0.010017996697623035227 
0.52500000000000035527 0.29714809253994173277 -1.182862913818100381 -2.4869443767795398337 0.0064960410607255141685 
0.55000000000000037748 0.29618278151274857191 -1.3129921875054550995 -2.4890933516718156682 0.0058347854476975781132 
0.57500000000000039968 0.31493858099172594711 -1.3012042718104033234 -2.4910617626308120265 0.0055708725446900831182 
0.60000000000000042188 0.31629782625909863558 -0.82733881668068143256 -2.4937433015318615226 0.0078053919552538578511 
0.62500000000000044409 0.34236384838252070795 -0.89722192974834591439 -2.4963230613683169423 0.0056539085812094443118 
0.65000000000000046629 0.34901969190781917396 -0.90463301261677153686 -2.4980579441294583631 0.0046138077520511541416 
0.6750000000000004885 0.33412226101049447013 -0.87678971553764606384 -2.4995053742537542973 0.0030242145753014370267 
0.7000000000000005107 0.33428704130394298888 -1.1307049700018514393 -2.5006509547051174458 0.0032626182529579238201 
0.72500000000000053291 0.32265189753728162891 -1.2154663102330216518 -2.5019644703036560962 0.0039168075035517250712 
0.75000000000000055511 0.31233544278158525964 -1.4129862359310969566 -2.503631131523899267 0.0056746283985237150338 
0.77500000000000057732 0.3070399196425446231 -1.5246802548485132167 -2.5065969353434636169 0.011180000803014188832 
0.80000000000000059952 0.27338477824589130227 -1.3369749116121567578 -2.512195277462999865 0.017427956014952502434 
0.82500000000000062172 0.24588066349763212926 -1.4896847337046754678 -2.5172610076218853159 0.0088762478289692164912 
0.85000000000000064393 0.25856675900766679099 -1.917948546769840501 -2.5196035272051942044 0.0051318966770593039614 
0.87500000000000066613 0.26728533538393928204 -1.9810386916419422398 -2.5212351761614222312 0.0038069400940163623803 
0.90000000000000068834 0.26653105720177983073 -1.7467227467320425305 -2.5229497900028761137 0.0056671562382853398268 
0.92500000000000071054 0.27206802312031325153 -1.4945630736527339977 -2.5250395511044341212 0.0057490212164741458928 
0.95000000000000073275 0.27214005130465251936 -1.3435824984223201373 -2.5271296432137897447 0.0043908023528426440643 
0.97500000000000075495 0.2798399540001664243 -1.3712844059654945017 -2.5281417210327266076 0.002094219024479337856 
1.0000000000000006661 0.27699359665203943104 -1.4355794513645143695 -2.5289529414318385747 0.0022618539787257830112 
1.0249999999999979128 0.26355484277689861239 -1.5609939038151665613 -2.5298874422577091181 0.0026115870976839298048 
1.0499999999999951594 0.26842390224073031657 -1.7106119587044339436 -2.5307176011504131097 0.0019211433262340590206 
1.0749999999999924061 0.2754725871726455555 -1.6497438455100992272 -2.5313480187675829747 0.0014413630200873297788 
1.0999999999999896527 0.27318414762934900564 -1.4775527762284450528 -2.5317620546290844352 0.00091964974071582984878 
1.1249999999999868994 0.27492419987882288357 -1.4610238364013063972 -2.5321086139347213084 0.00093057034073467889169 
1.149999999999984146 0.27531776511605893232 -1.4569202791042039635 -2.5324963726149758436 0.0012379284305271515913 
1.1749999999999813927 0.27301841855829472872 -1.4623264448400399296 -2.5328847965902596684 0.00069821466791731906162 
1.1999999999999786393 0.27273778255900077427 -1.5629821250338786776 -2.5330730162737249422 0.00040937527336321017724 
1.224999999999975886 0.27148901330268099263 -1.5894337370060296344 -2.5332064676087422406 0.00040306316302061865123 
1.2499999999999731326 0.27213699019460857453 -1.5366965847875357909 -2.5334080339987328223 0.00060980898099968316572 
1.2749999999999703792 0.27411085145170882571 -1.5126433149877605011 -2.5335895801845946806 0.00034784313072442631619 
1.2999999999999676259 0.27350339305006110546 -1.5107372816007216265 -2.5336792941604171503 0.00017286184200049949924 
1.3249999999999648725 0.27444375523666159067 -1.5108351763757332797 -2.5337479316276776409 0.00022976729055047657936 
1.3499999999999621192 0.27563617195000239546 -1.4983784297377571448 -2.5338435799833796125 0.00025987439804204322692 
1.3749999999999593658 0.2733485159546624188 -1.5131819142146007984 -2.533924437218020298 0.00015872432720392094731 
1.3999999999999566125 0.27200945075924043426 -1.5468800469680261678 -2.5339654041323487199 0.00010023263983463479032 
1.4249999999999538591 0.27268467057995249281 -1.5300654965798572427 -2.5340079121544132335 0.00011286439788466482695 
1.4499999999999511058 0.27340690023095554073 -1.5104539166978709908 -2.5340483887495062199 0.00011542361734407689615 
1.4749999999999483524 0.27496819168841218906 -1.5284575138200890976 -2.5340850457717754018 6.9850941005523980738e-005 
1.4999999999999455991 0.27529448420342311765 -1.522974612916953463 -2.5341076862245008883 6.5460910096092333067e-005 
1.5249999999999428457 0.27366783178966769263 -1.5034963888185286507 -2.5341288759927467211 4.3782054265295255427e-005 
1.5499999999999400924 0.27253861125514849961 -1.5191324785848259182 -2.5341458854249587773 5.2667126067436094829e-005 
1.574999999999937339 0.27249078968245415977 -1.5344954039126037504 -2.5341632302222931727 3.8230879558375051709e-005 
1.5999999999999345857 0.27349348329071276886 -1.5203687523114266522 -2.5341761000656757297 3.0187981745600820602e-005 
1.6249999999999318323 0.27432531303575519166 -1.5115402023165021017 -2.5341847457124120346 2.098259519769482781e-005 
1.649999999999929079 0.27404915310532779182 -1.5184514306651384352 -2.5341931837443074649 2.3156098861853524704e-005 
1.6749999999999263256 0.27418662493405754343 -1.5229749878936331697 -2.5342015844454666151 2.1336793609704513306e-005 
1.6999999999999235722 0.27436994804100767187 -1.5227266878586236398 -2.534207503227349001 1.1355288142590197221e-005 
1.7249999999999208189 0.27355509074983364037 -1.5246905188940518272 -2.5342116368138536409 1.1612221124054623823e-005 
1.7499999999999180655 0.27314558918022024958 -1.5257568972332107293 -2.5342159053070592023 1.2239327402549069572e-005 
1.7749999999999153122 0.27353642741176903419 -1.5142858516457742279 -2.5342203325685508375 8.9932233892765543146e-006 
1.7999999999999125588 0.27366149260786748476 -1.5075054907430058826 -2.534222190226743443 4.1100250955246383496e-006 
1.8249999999999098055 0.27351075017292197922 -1.519800003304063285 -2.5342244291730042782 6.7129705173524999875e-006 
1.8499999999999070521 0.27363291150345320224 -1.5263578567652280604 -2.5342269101889689509 7.0555075100576591937e-006 
1.8749999999999042988 0.27406078802625316593 -1.5245137069311582856 -2.5342288527088632222 2.639045773659958921e-006 
1.8999999999999015454 0.2741487916777193834 -1.5258537555368418825 -2.5342295542676738229 2.3601321316330100083e-006 
1.9249999999998987921 0.27375721906210048751 -1.5204454356902501466 -2.5342307051749051183 3.5066798842862574389e-006 
1.9499999999998960387 0.27367363536126254608 -1.5134232795571818109 -2.5342319890666589188 3.172099824528841506e-006 
1.9749999999998932854 0.2738005282593136136 -1.5159904849063388088 -2.5342328012052752761 1.2661461427425549534e-006 
1.999999999999890532 0.27358174447799876727 -1.5210499864717266227 -2.5342331851986115154 1.1260419219570578919e-006 
2.0249999999998880007 0.27344999688056559339 -1.5212024839811091326 -2.5342337548295779115 1.8533383978940832515e-006 
2.0499999999998852473 0.27367768881724408025 -1.5196929867215245302 -2.534234341566348192 1.2267824447081353223e-006 
2.074999999999882494 0.27388152725180375802 -1.5224763492473445403 -2.5342347065065289335 7.1315082128799301893e-007 
2.0999999999998797406 0.27387871866624019512 -1.5240993610009014869 -2.5342349197040121567 6.7313015532944052059e-007 
2.1249999999998769873 0.27377792625632263457 -1.5194427400642862569 -2.5342352160545145168 7.4381875049450738156e-007 
2.1499999999998742339 0.27375839319845440833 -1.5172057405665229091 -2.5342354395661166322 5.6690972325299819299e-007 
2.1749999999998714806 0.27377395381422309217 -1.5195928745889344391 -2.5342356406482413611 4.4014636034390936421e-007 
2.1999999999998687272 0.2736886143271773375 -1.5196492399671273077 -2.5342357674909394838 3.1396736596017137175e-007 
2.2249999999998659739 0.27365208606089458376 -1.519139662795592649 -2.5342358755277993865 2.59582633173142767e-007 
2.2499999999998632205 0.27371234469252631039 -1.5214810177609909836 -2.5342359810589978331 3.2033389907386843889e-007 
2.2749999999998604672 0.27375125341683664848 -1.5221671341467231109 -2.5342360926620139949 2.5669413974360274353e-007 
2.2999999999998577138 0.27379306253557328388 -1.5199172498721935654 -2.534236158123627014 1.0584953455439075533e-007 
2.3249999999998549605 0.2737894117529092175 -1.5192089064602727344 -2.5342361965810584756 1.2443646412789978369e-007 
2.3499999999998522071 0.27372348804058138638 -1.5201966918180580546 -2.5342362474285549112 1.5104873734934377411e-007 
2.3749999999998494538 0.27372601987415579039 -1.5204248765374877017 -2.5342363056075081218 1.3630557087195565261e-007 
2.3999999999998467004 0.27374815812689512473 -1.5200906455875253798 -2.5342363355839334638 4.4973189445252595509e-008 
2.4249999999998439471 0.27371943045224944591 -1.5201112427423191242 -2.5342363550779047898 6.0360308754682015146e-008 
2.4499999999998411937 0.27371619949699049767 -1.5202159405934456693 -2.5342363784615273836 7.3342045183595013697e-008 
2.4749999999998384403 0.27374010166401052668 -1.5197825828693192207 -2.534236405343143872 5.4966216628768160701e-008 
2.499999999999835687 0.27376166294179377081 -1.5199215312185210269 -2.5342364189206798564 3.1907294160616707056e-008 
2.5249999999998329336 0.27377116101524795466 -1.5207908154408200652 -2.534236430929336148 2.8979820512732711216e-008 
2.5499999999998301803 0.27375018749790175354 -1.520526834730143273 -2.5342364416081126777 3.0881381498016021756e-008 
2.5749999999998274269 0.273737861250087533 -1.5200034203079033635 -2.5342364522746154698 2.5845097934810513619e-008 
2.5999999999998246736 0.27373431776039480745 -1.5203013962866913644 -2.5342364606178193753 1.8076122370115987924e-008 
2.6249999999998219202 0.27371519095344859496 -1.5200915755610622249 -2.53423646599603547 1.3403155119601587259e-008 
2.6499999999998191669 0.27372664354638504003 -1.519694282911051797 -2.5342364709787839061 1.2623353179050845347e-008 
2.6749999999998164135 0.27375327919503938956 -1.5200626215916337447 -2.5342364757642732442 1.4193521840214572657e-008 
2.6999999999998136602 0.27374821658148978942 -1.5205159553277551865 -2.5342364801937109497 8.3273017753460631337e-009 
2.7249999999998109068 0.27374323888937268645 -1.5204527417917730325 -2.5342364828801988708 6.779311768170455629e-009 
2.7499999999998081535 0.27374768280430372691 -1.5201403296147359967 -2.5342364847483009882 4.660172211514165866e-009 
2.7749999999998054001 0.27374786494519659508 -1.5200920135612476791 -2.5342364873194811459 7.9175378713648204683e-009 
2.7999999999998026468 0.27375089362553983729 -1.5201545687218156466 -2.5342364894388929031 3.8558049609997631947e-009 
2.8249999999997998934 0.27374115749816846366 -1.5200324744316753289 -2.5342364906569261329 2.695471753253809381e-009 
2.84999999999979714 0.2737247692146496103 -1.5201150455552683294 -2.5342364915931696601 3.0949916900867358445e-009 
2.8749999999997943867 0.27372770467797702398 -1.520364489049622847 -2.5342364929005136709 3.1467502094530537243e-009 
2.8999999999997916333 0.27373775480894407819 -1.5203003753482604576 -2.5342364937532502189 1.7833320412288717934e-009 
2.92499999999978888 0.27374527996983000211 -1.5201406701373425534 -2.5342364943220831996 1.4986749186393703546e-009 
2.9499999999997861266 0.27375261108553411438 -1.5201794740582581511 -2.5342364949528590756 1.6805491221179878532e-009 
2.9749999999997833733 0.27375188463883315393 -1.5201532165432307675 -2.5342364954803007215 1.2780683310399001549e-009 
2.9999999999997806199 0.27374598469651462151 -1.5200446630298922734 -2.5342364958590604118 7.1540174997529746102e-010 
3.0249999999997778666 0.27373818358734003375 -1.5201183631092194393 -2.5342364961385510647 9.4294659238300419997e-010 
3.0499999999997751132 0.27373080957179063422 -1.5202634224319599987 -2.534236496474076894 7.447023166595867283e-010 
3.0749999999997723599 0.27373434727364959196 -1.5203036155188556222 -2.5342364967175736723 5.8923342532518496164e-010 
3.0999999999997696065 0.27374177892802514789 -1.5202647218148415131 -2.5342364968714896634 3.1876303137917818851e-010 
3.1249999999997668532 0.27374345826398782666 -1.5201790749487007481 -2.5342364970359789744 5.2026077845147713493e-010 
3.1499999999997640998 0.2737459550169826783 -1.520097675342403587 -2.5342364971875834811 3.1035499855112104763e-010 
3.1749999999997613465 0.27374682554736451401 -1.5200661427760333577 -2.5342364972880848661 2.4111118017927339784e-010 
3.1999999999997585931 0.27374202510236411712 -1.5201352970122619102 -2.5342364973767859126 2.418148915174086875e-010 
3.2249999999997558398 0.27373870329259369916 -1.520253967839293896 -2.5342364974582820558 1.9774459792464354753e-010 
3.2499999999997530864 0.27373816852111326758 -1.52026000827815988 -2.5342364975211046918 1.3610577816793199918e-010 
3.274999999999750333 0.27373870480197404209 -1.5202084983838073384 -2.5342364975697471152 1.4883914377719334129e-010 
3.2999999999997475797 0.2737411832610884832 -1.5201954918655151694 -2.5342364976208915373 1.0130813450236859552e-010 
3.3249999999997448263 0.27374334971478375689 -1.520156500452778392 -2.5342364976519240471 8.7470744042584342827e-011 
3.349999999999742073 0.27374399932902176991 -1.5201263768146264788 -2.5342364976808595678 6.427154817637957012e-011 
3.3749999999997393196 0.27374319524105655832 -1.520159939590774556 -2.5342364977095126477 8.9463884430325992605e-011 
3.3999999999997365663 0.27374105089246725253 -1.5201961665211629615 -2.5342364977332381137 3.7460185161999060328e-011 
3.4249999999997338129 0.27373977181231351485 -1.5202011222176308181 -2.5342364977460443143 3.3794146755831666827e-011 
3.4499999999997310596 0.27373962433948723083 -1.5201959322681759534 -2.53423649775833848 3.9820506170558734955e-011 
3.4749999999997283062 0.27374023657366081119 -1.5201973906963504035 -2.5342364977751121735 4.1422963742816030866e-011 
3.4999999999997255529 0.27374225853635630878 -1.520189424854476723 -2.5342364977858382602 1.8952728376941672831e-011 
3.5249999999997227995 0.27374322525412242424 -1.5201656435099635267 -2.5342364977911482349 1.3370456227625864459e-011 
3.5499999999997200462 0.27374194809697727226 -1.5201613051766054152 -2.5342364977977749341 2.1050339350746283091e-011 
3.5749999999997172928 0.27374118316992251954 -1.5201793069376134948 -2.5342364978048426138 1.7442229379489020457e-011 
3.5999999999997145395 0.27374135046084940859 -1.520188756605552971 -2.5342364978105114126 1.0745347592027010729e-011 
3.6249999999997117861 0.2737410363461101892 -1.5201901770113013246 -2.5342364978132327913 7.821432996085112731e-012 
3.6499999999997090327 0.27374073546818356029 -1.5201915691715446322 -2.5342364978164617639 7.5151871030856607091e-012 
3.6749999999997062794 0.27374120832831105865 -1.5201835813463744351 -2.5342364978193261393 9.0867934129979944835e-012 
3.699999999999703526 0.2737419331488448182 -1.5201750057438150332 -2.5342364978221683103 5.2872172578752592439e-012 
3.7249999999997007727 0.27374192390185214663 -1.5201786933018839321 -2.5342364978238371975 4.3199859916958491801e-012 
3.7499999999996980193 0.27374136464393600265 -1.5201819751762262189 -2.5342364978250992991 2.7350994768523942697e-012 
3.774999999999695266 0.27374123924272691921 -1.5201813537145876243 -2.5342364978264315667 4.387935526011869912e-012 
3.7999999999996925126 0.27374134521019005684 -1.5201846290606666479 -2.5342364978278628662 3.2053318331021830859e-012 
3.8249999999996897593 0.27374126814895000104 -1.5201858909450232105 -2.534236497828772805 1.5369962068275920349e-012 
3.8499999999996870059 0.27374139720823992272 -1.5201825272526141575 -2.5342364978292111211 1.3468510496627656351e-012 
3.8749999999996842526 0.27374160221505072776 -1.5201803312403181501 -2.5342364978298554945 2.1043882889744186484e-012 
3.8999999999996814992 0.27374154964798669276 -1.5201825539702715773 -2.5342364978306410883 1.7168865774110636764e-012 
3.9249999999996787459 0.27374143133265338435 -1.5201843748622900776 -2.5342364978310047974 5.4647641461899859075e-013 
3.9499999999996759925 0.27374136869033344199 -1.5201806395747938794 -2.5342364978312414969 7.4886124078296788028e-013 
3.9749999999996732392 0.2737413699670400713 -1.5201796832897958023 -2.5342364978315479185 9.7585771001329023857e-013 
3.9999999999996704858 0.27374138890245325317 -1.5201834541039778159 -2.5342364978319005253 7.1460273275491645253e-013 
4.0249999999996788347 0.27374135684539796509 -1.5201833505593231877 -2.5342364978320772728 4.0058252199139430594e-013 
4.0499999999996871836 0.27374138144096327174 -1.5201826549713857162 -2.5342364978322162727 3.3827494154080455967e-013 
4.0749999999996955324 0.27374145242391551003 -1.5201843736062652379 -2.534236497832361934 4.4608639997738901233e-013 
4.0999999999997038813 0.27374149528330377068 -1.5201834736323398545 -2.5342364978325018221 2.9319178099930440083e-013 
4.1249999999997122302 0.27374152869342777139 -1.5201808829875131934 -2.5342364978325941927 2.2621835492133395137e-013 
4.1499999999997205791 0.2737414652828006334 -1.5201804294277840857 -2.5342364978326759051 2.0852508652597749909e-013 
4.1749999999997289279 0.27374135825232320807 -1.5201817989867025815 -2.5342364978327416303 1.5060562187217052479e-013 
4.1999999999997372768 0.2737413615911625242 -1.5201826989603119955 -2.534236497832799806 1.6002622666804768922e-013 
4.2249999999997456257 0.27374138544236775727 -1.5201829171311498357 -2.534236497832849544 1.1633195648987446477e-013 
4.2499999999997539746 0.27374138588823887508 -1.5201835996972432596 -2.5342364978328904002 9.1729272016107336791e-014 
4.2749999999997623235 0.27374142858255934296 -1.5201835033165491673 -2.5342364978329148251 6.7571518714637021215e-014 
4.2999999999997706723 0.27374146187790532325 -1.5201821474298355952 -2.5342364978329467995 8.5746887900050912368e-014 
4.3249999999997790212 0.2737414643799569447 -1.520181673785684362 -2.5342364978329716685 5.6800765625552513647e-014 
4.3499999999997873701 0.27374144901667257779 -1.5201820393808112009 -2.5342364978329885439 3.162757796564752528e-014 
4.374999999999795719 0.27374141407843877172 -1.5201817895943254833 -2.5342364978330005343 4.2484828176676854878e-014 
4.3999999999998040678 0.27374140976064520459 -1.5201819993620531157 -2.5342364978330174097 3.977869869451593949e-014 
4.4249999999998124167 0.27374141598997125957 -1.5201831200976076985 -2.5342364978330294001 2.2893060132240245528e-014 
4.4499999999998207656 0.27374139617569243077 -1.5201832954130243269 -2.5342364978330356173 1.7627051949370061816e-014 
4.4749999999998291145 0.27374140299745719496 -1.5201826345042495081 -2.534236497833044055 2.1524237163792679335e-014 
4.4999999999998374633 0.27374143065265804653 -1.5201823499145010743 -2.5342364978330502723 1.9370665523706242557e-014 
4.5249999999998458122 0.27374144112968590292 -1.5201821120717464719 -2.5342364978330560454 6.3219290890834445293e-015 
4.5499999999998541611 0.27374144409979611625 -1.520181926614514456 -2.5342364978330591541 1.2200110509555634715e-014 
4.57499999999986251 0.27374143065537809294 -1.5201822191331779699 -2.5342364978330631509 1.0616996722297761854e-014 
4.5999999999998708589 0.27374141340509766662 -1.5201827327755479402 -2.5342364978330667036 7.6448165496830988715e-015 
4.6249999999998792077 0.27374141378185068429 -1.5201828552096285918 -2.5342364978330680358 3.6751035768045448093e-015 
4.6499999999998875566 0.27374141060261492076 -1.5201824327664184011 -2.5342364978330707004 5.5402502671610631489e-015 
4.6749999999998959055 0.27374141397987283852 -1.5201822590589995077 -2.5342364978330720326 5.3379551156204041545e-015 
4.6999999999999042544 0.27374143320982546879 -1.5201824468785889444 -2.534236497833073809 3.3853772104069428796e-015 
4.7249999999999126032 0.27374143519311144868 -1.5201823852326576958 -2.5342364978330742531 2.2441819980751862427e-015 
4.7499999999999209521 0.27374142437868143052 -1.5201823567108212476 -2.5342364978330760295 2.3584434672404437461e-015 
4.774999999999929301 0.27374142215888980223 -1.5201825037248686279 -2.5342364978330760295 2.2813504054088731251e-015 
4.7999999999999376499 0.27374142214530283734 -1.5201824734720306154 -2.5342364978330782499 1.9049912851525203231e-015 
4.8249999999999459988 0.27374142110057486654 -1.5201824171966840105 -2.5342364978330773617 1.1735360933383702574e-015 
4.8499999999999543476 0.27374141758612796638 -1.5201824582354181992 -2.5342364978330778058 9.7629000533331792404e-016 
4.8749999999999626965 0.27374141598938517284 -1.5201824436755571046 -2.534236497833078694 9.5439061381533405294e-016 
4.8999999999999710454 0.27374142438386406262 -1.5201823938515302004 -2.5342364978330782499 1.1934725316495763725e-015 
4.9249999999999793943 0.27374142939715379041 -1.5201824076991954371 -2.5342364978330791381 4.2202529923907870871e-016 
4.9499999999999877431 0.27374142578747523435 -1.520182461362625137 -2.5342364978330791381 3.9839541325617274056e-016 
4.974999999999996092 0.27374142530316070143 -1.5201824613951595566 -2.5342364978330795822 5.5736264296921610937e-016 
