0.025000000000000015266 0.59444772296856507321 0.00047643304491553836733 -2.2474886480243401188 0.039268614039597096732 
0.05000000000000003747 0.5711313139516676074 0.016687940251764940558 -2.2573157473384521943 0.054716109278437632946 
0.075000000000000052736 0.43624815081742024381 -0.0051906379073178299244 -2.2825146958796800334 0.086935883009904166285 
0.10000000000000007494 0.40285200003415139181 -0.052345828488925216782 -2.3250284900763760199 0.10193203207522222309 
0.12500000000000008327 0.24514168001361397176 -0.41120665786849519563 -2.3527977798842178991 0.051533220951946297206 
0.15000000000000010547 0.23322519862382534717 -1.8734362957178656295 -2.3688042359155896399 0.041959478539263586616 
0.17500000000000012768 0.30408269905983886794 -2.3533239273967505589 -2.3849390610982528216 0.044775248389934449444 
0.20000000000000014988 0.2537962724977061435 -1.4280918296905351639 -2.3994677848062280212 0.025293273410180259347 
0.22500000000000017208 0.24328145379007520832 -1.7308688087029171498 -2.4080277688610070008 0.027406214547044220609 
0.25000000000000016653 0.27422158343124591884 -1.2633385577104641051 -2.4207948544476889374 0.036185988505791182035 
0.27500000000000018874 0.28760430463144115443 -0.20113353865161420764 -2.4310016364423323587 0.01808842048238585784 
0.30000000000000021094 0.31032777456502025348 -0.38514975294387593374 -2.4361621148450876007 0.010553660024476829715 
0.32500000000000023315 0.30364204561441526797 -0.49450425917552504051 -2.4419611424334601857 0.019422449828040286995 
0.35000000000000025535 0.31170737594920194802 -1.1402274378334080751 -2.4486549876885712607 0.015865226089998799713 
0.37500000000000027756 0.30515654586281293348 -1.7912408945101623292 -2.4524074203456294185 0.005726677187263492369 
0.40000000000000029976 0.26922972332569145015 -1.2009943069562314388 -2.4549492491556561546 0.0070318164735603538862 
0.42500000000000032196 0.29521858264636258173 -0.89554001259274929048 -2.4584111978695766254 0.010309389987563317981 
0.45000000000000034417 0.31379407580272705713 -0.31049899978933748201 -2.4621746264668042947 0.011020736549482029049 
0.47500000000000036637 0.31980737056094427073 0.29855914979559206035 -2.4662646436830386598 0.012079091654101866554 
0.50000000000000033307 0.3465602706552420309 0.45516333311256007566 -2.4719126005129612444 0.015338606775881084496 
0.52500000000000035527 0.34709989668089308301 0.98855114026556623052 -2.4772706072003729538 0.011851326944127911836 
0.55000000000000037748 0.33635385962517799774 0.88796418058622794689 -2.4810644323614927664 0.011710838679643233509 
0.57500000000000039968 0.32274523692887130411 0.53258609954460633951 -2.4861486366485121557 0.013680026943293245242 
0.60000000000000042188 0.295030561708540362 0.8071379817037884763 -2.491155287940474139 0.012718484229212529552 
0.62500000000000044409 0.29539270301999032142 -1.8836346511028680961 -2.4959773526442896596 0.01211955414065061902 
0.65000000000000046629 0.29286343846254853096 -1.6226089198449291651 -2.4993434212902077007 0.0060379528235780070833 
0.6750000000000004885 0.29602209499919407421 -1.4011009440561354999 -2.5017198889850673638 0.0075129785306340410647 
0.7000000000000005107 0.31743741872939923443 -1.5300647888927154661 -2.5043427472913295517 0.0050483024296562161587 
0.72500000000000053291 0.31139708073166949553 -1.5441512399837087344 -2.5058506983761614784 0.0038505885466770064553 
0.75000000000000055511 0.29837305369240724184 -1.7356058019496412026 -2.507226487794691927 0.0031099266444475988543 
0.77500000000000057732 0.30109417919315989431 -1.8656012857443720065 -2.5081557567394616726 0.0023914370232762925152 
0.80000000000000059952 0.30152866871121841719 -1.5858682762777673858 -2.509305956536085791 0.0032962076303889400498 
0.82500000000000062172 0.30671577483434836475 -1.5205788729550069327 -2.5103828411746675897 0.0024575834241177896625 
0.85000000000000064393 0.31368997621984157087 -1.6191982690716155702 -2.5111201949121912946 0.0015024482885910999969 
0.87500000000000066613 0.31166654733939691546 -1.5668546134139915704 -2.5116887910983987098 0.0014690112993886999138 
0.90000000000000068834 0.31018580701709552727 -1.663365611952881018 -2.5121900857788714845 0.0012399722779522733863 
0.92500000000000071054 0.31096139567253272551 -1.7751440130795197447 -2.5125562965209491395 0.00074907138406760576024 
0.95000000000000073275 0.31148510515940525112 -1.7089506230794599961 -2.5128801366650264093 0.00091078365772690134203 
0.97500000000000075495 0.31351690491850953135 -1.7127642409470560381 -2.5131751065559653213 0.00066077064859110766493 
1.0000000000000006661 0.30908630259892022618 -1.7152837955828097449 -2.5134145681587733989 0.00069464362906875519975 
1.0249999999999979128 0.3036633910907488576 -1.618135062519965528 -2.513667044570240261 0.00049729288776095934444 
1.0499999999999951594 0.30657375670920433697 -1.5829599312780460174 -2.5137790581810297574 0.00019601783782988995591 
1.0749999999999924061 0.31009144122162562995 -1.6014183459670086052 -2.5138850705479454106 0.00039441775469667840308 
1.0999999999999896527 0.31225991003193775963 -1.6345918128852969797 -2.5140253175124041007 0.00026662546128601507123 
1.1249999999999868994 0.3126932881568767475 -1.6770186232860702091 -2.5141034793085013099 0.0002211770858122458184 
1.149999999999984146 0.30922539265281800969 -1.6776587052406968237 -2.514191744447842769 0.00020331482894384202012 
1.1749999999999813927 0.30829248444968732068 -1.6832872332136408211 -2.5142521501269210482 0.0001321728038948702757 
1.1999999999999786393 0.30965697834640271147 -1.6987265707444820784 -2.5143028208138376023 0.00014040942381947393142 
1.224999999999975886 0.30992998067839933052 -1.6565367205995342736 -2.5143448078337984342 7.4337134369534762189e-005 
1.2499999999999731326 0.31092803178370487238 -1.6277591404686113652 -2.5143712348243578703 8.0352071414158975408e-005 
1.2749999999999703792 0.31059811619670724125 -1.6521309123043843581 -2.5144066002609979371 9.6866807847069205119e-005 
1.2999999999999676259 0.30933377056430955143 -1.66409432627752496 -2.5144360767883964236 6.0563173944317807746e-005 
1.3249999999999648725 0.30989931911493423522 -1.6651846970468291431 -2.514454170842452374 3.492022505305847574e-005 
1.3499999999999621192 0.31011392378566948747 -1.6599086550201940238 -2.5144681821402583566 4.369028600545692419e-005 
1.3749999999999593658 0.31016149279183929943 -1.6461807178640333049 -2.5144823402129548029 2.9811877027173696561e-005 
1.3999999999999566125 0.31042092409178623225 -1.6459803749793833205 -2.5144933015553747602 2.8439486504295091404e-005 
1.4249999999999538591 0.30915031954093213917 -1.6567770523512859171 -2.5145034395029699503 2.3860011431986645898e-005 
1.4499999999999511058 0.30867185797431911931 -1.6693586368526975861 -2.51451094273355924 1.9382375757616101446e-005 
1.4749999999999483524 0.30978677755791389492 -1.6661763821768618143 -2.5145187557862489491 1.9159897325779416498e-005 
1.4999999999999455991 0.31056622619226403881 -1.6550684925356087263 -2.5145241079474831558 8.8979741088370666198e-006 
1.5249999999999428457 0.31111243174195518657 -1.6625920099309690059 -2.5145269759995438896 9.3204558292783592984e-006 
1.5499999999999400924 0.3108628654898603072 -1.6643613713142326738 -2.5145309209793604843 9.8810460000553213396e-006 
1.574999999999937339 0.30985017053437646783 -1.6538313201763568117 -2.5145343203442900304 8.3032695242567540738e-006 
1.5999999999999345857 0.30950147911507969178 -1.6515439333635137942 -2.5145371756842793687 6.7534360917345454399e-006 
1.6249999999999318323 0.30954961886507614821 -1.6503347135490376019 -2.5145391342933129941 3.7822610481369647292e-006 
1.649999999999929079 0.30981474268189601595 -1.6539166014407280514 -2.5145406888212553653 4.7579808149083387378e-006 
1.6749999999999263256 0.31021691847929483421 -1.6608868796076772245 -2.514542276556889 3.2863569203539242454e-006 
1.6999999999999235722 0.31002193912482073346 -1.6610759035530244798 -2.514543309853795261 2.4325432901987424301e-006 
1.7249999999999208189 0.30982713618640889131 -1.6635338457654986755 -2.51454422016313206 2.3896533250941948862e-006 
1.7499999999999180655 0.31003765649670572691 -1.6624766924767950815 -2.5145451159225329363 2.4555828841189674736e-006 
1.7749999999999153122 0.31012824061960680977 -1.6560491290481247351 -2.5145459617334617874 1.8047565744721197356e-006 
1.7999999999999125588 0.31014430640988810417 -1.656211364126759289 -2.5145464947969053959 1.0406134807205222467e-006 
1.8249999999999098055 0.31005455135440523895 -1.6549798858974051896 -2.5145468045585324113 8.2563493872416095284e-007 
1.8499999999999070521 0.30990435131794930035 -1.653101192983098322 -2.514547161006774445 1.0364200495920765907e-006 
1.8749999999999042988 0.30999943403834995248 -1.6586036650233699774 -2.5145475812696962414 1.015381715690340221e-006 
1.8999999999999015454 0.31008368180789319668 -1.6609177425983996379 -2.5145478446551057239 5.1289665522804735142e-007 
1.9249999999998987921 0.31004273951405064702 -1.6587058199545094972 -2.5145480415457148737 5.2287015126093012863e-007 
1.9499999999998960387 0.31001585735224457263 -1.6588765161095242462 -2.5145482211374430292 4.0507782335543182219e-007 
1.9749999999998932854 0.30992115940706160826 -1.6584592441824290709 -2.5145483745697574385 4.3197209263661126358e-007 
1.999999999999890532 0.30988996479901920189 -1.6573581578367126976 -2.5145485028514369397 2.2396647107767413537e-007 
2.0249999999998880007 0.30998301113230986026 -1.6570946431817026312 -2.514548571239574315 1.8165508744638712321e-007 
2.0499999999998852473 0.31005443317999659136 -1.6563253753481108621 -2.5145486711389590795 3.3132150036302997651e-007 
2.074999999999882494 0.3101172549811966328 -1.6570429315339139098 -2.5145487693252208672 1.6361944458743254271e-007 
2.0999999999998797406 0.31009205737785622281 -1.6589347887250085467 -2.5145488148251051719 1.0327278249356188076e-007 
2.1249999999998769873 0.30996564150298777651 -1.6592105294502021984 -2.5145488531866697635 9.7122697649919064636e-008 
2.1499999999998742339 0.30992901744939099773 -1.6587222443165285934 -2.5145488883470981101 9.8018652856055284803e-008 
2.1749999999998714806 0.30997313500095230454 -1.6577057259838383629 -2.5145489288237414804 1.0539693431956600907e-007 
2.1999999999998687272 0.31002807781077806881 -1.6564380731524956936 -2.5145489601213322217 5.9049851511072851443e-008 
2.2249999999998659739 0.31007685662687328731 -1.6570599167307804578 -2.5145489778515219825 4.5998503777999494926e-008 
2.2499999999998632205 0.31004667396705409832 -1.6581521984184734997 -2.5145489984823390373 5.7129342869766270697e-008 
2.2749999999998604672 0.30999062057747478471 -1.6580927906502724856 -2.5145490161592056744 3.2855786667459372837e-008 
2.2999999999998577138 0.30997755344733307625 -1.6582746650649955455 -2.5145490238579379927 1.8393924335674628739e-008 
2.3249999999998549605 0.30997983519860972113 -1.6584811724554988643 -2.5145490352249071364 3.5672822541484003595e-008 
2.3499999999998522071 0.31000788007988139272 -1.6580546442916777039 -2.5145490461026214213 2.2205808432486789572e-008 
2.3749999999998494538 0.31002433297898968068 -1.6575566485564192654 -2.5145490535860082204 1.9435107180883647016e-008 
2.3999999999998467004 0.31000243333785465483 -1.6572627854570807227 -2.5145490598284405692 1.0879239623836479522e-008 
2.4249999999998439471 0.3100076022666006792 -1.6574854327650161423 -2.5145490631631521872 1.0352696532028894218e-008 
2.4499999999998411937 0.31002702314432556419 -1.6579319092193005591 -2.5145490679910276199 1.3684250913772859172e-008 
2.4749999999998384403 0.3100266499738110193 -1.6581319294855976221 -2.5145490717084038046 5.3457923870283467219e-009 
2.499999999999835687 0.31002409238418870974 -1.6581551275759296438 -2.5145490738457558777 7.4692484775875780783e-009 
2.5249999999998329336 0.31000783972257095478 -1.6579292071790037166 -2.5145490767928930786 7.4606024551124092339e-009 
2.5499999999998301803 0.30999285627509304275 -1.6578148869358675377 -2.5145490790385673918 4.2035687659874472402e-009 
2.5749999999998274269 0.31000037828454246602 -1.6578991036211752075 -2.5145490803226944188 2.8757893833671331695e-009 
2.5999999999998246736 0.31000641606273870998 -1.6577518382954643528 -2.5145490813739006519 3.0235186657794395387e-009 
2.6249999999998219202 0.31001013176457686837 -1.6576755072984332706 -2.514549082544698777 3.0444671370964281441e-009 
2.6499999999998191669 0.3100134822084072983 -1.6578170356637040861 -2.5145490836536401602 2.6480156663592729641e-009 
2.6749999999998164135 0.31000912573523342619 -1.6579546667545113081 -2.5145490844621720683 1.6930270178662018478e-009 
2.6999999999998136602 0.31001053804635986255 -1.6580291179048898265 -2.5145490849835652192 1.2475503664864739297e-009 
2.7249999999998109068 0.31001424684001893661 -1.6578642284155897801 -2.5145490855288192833 1.518149944138109894e-009 
2.7499999999998081535 0.31001427896256333883 -1.657724860333444461 -2.5145490859599921585 7.7488918126749936427e-010 
2.7749999999998054001 0.3100167472233008592 -1.6578251309035985095 -2.514549086237853448 8.2405869835965622413e-010 
2.7999999999998026468 0.31001216200628206598 -1.6578596253822488471 -2.5145490865780248946 8.5654450057777894601e-010 
2.8249999999997998934 0.31000293039513787674 -1.6578997191440052461 -2.5145490868581443777 7.0326488545658400638e-010 
2.84999999999979714 0.31000270334247265192 -1.6579721947950454286 -2.5145490870835560671 4.1076514495155172375e-010 
2.8749999999997943867 0.31000816318418522588 -1.657877324815836495 -2.514549087200210753 2.8989126950667733093e-010 
2.8999999999997916333 0.31001391860991661664 -1.6578120445827839724 -2.5145490873324152226 4.0414531632716549895e-010 
2.92499999999978888 0.31001534651034234891 -1.6578370677764078245 -2.5145490874614018217 2.583161391401903313e-010 
2.9499999999997861266 0.31001074321933963507 -1.6578115808370266215 -2.5145490875570302158 2.5557986083213346738e-010 
2.9749999999997833733 0.31000789573750914263 -1.657822225469618882 -2.5145490876405105496 1.8258488509123879731e-010 
2.9999999999997806199 0.31000820285575175772 -1.6578729580405209276 -2.5145490877001788199 1.6356282690740973077e-010 
3.0249999999997778666 0.31000957763843545179 -1.6578940835389457398 -2.5145490877674649965 1.4969151063229376616e-010 
3.0499999999997751132 0.31001242317978294771 -1.6579072962758041321 -2.5145490878027878523 6.1885960095906706266e-011 
3.0749999999997723599 0.31001245375301589302 -1.6578837610972363414 -2.5145490878278149438 8.4964104554755205301e-011 
3.0999999999997696065 0.31000999680398838576 -1.6578464081131645269 -2.514549087866719379 1.037913382367211853e-010 
3.1249999999997668532 0.31000954046396672625 -1.6578535956263549256 -2.5145490878996148432 6.9044614116826455633e-011 
3.1499999999997640998 0.31000995844173356852 -1.6578524087916020058 -2.5145490879189971167 3.9854824548097986848e-011 
3.1749999999997613465 0.31001026095449507602 -1.6578360790939559166 -2.5145490879325360645 3.2194599700878721063e-011 
3.1999999999997585931 0.31001024998844961544 -1.6578493064852388716 -2.5145490879450580479 3.5765880459116158535e-011 
3.2249999999997558398 0.31000944405405500559 -1.6578625072054453682 -2.5145490879593457301 3.8897562864953696531e-011 
3.2499999999997530864 0.31000978414602697875 -1.6578724947013872004 -2.5145490879710106213 1.822896631835513043e-011 
3.274999999999750333 0.31001072647387434289 -1.6578861619580032016 -2.5145490879759928582 1.671373105039335014e-011 
3.2999999999997475797 0.31001075347068735022 -1.6578684129166076922 -2.5145490879848599874 2.5189439269240172703e-011 
3.3249999999997448263 0.31001079871870829141 -1.6578463843879955864 -2.514549087991339249 8.4987838976174569914e-012 
3.349999999999742073 0.31001042809991952165 -1.6578538254509447292 -2.5145490879942782314 1.0293525000307137659e-011 
3.3749999999997393196 0.310009788902168959 -1.6578642196659909569 -2.5145490879981466925 8.5329824564337975346e-012 
3.3999999999997365663 0.31001005450505447758 -1.6578643014206118078 -2.5145490880011731605 8.6853686889524033691e-012 
3.4249999999997338129 0.31001037030944206263 -1.6578582986953449563 -2.5145490880048027016 8.9685758584496073126e-012 
3.4499999999997310596 0.31001059119849372347 -1.6578560602633316545 -2.5145490880069427675 3.2706895382312654325e-012 
3.4749999999997283062 0.31001082040781852145 -1.6578632719851991162 -2.5145490880082128626 3.7984459470931777912e-012 
3.4999999999997255529 0.31001020336368928509 -1.6578652551823789274 -2.5145490880098719799 4.4689284812375811374e-012 
3.5249999999997227995 0.31000959947116746296 -1.6578621698423621211 -2.514549088011141631 2.5304823456228809743e-012 
3.5499999999997200462 0.31000977779838639892 -1.6578608284041975729 -2.5145490880120231481 2.2870036617915573101e-012 
3.5749999999997172928 0.31001020128027451106 -1.6578591707638516972 -2.5145490880130028089 2.6463069092298324206e-012 
3.5999999999997145395 0.31001068582162083498 -1.6578610889528127004 -2.5145490880138012812 1.690293764397166413e-012 
3.6249999999997117861 0.31001075854497384121 -1.6578628301903484132 -2.5145490880143541723 1.3114987234835843562e-012 
3.6499999999997090327 0.31001036954227978448 -1.6578616793652998229 -2.5145490880148013702 9.0602783712571399169e-013 
3.6749999999997062794 0.3100102163797797683 -1.657861736670825259 -2.5145490880150913604 9.0291305003644187049e-013 
3.699999999999703526 0.31001020469992635054 -1.6578606773840141031 -2.5145490880155048075 1.1139619829191284628e-012 
3.7249999999997007727 0.31001020382304378398 -1.6578602589543169898 -2.5145490880158254399 5.6774431021388637522e-013 
3.7499999999996980193 0.31001029886758568743 -1.6578605671317121484 -2.5145490880160208391 5.7219668694938653017e-013 
3.774999999999695266 0.31001023264739357987 -1.6578597049420582543 -2.5145490880162215674 4.1625934885158872795e-013 
3.7999999999996925126 0.31001017172589473425 -1.657862277578445509 -2.5145490880163596792 3.6928205762809026478e-013 
3.8249999999996897593 0.31001028708175260018 -1.6578641402848219855 -2.5145490880164915737 3.0179561427832893983e-013 
3.8499999999996870059 0.31001035527118825375 -1.6578617805534809904 -2.5145490880165839442 2.2295400522428315565e-013 
3.8749999999996842526 0.31001037494130950778 -1.6578608859779184748 -2.5145490880166860848 2.8387092317347863923e-013 
3.8999999999996814992 0.31001033537502864501 -1.6578603321406524262 -2.5145490880167722381 1.8405754469668107027e-013 
3.9249999999996787459 0.31001023198865668151 -1.6578594637801806755 -2.5145490880168308578 1.2761875083667789285e-013 
3.9499999999996759925 0.31001022956284030041 -1.657861117341688173 -2.5145490880168721581 8.9327760242384918007e-014 
3.9749999999996732392 0.31001027734978436889 -1.6578621342879638068 -2.5145490880169067971 1.1184357794597337085e-013 
3.9999999999996704858 0.31001030136520557612 -1.6578615906431173332 -2.5145490880169489856 9.5564286802052777018e-014 
4.0249999999996788347 0.31001032642509979143 -1.6578617009630542967 -2.5145490880169800718 6.6684602301094958759e-014 
4.0499999999996871836 0.31001030077304542187 -1.6578617054272686282 -2.5145490880170018322 5.9097706561988678743e-014 
4.0749999999996955324 0.31001027151435206486 -1.6578614499779478209 -2.5145490880170235926 5.0888040889276642069e-014 
4.0999999999997038813 0.31001028113596285074 -1.6578609905832728533 -2.5145490880170391357 3.0123014178847637119e-014 
4.1249999999997122302 0.31001027488114618613 -1.6578602110615376919 -2.5145490880170489056 2.7550207502995598811e-014 
4.1499999999997205791 0.3100102825046577304 -1.6578607172254562485 -2.5145490880170600079 3.4125464225608215485e-014 
4.1749999999997289279 0.31001029784573819192 -1.6578618997909129185 -2.5145490880170719983 2.3135132482969037809e-014 
4.1999999999997372768 0.3100102755401728527 -1.6578618616703448829 -2.514549088017080436 2.054397422038914592e-014 
4.2249999999997456257 0.31001026460041813948 -1.6578615049458027553 -2.514549088017085765 1.0631472281774089362e-014 
4.2499999999997539746 0.31001028396306895552 -1.6578613581397882992 -2.5145490880170893178 1.2288170216943557054e-014 
4.2749999999997623235 0.31001030875543506005 -1.6578609101380070712 -2.514549088017095535 1.3551235812216701953e-014 
4.2999999999997706723 0.31001032003944428705 -1.6578608867268833649 -2.5145490880170977555 5.2242159929361263353e-015 
4.3249999999997790212 0.31001029379789957208 -1.6578611916424883521 -2.5145490880171013082 8.4347788076004708876e-015 
4.3499999999997873701 0.31001026723871993873 -1.6578612513278929708 -2.5145490880171044168 7.6057079244584665778e-015 
4.374999999999795719 0.31001027199740105456 -1.6578614695470128559 -2.5145490880171057491 4.3118969938488108078e-015 
4.3999999999998040678 0.31001027958231541781 -1.6578616353370854153 -2.5145490880171075254 3.2296320981925504545e-015 
4.4249999999998124167 0.31001028935319602242 -1.657861415636299629 -2.5145490880171079695 2.8177512731282794434e-015 
4.4499999999998207656 0.31001029728981738254 -1.6578611186005778322 -2.5145490880171097459 3.3929847050351162469e-015 
4.4749999999998291145 0.31001028656581314236 -1.6578609684671370417 -2.514549088017110634 2.9534041427019671983e-015 
4.4999999999998374633 0.31001027958539950635 -1.6578611232539599563 -2.5145490880171124104 1.4339048460473073221e-015 
4.5249999999998458122 0.31001028326921808986 -1.6578613286762000634 -2.5145490880171128545 1.517070122532944996e-015 
4.5499999999998541611 0.31001028685210696434 -1.6578613172727296732 -2.5145490880171132986 1.4376753371606373383e-015 
4.57499999999986251 0.31001029257049211862 -1.6578613402221944462 -2.5145490880171128545 9.1509886595706619278e-016 
4.5999999999998708589 0.31001029229215476546 -1.6578613748650621318 -2.5145490880171141868 9.8574073795145384016e-016 
4.6249999999998792077 0.310010287908577431 -1.6578613023159256556 -2.5145490880171132986 6.5382193866375076875e-016 
4.6499999999998875566 0.31001028765424976097 -1.6578612455241543699 -2.5145490880171137427 7.5017180854036986778e-016 
4.6749999999998959055 0.3100102848165126046 -1.6578612159688241867 -2.514549088017115519 6.3817638952369565365e-016 
4.6999999999999042544 0.31001028299748539796 -1.6578612200239641883 -2.5145490880171150749 1.9953330488546302368e-016 
4.7249999999999126032 0.31001028484500603444 -1.6578612393609768461 -2.5145490880171150749 3.4074075631824741661e-016 
4.7499999999999209521 0.31001028408531555725 -1.6578612701471284741 -2.5145490880171146308 3.3943126856546033247e-016 
4.774999999999929301 0.31001028553298154433 -1.6578613253561291785 -2.5145490880171146308 2.7968783837888991221e-016 
4.7999999999999376499 0.3100102892666090626 -1.6578612837989428197 -2.514549088017115519 2.0164364532607606762e-016 
4.8249999999999459988 0.31001028979172762234 -1.6578612264244001473 -2.5145490880171146308 1.2816289910732900946e-016 
4.8499999999999543476 0.31001028928812879304 -1.6578612738907616553 -2.5145490880171159631 1.4725293070780122339e-016 
4.8749999999999626965 0.31001028737408226066 -1.6578612879404968083 -2.5145490880171159631 1.1905388709836512431e-016 
4.8999999999999710454 0.31001028443851286198 -1.6578612676035358042 -2.514549088017115519 6.9583372575646544795e-017 
4.9249999999999793943 0.31001028413678682893 -1.657861284040149652 -2.514549088017115519 8.5176951548818013478e-017 
4.9499999999999877431 0.31001028576848338458 -1.6578612764753748454 -2.5145490880171164072 8.668277655606906137e-017 
4.974999999999996092 0.31001028825778093045 -1.6578612590444288255 -2.5145490880171146308 4.7623346257713333281e-017 
