0.025000000000000015266 0.59383144059309678209 0.00047227401482184683257 -2.2482073204237567055 0.038843862429029714367 
0.05000000000000003747 0.57092687040730583092 0.016528615335476198878 -2.2584457529736137182 0.053536717625074038696 
0.075000000000000052736 0.43803476432312993261 -0.0043947708975108912277 -2.2844885018001805932 0.084689168113398605175 
0.10000000000000007494 0.40591971047609348711 -0.05171427984127685562 -2.3284465663334898977 0.099754906457076825133 
0.12500000000000008327 0.25028018351545561204 -0.41066689505382791836 -2.357207043946595082 0.049958170514528880968 
0.15000000000000010547 0.23647824724434868271 -1.8288448099326646279 -2.3733656396873312744 0.039395274671642943609 
0.17500000000000012768 0.30502195928259706603 -2.2867665872827833695 -2.3895432940864855809 0.042623515168713453638 
0.20000000000000014988 0.25901711355694845285 -1.398018754500114369 -2.4042360672787457254 0.024462218305425616205 
0.22500000000000017208 0.25109081347099310166 -1.6650590212388962641 -2.4129700998934113798 0.025891294249459680804 
0.25000000000000016653 0.28079326666624837561 -1.2171906811419606065 -2.425616225119292757 0.033512842195407538393 
0.27500000000000018874 0.29141996021882499157 -0.27003932642110478612 -2.4354858587154173399 0.016134768678455039398 
0.30000000000000021094 0.31198141151574804164 -0.47747274467759964756 -2.4405879251606030778 0.011139608730217636853 
0.32500000000000023315 0.30864150897700759479 -0.6184938438146803108 -2.4471594756765178147 0.020829494031805756427 
0.35000000000000025535 0.3260120306567772519 -1.2475313225690827235 -2.4551868059384354126 0.019154538044945598058 
0.37500000000000027756 0.34290766512412512723 -1.8389992594761368494 -2.4613375412998874658 0.013104456342571913982 
0.40000000000000029976 0.32217252547812341712 -1.3085661721218517783 -2.4672138273065842284 0.015004529918517910125 
0.42500000000000032196 0.33592507155792733498 -1.134982587657581643 -2.4732150450140379938 0.013835001640583977772 
0.45000000000000034417 0.33568935911085440171 -0.92015333391072351432 -2.4779216453047117064 0.011319209787956478058 
0.47500000000000036637 0.31864889058521522758 -0.8435615963005926865 -2.4821803844536733941 0.010494841019893690406 
0.50000000000000033307 0.31387906473670035279 -1.1586648204490601621 -2.4868870680535413165 0.012165655860282889242 
0.52500000000000035527 0.29612135676077666613 -1.1700500394358046563 -2.4919900424225089886 0.013686033145644508832 
0.55000000000000037748 0.28786971127749583221 -1.6165974729694174705 -2.4972214768516005634 0.011546267854186463564 
0.57500000000000039968 0.2960832384669881967 -2.0906011912010340481 -2.5007199723072583986 0.0063411352907984056687 
0.60000000000000042188 0.29343339436702753353 -1.9620605536247408551 -2.5030690017897900823 0.0057064913481167153092 
0.62500000000000044409 0.30353996903220831216 -1.9131021850939071705 -2.5052978168967241501 0.0052635813385019753971 
0.65000000000000046629 0.31274011640259763434 -1.7160638285103551048 -2.5069636158226873413 0.0032819392809129753832 
0.6750000000000004885 0.31169499335089423386 -1.3639706894359204803 -2.5082033581137466172 0.0029958131543923812064 
0.7000000000000005107 0.31958817388402332993 -1.3588696617658730936 -2.5093611584807375969 0.0026334201417694542806 
0.72500000000000053291 0.31550013775810076266 -1.3847151304248459525 -2.510378992989859448 0.0027709754500976372868 
0.75000000000000055511 0.30500666463315728727 -1.4662479739534284295 -2.5114808390660408044 0.0023461396351790579119 
0.77500000000000057732 0.30662625659026632174 -1.6762228174444793183 -2.5120951944874390094 0.00080979496632181257199 
0.80000000000000059952 0.30433346561658203289 -1.7432272122011878146 -2.512374436450070192 0.0008606520298747994107 
0.82500000000000062172 0.30402850327290287247 -1.7571588915540679032 -2.5128050488338535828 0.0011798094107180832207 
0.85000000000000064393 0.30915711897025033306 -1.7087561390520422666 -2.5132578377151890692 0.0010753496256325281721 
0.87500000000000066613 0.31013967940819392455 -1.5537601032995460582 -2.5136314818226379586 0.00072867464865216085689 
0.90000000000000068834 0.31400896689907636938 -1.4711084437632253596 -2.5138511907824834246 0.00040844133993490596346 
0.92500000000000071054 0.31689493679211927502 -1.4654732645012447101 -2.5139792415506176937 0.00028507464576311172767 
0.95000000000000073275 0.31404527212684574256 -1.5018655195821910553 -2.5141144271315014613 0.00042092384230442615343 
0.97500000000000075495 0.31074972790681937296 -1.5871409031418806101 -2.5143064389309155438 0.00045597466065794956631 
1.0000000000000006661 0.30631757296629824605 -1.6378801720650484341 -2.5144337485605490201 0.00019145113841461880379 
1.0249999999999979128 0.30583069741386925688 -1.6393150779337934964 -2.5144896559357166055 0.00013958795070247116471 
1.0499999999999951594 0.31058194248635062618 -1.6100835107293076653 -2.5145604718474019457 0.00019036659117687321522 
1.0749999999999924061 0.31271836031276922796 -1.5578845853727933957 -2.5146257983483586429 0.00013024583414248143008 
1.0999999999999896527 0.31308747631695987845 -1.5443959321797318118 -2.5146712348078428256 0.00011326031459452780639 
1.1249999999999868994 0.31215960665850256417 -1.5530814578569409612 -2.514716447151188472 0.0001021270679112624356 
1.149999999999984146 0.30969811121110263352 -1.5601497108532758062 -2.5147482229892350603 6.0131587866505187604e-005 
1.1749999999999813927 0.30993130991793449436 -1.5959542427546922205 -2.5147725099961055761 6.5210699909955222942e-005 
1.1999999999999786393 0.31078884958032038099 -1.610419740623311835 -2.5147974502421566179 5.5236311291278050847e-005 
1.224999999999975886 0.31077275346216171048 -1.5898729129687310113 -2.5148136257001261207 2.8519427325705463223e-005 
1.2499999999999731326 0.31164413273726659925 -1.5820194472982573863 -2.5148262614389658154 3.6337491491823783118e-005 
1.2749999999999703792 0.31137990349355942898 -1.5622788565205367739 -2.5148408866922089544 3.4037832519211683212e-005 
1.2999999999999676259 0.31077341067088964932 -1.5442720766710156255 -2.514851070041729475 1.7753184856899784289e-005 
1.3249999999999648725 0.31129916367792137555 -1.560465689724011451 -2.5148577615524740914 1.7501535502973033641e-005 
1.3499999999999621192 0.31121879482719133625 -1.5735748096811053021 -2.5148650896787771991 1.7297321121996670032e-005 
1.3749999999999593658 0.31088790841999602854 -1.5837834309063927307 -2.5148703855562288823 1.016970145448800257e-005 
1.3999999999999566125 0.31067619523555206618 -1.5952755754995127102 -2.5148742855838688293 9.9602918937333927629e-006 
1.4249999999999538591 0.3103342128619497875 -1.5882808390940614807 -2.5148783667133862707 9.4705961131796592782e-006 
1.4499999999999511058 0.31072063431044333326 -1.5828710494607913795 -2.5148813402590048938 5.8317970887931703676e-006 
1.4749999999999483524 0.31118494541633084927 -1.5786050549608232618 -2.5148836730395176531 6.3399997284216345116e-006 
1.4999999999999455991 0.31133694293310054668 -1.5666015297185618138 -2.514885992052413588 4.3989434498980623341e-006 
1.5249999999999428457 0.3115534261348703593 -1.564386716288942214 -2.5148872074759327511 2.3317986094094165435e-006 
1.5499999999999400924 0.31132022112142704318 -1.5680611792634957524 -2.5148884140560907596 3.8405791982816022965e-006 
1.574999999999937339 0.31095530022866896269 -1.5729695998549351188 -2.5148898319722143846 2.895658357527470391e-006 
1.5999999999999345857 0.31077041881287026381 -1.5788141236601147543 -2.5148907669601650028 1.8361821422033587499e-006 
1.6249999999999318323 0.31054332994341743435 -1.5784261023573213922 -2.5148914070229064777 1.4632376534691964591e-006 
1.649999999999929079 0.31075187900175987865 -1.5793236253971596472 -2.5148919362538024735 1.239354826556160748e-006 
1.6749999999999263256 0.3111293780324861924 -1.5812844574141662335 -2.5148924164807437975 1.1584187216016276357e-006 
1.6999999999999235722 0.31115154429869235075 -1.578736287453583742 -2.5148928789176894227 1.1206750211141383694e-006 
1.7249999999999208189 0.31112863880602120714 -1.5766827333668482769 -2.5148932566908666075 7.0662065411551920088e-007 
1.7499999999999180655 0.31104381688577326104 -1.573961689511745643 -2.5148934579035988612 4.1861656756205084289e-007 
1.7749999999999153122 0.31098101829676777497 -1.5724747179590989887 -2.5148936658246112685 6.2727630665290372571e-007 
1.7999999999999125588 0.31110759337355797793 -1.5741441458657166041 -2.5148939017807308005 4.587666702512877443e-007 
1.8249999999999098055 0.31105587352441649296 -1.573547796553884659 -2.5148940270943906938 2.2513745362885617441e-007 
1.8499999999999070521 0.31091599389173096846 -1.5742886734881023081 -2.5148941205626775819 2.7322855110653139018e-007 
1.8749999999999042988 0.3109232306661589007 -1.577473441232318585 -2.5148942366218340894 2.764762932255438016e-007 
1.8999999999999015454 0.31092224766298010019 -1.5777658854442817571 -2.5148943359712476742 2.1466764861516000122e-007 
1.9249999999998987921 0.31097791083878106866 -1.5773858319741063116 -2.5148944026698103471 1.2357822847007483378e-007 
1.9499999999998960387 0.31107140127830162912 -1.577177261578925016 -2.5148944398411057222 7.5851919370161663656e-008 
1.9749999999998932854 0.31107379809381840996 -1.5757908225906018806 -2.5148944761311029517 1.0873970898059664189e-007 
1.999999999999890532 0.31106114577128030074 -1.5753819293391337908 -2.5148945233669359745 1.2076279148562388437e-007 
2.0249999999998880007 0.31100614752029387411 -1.5755228848727220736 -2.5148945650430967191 7.9078103856164536337e-008 
2.0499999999998852473 0.31094754944328339974 -1.5753367797129533834 -2.5148945846087085165 2.661654894225672625e-008 
2.074999999999882494 0.31097938672456393316 -1.5755648239922575016 -2.5148945956371591137 3.4575234557917440026e-008 
2.0999999999998797406 0.31099983147873705436 -1.5756279731253828302 -2.5148946126976259308 4.7285545347284005924e-008 
2.1249999999998769873 0.3110050201045461149 -1.5755337049109736647 -2.5148946302439316725 3.9583644780551036504e-008 
2.1499999999998742339 0.31102852489222226895 -1.5756989753312633518 -2.5148946431313814465 2.3532428366493367923e-008 
2.1749999999998714806 0.31102196431613188254 -1.5759320534989715856 -2.5148946508171152736 1.6424540480435925109e-008 
2.1999999999998687272 0.31101810786990230495 -1.576340387583312852 -2.5148946567140089137 1.4559608408601973865e-008 
2.2249999999998659739 0.31100556308386895221 -1.5765368721264185758 -2.5148946626158141804 1.4746935219966107264e-008 
2.2499999999998632205 0.31097795608424516622 -1.5762712025204197452 -2.5148946682093606952 1.1930674877322434907e-008 
2.2749999999998604672 0.31099574924271805587 -1.57603408867362349 -2.514894672289979205 9.5751757591042015999e-009 
2.2999999999998577138 0.31101400244518345728 -1.5758079785853444932 -2.5148946759714481125 8.5687802719159955779e-009 
2.3249999999998549605 0.31100654390442861175 -1.5755322426661544366 -2.5148946787495485289 5.1325930096981737093e-009 
2.3499999999998522071 0.31101146633090764881 -1.5754175560433580916 -2.5148946804801521893 3.9297431198446951437e-009 
2.3749999999998494538 0.31100963064300729544 -1.5754620240323895519 -2.5148946820901314503 4.2943853731222440392e-009 
2.3999999999998467004 0.31100706824380558446 -1.575800791274199586 -2.5148946838405161763 4.2751796369373403779e-009 
2.4249999999998439471 0.31101435516928527258 -1.5761589332936902785 -2.5148946852840876609 2.8378705796672222845e-009 
2.4499999999998411937 0.31100639003921543013 -1.5761295915392161682 -2.5148946862664800506 2.1126696181625724019e-009 
2.4749999999998384403 0.31099862891091134554 -1.5761068146809944501 -2.5148946869805217652 1.5909397547554781039e-009 
2.499999999999835687 0.31100058376462857979 -1.5761293711773605164 -2.5148946875262696565 1.1912542021556817812e-009 
2.5249999999998329336 0.31100190330258059568 -1.5759011669093232477 -2.5148946880816391847 1.5913042936365117497e-009 
2.5499999999998301803 0.3110083538406623882 -1.5757401398781545332 -2.5148946886821210711 1.2492033609504798071e-009 
2.5749999999998274269 0.31101084768771058986 -1.5757271176101519394 -2.5148946890382357644 6.6407877820536278795e-010 
2.5999999999998246736 0.31100785624889309977 -1.5757375751373430273 -2.514894689298500019 6.2116027238797625053e-010 
2.6249999999998219202 0.31100875046763398757 -1.5758532131724689584 -2.5148946895220491982 5.0902403941129904411e-010 
2.6499999999998191669 0.31100607175714289898 -1.5759209827895581668 -2.5148946897245529897 5.157147466889326324e-010 
2.6749999999998164135 0.31100309270667636508 -1.5759204709633309882 -2.5148946899093305163 3.8224294502744337464e-010 
2.6999999999998136602 0.31100496035759567226 -1.5759577814864442757 -2.5148946900421003114 3.1070842770453651632e-010 
2.7249999999998109068 0.31100554356484716445 -1.5759380673568266218 -2.514894690163472557 2.7195062228190562035e-010 
2.7499999999998081535 0.31100718603654159411 -1.5758974994638039746 -2.5148946902513746871 1.8412033538640568687e-010 
2.7749999999998054001 0.31100850520574901958 -1.5758793065304117498 -2.5148946903156961241 1.3971974828673108926e-010 
2.7999999999998026468 0.31100656961870970507 -1.5758581404211697841 -2.5148946903682594112 1.294063508767994247e-010 
2.8249999999997998934 0.31100599421974745029 -1.5758773717995206987 -2.514894690427820656 1.6302726695726700681e-010 
2.84999999999979714 0.31100495034532166239 -1.5758896109355511328 -2.5148946904800895119 8.9343212628982985354e-011 
2.8749999999997943867 0.31100386498031579174 -1.5758859309603114873 -2.5148946905060181045 5.2540836797460689896e-011 
2.8999999999997916333 0.31100630563521014516 -1.5758990800681629274 -2.5148946905281017727 5.6786598636229566908e-011 
2.92499999999978888 0.3110076755818173555 -1.5758872252320110796 -2.5148946905499958149 5.4706352263726077085e-011 
2.9499999999997861266 0.31100694055959826612 -1.575878487617542234 -2.5148946905726727863 5.6002723857303100987e-011 
2.9749999999997833733 0.31100666945386556961 -1.5758800355487916356 -2.5148946905901228277 2.8461675157477751893e-011 
2.9999999999997806199 0.31100617930015844737 -1.5758687932320389891 -2.5148946905985636313 1.9446303685112413194e-011 
3.0249999999997778666 0.31100644640869179458 -1.5758864855181591302 -2.5148946906081319774 2.738334199720754838e-011 
3.0499999999997751132 0.31100676034801311154 -1.5759065765603184062 -2.5148946906180267291 2.1183286892809938239e-011 
3.0749999999997723599 0.31100562003267767652 -1.5759027413591417677 -2.5148946906250388977 1.3543444738794680844e-011 
3.0999999999997696065 0.31100501101046401642 -1.5759061455890517323 -2.5148946906296645309 1.0624713543021138464e-011 
3.1249999999997668532 0.31100533080135217556 -1.5758973923520389615 -2.5148946906339539886 1.1434453965633125777e-011 
3.1499999999997640998 0.31100599929516398179 -1.5758776146798121331 -2.5148946906383029543 9.3454883925093515402e-012 
3.1749999999997613465 0.31100704139776824686 -1.5758726485400180728 -2.5148946906415430291 7.0990402917125624451e-012 
3.1999999999997585931 0.31100731517157392814 -1.5758699465429204523 -2.5148946906438878202 4.483293651840688566e-012 
3.2249999999997558398 0.31100690268569319841 -1.5758742012819497713 -2.5148946906453284456 3.6648137677525312189e-012 
3.2499999999997530864 0.31100633622135193113 -1.5758898021094309705 -2.5148946906472211538 5.2725974381843099055e-012 
3.274999999999750333 0.31100559037329944534 -1.5758993793434361574 -2.5148946906489872966 3.2548012316440283016e-012 
3.2999999999997475797 0.3110054983319213151 -1.5759023034672472452 -2.5148946906499740628 2.0202165446756339603e-012 
3.3249999999997448263 0.31100588927483363566 -1.5758996119101391642 -2.514894690650731679 1.9140297212854868102e-012 
3.349999999999742073 0.31100615410755383383 -1.5758905220085239751 -2.5148946906514844102 1.6855315094224390415e-012 
3.3749999999997393196 0.31100652047658783328 -1.5758827843746012753 -2.5148946906521372213 1.6268320307285490649e-012 
3.3999999999997365663 0.31100657036448453585 -1.5758789087052991196 -2.514894690652698106 1.1613742892599876851e-012 
3.4249999999997338129 0.31100628609999142471 -1.5758799677193155997 -2.5148946906530667 7.226409611085567884e-013 
3.4499999999997310596 0.31100621864351613022 -1.5758850867860711986 -2.5148946906533717893 8.4011532174954550326e-013 
3.4749999999997283062 0.3110061871414008805 -1.5758888115087641424 -2.5148946906537075208 7.6763051594121213115e-013 
3.4999999999997255529 0.31100618401231783228 -1.5758913136172902902 -2.5148946906539273449 3.6152392268329914528e-013 
3.5249999999997227995 0.31100623182394621091 -1.5758925543709576544 -2.5148946906540592394 3.4649278197906152353e-013 
3.5499999999997200462 0.3110061167454831188 -1.5758907821853098685 -2.5148946906542217761 4.5090066602981065828e-013 
3.5749999999997172928 0.31100608789272216059 -1.5758889023518514172 -2.5148946906543820923 3.1664753227999092749e-013 
3.5999999999997145395 0.3110062043354508976 -1.5758870944845448925 -2.5148946906544793478 1.9830819115421200149e-013 
3.6249999999997117861 0.31100629182746719614 -1.5758852665788971592 -2.5148946906545543989 1.6420874746142000946e-013 
3.6499999999997090327 0.31100636636873235652 -1.5758861502774308416 -2.51489469065460991 1.2470391142728677203e-013 
3.6749999999997062794 0.31100630476292084881 -1.5758873760887532889 -2.5148946906546618685 1.5167983230596599619e-013 
3.699999999999703526 0.31100614897943390513 -1.5758876877022247598 -2.5148946906547249291 1.394746361294765697e-013 
3.7249999999997007727 0.31100609789242555925 -1.5758889192669798263 -2.5148946906547657854 6.6356651992540143972e-014 
3.7499999999996980193 0.31100613448541775119 -1.5758890599309189895 -2.5148946906547862135 5.3333300175237123558e-014 
3.774999999999695266 0.31100623586708631141 -1.5758883013988360666 -2.5148946906548101943 5.835481578381847752e-014 
3.7999999999996925126 0.31100630911836313341 -1.5758883399289680405 -2.5148946906548310665 4.6328764678996630274e-014 
3.8249999999996897593 0.31100626370491490924 -1.575887765917040273 -2.5148946906548492741 4.5451136393590973998e-014 
3.8499999999996870059 0.31100621630801483786 -1.5758872875293434834 -2.5148946906548657054 3.4287181650203418081e-014 
3.8749999999996842526 0.31100619833085757504 -1.5758876626389002329 -2.5148946906548772517 2.1957644029708511198e-014 
3.8999999999996814992 0.31100618718461359169 -1.575887760107058444 -2.5148946906548843572 1.6178807594830616911e-014 
3.9249999999996787459 0.31100621599623273772 -1.5758879282017930201 -2.5148946906548914626 1.7558574436033399949e-014 
3.9499999999996759925 0.31100622529607957478 -1.5758880813513140851 -2.5148946906548972358 1.4975653337626822093e-014 
3.9749999999996732392 0.31100620787349941843 -1.5758880427006065617 -2.514894690654903453 1.4461912174954977688e-014 
3.9999999999996704858 0.31100621072577433468 -1.5758882827329498966 -2.5148946906549087821 1.0311412132211865462e-014 
4.0249999999996788347 0.31100621032004199806 -1.5758882168212400288 -2.5148946906549110025 3.7239979438297368203e-015 
4.0499999999996871836 0.31100621948204282274 -1.5758878679068093476 -2.514894690654913223 5.7853623913755779424e-015 
4.0749999999996955324 0.31100623920066022832 -1.5758877004051228266 -2.5148946906549145552 6.9271043758552822948e-015 
4.0999999999997038813 0.3110062330043766865 -1.5758876562364450002 -2.5148946906549176639 4.679351026400874591e-015 
4.1249999999997122302 0.31100622128198696092 -1.5758878806827056884 -2.5148946906549194402 3.438468464680401603e-015 
4.1499999999997205791 0.31100621089480201542 -1.5758880327119975107 -2.5148946906549198843 2.2049191726029531457e-015 
4.1749999999997289279 0.31100619735571710667 -1.5758879933236054072 -2.5148946906549216607 1.9337523555982558264e-015 
4.1999999999997372768 0.31100620454748628685 -1.5758880913573434235 -2.5148946906549221048 2.2506964187185888631e-015 
4.2249999999997456257 0.31100622035334829496 -1.5758880272817681334 -2.5148946906549238811 1.9356526719065818682e-015 
4.2499999999997539746 0.31100622655880422185 -1.575887881845795313 -2.514894690654923437 8.919868616032752814e-016 
4.2749999999997623235 0.31100622534595989688 -1.5758879343390495009 -2.5148946906549243252 1.050383023608852243e-015 
4.2999999999997706723 0.31100621624909463581 -1.5758879250488715407 -2.5148946906549247693 1.0991280463442810375e-015 
4.3249999999997790212 0.31100621332907602001 -1.5758879188213146261 -2.5148946906549247693 5.0391283414846845452e-016 
4.3499999999997873701 0.31100621820171681087 -1.575887981684096939 -2.5148946906549247693 4.5215438203038287996e-016 
4.374999999999795719 0.31100621841488435004 -1.5758879460812447171 -2.5148946906549247693 5.7853885521139553228e-016 
4.3999999999998040678 0.31100621941384637426 -1.5758879218977603909 -2.5148946906549252134 4.8051698795583155597e-016 
4.4249999999998124167 0.31100621880393158891 -1.5758879293333016847 -2.5148946906549252134 3.0739044196312806021e-016 
4.4499999999998207656 0.31100621357754892893 -1.5758879144415287588 -2.5148946906549256575 1.6750573347644962595e-016 
4.4749999999998291145 0.31100621402534811555 -1.5758879443073112725 -2.5148946906549256575 1.5249962379012566308e-016 
4.4999999999998374633 0.31100621712039072664 -1.5758879711687314717 -2.5148946906549256575 2.5013429156646821714e-016 
4.5249999999998458122 0.31100621850521364964 -1.5758879740472027109 -2.5148946906549265456 1.9265758962199959605e-016 
4.5499999999998541611 0.31100621963084046362 -1.5758879859515242394 -2.5148946906549256575 6.9063055166611687206e-017 
4.57499999999986251 0.31100621733655636758 -1.5758879693180829484 -2.5148946906549265456 7.0719776169032915841e-017 
4.5999999999998708589 0.31100621589166943526 -1.5758879357925090758 -2.5148946906549269897 8.7359156577033204263e-017 
4.6249999999998792077 0.31100621790759525043 -1.5758879169099593298 -2.5148946906549256575 7.2864774632381911739e-017 
4.6499999999998875566 0.31100621829858948741 -1.5758879109858248135 -2.5148946906549269897 5.6190182033439642406e-017 
4.6749999999998959055 0.31100621801667549526 -1.5758879222495547623 -2.5148946906549265456 4.0397748228052695849e-017 
4.6999999999999042544 0.31100621768596109495 -1.5758879395729112893 -2.5148946906549256575 2.6220654544655877515e-017 
4.7249999999999126032 0.31100621636386022173 -1.5758879616584660077 -2.5148946906549261016 3.1571367319496571143e-017 
4.7499999999999209521 0.31100621630718777721 -1.5758879809082180223 -2.5148946906549261016 2.8029169209551497855e-017 
4.774999999999929301 0.31100621667613026489 -1.5758879669930734302 -2.5148946906549265456 1.4667762313432940368e-017 
4.7999999999999376499 0.31100621691173763184 -1.5758879446312759054 -2.5148946906549256575 1.6354504505399006048e-017 
4.8249999999999459988 0.31100621793950666838 -1.5758879427189260714 -2.5148946906549265456 1.4097209459740637752e-017 
4.8499999999999543476 0.311006218286022873 -1.5758879384478414742 -2.5148946906549265456 9.3374675348572699773e-018 
4.8749999999999626965 0.31100621802151046102 -1.5758879353213701702 -2.5148946906549265456 9.5380784360318182966e-018 
4.8999999999999710454 0.3110062176562867764 -1.5758879420085372125 -2.5148946906549261016 6.2577522189155605519e-018 
4.9249999999999793943 0.31100621689299984274 -1.5758879437135351331 -2.5148946906549256575 5.4116516219791328419e-018 
4.9499999999999877431 0.3110062168203955868 -1.5758879483701848656 -2.5148946906549261016 5.1373433851842842419e-018 
4.974999999999996092 0.31100621713698861637 -1.5758879532559035841 -2.5148946906549261016 4.446950020045106648e-018 
