0.025000000000000015266 0.59454047095972761827 0.00047706037073108956137 -2.2473799370092453209 0.03933284315167197287 
0.05000000000000003747 0.57116223016472744689 0.016711988570469960003 -2.2571438963091776664 0.054895303985807011871 
0.075000000000000052736 0.43597721747780993073 -0.0053125990595922489845 -2.2822112906330342952 0.087278484075399426212 
0.10000000000000007494 0.40238495397626261596 -0.05243623640694006216 -2.324500502833546367 0.10226568741955727182 
0.12500000000000008327 0.24436049716773253215 -0.41124789403500749962 -2.3521172598703836698 0.05177793589460917556 
0.15000000000000010547 0.232733625008922973 -1.8801991402939579601 -2.3680980328547569513 0.042362904848154955828 
0.17500000000000012768 0.30395028569565862853 -2.3635228190022301575 -2.3842237537252861657 0.045114544677045766152 
0.20000000000000014988 0.25300839214343145978 -1.4327220743732351771 -2.3987284306476999163 0.025435755422750529892 
0.22500000000000017208 0.24210303073986363942 -1.7412264854325596453 -2.4072663009964623271 0.027659411987728185767 
0.25000000000000016653 0.27327550615737822293 -1.2712264823627212884 -2.4200557546012135823 0.036639106728807283031 
0.27500000000000018874 0.2871984727147954275 -0.19055416919979939472 -2.4303413804107303342 0.018545259435156166011 
0.30000000000000021094 0.31055226826419807251 -0.36878698297239526083 -2.4355945391389282051 0.010763470725478460968 
0.32500000000000023315 0.30403230205208087167 -0.47063399548639567316 -2.441434948081464551 0.019783931933781407492 
0.35000000000000025535 0.31230741233381914546 -1.1160359534336403708 -2.448258324584944301 0.016583502588179959564 
0.37500000000000027756 0.3046720198157056303 -1.7755330534610958004 -2.45228869736594568 0.0067282611614745734332 
0.40000000000000029976 0.26946114748353988677 -1.1788837842320392113 -2.4553243414849443838 0.0088858464400994700838 
0.42500000000000032196 0.30111809632206604226 -0.88178103445193123378 -2.4598112998496404202 0.014365989558177640409 
0.45000000000000034417 0.32704888442897306344 -0.33926812887318907874 -2.4655141014530150834 0.016871482623868994805 
0.47500000000000036637 0.3340324948019180451 0.13761316070651963273 -2.4708271551722069681 0.011727944257776550668 
0.50000000000000033307 0.33631624238133145388 -0.16109987894357780114 -2.4749403767598412429 0.0090537293765592941064 
0.52500000000000035527 0.30372825098233108276 -0.44466163405849434831 -2.4791991521814167321 0.014522194293577607091 
0.55000000000000037748 0.2916248252335555402 -1.2154484927406175032 -2.4842380553577396718 0.011869472181774576997 
0.57500000000000039968 0.30740255298943769402 -1.6337213644595816042 -2.4880231267764156833 0.0086437718437072236233 
0.60000000000000042188 0.30631423797504875317 -1.1247794584038415255 -2.4908816472812769227 0.0062985483002881217929 
0.62500000000000044409 0.32778861472598880278 -0.86836827617997247586 -2.4930925526295362182 0.0058680111944838398569 
0.65000000000000046629 0.34448268942974774598 -0.81566088002558501113 -2.4952369780181822279 0.0060299595366431800805 
0.6750000000000004885 0.33494439785925922415 -0.9114970169267997413 -2.4975180386179407499 0.0056464473069761812046 
0.7000000000000005107 0.33356690377780257029 -1.1600436699179776934 -2.4993128849396040181 0.0040605383116457133968 
0.72500000000000053291 0.32935350018643377856 -1.1271343206227051326 -2.5009161259331924576 0.0047618335576056526615 
0.75000000000000055511 0.32457357553025062424 -1.1365030021338853317 -2.5027883968819666372 0.0056982680589662063064 
0.77500000000000057732 0.30628269281835712734 -1.3390917709967389282 -2.5060804522213984136 0.013332679233791123671 
0.80000000000000059952 0.25763952360808767272 -1.4654874204601191501 -2.5125745006601527543 0.017983532073330851797 
0.82500000000000062172 0.2370084781609822222 -1.7588311391904842829 -2.5170731628036828731 0.0068082487771451132702 
0.85000000000000064393 0.26346542013176382779 -2.0976968777717490688 -2.5194016215456893626 0.0062487127032135915405 
0.87500000000000066613 0.26981032348967654011 -1.9257855687072438222 -2.5212082724771582853 0.0035797140351831982681 
0.90000000000000068834 0.26762296081412034754 -1.6198418574888302501 -2.5229333560333540021 0.0056540488815996986852 
0.92500000000000071054 0.2750516232008647366 -1.4615833780741329662 -2.5250067823770945274 0.0059381815933683716399 
0.95000000000000073275 0.2754639606624765813 -1.3730252219720882056 -2.527103454789924708 0.0037890572277056618067 
0.97500000000000075495 0.28036377916535387689 -1.3579043655252784895 -2.5280731375507241587 0.0025690085352157777422 
1.0000000000000006661 0.27401061184666186676 -1.3534350203160578907 -2.5290220462182175787 0.0024584119396486850059 
1.0249999999999979128 0.26304002273785337396 -1.5506345246737449628 -2.5300117003273410177 0.0024751095749993121294 
1.0499999999999951594 0.27062860795844484452 -1.8111640057502471635 -2.5306950063914706028 0.0014364522947461230793 
1.0749999999999924061 0.27439163646173353461 -1.6768702981382790362 -2.5313172627173670115 0.00178909205247043397 
1.0999999999999896527 0.27221482185346562721 -1.4280869094779047312 -2.5318289665894244678 0.0010275934385419857511 
1.1249999999999868994 0.27687361539043486847 -1.4505189308502015599 -2.5321870884429671378 0.00080862628017618716145 
1.149999999999984146 0.2742966419260975397 -1.4627482306918195842 -2.5325134448497270689 0.0010901401281172445369 
1.1749999999999813927 0.2711914456238712634 -1.4597849019639017598 -2.5328798565063901371 0.00071196874257163254504 
1.1999999999999786393 0.27338424745064798804 -1.5736317980818097517 -2.5330974667556556135 0.00050896005508030037982 
1.224999999999975886 0.2718671912549361358 -1.5999165997611108914 -2.5332507144945153321 0.00036569031846012280519 
1.2499999999999731326 0.27258122967088060928 -1.5284008540619704597 -2.5334323675956320621 0.00057117910617800822688 
1.2749999999999703792 0.2746417180442425332 -1.4968861208970718479 -2.5335984249640177701 0.00029748540686887523605 
1.2999999999999676259 0.27373559111503109609 -1.5026692092343902907 -2.5336908970056626345 0.00021206366943811580036 
1.3249999999999648725 0.27600648928756438272 -1.5149795977038709172 -2.5337698610879928474 0.00024077825250558163375 
1.3499999999999621192 0.27625034690324618003 -1.5000045513214246284 -2.5338605650659027368 0.00022038974858683250285 
1.3749999999999593658 0.27111101141727228514 -1.5131737805877527592 -2.5339327174503742945 0.00015504706512350864469 
1.3999999999999566125 0.26982504866829665202 -1.5669706912681407029 -2.5339748718313050979 9.3803164296103383859e-005 
1.4249999999999538591 0.27203605601865760155 -1.5445816557334726138 -2.53401672459972227 0.00012550442282742595482 
1.4499999999999511058 0.27423442968442329759 -1.49873812649241267 -2.5340604127360579767 0.00010484974596504987481 
1.4749999999999483524 0.27684000365425193158 -1.5146245679085370561 -2.5340912194291438375 5.4195830671364808161e-005 
1.4999999999999455991 0.27634421655193192047 -1.5099445584492714456 -2.5341112164121546435 6.7247550116854469472e-005 
1.5249999999999428457 0.27362739416111198087 -1.4974659635053804152 -2.5341346765749435122 4.9375293885124251565e-005 
1.5499999999999400924 0.27222527662207196553 -1.5293903855031421024 -2.5341528445455616669 4.9364736540901183099e-005 
1.574999999999937339 0.27188696945354995371 -1.5435291506902368841 -2.5341670522491219764 2.7896147218616561638e-005 
1.5999999999999345857 0.27314413251050778664 -1.5247177438569925467 -2.5341781414458850463 3.0444007764602940946e-005 
1.6249999999999318323 0.27421171077068712263 -1.5136870213179742795 -2.5341876834901220228 2.3173529602735116757e-005 
1.649999999999929079 0.27366110843351626469 -1.5158632063857531147 -2.5341965050038322005 2.173077429029660984e-005 
1.6749999999999263256 0.27419590650059610937 -1.5217955942838827799 -2.5342040752591024066 1.9172994695019611341e-005 
1.6999999999999235722 0.27484832707896617032 -1.5204872655355285982 -2.5342091551534453586 8.2979337070278701144e-006 
1.7249999999999208189 0.27384537193941654865 -1.5197130850157929416 -2.5342128699376318401 1.2784039522439291533e-005 
1.7499999999999180655 0.27329417897614621813 -1.5238421269090491883 -2.5342176054287453013 1.1785986680504559175e-005 
1.7749999999999153122 0.2735046766322190015 -1.5158183276136525386 -2.5342215323441936725 7.8286938972005565372e-006 
1.7999999999999125588 0.2734910841015547045 -1.5126158182779778638 -2.534223337209010829 4.0503202954366603395e-006 
1.8249999999999098055 0.27348453370105263449 -1.5245560548485057595 -2.5342252444384598675 5.3648903243855373458e-006 
1.8499999999999070521 0.27353940219672812084 -1.5241358641573552468 -2.5342275763035257974 7.2175513756818848672e-006 
1.8749999999999042988 0.27391209259121623854 -1.5195048696487010176 -2.5342295344145657765 2.4861001966377887872e-006 
1.8999999999999015454 0.2742248383648004384 -1.5251108165349323009 -2.5342301667063691362 1.9392632576258661049e-006 
1.9249999999998987921 0.27389239812993476653 -1.5224835542630146268 -2.5342311374258756906 3.143672819889633881e-006 
1.9499999999998960387 0.27369463570262231311 -1.5148109152645659048 -2.5342323760836928948 3.0024176641478864047e-006 
1.9749999999998932854 0.27370898329344750532 -1.5161438281795873717 -2.5342331396344639494 1.2823958839997205785e-006 
1.999999999999890532 0.27347880834677351647 -1.519973892403851945 -2.5342334987751899966 7.7829968561110234553e-007 
2.0249999999998880007 0.27353726586064308623 -1.5206467859453098868 -2.5342339826776254519 1.8483750747170446868e-006 
2.0499999999998852473 0.27382838510817092414 -1.5203797706311219518 -2.5342345549012033068 1.0359746532205842895e-006 
2.074999999999882494 0.2738812232616398834 -1.5226403868273536979 -2.534234868824113196 6.7463777102663005295e-007 
2.0999999999998797406 0.27382749629487873611 -1.5237456159936564326 -2.5342350882021698055 6.495562977124819375e-007 
2.1249999999998769873 0.27372966257117309352 -1.5188911601175705268 -2.5342353522383702646 6.0392220425715202796e-007 
2.1499999999998742339 0.27370220269020389958 -1.5170215037764531729 -2.5342355317023770311 5.0187924882922600191e-007 
2.1749999999998714806 0.27378354841024388211 -1.5206838894169474319 -2.5342357266217283573 4.1161541211219926386e-007 
2.1999999999998687272 0.27372583274144896004 -1.520361102320249902 -2.534235852814888279 3.3652022480004037035e-007 
2.2249999999998659739 0.27365630419749376046 -1.5188839389050690087 -2.534235950450023811 1.7709529664481717218e-007 
2.2499999999998632205 0.27370941195835130078 -1.5210709434295544007 -2.5342360324699471086 2.7417460498044333423e-007 
2.2749999999998604672 0.27375360649751812048 -1.5214185983711447925 -2.5342361328906308771 2.4231588980456962896e-007 
2.2999999999998577138 0.27380334641960507591 -1.5196605651013168625 -2.5342361999200999634 1.0906352383956543189e-007 
2.3249999999998549605 0.27379170271940844739 -1.5196534078906573928 -2.5342362335683756847 1.0447469228548137254e-007 
2.3499999999998522071 0.27371363486481858907 -1.5204262916457389476 -2.5342362786284802212 1.2163475826905293426e-007 
2.3749999999998494538 0.27373648028143804378 -1.5205058167240315115 -2.5342363253681003954 1.218934414566305947e-007 
2.3999999999998467004 0.27375478697012811669 -1.5201268903573073032 -2.5342363559799352402 4.6739202855387051935e-008 
2.4249999999998439471 0.27369930507258860564 -1.5201902563450500061 -2.534236373510531326 4.9067337658371164914e-008 
2.4499999999998411937 0.27370877376362678923 -1.5204192349397025463 -2.5342363935548375409 6.5419042846790621555e-008 
2.4749999999998384403 0.27374694212258654513 -1.5196831690780199242 -2.5342364173229072755 4.6371388628676181559e-008 
2.499999999999835687 0.27376181025045215334 -1.5195342238869775642 -2.5342364289824410584 2.7734178658504743755e-008 
2.5249999999998329336 0.27377364492222089343 -1.5205161712945800545 -2.5342364395032204172 2.5127751986598385764e-008 
2.5499999999998301803 0.27375318993411013047 -1.5205670622420353055 -2.534236449525474999 2.943222217475443758e-008 
2.5749999999998274269 0.27373393123106609659 -1.5203239182582812816 -2.5342364587247545593 1.9252205027675936428e-008 
2.5999999999998246736 0.27372897530393797139 -1.5205481414679671293 -2.5342364652389255397 1.5126041133741912266e-008 
2.6249999999998219202 0.27371886071819601094 -1.5200368693105330564 -2.5342364704051436597 1.4267589554123316484e-008 
2.6499999999998191669 0.27374254263072833604 -1.5195970825098534807 -2.5342364752571011621 9.9776007247816315361e-009 
2.6749999999998164135 0.27375949315111830495 -1.5200790413354838826 -2.5342364788880664683 1.122361772270080957e-008 
2.6999999999998136602 0.27373389215981130951 -1.5204392201181868849 -2.5342364825517886828 6.9050109348199004986e-009 
2.7249999999998109068 0.27373162610827589392 -1.5203226003561012281 -2.5342364849705960594 6.5242897091787334889e-009 
2.7499999999998081535 0.27374790721215819245 -1.5201451546393869307 -2.534236486909128061 4.7224306520956902035e-009 
2.7749999999998054001 0.27375032288865924768 -1.5201706072817227078 -2.5342364890409334599 5.5433836753943483e-009 
2.7999999999998026468 0.27375337339396915715 -1.5202428071712397184 -2.5342364905833836275 3.331598458044094341e-009 
2.8249999999997998934 0.27374252950824867758 -1.5200767345638397376 -2.534236491705438965 2.389374560948960662e-009 
2.84999999999979714 0.27372645583916460632 -1.520083190445491006 -2.534236492607283342 3.0497398108365803187e-009 
2.8749999999997943867 0.27373111671792293986 -1.5203100185055302696 -2.5342364937579922035 2.380705089150578143e-009 
2.8999999999997916333 0.2737386311250185611 -1.5202380788197356054 -2.5342364944128807913 1.3849575958866440223e-009 
2.92499999999978888 0.27374459515781296437 -1.5201515812099981595 -2.5342364948454592088 1.2248820250800152874e-009 
2.9499999999997861266 0.27375096278390298465 -1.5202499794145631906 -2.5342364954109952713 1.5040835060300191967e-009 
2.9749999999997833733 0.27374715511723746175 -1.5201422406772722162 -2.5342364959056382645 1.204104476517485569e-009 
2.9999999999997806199 0.27374350771219424505 -1.5200182337252932108 -2.5342364962148828944 4.084027078482876754e-010 
3.0249999999997778666 0.27374015640191523557 -1.5201502338486951871 -2.5342364963935550826 7.5748183327018435195e-010 
3.0499999999997751132 0.27373289501392972234 -1.5202792749387781246 -2.5342364967060553305 7.2948845601982815897e-010 
3.0749999999997723599 0.2737359539402648978 -1.5202799767099974826 -2.5342364969296595767 4.6210285949313562749e-010 
3.0999999999997696065 0.27374302365376818047 -1.5202272484428194232 -2.5342364970387540879 2.4832036122097119039e-010 
3.1249999999997668532 0.27374377768008173462 -1.5201692160772037887 -2.534236497174829239 3.8738282735020321791e-010 
3.1499999999997640998 0.27374527767759027075 -1.5201275185276437174 -2.534236497296233015 3.0370012333337901135e-010 
3.1749999999997613465 0.27374437885128882764 -1.5200932311686399245 -2.5342364973950242124 1.988124950079317917e-010 
3.1999999999997585931 0.27374054044123358187 -1.5201450642669565028 -2.5342364974624191909 1.8740457530441968586e-010 
3.2249999999997558398 0.27374030697550677527 -1.5202462594064047874 -2.5342364975270776917 1.4343920063905146337e-010 
3.2499999999997530864 0.273739516350233969 -1.5202335856910713652 -2.5342364975749394063 1.1868733727840398501e-010 
3.274999999999750333 0.27373853930854324945 -1.5201925439253014538 -2.5342364976194837745 1.3403161756921939911e-010 
3.2999999999997475797 0.27374106314131763096 -1.5202054148898695995 -2.534236497666040755 8.2471114705021439745e-011 
3.3249999999997448263 0.27374314962903706361 -1.5201687928833580443 -2.5342364976863893666 5.5217430988048068429e-011 
3.349999999999742073 0.27374386995419397461 -1.5201273184192682919 -2.5342364977085494182 5.6889953277893707011e-011 
3.3749999999997393196 0.27374318542366959939 -1.5201586884604925132 -2.5342364977330582576 7.231700327082526307e-011 
3.3999999999997365663 0.2737406084802688766 -1.5201980854720744674 -2.5342364977540166038 3.662776281473772978e-011 
3.4249999999997338129 0.27373957218673072855 -1.5202079297713249062 -2.5342364977645188695 2.1815558758217026895e-011 
3.4499999999997310596 0.27373998950363337412 -1.520198502775434779 -2.5342364977726830055 2.9856801881513017022e-011 
3.4749999999997283062 0.27374077998217027918 -1.5201854798494482957 -2.5342364977865070585 3.4494044936719459297e-011 
3.4999999999997255529 0.27374276480731890571 -1.5201784705950478482 -2.5342364977957339001 1.6945676925496445681e-011 
3.5249999999997227995 0.27374307226965066686 -1.5201669462457338966 -2.5342364978001254983 9.1007003609991886119e-012 
3.5499999999997200462 0.27374134928917986942 -1.5201691914339248157 -2.5342364978049340962 1.6444643342011823533e-011 
3.5749999999997172928 0.27374093408386440673 -1.5201876130884457439 -2.534236497810896438 1.4732828526350725251e-011 
3.5999999999997145395 0.27374118028871874397 -1.5201886236639943206 -2.5342364978153799626 7.4316006235420419834e-012 
3.6249999999997117861 0.27374090370083659085 -1.5201849765475761167 -2.5342364978172788881 6.3117202153542563864e-012 
3.6499999999997090327 0.27374101856864047067 -1.5201903745842444415 -2.5342364978201543657 6.7098246922964880246e-012 
3.6749999999997062794 0.27374156115194397954 -1.5201839142825783746 -2.5342364978224134475 6.3882813770914412636e-012 
3.699999999999703526 0.27374210856752517751 -1.5201753237255117845 -2.5342364978244771301 4.1367093084114801463e-012 
3.7249999999997007727 0.27374197203459604832 -1.5201777597301189271 -2.5342364978258697938 3.5193908089134661097e-012 
3.7499999999996980193 0.27374122007093698583 -1.5201800466725581273 -2.5342364978269142917 2.3224934830516986545e-012 
3.774999999999695266 0.27374105304767293312 -1.5201832391971643599 -2.5342364978279845467 3.14504779799997841e-012 
3.7999999999996925126 0.27374123243073172906 -1.5201875174463266305 -2.5342364978289730892 2.3522616794628099231e-012 
3.8249999999996897593 0.27374122078390039636 -1.5201855165964484051 -2.5342364978297373668 1.4057438303630598455e-012 
3.8499999999996870059 0.27374146917200559148 -1.5201809507172860947 -2.534236497830146817 1.1429745850506224306e-012 
3.8749999999996842526 0.27374166016907997001 -1.5201792716651763016 -2.534236497830634427 1.4550583227118062831e-012 
3.8999999999996814992 0.27374152892541936399 -1.5201823570260977192 -2.5342364978311748835 1.2028167626342097185e-012 
3.9249999999996787459 0.27374147549806110424 -1.5201851001846611311 -2.5342364978314741997 5.5491062177524260463e-013 
3.9499999999996759925 0.27374144168969039015 -1.5201816272146051467 -2.5342364978316971325 6.1059229439851943279e-013 
3.9749999999996732392 0.27374138485778082286 -1.5201802182911112737 -2.5342364978319267266 7.2315092924627051668e-013 
3.9999999999996704858 0.27374135903322149854 -1.5201831891519166362 -2.5342364978321856306 4.768907931218406931e-013 
4.0249999999996788347 0.27374128555268395502 -1.5201825710385845625 -2.5342364978323068669 2.9796958943771426207e-013 
4.0499999999996871836 0.27374134858677551252 -1.520182048463808 -2.5342364978324227742 3.1859814667259845234e-013 
4.0749999999996955324 0.27374150154596149642 -1.5201841337771684337 -2.5342364978325520042 3.4073553994326067108e-013 
4.0999999999997038813 0.27374152663941059282 -1.5201833229596961594 -2.5342364978326465952 1.7619235933608517937e-013 
4.1249999999997122302 0.27374150316920620174 -1.5201813462684770073 -2.5342364978327109881 1.7208425640002975043e-013 
4.1499999999997205791 0.27374142840115162079 -1.5201814719502917406 -2.5342364978327740488 1.750745454315883898e-013 
4.1749999999997289279 0.27374134569252744908 -1.5201822881001576526 -2.5342364978328331127 1.2053272689753798711e-013 
4.1999999999997372768 0.27374138636647399325 -1.5201825687252652486 -2.5342364978328708602 9.9335146596953639232e-014 
4.2249999999997456257 0.27374141591488199143 -1.5201823144216273231 -2.5342364978329068315 8.9010779640825018373e-014 
4.2499999999997539746 0.2737414029961676154 -1.5201827367334761476 -2.5342364978329388059 7.4300726802338806601e-014 
4.2749999999997623235 0.27374144002346384452 -1.5201832643048234228 -2.5342364978329587899 5.2371748053568908725e-014 
4.2999999999997706723 0.27374144955609852614 -1.5201824173585354316 -2.5342364978329836589 6.1018632295533430167e-014 
4.3249999999997790212 0.2737414345007319616 -1.5201819970683554395 -2.534236497832999202 3.4572596977713332746e-014 
4.3499999999997873701 0.27374143277992946111 -1.5201823855882463654 -2.5342364978330107483 2.9113245282382111801e-014 
4.374999999999795719 0.27374141192327516858 -1.5201819824974855955 -2.5342364978330222947 3.4163455542132154545e-014 
4.3999999999998040678 0.27374141627893039397 -1.5201820770747480616 -2.5342364978330351732 2.6695349640638557919e-014 
4.4249999999998124167 0.27374142823272429315 -1.5201830068599007095 -2.5342364978330427228 1.4756021403852473281e-014 
4.4499999999998207656 0.27374140497457050136 -1.5201829759803913156 -2.5342364978330471637 1.2609950242272442109e-014 
4.4749999999998291145 0.27374140594567397677 -1.5201824231747911309 -2.5342364978330533809 1.8406836785812591148e-014 
4.4999999999998374633 0.27374142646502086507 -1.520182259792817181 -2.5342364978330595982 1.341230146850855785e-014 
4.5249999999998458122 0.27374143717516041807 -1.5201821816169902579 -2.5342364978330622627 4.3338018401264102268e-015 
4.5499999999998541611 0.27374144892690660535 -1.5201822034255834115 -2.5342364978330644831 7.407263513812073044e-015 
4.57499999999986251 0.27374143147874246962 -1.5201823752229848274 -2.5342364978330680358 8.8386939227625105656e-015 
4.5999999999998708589 0.27374140412268666012 -1.5201826413054204679 -2.5342364978330707004 6.0784121664354196884e-015 
4.6249999999998792077 0.2737414084651217383 -1.520182753702891798 -2.5342364978330724767 1.7182123695878496955e-015 
4.6499999999998875566 0.27374141525775530503 -1.5201824510181061179 -2.5342364978330729208 4.1118103405111061257e-015 
4.6749999999998959055 0.27374142112653104819 -1.5201822914375884288 -2.5342364978330746972 4.0662235326452566952e-015 
4.6999999999999042544 0.2737414331875926421 -1.5201824013126636892 -2.5342364978330760295 2.1875429874250190654e-015 
4.7249999999999126032 0.27374142923782235348 -1.520182319361364609 -2.5342364978330764735 1.7350910319825722973e-015 
4.7499999999999209521 0.27374142362270570406 -1.5201823527448641293 -2.5342364978330773617 1.5903662551642758749e-015 
4.774999999999929301 0.27374142573356569086 -1.5201825548384677589 -2.5342364978330778058 1.7106021186855641075e-015 
4.7999999999999376499 0.27374142282577562657 -1.5201825113691123104 -2.534236497833078694 1.2028750216919958494e-015 
4.8249999999999459988 0.27374142172942633744 -1.5201824272648325476 -2.5342364978330795822 9.4908611752162417107e-016 
4.8499999999999543476 0.27374141923084022165 -1.5201824462097437429 -2.534236497833078694 6.6832450900915378205e-016 
4.8749999999999626965 0.27374141526505746391 -1.5201824095261222691 -2.5342364978330804703 6.2116231417035823736e-016 
4.8999999999999710454 0.27374142218728825249 -1.5201823921735519995 -2.5342364978330791381 8.300424929086012728e-016 
4.9249999999999793943 0.2737414273573541279 -1.520182431471896578 -2.5342364978330800263 3.4465197139646753754e-016 
4.9499999999999877431 0.27374142491436259661 -1.5201824676877693232 -2.5342364978330800263 2.9863420372771010949e-016 
4.974999999999996092 0.2737414257888692859 -1.520182460236709332 -2.5342364978330800263 3.1887853096364209604e-016 
