0.025000000000000015266 0.59429332048317662363 0.0004753895193286283849 -2.2476693035031418688 0.039161866061002192918 
0.05000000000000003747 0.57107993276869906119 0.016647946699419768901 -2.2576007951074785751 0.054418784052580458643 
0.075000000000000052736 0.43669799328426062157 -0.0049888782939559450647 -2.2830160786302462483 0.086368149803813937249 
0.10000000000000007494 0.40362639002369110619 -0.052192590206302291733 -2.3258995173144914048 0.10138010906157116087 
0.12500000000000008327 0.24643758134046134245 -0.41111442308903856091 -2.3539207507281920684 0.051130355331661193896 
0.15000000000000010547 0.23404240305764067998 -1.8622074228396441331 -2.3699682844452421016 0.041298265173767376157 
0.17500000000000012768 0.30430853060546653177 -2.3364516801867694085 -2.3861166755861109579 0.044219680074670496273 
0.20000000000000014988 0.25510716835361280097 -1.4204438546112649888 -2.4006858337931045178 0.025066941800529981416 
0.22500000000000017208 0.24524356370196037647 -1.7138895988491196221 -2.4092852535903475086 0.02700098260384675361 
0.25000000000000016653 0.27582820596546031577 -1.2507850267306863667 -2.4220179210313648177 0.035463431574304052352 
0.27500000000000018874 0.28839224362841431315 -0.21869962617510774194 -2.4321108605313219719 0.017432759431882254714 
0.30000000000000021094 0.31026784518465255758 -0.41094169970093447075 -2.4371703791910999115 0.010404555671903965852 
0.32500000000000023315 0.30374830720831635933 -0.53102822902505431024 -2.4430053025233577912 0.019227587159099383818 
0.35000000000000025535 0.31264355647962843721 -1.1752730730722222852 -2.4497252610026096775 0.015653355423366339255 
0.37500000000000027756 0.31042446055663930338 -1.8111655241563067165 -2.4535972694896273083 0.0063582876085116826759 
0.40000000000000029976 0.2785519698371264341 -1.2319809024611367843 -2.4566547157365321574 0.0090758996074646464125 
0.42500000000000032196 0.30708633056394490923 -0.93737726482387850879 -2.4612230717873657682 0.013675318842455201629 
0.45000000000000034417 0.33513560059682456771 -0.45434834085708397655 -2.4662513269446653119 0.013138699829346931619 
0.47500000000000036637 0.34288826512709991157 -0.23977769782960689504 -2.4703794496894997401 0.0093540556360223216237 
0.50000000000000033307 0.35030244041625063778 -0.73325038488769367362 -2.4741407078228121463 0.0091168525670760267032 
0.52500000000000035527 0.33051894038921392216 -0.82831913703254778092 -2.4781807822139358954 0.012302908885230770183 
0.55000000000000037748 0.31809874717340314021 -1.3646468263929720788 -2.482723734219842715 0.011542959276744599664 
0.57500000000000039968 0.31366967618401220275 -1.8857590958839980377 -2.4868809128885511761 0.010313615352851152746 
0.60000000000000042188 0.29295846201742026249 -1.5439042363947010905 -2.4912965483970572755 0.012964002261498217689 
0.62500000000000044409 0.29841214373803615079 -1.3360257336159828689 -2.496476530646382308 0.012971478169804165348 
0.65000000000000046629 0.30416501400266471311 -1.4599507523966388511 -2.5003643469384306819 0.0073124982420067433792 
0.6750000000000004885 0.30485567846664518576 -1.6506586894539143628 -2.5026261720346396622 0.0052127883012390270959 
0.7000000000000005107 0.31251036562186679246 -1.8594808859851552629 -2.5046459834400041089 0.0054649777129543814988 
0.72500000000000053291 0.29986382662492783169 -1.8244767959027865523 -2.5067054804026231984 0.0047128456683055638954 
0.75000000000000055511 0.29504794513732429673 -1.73595357147403484 -2.5078925418828030836 0.001766279307214347 
0.77500000000000057732 0.31435280542709753693 -1.661958448202846661 -2.5087192350724745182 0.0031616647085557143294 
0.80000000000000059952 0.32191944052712612168 -1.4017682618282707452 -2.510083880446345006 0.0032803817609048479924 
0.82500000000000062172 0.3166678786188778516 -1.333121756782060352 -2.511125944222086126 0.0022425455154331205322 
0.85000000000000064393 0.30990080780566392482 -1.4472539737087415368 -2.5116676748488449 0.00070218685712105559718 
0.87500000000000066613 0.3011428683980193477 -1.5430554004283543179 -2.5120613072458142234 0.0015738321925150128809 
0.90000000000000068834 0.30344322099833220818 -1.762515261699205471 -2.5126860031373645654 0.0014044869880458243395 
0.92500000000000071054 0.30992439440948255092 -1.8432127357594769723 -2.5130680449376074925 0.00067445230195638575764 
0.95000000000000073275 0.3082913607001170897 -1.6714095181201420459 -2.513333659357934291 0.00082958702729376047023 
0.97500000000000075495 0.31155271296610381748 -1.5176785477410954517 -2.5136660732991411571 0.00076361172341196106254 
1.0000000000000006661 0.31585788676016574028 -1.4731650943351775052 -2.5138776676808669563 0.00039231731407437939662 
1.0249999999999979128 0.31378529255106873963 -1.4911142345423438194 -2.5140052514995567812 0.00033290905960052551756 
1.0499999999999951594 0.31238694134966665805 -1.5063580508747103082 -2.5141687153909484387 0.0004788814343920489271 
1.0749999999999924061 0.30985633052954658639 -1.5489340244202463026 -2.5143235018124543423 0.00032129747481705791525 
1.0999999999999896527 0.30776773942489582536 -1.6503832070854971281 -2.514421304579645966 0.00018585716665717809501 
1.1249999999999868994 0.30935384784228342481 -1.6762916654216786227 -2.5144799698421347323 0.00017421531415258301461 
1.149999999999984146 0.31036129481994773061 -1.5786146500652293856 -2.514566427563309059 0.00022585688969121105771 
1.1749999999999813927 0.31130199321147433711 -1.5291009810256577239 -2.5146284196935435595 0.00011169944032193394607 
1.1999999999999786393 0.31217184198678299412 -1.5606705967014697922 -2.5146648499502628482 9.3047826196924018254e-005 
1.224999999999975886 0.31167157674334544648 -1.5626688557137344837 -2.5147048696213589736 0.00010768130467808163407 
1.2499999999999731326 0.3109095459150912899 -1.5721774609776777432 -2.5147431829423956273 9.3250448891453227422e-005 
1.2749999999999703792 0.30983374314024192397 -1.609653186262152591 -2.5147726969838459787 5.2870996687502807578e-005 
1.2999999999999676259 0.31019076489736202573 -1.6112235997008843569 -2.5147872438341942747 3.9568405422105817329e-005 
1.3249999999999648725 0.31178287906326368484 -1.585900412630753209 -2.5148065757216260252 5.1975342993491169654e-005 
1.3499999999999621192 0.31145528116316772982 -1.5551657577474669036 -2.5148237923027587648 3.9529929335193700487e-005 
1.3749999999999593658 0.31110246796997809149 -1.5360300231077532729 -2.5148362345799641915 2.5138194379760265624e-005 
1.3999999999999566125 0.31157726821008496776 -1.5457827870012956772 -2.514845359998518326 2.5298100201825946351e-005 
1.4249999999999538591 0.31102508840041498406 -1.5714503655364062684 -2.5148549933418760105 2.2132384255731326776e-005 
1.4499999999999511058 0.31060086842210959945 -1.6020719909063547703 -2.5148616562256114193 1.4076141733702684432e-005 
1.4749999999999483524 0.31035843555757269829 -1.6081465494242501713 -2.5148667999492859693 1.3444711034437571506e-005 
1.4999999999999455991 0.31020679004346235486 -1.5864270681834229393 -2.5148717858905236255 1.2120741619969676691e-005 
1.5249999999999428457 0.31117379253998556088 -1.5785068382911655593 -2.5148762327989477861 1.0586278061937782056e-005 
1.5499999999999400924 0.31166861009495328005 -1.5728812581924906944 -2.5148792464890030729 6.157841029714801161e-006 
1.574999999999937339 0.31117730795887016404 -1.5591548367559371346 -2.5148819611480499603 7.559264600775983087e-006 
1.5999999999999345857 0.31112303680954228602 -1.5623883285190804937 -2.5148842496060201945 4.3502593374414649652e-006 
1.6249999999999318323 0.31123578799875079026 -1.5725989517315652755 -2.5148858561646214582 4.3630013664219118402e-006 
1.649999999999929079 0.31110311578028476687 -1.5793554934514819621 -2.5148874119987669751 3.717354530479778724e-006 
1.6749999999999263256 0.3108677344236677742 -1.5815947896894164693 -2.5148887526151764149 3.3154681242090573128e-006 
1.6999999999999235722 0.31058796993347770332 -1.5770116295733918044 -2.5148899434089724281 2.624690919359836356e-006 
1.7249999999999208189 0.31068260660488794533 -1.5776622772686335061 -2.5148906817261269531 1.4952619762611604059e-006 
1.7499999999999180655 0.31101989365337895377 -1.5787456191456952226 -2.5148912324635452897 1.4907192677885828946e-006 
1.7749999999999153122 0.31122394718510631995 -1.5757689984493441493 -2.5148918894058982509 1.8524179372668558186e-006 
1.7999999999999125588 0.31125985740156125736 -1.5775635763452908744 -2.514892483758283781 1.0904064678120668218e-006 
1.8249999999999098055 0.31104418802146854839 -1.5770416479613760252 -2.5148928062862805355 8.0819713539759454643e-007 
1.8499999999999070521 0.31090399743256658116 -1.5736558826537834221 -2.5148931223285786452 7.9603875387587722756e-007 
1.8749999999999042988 0.31099351215797738091 -1.5739031031320471765 -2.5148934208262043732 7.3902657325735939733e-007 
1.8999999999999015454 0.31099992920463731538 -1.5732858005522212252 -2.5148936458579944642 4.1141636341299929181e-007 
1.9249999999998987921 0.31102697765317444123 -1.5732552760703870653 -2.5148937783742901786 3.813504064886920596e-007 
1.9499999999998960387 0.31104701442886706353 -1.57612323188518344 -2.5148939641414234103 5.2926116818229781309e-007 
1.9749999999998932854 0.31090806217253147414 -1.5784021403096188951 -2.5148941197035461492 2.6093631267753707019e-007 
1.999999999999890532 0.31090444399246469631 -1.5787709727481584743 -2.5148942042007669251 2.1413293610659780789e-007 
2.0249999999998880007 0.31102315835955735013 -1.577051884070999721 -2.5148942735422608052 1.5926415307807175639e-007 
2.0499999999998852473 0.31107298442232539371 -1.5756452368426381305 -2.5148943469810696172 2.1296161565108842293e-007 
2.074999999999882494 0.31111086553288019863 -1.5753089459193327926 -2.5148944160760624555 1.4050613206004550723e-007 
2.0999999999998797406 0.31104644864852826203 -1.5743943628271557245 -2.5148944613670667358 1.1093327972255527271e-007 
2.1249999999998769873 0.31093029096334845462 -1.5749864829281465806 -2.5148945062329430833 1.1334297569654675759e-007 
2.1499999999998742339 0.31093878406582553531 -1.5767161703407417406 -2.5148945378141727147 5.2042867323644299971e-008 
2.1749999999998714806 0.31097833560603077574 -1.5765919971938437971 -2.5148945560493896068 5.2124917642239328241e-008 
2.1999999999998687272 0.31100717497711038995 -1.5756442253932794184 -2.5148945797625934517 7.4245349020908488352e-008 
2.2249999999998659739 0.31104907508747758893 -1.5752155726541667846 -2.5148946070996376356 5.394890751434643278e-008 
2.2499999999998632205 0.31104955521492883008 -1.5751669892429376318 -2.5148946202870186006 2.4170896888868220618e-008 
2.2749999999998604672 0.31102826347980988553 -1.5758078649188933529 -2.514894629189926345 2.2871845575284420681e-008 
2.2999999999998577138 0.31099522047722832907 -1.5765753756088844995 -2.5148946396790616831 3.3906810767235329334e-008 
2.3249999999998549605 0.31096569185097977517 -1.5767029731765449529 -2.5148946511388117209 1.9321883468761289405e-008 
2.3499999999998522071 0.31098237441493981059 -1.5764696489972420679 -2.5148946561529945676 1.2521469809252636489e-008 
2.3749999999998494538 0.31100609113507382553 -1.5760769057355128453 -2.5148946622493983938 1.8712491879725917707e-008 
2.3999999999998467004 0.31101779084685382548 -1.5755778584700421696 -2.5148946686843047793 1.2599883114128545418e-008 
2.4249999999998439471 0.3110192252593460549 -1.5752334318075167374 -2.5148946720365978891 6.2303528447013185785e-009 
2.4499999999998411937 0.31100185556917059326 -1.5751538602287817881 -2.5148946741065763 5.6115614063614176512e-009 
2.4749999999998384403 0.3110084144862767519 -1.5755466354936924489 -2.5148946773171774183 1.0675898221679905644e-008 
2.499999999999835687 0.31102444259055112008 -1.5761764271216773814 -2.5148946805098866264 5.0121805723975290425e-009 
2.5249999999998329336 0.31100913756465914384 -1.5763355859414664994 -2.5148946819261430718 3.1421029233398657138e-009 
2.5499999999998301803 0.31099675094619427806 -1.5762039180582319009 -2.5148946831422032133 3.6916958120041160688e-009 
2.5749999999998274269 0.31099458402051349815 -1.5761313290060385839 -2.5148946846945263722 3.6646124687264883063e-009 
2.5999999999998246736 0.31099387374934761574 -1.5759273273601701604 -2.5148946856708516151 1.8065963242347923932e-009 
2.6249999999998219202 0.31100890488195648276 -1.5757248699962453919 -2.5148946864303396431 2.2642861163862901939e-009 
2.6499999999998191669 0.31101770739291306755 -1.5756716812022621976 -2.5148946873101678534 2.1302528666578002324e-009 
2.6749999999998164135 0.31101062464220174952 -1.5757423728478712199 -2.5148946879386024911 1.1972959060707450284e-009 
2.6999999999998136602 0.3110060941915147037 -1.5758946726700944208 -2.5148946883276273034 8.5229996415485374081e-010 
2.7249999999998109068 0.31100313121332029409 -1.5759272408806537236 -2.5148946886613052776 1.0894812367649146027e-009 
2.7499999999998081535 0.31100342237714895255 -1.5759026776361300115 -2.5148946891165540052 9.981126929500833742e-010 
2.7749999999998054001 0.3110080654232250108 -1.5758979109688111553 -2.5148946893603576491 4.4755773267458513733e-010 
2.7999999999998026468 0.31100864598377542247 -1.5758629166591753279 -2.5148946895561516968 5.6379742554222419468e-010 
2.8249999999997998934 0.3110069917948568019 -1.5759301662509876962 -2.514894689777431136 5.6496404689863966262e-010 
2.84999999999979714 0.31100462761149011426 -1.5759752816129615205 -2.5148946899412889522 2.8778039065984496605e-010 
2.8749999999997943867 0.31100306076187422821 -1.5758989740732258777 -2.5148946900350610534 2.275375026737803453e-010 
2.8999999999997916333 0.31100573307736401052 -1.5758884384764970665 -2.5148946901347750682 3.1167465672806469812e-010 
2.92499999999978888 0.31100752289045241472 -1.5758753299248531299 -2.5148946902527238301 2.6128186920649577951e-010 
2.9499999999997861266 0.3110070723398165593 -1.575822410257166295 -2.5148946903258333485 1.3637968485616512162e-010 
2.9749999999997833733 0.31100669415724946365 -1.5758462148917142809 -2.5148946903681137499 9.8806249232543287529e-011 
2.9999999999997806199 0.31100566165888171577 -1.5758906045231158011 -2.5148946904163480554 1.4863361945441338522e-010 
3.0249999999997778666 0.31100626538630016249 -1.5759168197649087162 -2.5148946904643723066 9.7257245807263461858e-011 
3.0499999999997751132 0.31100692779247746111 -1.5759154835279325368 -2.5148946904981510642 8.1339193706211593452e-011 
3.0749999999997723599 0.31100561751062111293 -1.5758847815690972816 -2.5148946905231901461 5.1744134306350904551e-011 
3.0999999999997696065 0.31100638766029614635 -1.5758814227333581837 -2.5148946905456446288 6.7609674682240699748e-011 
3.1249999999997668532 0.31100745681429320388 -1.5758829079167586684 -2.5148946905679259167 4.1860717367883115193e-011 
3.1499999999997640998 0.31100590996556637391 -1.5758831320612141091 -2.5148946905798053031 2.9409231963749896369e-011 
3.1749999999997613465 0.31100498280300292731 -1.5759025343889021542 -2.5148946905937941132 3.7594533501420313698e-011 
3.1999999999997585931 0.31100516208136147478 -1.575901034108387222 -2.5148946906046765193 2.2163164561531967708e-011 
3.2249999999997558398 0.31100581640624086477 -1.5758903123673508873 -2.5148946906133411439 2.2121424042326936907e-011 
3.2499999999997530864 0.31100715020162045255 -1.5758876157418586494 -2.514894690620704587 1.7313863546104307611e-011 
3.274999999999750333 0.31100726654980531682 -1.5758730419726312277 -2.5148946906269933343 1.4400867116311838253e-011 
3.2999999999997475797 0.31100653987653870125 -1.5758654728087522212 -2.5148946906314830763 1.0099932760135758411e-011 
3.3249999999997448263 0.31100634988301423256 -1.5758767508607556262 -2.5148946906352009911 9.4155801566352771845e-012 
3.349999999999742073 0.31100608692833275892 -1.5758950742577342297 -2.5148946906388136568 9.2801064946507095385e-012 
3.3749999999997393196 0.31100579356245511287 -1.5759075511434503802 -2.514894690642070163 7.4025476624760877559e-012 
3.3999999999997365663 0.31100567735846867956 -1.5759025307061287346 -2.5148946906442413152 4.2577614450376452105e-012 
3.4249999999997338129 0.31100582390636744012 -1.575894118491065754 -2.5148946906458027328 4.0604492763553371661e-012 
3.4499999999997310596 0.31100637259349844799 -1.5758889509171285503 -2.5148946906473446106 4.0682058722400667823e-012 
3.4749999999997283062 0.31100661424765557728 -1.5758763696431725698 -2.5148946906489069164 3.7303856698543930948e-012 
3.4999999999997255529 0.31100652733615719026 -1.5758709325007358437 -2.5148946906498750309 1.5945503549854241215e-012 
3.5249999999997227995 0.31100639752858050269 -1.5758827009538944885 -2.5148946906506517429 2.6367603389931615336e-012 
3.5499999999997200462 0.31100607712351069356 -1.5758933389501637023 -2.5148946906516167488 1.9795760658906158363e-012 
3.5749999999997172928 0.31100600948889084441 -1.5758950347700522165 -2.5148946906521070233 8.6058352768889201531e-013 
3.5999999999997145395 0.31100613620881673027 -1.5758939354096950236 -2.5148946906524676237 1.1057261302411128517e-012 
3.6249999999997117861 0.31100613125211812315 -1.5758903057822630789 -2.5148946906529427991 1.2964608330582499247e-012 
3.6499999999997090327 0.31100628756649473239 -1.5758860004117589693 -2.5148946906533944379 9.3626224421040918717e-013 
3.6749999999997062794 0.31100634070350358096 -1.5758846061425728635 -2.5148946906536271406 4.3380317731553364032e-013 
3.699999999999703526 0.31100617668928076665 -1.5758850932896684149 -2.5148946906538136581 5.149352456497903232e-013 
3.7249999999997007727 0.31100623537651511663 -1.575886826148913844 -2.5148946906540077251 5.0319098614296170127e-013 
3.7499999999996980193 0.31100630842229598505 -1.5758889562472058188 -2.5148946906541795876 3.7113065073674688728e-013 
3.774999999999695266 0.31100620128037792522 -1.5758901832778819951 -2.5148946906543034885 3.1554026993142701076e-013 
3.7999999999996925126 0.31100611513908843486 -1.5758896588117736748 -2.5148946906544291657 3.0876016706408321336e-013 
3.8249999999996897593 0.31100609505618537209 -1.5758870823934532091 -2.5148946906545197599 1.5886931966605488788e-013 
3.8499999999996870059 0.31100620307479281967 -1.5758864978250672895 -2.514894690654569942 1.3992335064593664013e-013 
3.8749999999996842526 0.31100634157446099826 -1.5758883107502532628 -2.51489469065462945 1.5905700317904206361e-013 
3.8999999999996814992 0.31100631753951174518 -1.5758879974741690777 -2.5148946906546933988 1.6626717729797874401e-013 
3.9249999999996787459 0.31100622897453850113 -1.5758873277897595955 -2.5148946906547378077 6.2531990732318379513e-014 
3.9499999999996759925 0.31100617882969394667 -1.5758882184708182805 -2.5148946906547609004 7.7746926546431864968e-014 
3.9749999999996732392 0.31100617516973089183 -1.5758884893704294683 -2.5148946906547933189 8.1149134340091635375e-014 
3.9999999999996704858 0.31100620138262924375 -1.5758880279865068452 -2.5148946906548190761 4.7677152932027150006e-014 
4.0249999999996788347 0.311006199366887226 -1.5758873803435191618 -2.5148946906548323987 3.2915771276791624776e-014 
4.0499999999996871836 0.31100621013871720955 -1.5758875603870359239 -2.5148946906548492741 5.0588919108892971983e-014 
4.0749999999996955324 0.311006236037541961 -1.5758885479961231013 -2.5148946906548670377 4.062044411937035359e-014 
4.0999999999997038813 0.31100621833455605048 -1.5758884462673119486 -2.5148946906548772517 1.3387725867583106368e-014 
4.1249999999997122302 0.31100621381403864563 -1.5758880403059403186 -2.5148946906548821367 1.5968954590503751626e-014 
4.1499999999997205791 0.31100623271864796804 -1.5758879274055066499 -2.5148946906548896862 2.4692512187830080877e-014 
4.1749999999997289279 0.31100623426414097938 -1.5758873861240552117 -2.5148946906548994562 1.5809538222974307395e-014 
4.1999999999997372768 0.31100623683863748425 -1.5758874325704508301 -2.5148946906549016767 8.3416682645800254774e-015 
4.2249999999997456257 0.31100621677679607391 -1.5758879342310749827 -2.5148946906549061175 1.2124807487919169875e-014 
4.2499999999997539746 0.31100618401058122142 -1.5758881124536197049 -2.5148946906549105584 7.3734011463156591173e-015 
4.2749999999997623235 0.31100619371570531468 -1.5758883432432670979 -2.5148946906549123348 5.3769559346487049075e-015 
4.2999999999997706723 0.31100621457084870469 -1.5758883256508817716 -2.5148946906549154434 5.8239356735715808811e-015 
4.3249999999997790212 0.31100622400718808125 -1.575887953055143953 -2.5148946906549172198 6.167318487365271308e-015 
4.3499999999997873701 0.31100623565081303434 -1.5758876727286574848 -2.514894690654918552 3.1446739530253040118e-015 
4.374999999999795719 0.31100623004010191641 -1.5758876670243533447 -2.5148946906549198843 2.4641212192032978874e-015 
4.3999999999998040678 0.31100621452596916017 -1.5758879490643742383 -2.5148946906549207725 2.8122913876239986158e-015 
4.4249999999998124167 0.31100620975826842596 -1.575888052163547659 -2.5148946906549216607 2.3666024147620059875e-015 
4.4499999999998207656 0.31100621190417038209 -1.5758879573263713247 -2.5148946906549225488 1.4616940716553744674e-015 
4.4749999999998291145 0.3110062199128467153 -1.575888047828784444 -2.514894690654923437 1.54312183858930724e-015 
4.4999999999998374633 0.31100622290239415824 -1.5758880190728732362 -2.5148946906549243252 1.4488124699844274101e-015 
4.5249999999998458122 0.31100621582237675256 -1.5758878186875135974 -2.5148946906549238811 8.8797185780292255953e-016 
4.5499999999998541611 0.31100621174214493347 -1.5758878044453723533 -2.5148946906549252134 4.5401121728557067823e-016 
4.57499999999986251 0.3110062134939746703 -1.5758879213286007825 -2.5148946906549252134 8.8569312371636694564e-016 
4.5999999999998708589 0.31100621998032751403 -1.5758880241969159819 -2.5148946906549243252 7.6721170083439414039e-016 
4.6249999999998792077 0.31100622357175478072 -1.5758880612150911738 -2.5148946906549247693 2.6266678303995810621e-016 
4.6499999999998875566 0.31100621705984721199 -1.575888023626977219 -2.5148946906549252134 3.692267118388151345e-016 
4.6749999999998959055 0.31100621363100489081 -1.5758879729596353414 -2.5148946906549265456 3.3633594494009838838e-016 
4.6999999999999042544 0.3110062167499669239 -1.575887903260428935 -2.5148946906549252134 3.0020242626535747897e-016 
4.7249999999999126032 0.31100621820170210041 -1.5758878462958316735 -2.5148946906549261016 1.6473354889722719985e-016 
4.7499999999999209521 0.31100621982104276197 -1.5758878640097759849 -2.5148946906549256575 1.8805666194057931606e-016 
4.774999999999929301 0.31100621921115811919 -1.5758879134233469976 -2.5148946906549265456 1.5770078742107159194e-016 
4.7999999999999376499 0.31100621581517967629 -1.5758879721739433855 -2.5148946906549256575 1.2225409527367750901e-016 
4.8249999999999459988 0.31100621542381451379 -1.5758880319251482582 -2.5148946906549252134 8.4684063213874657722e-017 
4.8499999999999543476 0.31100621563668678915 -1.5758880178295613383 -2.5148946906549265456 8.1723159231702280408e-017 
4.8749999999999626965 0.31100621612905798852 -1.575887946159165498 -2.5148946906549261016 7.5060342428791331457e-017 
4.8999999999999710454 0.31100621879447187812 -1.5758879152742868435 -2.5148946906549261016 5.5894000226335485923e-017 
4.9249999999999793943 0.31100621951159379552 -1.5758879224926758411 -2.5148946906549261016 4.0868959387210662324e-017 
4.9499999999999877431 0.31100621821324025973 -1.5758879286323017599 -2.5148946906549265456 4.7080255336532871767e-017 
4.974999999999996092 0.31100621720096072176 -1.575887940355903627 -2.5148946906549256575 2.471843519067710938e-017 
