0.025000000000000015266 0.5941699580139098158 0.00047455651088353090206 -2.2478133526799428665 0.039076737302089686876 
0.05000000000000003747 0.57103895828529593892 0.016616029947241331421 -2.2578276056853598952 0.054182117867149957868 
0.075000000000000052736 0.43705633123005627194 -0.004828819506714876475 -2.2834133510085306007 0.085916886302181208479 
0.10000000000000007494 0.40424230281361228645 -0.052067734355552564018 -2.3265883523085162388 0.10094227853685108776 
0.12500000000000008327 0.24746886565130707392 -0.41101982501184752827 -2.3548091221525293548 0.050812490712630518919 
0.15000000000000010547 0.23469428139590883808 -1.8532629287466293455 -2.3708880133065606266 0.040779146175962795173 
0.17500000000000012768 0.30449365693180108217 -2.3230663982454329286 -2.3870458503167104602 0.043783909303889624598 
0.20000000000000014988 0.25615348811436167153 -1.414387710477862381 -2.4016476555694366013 0.024895303679491290194 
0.22500000000000017208 0.24680991616446082415 -1.7005603323763964774 -2.4102807527428886658 0.026690590404029310156 
0.25000000000000016653 0.27713521372395799602 -1.2412515985699903442 -2.4229881528954311243 0.034912975684281484512 
0.27500000000000018874 0.28911189489538208219 -0.2326340220318391383 -2.4330050167364323244 0.016995539673824073407 
0.30000000000000021094 0.31047350975313803279 -0.43025533235247770403 -2.4380285701571815515 0.010445792180130929888 
0.32500000000000023315 0.30444969566204771461 -0.55747118734449430111 -2.4439775772268053089 0.019387029461178387213 
0.35000000000000025535 0.31491561116869271064 -1.1990647691862061919 -2.4509047313546683533 0.01618937431000260635 
0.37500000000000027756 0.31773100373924983986 -1.8229618323145606595 -2.4552704994735878863 0.0082575133457826223327 
0.40000000000000029976 0.29168641625658370264 -1.2572403494348109998 -2.4594409279865101503 0.012771123268792979738 
0.42500000000000032196 0.32499972015000394565 -1.0137799874897661656 -2.4655431164370646968 0.01699213647747790587 
0.45000000000000034417 0.35363702803888091841 -0.71649957337477854225 -2.4714009274575343689 0.013955796499445231179 
0.47500000000000036637 0.35033741531316842099 -0.63508474489302391142 -2.4757490123103260693 0.0096118695574741400828 
0.50000000000000033307 0.34094760693028436371 -0.96931202470774757707 -2.4800056913294685756 0.011191398273922566892 
0.52500000000000035527 0.30711007971122195048 -0.99728505994568950044 -2.4846054175117067153 0.01322440367155499133 
0.55000000000000037748 0.29280957997222750722 -1.5246627022021215225 -2.4898020285179272015 0.013392709098016378905 
0.57500000000000039968 0.29247199387519345892 -1.9088107996159831004 -2.494912257363701702 0.012584162692529186206 
0.60000000000000042188 0.28164562847791135836 -1.6326054773912004325 -2.4991608701849923335 0.0088843169831304257683 
0.62500000000000044409 0.30351636523986430527 -1.7436669861897826639 -2.5019674421409887621 0.0062288848829839486149 
0.65000000000000046629 0.32015998148041152627 -1.9344562166400409708 -2.5041285139293485429 0.0050612066240786580604 
0.6750000000000004885 0.30641912089502881811 -1.7085221981039677708 -2.5059005188831826594 0.004143188701909206878 
0.7000000000000005107 0.30663913636491491044 -1.5869254205661178503 -2.5075086931757368802 0.0036873118926696100799 
0.72500000000000053291 0.30784993619322587044 -1.4470649874783747535 -2.5085624948294960035 0.0024506523325466961216 
0.75000000000000055511 0.30937217754112678048 -1.4256722932359600087 -2.5096237474730340722 0.002980429699473813223 
0.77500000000000057732 0.32226578092034180445 -1.5483309691492996851 -2.5108586239137657969 0.0029582814633094590452 
0.80000000000000059952 0.31261138242185498859 -1.45653718551132072 -2.5116704784624555025 0.001243785973087770157 
0.82500000000000062172 0.29961815707087813276 -1.5525009494126700282 -2.511960230215876777 0.00076290702822409347823 
0.85000000000000064393 0.30504685133836739741 -1.7968750552392673825 -2.5124798902242417853 0.0016145711175865329334 
0.87500000000000066613 0.30513161339562100416 -1.772061612355499971 -2.5129748917796006502 0.00094964929091068735895 
0.90000000000000068834 0.30798742723752497996 -1.647927244044437689 -2.5133293763295725398 0.00093219973004444697025 
0.92500000000000071054 0.31466213691989908252 -1.543822567854444161 -2.5136267635010693944 0.00056780436441219658567 
0.95000000000000073275 0.31519574174849779302 -1.4587173811805582702 -2.5138138729296848339 0.00043800551963632782795 
0.97500000000000075495 0.31652480214648270884 -1.5060096278484869092 -2.5139790155825183504 0.0004136165380087117511 
1.0000000000000006661 0.31181630967827461687 -1.5557628134000518472 -2.514154895418385216 0.00050229524265378892259 
1.0249999999999979128 0.30462297479944805412 -1.5621913596261685075 -2.5143121166206761075 0.00027762401305335773511 
1.0499999999999951594 0.30699884626443751934 -1.6037978527040772647 -2.5143989201669807443 0.00020044201334910025699 
1.0749999999999924061 0.3113034051753166831 -1.6279017989281996392 -2.514484003386142863 0.00022420039013996935018 
1.0999999999999896527 0.31329943762205647584 -1.6077779270236658427 -2.5145543739507010272 0.000163362808949177134 
1.1249999999999868994 0.31244789171739939526 -1.5569174550208848551 -2.5146180456061841824 0.00014204538725424748109 
1.149999999999984146 0.30959873501125823037 -1.5300357551202021789 -2.514665957787157069 0.00011849524637395935679 
1.1749999999999813927 0.3107176330432910305 -1.5760815734949293887 -2.5147059812996941375 8.0167436642112406987e-005 
1.1999999999999786393 0.31129436865845211413 -1.6003132050790944696 -2.5147359562435043223 9.0524232559228062561e-005 
1.224999999999975886 0.3098128486571244955 -1.5829366875921060398 -2.5147710600003629899 7.3795672182658960964e-005 
1.2499999999999731326 0.31128161712038443509 -1.5996360074571764898 -2.514790406943616663 3.1932032432685652124e-005 
1.2749999999999703792 0.31155556194444244955 -1.5944801299233604119 -2.5148044737621670919 4.7343897083561471565e-005 
1.2999999999999676259 0.31061837109022821801 -1.5601740720737460322 -2.5148229101876151681 4.3208101707034440441e-005 
1.3249999999999648725 0.31148465183637935594 -1.5507278340043635367 -2.5148370418763597023 2.7654124576626436195e-005 
1.3499999999999621192 0.31127180112108326915 -1.5417541997478538818 -2.5148455554502269216 1.9561508429089646377e-005 
1.3749999999999593658 0.31113243917707733566 -1.5579467594444795786 -2.5148543270910104219 2.6760635934803495635e-005 
1.3999999999999566125 0.31152057358427981404 -1.5972326673853811663 -2.5148626226202193124 1.2689674077187466721e-005 
1.4249999999999538591 0.31023562354885986236 -1.6002153282122875133 -2.5148670409688484995 1.3018112743935433633e-005 
1.4499999999999511058 0.30982855299376066416 -1.5935046409104409726 -2.5148720569968938676 1.1950980098545198712e-005 
1.4749999999999483524 0.31080246888445706155 -1.5901069927525153247 -2.5148761596262891871 9.4114880178406264767e-006 
1.4999999999999455991 0.31124470479734395179 -1.574368466631911101 -2.5148794579420519213 7.999414250896761232e-006 
1.5249999999999428457 0.31153921377850257723 -1.5659260698807235812 -2.5148825452869876251 7.0043644623409657621e-006 
1.5499999999999400924 0.31150611152336543652 -1.5593886964796173089 -2.5148844949802455773 3.5393592398215245459e-006 
1.574999999999937339 0.31126430887667677627 -1.5609198360707785547 -2.5148857587913862055 4.0066339441777339736e-006 
1.5999999999999345857 0.31118722715423996483 -1.5774346343300515993 -2.5148876493338585547 4.5509330260394743493e-006 
1.6249999999999318323 0.31074143000292786532 -1.5809499444695349624 -2.5148890404622386008 2.9379736874860707273e-006 
1.649999999999929079 0.31048961054027623963 -1.5781789554078637927 -2.5148900168021484092 2.3294555456410166292e-006 
1.6749999999999263256 0.31068273186953004883 -1.5815614467197138815 -2.5148907912817874966 1.5706560713020520006e-006 
1.6999999999999235722 0.31093043392076974429 -1.5806249696184933029 -2.5148913981026512765 1.5428126783069373265e-006 
1.7249999999999208189 0.31129057854108577175 -1.5786320837819698415 -2.514891958946542605 1.4974118645195643965e-006 
1.7499999999999180655 0.31123208864821416686 -1.5755418094495308168 -2.5148925462416853449 1.3914232212047405548e-006 
1.7749999999999153122 0.31095441057869960266 -1.5731982558316808252 -2.5148929206477697029 5.5285121048448439562e-007 
1.7999999999999125588 0.3110883783748757403 -1.5752093496277712603 -2.5148931656755268982 8.3448903170289020946e-007 
1.8249999999999098055 0.31107358233387311097 -1.5735514061025352994 -2.5148934865255831994 7.0875413037765815288e-007 
1.8499999999999070521 0.31092961507842553637 -1.5727396475867143621 -2.5148936927328318092 4.032701064638380457e-007 
1.8749999999999042988 0.31100590030734609481 -1.5754192289103425839 -2.5148938302344197027 3.3640107645962507151e-007 
1.8999999999999015454 0.31094873730276550994 -1.5751849955539056758 -2.51489399158184046 4.6564398648943552828e-007 
1.9249999999998987921 0.31090964424522871123 -1.577021246994898096 -2.5148941422442381288 3.1781235196271532389e-007 
1.9499999999998960387 0.31100080410118025043 -1.5793186713683073918 -2.5148942413360262371 1.9286342957434240839e-007 
1.9749999999998932854 0.31099784476142283696 -1.5770183178102903376 -2.5148943084224697486 1.462812482368803715e-007 
1.999999999999890532 0.31106294787417476666 -1.5759677042055137974 -2.5148943561441865491 1.40178712710036659e-007 
2.0249999999998880007 0.31111368726500138182 -1.5761118973198262605 -2.5148944247698814536 1.8593095783552063324e-007 
2.0499999999998852473 0.31101848816405447407 -1.5749073877650174857 -2.5148944844938423415 1.2304744898828571051e-007 
2.074999999999882494 0.31097019955594035201 -1.5749029051421090664 -2.514894523297390716 6.8869103066100091307e-008 
2.0999999999998797406 0.31095217512616329936 -1.5755210566189923327 -2.5148945413302219443 4.8549311254449541119e-008 
2.1249999999998769873 0.3109534785524806777 -1.5758944128360896642 -2.5148945665445525677 7.032841883669018568e-008 
2.1499999999998742339 0.31101134726958062915 -1.5760479408263816659 -2.5148945901639843115 5.2109600234651869416e-008 
2.1749999999998714806 0.31103582229068321707 -1.5754046764168119221 -2.5148946103383966744 5.1353592157730716837e-008 
2.1999999999998687272 0.311049897182085755 -1.575461382516581299 -2.5148946263562450554 3.0502452658879906589e-008 
2.2249999999998659739 0.31103704667031450981 -1.576270041791976606 -2.5148946354821837268 2.0621221448341636982e-008 
2.2499999999998632205 0.31098237758611285697 -1.5764065063593795113 -2.5148946438861918828 2.0773870205795289827e-008 
2.2749999999998604672 0.31098044086238929573 -1.5764260902312088319 -2.5148946524995494656 2.4503256390850088832e-008 
2.2999999999998577138 0.31099041011439992888 -1.5764278631364607719 -2.5148946599169899052 1.3181036140035758998e-008 
2.3249999999998549605 0.31099508808261139281 -1.5759960227688822876 -2.5148946651682408948 1.49066566605194077e-008 
2.3499999999998522071 0.31102582709246656689 -1.5756024687385523642 -2.5148946703346624076 1.0405491449456606715e-008 
2.3749999999998494538 0.31101246417873495975 -1.5753147980682795648 -2.5148946736251986955 7.2821049737559313636e-009 
2.3999999999998467004 0.31099357698319474164 -1.5752814421661081035 -2.5148946758909453969 5.3373791181867041236e-009 
2.4249999999998439471 0.3110166477123612605 -1.5755975994537521068 -2.5148946784594237158 7.6059594577312319075e-009 
2.4499999999998411937 0.31101786456983809837 -1.5758913984529687724 -2.5148946813044812387 6.0959235493706454951e-009 
2.4749999999998384403 0.31101102403260133533 -1.5762587510673644609 -2.5148946829300355965 3.1882837300536583232e-009 
2.499999999999835687 0.31100828205025765616 -1.5764084751880131918 -2.5148946841416370823 2.844654585226739458e-009 
2.5249999999998329336 0.31098927580135021786 -1.5761029500453336283 -2.5148946850624485094 2.2050101278196221938e-009 
2.5499999999998301803 0.3109916942817673724 -1.5759727367774343243 -2.5148946861359995353 2.9990553517632735613e-009 
2.5749999999998274269 0.31100883997518080637 -1.5758588338310208776 -2.5148946870188368941 1.8202103181504595563e-009 
2.5999999999998246736 0.31101290355191313353 -1.5755692254323281354 -2.5148946876903761627 1.4341513598860783229e-009 
2.6249999999998219202 0.31101502192496888188 -1.5756451293004363201 -2.5148946881597971093 1.1528235123308409844e-009 
2.6499999999998191669 0.31100989169872039763 -1.5758455609676822462 -2.514894688605483708 1.0882097741170558742e-009 
2.6749999999998164135 0.31100222847579517271 -1.5759042844853796694 -2.5148946889452847842 7.4332678145791584237e-010 
2.6999999999998136602 0.31100247181369805594 -1.5760006212647430512 -2.5148946892521606422 7.7828786572485920776e-010 
2.7249999999998109068 0.3110026689451841353 -1.5759694551098095694 -2.5148946895111401467 5.5978928337615947199e-010 
2.7499999999998081535 0.31100708303223240092 -1.575887965566961979 -2.5148946897087354202 5.0984605656632848291e-010 
2.7749999999998054001 0.31101128165744423848 -1.5759001382406796488 -2.514894689884638268 3.7193629184215224078e-010 
2.7999999999998026468 0.31100785483499288064 -1.575883826125239473 -2.5148946900205668697 3.2047306278046631404e-010 
2.8249999999997998934 0.3110059078994916737 -1.575888709135444099 -2.5148946901202435811 2.0515548884361839612e-010 
2.84999999999979714 0.31100357765799857557 -1.5758924850703539544 -2.5148946902013857851 2.5590220784021656931e-010 
2.8749999999997943867 0.31100229193258072113 -1.575872636537563487 -2.5148946903037416867 2.1774482426996074096e-010 
2.8999999999997916333 0.31100716300694425387 -1.5758958725036915638 -2.5148946903690081456 1.3265497247470786708e-010 
2.92499999999978888 0.31100803227263579265 -1.5758787731168366619 -2.514894690411263678 9.596718019127871163e-011 
2.9499999999997861266 0.31100617502307836837 -1.5758597371229323691 -2.5148946904457725182 9.5312354979584717943e-011 
2.9749999999997833733 0.31100732123627755632 -1.5758895276340458835 -2.5148946904899607269 1.1050172698703300183e-010 
2.9999999999997806199 0.31100617854187295741 -1.5758885419974841824 -2.5148946905221656323 6.2643582377805402932e-011 
3.0249999999997778666 0.31100571234928059416 -1.575886465523944846 -2.5148946905424622855 4.556146806131197419e-011 
3.0499999999997751132 0.31100742114872764743 -1.5758881123558650117 -2.5148946905601636814 4.973110314603402218e-011 
3.0749999999997723599 0.31100667075452992361 -1.5758851544152747692 -2.5148946905799429707 4.3946636065629761022e-011 
3.0999999999997696065 0.31100582194444864603 -1.5759123227014701918 -2.514894690592807347 2.706715637441842486e-011 
3.1249999999997668532 0.31100517474029959475 -1.575909273629626739 -2.5148946906028113446 2.5228835777218741295e-011 
3.1499999999997640998 0.31100416582441886559 -1.5758840083119554087 -2.5148946906115186017 1.963328322524017194e-011 
3.1749999999997613465 0.31100568954417712186 -1.5758881970937781425 -2.5148946906196067985 2.1406000212580701394e-011 
3.1999999999997585931 0.31100760939463906185 -1.575878935744530196 -2.5148946906267273249 1.51316174901478462e-011 
3.2249999999997558398 0.31100775832149341049 -1.5758667375984547476 -2.5148946906313867089 1.000545884627430764e-011 
3.2499999999997530864 0.31100710151336891096 -1.5758758211008463412 -2.514894690635011365 8.0751217196470737496e-012 
3.274999999999750333 0.3110059677473555606 -1.5758805417652792524 -2.5148946906382820821 9.8034124356395305703e-012 
3.2999999999997475797 0.31100559842347347272 -1.5758932361018040957 -2.514894690641766406 7.050316489329241852e-012 
3.3249999999997448263 0.31100578447146925987 -1.5759087763052184172 -2.5148946906439957338 5.3399385129546947946e-012 
3.349999999999742073 0.31100563675906456318 -1.5759023930082358689 -2.5148946906460314388 4.5738688281710476742e-012 
3.3749999999997393196 0.31100605142144538418 -1.5758915533721853386 -2.5148946906474378693 3.0758809396151240019e-012 
3.3999999999997365663 0.31100647121449864763 -1.5758864424246936675 -2.5148946906486679964 3.3915194339346683427e-012 
3.4249999999997338129 0.31100645589863373797 -1.5758806418047834885 -2.5148946906498670373 2.64601452157015591e-012 
3.4499999999997310596 0.31100654234859320679 -1.575876775925189488 -2.5148946906507769761 1.8983408429174455908e-012 
3.4749999999997283062 0.3110062506203509769 -1.5758782045584134313 -2.5148946906514311195 1.8645591244859138969e-012 
3.4999999999997255529 0.31100610672259493272 -1.5758874584410396125 -2.5148946906521785216 1.7252518436564884017e-012 
3.5249999999997227995 0.31100637932552860354 -1.5758958394735114172 -2.5148946906526461476 7.1266929625887335915e-013 
3.5499999999997200462 0.31100613334706522783 -1.5758944634258893469 -2.5148946906529339174 8.8856350776364480436e-013 
3.5749999999997172928 0.31100591832196028408 -1.5758914426216561466 -2.5148946906532820833 9.3611059160646108e-013 
3.5999999999997145395 0.31100614486422756277 -1.5758892788266369855 -2.5148946906536493451 8.5539845063886614464e-013 
3.6249999999997117861 0.31100624255295411524 -1.575885569641787054 -2.5148946906539006996 4.4484914518811370407e-013 
3.6499999999997090327 0.31100634330812365613 -1.5758848014663220383 -2.5148946906540463608 3.6186954676950800948e-013 
3.6749999999997062794 0.31100640160215370367 -1.575885123520436526 -2.5148946906541738144 2.9558620286542587195e-013 
3.699999999999703526 0.31100625890829636244 -1.5758860200850359767 -2.5148946906542954949 3.7256191136154797383e-013 
3.7249999999997007727 0.31100616521722501684 -1.575889811003299501 -2.5148946906544473734 3.1098594182325113925e-013 
3.7499999999996980193 0.31100608449615896323 -1.5758904905994932655 -2.5148946906545308622 1.8295777359297270781e-013 
3.774999999999695266 0.31100607694274512438 -1.5758884021099368589 -2.5148946906545921465 1.3407561200897108029e-013 
3.7999999999996925126 0.31100622669549549126 -1.5758882510067562244 -2.5148946906546449931 1.3477177618648118826e-013 
3.8249999999996897593 0.31100632270840289362 -1.5758877552615631057 -2.5148946906546951752 1.1241087162788568242e-013 
3.8499999999996870059 0.31100632541733641556 -1.5758874435576903927 -2.5148946906547329228 1.0918772985526225426e-013 
3.8749999999996842526 0.31100624326892772897 -1.5758876382657118764 -2.5148946906547759994 9.0031627327689247794e-014 
3.8999999999996814992 0.31100615044443152835 -1.5758869640939061618 -2.5148946906548013125 5.0884719294032973258e-014 
3.9249999999996787459 0.31100619107201338265 -1.5758879697681358323 -2.5148946906548204083 4.9794363937425910673e-014 
3.9499999999996759925 0.31100622512747411186 -1.5758889085818363895 -2.514894690654838616 4.1466901463174090634e-014 
3.9749999999996732392 0.3110061988428466373 -1.5758877205739858507 -2.5148946906548541591 3.6028997485214512159e-014 
3.9999999999996704858 0.31100621043528176024 -1.5758876172530271731 -2.5148946906548665936 3.0250821463256270397e-014 
4.0249999999996788347 0.31100620759607294774 -1.5758884110484217 -2.5148946906548808045 3.5912795482214310616e-014 
4.0499999999996871836 0.31100621189258842447 -1.5758883864849884127 -2.5148946906548879099 1.0663431162194927757e-014 
4.0749999999996955324 0.31100623701258872655 -1.5758880156628491953 -2.5148946906548914626 1.1297993306698370789e-014 
4.0999999999997038813 0.31100622250227222265 -1.5758876058640454154 -2.5148946906548972358 1.759498707161436332e-014 
4.1249999999997122302 0.31100623249899445044 -1.5758876856682209056 -2.514894690654903453 1.4002280149635437385e-014 
4.1499999999997205791 0.31100625039283308348 -1.5758878078161862035 -2.514894690654908338 8.0808389222704181808e-015 
4.1749999999997289279 0.31100620894767544433 -1.5758877076261148531 -2.5148946906549114466 7.2728062259194085404e-015 
4.1999999999997372768 0.3110061830659319182 -1.5758880706754956336 -2.514894690654913223 4.8980148152259652701e-015 
4.2249999999997456257 0.31100619685116215329 -1.575888186912298039 -2.5148946906549163316 5.9207845793481594053e-015 
4.2499999999997539746 0.3110062137526803383 -1.5758880320834265376 -2.5148946906549176639 4.6028681232890050011e-015 
4.2749999999997623235 0.31100623125016801929 -1.5758881463591563055 -2.5148946906549203284 3.2097114077027518359e-015 
4.2999999999997706723 0.31100623009424993581 -1.5758879121610922525 -2.5148946906549207725 2.8927729805713424929e-015 
4.3249999999997790212 0.31100621974613534837 -1.5758877180328874079 -2.5148946906549216607 2.8587529081436134963e-015 
4.3499999999997873701 0.31100621727016353191 -1.5758879616534433588 -2.514894690654923437 1.3824796294631588559e-015 
4.374999999999795719 0.31100621247575066519 -1.5758879986708367316 -2.5148946906549225488 1.4194295041644808939e-015 
4.3999999999998040678 0.31100621588532501027 -1.575887922117889417 -2.5148946906549238811 1.7839267613482583158e-015 
4.4249999999998124167 0.31100622209268996565 -1.5758879267727077256 -2.5148946906549243252 8.9574854585268101123e-016 
4.4499999999998207656 0.31100621903484881869 -1.5758879147513511487 -2.5148946906549238811 1.1318082405374369977e-015 
4.4749999999998291145 0.31100621700003489023 -1.5758879639194860456 -2.5148946906549252134 6.1788525145435622708e-016 
4.4999999999998374633 0.31100621208518425265 -1.5758879193111285932 -2.5148946906549247693 4.1550748248262995415e-016 
4.5249999999998458122 0.31100621105613496242 -1.5758878729553855713 -2.5148946906549247693 5.6318462538813481808e-016 
4.5499999999998541611 0.31100622073932354672 -1.5758880132978982935 -2.5148946906549256575 6.2774630708704094886e-016 
4.57499999999986251 0.31100622168993102834 -1.5758880639190011586 -2.5148946906549256575 2.4472317358395141694e-016 
4.5999999999998708589 0.31100621734376227012 -1.5758879764849009764 -2.5148946906549261016 2.088772362077570248e-016 
4.6249999999998792077 0.31100621744811463021 -1.5758879474626728001 -2.5148946906549252134 2.5924493460501610912e-016 
4.6499999999998875566 0.31100621549323459458 -1.575887932760068777 -2.5148946906549261016 2.1294893265498105219e-016 
4.6749999999998959055 0.31100621721878979331 -1.5758878885500324785 -2.5148946906549261016 1.604046495008786868e-016 
4.6999999999999042544 0.31100622049250259415 -1.5758878667409377261 -2.5148946906549265456 1.2350446423549443064e-016 
4.7249999999999126032 0.31100621773649944624 -1.5758879008517556741 -2.5148946906549256575 9.0388993833322406849e-017 
4.7499999999999209521 0.31100621661503741189 -1.5758879693553444756 -2.5148946906549261016 1.0568002129440761278e-016 
4.774999999999929301 0.31100621675701323188 -1.5758880006439146548 -2.5148946906549261016 7.8157405501078267541e-017 
4.7999999999999376499 0.3110062149468820758 -1.5758879994238843558 -2.5148946906549265456 4.0951096042170833526e-017 
4.8249999999999459988 0.31100621572657810576 -1.5758879838094381753 -2.5148946906549261016 5.5572176388891151626e-017 
4.8499999999999543476 0.31100621777642217802 -1.5758879342305591731 -2.5148946906549261016 4.5147450625788159057e-017 
4.8749999999999626965 0.31100621933991262624 -1.5758879129173792855 -2.5148946906549256575 3.2661510717810874765e-017 
4.8999999999999710454 0.31100621971805381127 -1.5758879328647383833 -2.5148946906549261016 2.508933603471412495e-017 
4.9249999999999793943 0.3110062175734693013 -1.5758879298524415269 -2.5148946906549261016 2.5573542749074201485e-017 
4.9499999999999877431 0.31100621626030583444 -1.5758879352563548437 -2.5148946906549265456 1.4393820664087226391e-017 
4.974999999999996092 0.31100621641956244234 -1.5758879595842925081 -2.5148946906549261016 1.7074049639598230869e-017 
