0.025000000000000015266 0.5939544142291366402 0.00047310261138434894779 -2.2480644262625815166 0.038928336217540764064 
0.05000000000000003747 0.57096752974072895181 0.016560342112716910923 -2.2582219151883511365 0.053770490650892933948 
0.075000000000000052736 0.43768015362979950655 -0.0045515758252828719677 -2.284100461125825543 0.08513337456861799768 
0.10000000000000007494 0.4053125056342442023 -0.051844496848672649847 -2.327776926755871223 0.10018388127078976801 
0.12500000000000008327 0.24926206071274326082 -0.41081073984862548354 -2.3563426558126936428 0.050265515736740179475 
0.15000000000000010547 0.23583101368893524818 -1.8376935046636404536 -2.3724733423831327883 0.039891216065756615605 
0.17500000000000012768 0.30482670387096855169 -2.2998805724450779309 -2.3886448096541004205 0.043039197857901209665 
0.20000000000000014988 0.25797837772444603965 -1.4039226562458275716 -2.4033043202558248552 0.024613482278568125927 
0.22500000000000017208 0.24953962675367061252 -1.6777738202075818119 -2.412000367782887178 0.026173510700693930486 
0.25000000000000016653 0.27945535434282270382 -1.2255904139207336456 -2.4246675740048870829 0.034003848068610099953 
0.27500000000000018874 0.29053199736303508827 -0.25662227234691270539 -2.4345808891963853782 0.016395146742972561277 
0.30000000000000021094 0.31129331695247014489 -0.46128435571120085523 -2.4396270253519234394 0.010803352331934714531 
0.32500000000000023315 0.30678945547299873997 -0.59820066829611029391 -2.4459283224511323418 0.020178550427427090208 
0.35000000000000025535 0.32138155746697971704 -1.2326455166400758223 -2.4535006282213620565 0.018002595471628555363 
0.37500000000000027756 0.33382928315160770305 -1.8364157802503933148 -2.4590701309201783431 0.011983336544291180517 
0.40000000000000029976 0.31453952102118226675 -1.2978782408057094599 -2.4647874908959228613 0.015723822776583594452 
0.42500000000000032196 0.33928366248566804719 -1.117179860472596431 -2.4712322504419828029 0.015223895865243199446 
0.45000000000000034417 0.34579408832839375609 -0.87089280865937945819 -2.4762124214071881134 0.011529847279196819496 
0.47500000000000036637 0.32657180763160259529 -0.7627348790561330194 -2.480390330664713705 0.010529901370212374143 
0.50000000000000033307 0.31783025507596246451 -1.1218009103436792362 -2.4850202212460765772 0.011702393021725964947 
0.52500000000000035527 0.29575594835748625355 -1.138373050738139991 -2.4899889539387047854 0.01389095231796374369 
0.55000000000000037748 0.28706661223513535441 -1.573981634946839181 -2.4954602908928751326 0.01316955544153732352 
0.57500000000000039968 0.29419019170076238234 -2.0389586379906883273 -2.4996101382135043067 0.0075328860237180899143 
0.60000000000000042188 0.29164856506969322192 -1.8985517580648829661 -2.5021402042885432238 0.0058188306342935661175 
0.62500000000000044409 0.3055004141639677262 -1.9341375130095848078 -2.5044440537298036098 0.0058290682513328570535 
0.65000000000000046629 0.31284155287104453702 -1.8132590023749464159 -2.5063280053449745743 0.0037670672586130587306 
0.6750000000000004885 0.30757851484001302866 -1.4266577784833729403 -2.5076716707824595609 0.0031373170507330481148 
0.7000000000000005107 0.31710574464389679195 -1.3722403430964000837 -2.5088643067583302759 0.0027268699069731188248 
0.72500000000000053291 0.31594717640556579941 -1.3768712489552070721 -2.5098847123812197957 0.0027680383821681122693 
0.75000000000000055511 0.30831758471099490748 -1.4533996609276063072 -2.5110464957613185533 0.0028737646355288084046 
0.77500000000000057732 0.30963712101986984315 -1.6274013190271796603 -2.5118886976896215302 0.0011400074575969093224 
0.80000000000000059952 0.30321204430175857647 -1.6726163871220105506 -2.5121596134847590243 0.00069995032272441649098 
0.82500000000000062172 0.30273304587220750683 -1.7573087969912390971 -2.5125812068810797761 0.0013310882060939463988 
0.85000000000000064393 0.30901410424998770887 -1.7691835319396302939 -2.5130684831305147853 0.0010880502619584227469 
0.87500000000000066613 0.30840567383892569797 -1.5967013092709789746 -2.5134638268015820906 0.00086836414854950954873 
0.90000000000000068834 0.31288682221355579305 -1.4930559371186775675 -2.5137413122547624944 0.0005400078061600038868 
0.92500000000000071054 0.31697699029057324616 -1.4656549823250175635 -2.5138968360092985854 0.00031298751325186188613 
0.95000000000000073275 0.3146496785141979502 -1.4839941230705839814 -2.5140277657984184678 0.00038124935854307495826 
0.97500000000000075495 0.31254874836994811504 -1.568974025260749805 -2.5142153368414259518 0.00051279852739934204519 
1.0000000000000006661 0.3067986658358118901 -1.616195136336934457 -2.5143781878130675445 0.00027913979038353664 
1.0249999999999979128 0.30447753531612831157 -1.6300620156429710406 -2.5144457179245849332 0.00013072206449985578698 
1.0499999999999951594 0.31012089108320223252 -1.6271700032150251403 -2.5145158672004179756 0.00020819830260087490064 
1.0749999999999924061 0.31297560095437720884 -1.5749052552797968563 -2.5145915508185021636 0.00015644654854402945338 
1.0999999999999896527 0.31312386776418615897 -1.547019453139141909 -2.5146423023073136704 0.00012152421042957966938 
1.1249999999999868994 0.31220513834818380827 -1.5497399764034627268 -2.5146905657964842007 0.00011663513269244834842 
1.149999999999984146 0.30977477383901624863 -1.5525413773089544733 -2.5147289150554033021 7.0921823835417888127e-005 
1.1749999999999813927 0.31000283321620253352 -1.5918283647659745572 -2.5147542378685039388 6.9607758829844283504e-005 
1.1999999999999786393 0.31061264682344069676 -1.6119785985503380932 -2.5147834308646390689 7.0102457428518363228e-005 
1.224999999999975886 0.3105543257235842125 -1.5916294331230380621 -2.5148031058130562165 3.1485745670188899155e-005 
1.2499999999999731326 0.31174430144918596763 -1.5875251208257941116 -2.5148160490822211166 3.7460259648754317178e-005 
1.2749999999999703792 0.31141401140966878947 -1.5689086067067623542 -2.5148318378619256563 4.0074735191143487866e-005 
1.2999999999999676259 0.31077412416540534101 -1.5439652102719987337 -2.5148445982596836501 2.3547009880205110172e-005 
1.3249999999999648725 0.31138340772848910332 -1.5534023051475140953 -2.5148521172857019046 1.7328863491483076473e-005 
1.3499999999999621192 0.31119527079104625233 -1.5657553407097752896 -2.5148600662220976787 2.1427384111555093399e-005 
1.3749999999999593658 0.3110379322861801521 -1.5824570026715303328 -2.5148668589572547027 1.2567946269829709011e-005 
1.3999999999999566125 0.31080536018267518328 -1.5986862813576898645 -2.5148709297713121025 1.0018327773171161772e-005 
1.4249999999999538591 0.31009293167429807792 -1.5904748316239794015 -2.514875466238931434 1.1430066175901065033e-005 
1.4499999999999511058 0.31056337530812366809 -1.5855708142531457217 -2.5148791020226450854 7.1754580452398495689e-006 
1.4749999999999483524 0.31119060877841736579 -1.5815395841133781385 -2.5148817079679379738 6.9334475204651447358e-006 
1.4999999999999455991 0.31127694117480714242 -1.5671902955610472752 -2.5148844444637754592 5.984814785511909041e-006 
1.5249999999999428457 0.31160126845350016866 -1.5631383493188018008 -2.5148861150091219585 2.55668575723695484e-006 
1.5499999999999400924 0.31143686733219066998 -1.5649233350742326465 -2.5148871940494670341 3.8254805990441156758e-006 
1.574999999999937339 0.311032877453869816 -1.5711346701224004896 -2.5148888455484805782 3.8180731409059105226e-006 
1.5999999999999345857 0.31085268950865718729 -1.5797538790103073936 -2.5148900454039146979 2.3108055816764877221e-006 
1.6249999999999318323 0.31050733598305035876 -1.5784564675056338423 -2.5148908314168076927 1.7219162333405647337e-006 
1.649999999999929079 0.31060763921002187971 -1.5791232801290142618 -2.514891430961034402 1.4582297360149092066e-006 
1.6749999999999263256 0.31105762916476925595 -1.5820328038180382357 -2.5148919780140528424 1.2922695190975684208e-006 
1.6999999999999235722 0.3111823858564022327 -1.5790055450183015928 -2.514892491448905254 1.2735198662312461635e-006 
1.7249999999999208189 0.3111866006747519009 -1.5772485397104194504 -2.5148929608034817917 1.0242776283893770579e-006 
1.7499999999999180655 0.31105235419359111848 -1.5744903162049368461 -2.5148932420442124958 4.791235657765590977e-007 
1.7749999999999153122 0.31095942717561164681 -1.572237248117107633 -2.5148934455844820235 6.4177836947849053294e-007 
1.7999999999999125588 0.31111552150219995427 -1.5741669785907617118 -2.5148937266520738909 6.3624063583934227074e-007 
1.8249999999999098055 0.31107024452273651649 -1.5734479141637194299 -2.5148939018099119025 2.9330929646472627878e-007 
1.8499999999999070521 0.31093202656157781227 -1.5736331819427034073 -2.5148940014740674975 2.7522218209613323624e-007 
1.8749999999999042988 0.31093454403851394918 -1.5768693708599093029 -2.5148941312344401666 3.435653998896935874e-007 
1.8999999999999015454 0.31089696030623420464 -1.5776062095518808004 -2.5148942552868005507 2.685300008636907863e-007 
1.9249999999998987921 0.31095511175446460816 -1.5778375504347812441 -2.5148943400618946065 1.7100343087564231632e-007 
1.9499999999998960387 0.31106422371883335476 -1.5776197960083138128 -2.5148943904880538547 9.1275458863974845794e-008 
1.9749999999998932854 0.31106579493088593047 -1.5758939315590210217 -2.514894428347164812 1.1232303461870261366e-007 
1.999999999999890532 0.31108319660621330804 -1.5755234901239716372 -2.5148944808215740743 1.437967213375862724e-007 
2.0249999999998880007 0.31103473146135035554 -1.5754882753017420693 -2.5148945322435247718 1.1078542771320843467e-007 
2.0499999999998852473 0.31094407951290509162 -1.5751296718458740465 -2.5148945629853414196 4.2747540406543480828e-008 
2.074999999999882494 0.3109682904206964027 -1.5755286909304677678 -2.5148945752473172988 3.2472680920463252117e-008 
2.0999999999998797406 0.31098873992991293846 -1.5756553084572657575 -2.5148945934711344208 5.6746844318787806375e-008 
2.1249999999998769873 0.31099481650009219713 -1.5755965608776556497 -2.5148946143453230206 4.7083358676417767958e-008 
2.1499999999998742339 0.31103262766850964249 -1.5756987484967095448 -2.5148946306091879421 3.36148223874316092e-008 
2.1749999999998714806 0.3110293305036672673 -1.5757205798222762017 -2.5148946416378823443 2.2346312767781358987e-008 
2.1999999999998687272 0.31102335648831930248 -1.5762163386884189276 -2.5148946487211127909 1.6385171393636445802e-008 
2.2249999999998659739 0.31101078327342412955 -1.5765995098143281705 -2.5148946553500013401 1.7349382423272357458e-008 
2.2499999999998632205 0.3109760042249981038 -1.5763415084155103507 -2.5148946622823511454 1.5841129431351651603e-008 
2.2749999999998604672 0.31098957955775480277 -1.576153432132759713 -2.5148946675453092148 1.1524994689513214893e-008 
2.2999999999998577138 0.31101052094403569548 -1.5759317357360109746 -2.5148946718507096953 1.093148545404784354e-008 
2.3249999999998549605 0.31100807766795413034 -1.5755669584372684611 -2.5148946756544110492 7.4104620359575237384e-009 
2.3499999999998522071 0.31101379328604183971 -1.5754190019810943024 -2.5148946779880554381 4.8143316282405242638e-009 
2.3749999999998494538 0.31100652517616272918 -1.5753722579166944406 -2.514894679782116782 4.6830482604613674088e-009 
2.3999999999998467004 0.31100546932591927041 -1.5756314576174403896 -2.5148946818046238327 5.6066510279110530816e-009 
2.4249999999998439471 0.311017976365594917 -1.5760916562427467191 -2.5148946837952497191 3.8736092941770910398e-009 
2.4499999999998411937 0.3110092916863391177 -1.5761694771776104673 -2.5148946850389584107 2.6961149045442329339e-009 
2.4749999999998384403 0.31100080698809901003 -1.5761617150465636605 -2.514894685974973676 2.1130097602866202454e-009 
2.499999999999835687 0.31099945319664062948 -1.5761834404193315606 -2.5148946866665631283 1.4771383574173465646e-009 
2.5249999999998329336 0.31099671716408056055 -1.5759508191188440485 -2.5148946873242699063 1.8924178984833371723e-009 
2.5499999999998301803 0.31100713841309723939 -1.5757756972882563939 -2.5148946880741598342 1.6796258893479964016e-009 
2.5749999999998274269 0.31101286057414817554 -1.5757094230946946389 -2.5148946885642766702 9.4214629193605418575e-010 
2.5999999999998246736 0.31100849563728455438 -1.5756781924860359112 -2.5148946889012138151 7.6866276182210756148e-010 
2.6249999999998219202 0.31100960739951133416 -1.5758242697125384169 -2.5148946891908043888 6.8427054158247755709e-010 
2.6499999999998191669 0.31100645060536630249 -1.5759197191207783284 -2.5148946894433961141 6.2529986894866754649e-010 
2.6749999999998164135 0.31100234508488600049 -1.5759291854369519292 -2.5148946896769470705 5.3452870958379586099e-010 
2.6999999999998136602 0.31100455944115329432 -1.5759729633917141101 -2.5148946898537185568 3.7035751046258553065e-010 
2.7249999999998109068 0.31100520894966882102 -1.5759349788692653682 -2.5148946900019013562 3.7121585805180074992e-010 
2.7499999999998081535 0.31100744033235205865 -1.5758972661343988442 -2.5148946901254682906 2.6201145599875769965e-010 
2.7749999999998054001 0.31100936742996593276 -1.5758896882860304878 -2.5148946902138735737 1.9107535127609607247e-010 
2.7999999999998026468 0.31100671620557834851 -1.5758550528598656015 -2.5148946902808226866 1.4675690605156620983e-010 
2.8249999999997998934 0.3110056316854840075 -1.5758763840689953284 -2.5148946903468956116 1.9977805506004356947e-010 
2.84999999999979714 0.3110045398225726454 -1.5758918280037659265 -2.5148946904200366603 1.4656081299851671644e-010 
2.8749999999997943867 0.311003671284879879 -1.5758832652711665112 -2.5148946904598403762 7.0292152390403721507e-011 
2.8999999999997916333 0.31100639099640176033 -1.5759019808790570849 -2.5148946904880284947 7.048981761280965925e-011 
2.92499999999978888 0.31100757275934187707 -1.5758852623509396196 -2.5148946905144873298 6.8407493401033168076e-011 
2.9499999999997861266 0.31100708985799180306 -1.5758738870478516958 -2.5148946905429969689 7.421337773530124092e-011 
2.9749999999997833733 0.3110069948145569585 -1.575884456771571962 -2.5148946905677607155 4.4356639987167909905e-011 
2.9999999999997806199 0.31100597643510041745 -1.5758692401774259118 -2.5148946905802302965 2.4795471849610668766e-011 
3.0249999999997778666 0.31100639412166164455 -1.5758808701848570077 -2.5148946905915186001 3.4541821448586142305e-011 
3.0499999999997751132 0.31100708011149486021 -1.5759037221110907545 -2.514894690604884353 2.9958256626938630336e-011 
3.0749999999997723599 0.3110057417433301219 -1.5759039590835735023 -2.514894690614462025 1.8407392992458218025e-011 
3.0999999999997696065 0.31100500791646101817 -1.5759106805976825783 -2.5148946906209102004 1.5114628494840900097e-011 
3.1249999999997668532 0.31100500884146170533 -1.5759003665809223627 -2.5148946906263480727 1.3720310550070058768e-011 
3.1499999999997640998 0.31100550515105035432 -1.5758791731572137085 -2.514894690631989338 1.3702453028408775934e-011 
3.1749999999997613465 0.31100707991385495577 -1.5758747863955255841 -2.5148946906366487219 9.6532298373716165225e-012 
3.1999999999997585931 0.31100762603741310963 -1.575868439944589694 -2.5148946906399061163 6.9111198989357340783e-012 
3.2249999999997558398 0.31100708345203464944 -1.5758698273707771875 -2.5148946906419515912 4.363284962395012686e-012 
3.2499999999997530864 0.31100648058672386576 -1.575885599037301521 -2.5148946906441613791 6.707685913777990139e-012 
3.274999999999750333 0.31100560645470881616 -1.5758971299351407502 -2.5148946906466584927 5.0613765725966215092e-012 
3.2999999999997475797 0.31100541001625481297 -1.5759046257884901099 -2.5148946906481040031 2.8565817834141532322e-012 
3.3249999999997448263 0.31100578376462834074 -1.5759032688018264068 -2.5148946906491640441 2.656959081819828179e-012 
3.349999999999742073 0.31100601278649209203 -1.5758923555024142438 -2.5148946906501778997 2.2297801123997385616e-012 
3.3749999999997393196 0.31100648228403748874 -1.5758844872589512498 -2.5148946906510132315 2.1468059676957281311e-012 
3.3999999999997365663 0.31100665140542621545 -1.5758792440293718506 -2.514894690651797049 1.7573039532096692405e-012 
3.4249999999997338129 0.31100636685726112951 -1.5758777572522664201 -2.5148946906523468314 1.0324427936624175961e-012 
3.4499999999997310596 0.31100624862219744537 -1.5758826872049089829 -2.5148946906527456235 1.0758368875604465955e-012 
3.4749999999997283062 0.31100615699309608342 -1.575887565573211857 -2.5148946906532039236 1.1463197101217712662e-012 
3.4999999999997255529 0.31100619130176304639 -1.5758916100309297015 -2.5148946906535347701 5.5099088147296906016e-013 
3.5249999999997227995 0.31100626896894717488 -1.5758939212518561224 -2.5148946906537168466 4.2878713015427578066e-013 
3.5499999999997200462 0.31100607862651530322 -1.5758916210538478353 -2.514894690653917575 5.8838621592903261363e-013 
3.5749999999997172928 0.31100604951373911344 -1.5758892745867205676 -2.5148946906541471691 5.1960627131252476959e-013 
3.5999999999997145395 0.31100619857156142078 -1.5758874628619183866 -2.5148946906542977153 2.7555479515147267711e-013 
3.6249999999997117861 0.31100627469157610117 -1.5758849888533046357 -2.5148946906543989677 2.3369957648897883181e-013 
3.6499999999997090327 0.31100639158701520737 -1.5758854259796144515 -2.5148946906544806801 1.7302511620475445622e-013 
3.6749999999997062794 0.31100635220260197666 -1.5758868548651734365 -2.5148946906545464053 1.9613791401184070853e-013 
3.699999999999703526 0.31100616169097938801 -1.5758876427029622214 -2.5148946906546325586 2.1051417927406263749e-013 
3.7249999999997007727 0.31100608907398241687 -1.5758893388438404148 -2.5148946906546973956 1.0892151411065225388e-013 
3.7499999999996980193 0.31100609621786934333 -1.5758892990058455119 -2.5148946906547289259 7.0834685670753075086e-014 
3.774999999999695266 0.31100619962524617135 -1.5758882476651039362 -2.5148946906547577917 8.2609368997840674043e-014 
3.7999999999996925126 0.31100632395004201847 -1.5758884252906000256 -2.5148946906547897662 6.5032290997093684291e-014 
3.8249999999996897593 0.31100629445423316755 -1.5758878383247212351 -2.5148946906548141911 6.3599855929514889155e-014 
3.8499999999996870059 0.31100622844141567747 -1.5758872242006538578 -2.5148946906548368396 5.3748067149170283044e-014 
3.8749999999996842526 0.31100619448637201181 -1.5758874957534625416 -2.5148946906548546032 3.2364784910965747589e-014 
3.8999999999996814992 0.31100617710529920856 -1.5758876301904483075 -2.5148946906548657054 2.394175632152291119e-014 
3.9249999999996787459 0.31100621496317626402 -1.5758880758247744147 -2.5148946906548750313 2.4476674169698873888e-014 
3.9499999999996759925 0.31100622761457386023 -1.5758881311050489948 -2.5148946906548843572 2.1946839243279722358e-014 
3.9749999999996732392 0.3110062057230306154 -1.5758878667186713152 -2.5148946906548923508 1.8659358641968638476e-014 
3.9999999999996704858 0.31100620940437528894 -1.5758883230660443164 -2.5148946906549007885 1.8587669635380713963e-014 
4.0249999999996788347 0.31100620749199819892 -1.5758883695634726685 -2.5148946906549052294 6.2112390019679173741e-015 
4.0499999999996871836 0.31100621724258908918 -1.5758879347178997854 -2.5148946906549065616 6.4788807833998082093e-015 
4.0749999999996955324 0.31100623937363003346 -1.5758877236030668367 -2.5148946906549101143 1.0230927241887977333e-014 
4.0999999999997038813 0.31100623430312274165 -1.5758875704677066665 -2.5148946906549141111 7.4534523307691575545e-015 
4.1249999999997122302 0.31100622968245955624 -1.575887794666790187 -2.5148946906549158875 5.0834485421598471863e-015 
4.1499999999997205791 0.31100621767602726342 -1.5758880091258236078 -2.5148946906549189961 3.604995634886747976e-015 
4.1749999999997289279 0.31100619210283803051 -1.5758879619852348419 -2.5148946906549189961 2.7226433789444498596e-015 
4.1999999999997372768 0.3110061974901673354 -1.5758881189210645068 -2.5148946906549203284 3.13092406744517107e-015 
4.2249999999997456257 0.31100621712037457289 -1.5758880873953071688 -2.5148946906549221048 2.9997568257961825561e-015 
4.2499999999997539746 0.31100622637729963271 -1.5758879148073159371 -2.5148946906549238811 1.5245284881916645845e-015 
4.2749999999997623235 0.31100622945823297449 -1.5758879502019800256 -2.5148946906549221048 1.3796653708151509163e-015 
4.2999999999997706723 0.31100621871060535328 -1.5758878933758264651 -2.514894690654923437 1.7174649853914252826e-015 
4.3249999999997790212 0.31100621213509838103 -1.5758878921397423412 -2.514894690654923437 9.0400563650909886733e-016 
4.3499999999997873701 0.31100621743682471676 -1.5758879958429496959 -2.5148946906549247693 5.5964870388302637278e-016 
4.374999999999795719 0.3110062178296307267 -1.5758879453513796598 -2.5148946906549247693 8.8741785786444202639e-016 
4.3999999999998040678 0.31100621973472059034 -1.5758879157811991334 -2.5148946906549256575 6.9228404311074049283e-016 
4.4249999999998124167 0.31100622054384330362 -1.5758879315196758775 -2.5148946906549261016 5.304261698177054093e-016 
4.4499999999998207656 0.31100621407814516006 -1.5758879132396408362 -2.5148946906549247693 3.0011184035787623916e-016 
4.4749999999998291145 0.31100621282396251344 -1.5758879417570921255 -2.5148946906549256575 1.9469745283856347472e-016 
4.4999999999998374633 0.31100621544569267973 -1.5758879558508989138 -2.5148946906549247693 3.330068652028412679e-016 
4.5249999999998458122 0.31100621810236472875 -1.5758879694301832775 -2.5148946906549252134 3.3452883027116541244e-016 
4.5499999999998541611 0.31100622087512619363 -1.5758880087154025773 -2.5148946906549256575 1.2895409364514069621e-016 
4.57499999999986251 0.31100621800793620819 -1.5758879834738044323 -2.5148946906549265456 9.4042329646308760387e-017 
4.5999999999998708589 0.31100621564531499841 -1.5758879382640893496 -2.5148946906549265456 1.320172644231261832e-016 
4.6249999999998792077 0.31100621754111579254 -1.5758879209618796846 -2.5148946906549256575 1.1500544939501031977e-016 
4.6499999999998875566 0.31100621795898425459 -1.5758879038785429394 -2.5148946906549265456 8.3487776422959659392e-017 
4.6749999999998959055 0.31100621850475218544 -1.5758879074430958145 -2.5148946906549256575 7.0645023238393524409e-017 
4.6999999999999042544 0.31100621828482027942 -1.575887927496585128 -2.5148946906549256575 4.0293931872505737223e-017 
4.7249999999999126032 0.31100621619346374702 -1.5758879552564617477 -2.5148946906549269897 4.5052089192794670134e-017 
4.7499999999999209521 0.31100621624456170622 -1.5758879879520870659 -2.5148946906549256575 4.7849519624625817358e-017 
4.774999999999929301 0.3110062164706930421 -1.5758879814730475388 -2.5148946906549265456 2.2926171828569205796e-017 
4.7999999999999376499 0.31100621628017965925 -1.5758879529537561659 -2.5148946906549265456 2.3982462109841562657e-017 
4.8249999999999459988 0.31100621778336867695 -1.5758879435769794775 -2.5148946906549261016 2.3181417256250049635e-017 
4.8499999999999543476 0.31100621857561550065 -1.5758879341584215439 -2.5148946906549252134 1.5623958742169203454e-017 
4.8749999999999626965 0.31100621843834613811 -1.5758879307027857664 -2.5148946906549265456 1.414993137121354662e-017 
4.8999999999999710454 0.31100621803019479206 -1.5758879399741871907 -2.5148946906549269897 1.1168276353344974569e-017 
4.9249999999999793943 0.31100621680828077764 -1.5758879409727120091 -2.5148946906549265456 7.9269458113027285564e-018 
4.9499999999999877431 0.31100621653241239395 -1.5758879477117564427 -2.5148946906549261016 7.9098700699936550023e-018 
4.974999999999996092 0.31100621699784425367 -1.5758879562971854771 -2.5148946906549261016 7.4695437341338116609e-018 
