0.025000000000000015266 0.59485020905815644277 0.00047915803339369789082 -2.2470158383962930415 0.039547921651216601246 
0.05000000000000003747 0.57126576250527150158 0.016792433354497093845 -2.2565665728040609217 0.055496979911193122792 
0.075000000000000052736 0.43506850746938957597 -0.0057240905323014956707 -2.2811858267881963691 0.088431212550372950698 
0.10000000000000007494 0.40081496577225816935 -0.052729076214984127446 -2.3227110711364171713 0.10339166713843629675 
0.12500000000000008327 0.24173668652531896117 -0.41130703137887136833 -2.3498118082147501084 0.052610242388843500572 
0.15000000000000010547 0.23108832353728667175 -1.9028783288192563372 -2.3657010770930098076 0.043745035235299885301 
0.17500000000000012768 0.30352655150028734488 -2.3979327335744540228 -2.3817909939412151843 0.046279193565632606444 
0.20000000000000014988 0.25037703320508047922 -1.4483804322897810835 -2.3962167736023283204 0.02595032737967469666 
0.22500000000000017208 0.23817801678316774527 -1.7766784264334465337 -2.4046903795968894713 0.028565578335484925754 
0.25000000000000016653 0.27024912372937964777 -1.2995822191839394577 -2.4175654852901122815 0.038265864243072982009 
0.27500000000000018874 0.28627061215970056596 -0.15544939043893091224 -2.4281748239567200187 0.020454283349859877367 
0.30000000000000021094 0.31247726085073490587 -0.30942240219855554617 -2.4339268290242639381 0.012218738258499728389 
0.32500000000000023315 0.30808397628945499713 -0.3794828176069591219 -2.4402844094125040186 0.022551109372406421411 
0.35000000000000025535 0.32142576494015778765 -1.0152323106776737216 -2.4484242153682260756 0.02274435776913214316 
0.37500000000000027756 0.32005098057992642513 -1.698032917612857684 -2.4553583332673958317 0.01749594798484014474 
0.40000000000000029976 0.29763002033458774154 -1.0994172783831679396 -2.4626911296254627715 0.020214285202030661537 
0.42500000000000032196 0.33289986084002459732 -0.94495332246965846323 -2.4698263913258071689 0.019688621218436574284 
0.45000000000000034417 0.32816342304774431815 -0.84913168402755090369 -2.477534945924444898 0.022064323892882816563 
0.47500000000000036637 0.29750665686736454951 -0.88506535015295917379 -2.4827609567829456161 0.0073441891134637653921 
0.50000000000000033307 0.31566312474043295433 -1.2754743507454127105 -2.4853245443559863759 0.0073682815433457971369 
0.52500000000000035527 0.32443411687720397074 -1.0370454691496751032 -2.4881951935360167028 0.0075590111157558016741 
0.55000000000000037748 0.32100643170571480089 -1.1491858490857098651 -2.4904937983357342546 0.0068888495509909150605 
0.57500000000000039968 0.32744419408897673662 -1.4043975055495974136 -2.4935089595987847133 0.00873170638953656153 
0.60000000000000042188 0.32465723380730282521 -1.0635303039480288323 -2.4960292516373288052 0.0043982916121189027936 
0.62500000000000044409 0.33378564717305159171 -0.95500868336452038321 -2.4974252148230831061 0.0044585673689142594697 
0.65000000000000046629 0.33720098707493206813 -0.92940253423948593348 -2.4990952173108085255 0.0043744440100276418132 
0.6750000000000004885 0.33016086167253816397 -0.93148759396340308214 -2.5004419454248507648 0.0031199400977985161133 
0.7000000000000005107 0.32966773583047898066 -1.2280123636118807084 -2.5018444482108059823 0.005157019830691505699 
0.72500000000000053291 0.31319955939480603746 -1.4233185321617125574 -2.5043834520658618814 0.0092687214863941130849 
0.75000000000000055511 0.28401023803867025963 -1.5618886549102661832 -2.50904718455309661 0.016732089335295300542 
0.77500000000000057732 0.25560505962732277263 -1.619081124426631213 -2.5150429902465241128 0.013067799272507783434 
0.80000000000000059952 0.24361980836643798431 -1.7058947068998979724 -2.5180292704645652613 0.0053374589271423392503 
0.82500000000000062172 0.25725470844978498564 -1.9400055529111104313 -2.5199457420496367277 0.0052379262284087428278 
0.85000000000000064393 0.26619964296028331141 -1.8913235357373676671 -2.5218379396370660395 0.0055941557094114514187 
0.87500000000000066613 0.27126489282260596303 -1.5457355174569133993 -2.5238544705254688516 0.0051766817016875221399 
0.90000000000000068834 0.27984238510660125465 -1.3396342558664173783 -2.5258862077228783072 0.0058864436184070815031 
0.92500000000000071054 0.28067126695271915615 -1.3365851503170067538 -2.5274697533840022601 0.0029091797407382814951 
0.95000000000000073275 0.27473980976065887072 -1.3524802333018226541 -2.5283903159572802544 0.0022169298755705573248 
0.97500000000000075495 0.26450397466692360249 -1.4976761832570957278 -2.5292034526541282702 0.0025672305451846558731 
1.0000000000000006661 0.26324484651290364079 -1.6920516922380242075 -2.5301298568058965266 0.0022246974597913151371 
1.0249999999999979128 0.27476302471217767254 -1.7128775019236104349 -2.5308747667052542418 0.0020314548940374805783 
1.0499999999999951594 0.27904872712035488913 -1.5339012535364653367 -2.5314683157232145128 0.0011492839447822952251 
1.0749999999999924061 0.2730852581296329129 -1.3859903846422834128 -2.5318433226645415957 0.00094470914215984960402 
1.0999999999999896527 0.27233149208709211964 -1.4339294892397693726 -2.5321553776856093876 0.0010308796266559428021 
1.1249999999999868994 0.27380733440491422659 -1.5084932098743790707 -2.5326210788986203148 0.001202471000971152941 
1.149999999999984146 0.2724459318298581012 -1.5438394425503672025 -2.5329142181790809119 0.00055738726061022969387 
1.1749999999999813927 0.2728384298764226501 -1.6025212303277101 -2.5330707459386228031 0.00029740529379040160944 
1.1999999999999786393 0.27317095922566136945 -1.5696848571905608338 -2.5332284478107389702 0.00066385877070954026763 
1.224999999999975886 0.27237725657490852171 -1.4859731288853692543 -2.5334590370998553155 0.00048223611825839047531 
1.2499999999999731326 0.27293435405780525072 -1.4913973311315931181 -2.5335921108420862424 0.00028452416769718776252 
1.2749999999999703792 0.27395904219080174924 -1.509063332171037608 -2.5336708667868124145 0.00019597832077712301689 
1.2999999999999676259 0.27576946299117593986 -1.5030398886326592489 -2.5337600364978292156 0.00027037884516162242815 
1.3249999999999648725 0.27567523050654657579 -1.5256596681787599756 -2.5338512929077001701 0.00023724440136114606742 
1.3499999999999621192 0.27191882658657484662 -1.5416683437572711313 -2.5339204058102806627 0.00013064126793367302208 
1.3749999999999593658 0.27108292128108912866 -1.5332022163995731034 -2.5339654377437623722 0.0001354695093667746843 
1.3999999999999566125 0.27314750417926980663 -1.5189061255840572429 -2.5340079312007657286 9.9266025879235313383e-005 
1.4249999999999538591 0.27428390485515408148 -1.5184289425004764418 -2.534048136702431897 0.00011316128476998406544 
1.4499999999999511058 0.27562574018421681643 -1.526173412676857799 -2.5340807866907639756 7.8458861134559574604e-005 
1.4749999999999483524 0.27513431917537212179 -1.5075680979077439314 -2.5341090047926164708 6.1135674967170998331e-005 
1.4999999999999455991 0.27272829122293595905 -1.50103784376022098 -2.5341245094392466086 4.4952920275622748256e-005 
1.5249999999999428457 0.27215036404018716487 -1.5304112423795381837 -2.5341447939685530777 5.3369555197226683553e-005 
1.5499999999999400924 0.27295859325606741663 -1.5341499747182945068 -2.534161801078171905 4.5100983302270138749e-005 
1.574999999999937339 0.27380201291117889362 -1.5171758891794082658 -2.5341743468809343476 2.2479505130932663171e-005 
1.5999999999999345857 0.27438929867334177493 -1.5209152635610703186 -2.534182705199385488 2.5706069318258880496e-005 
1.6249999999999318323 0.27421514682075964764 -1.5203196262583080767 -2.5341917043456105851 2.5075307934058056969e-005 
1.649999999999929079 0.27419167092600588154 -1.5139138839262096248 -2.5342006540895347655 2.0217473757791490845e-005 
1.6749999999999263256 0.27407265778515627064 -1.5241301513677045776 -2.5342059599329211927 1.263177671495156183e-005 
1.6999999999999235722 0.27321172517233160981 -1.5294402408340057598 -2.5342104962977933802 1.1469094324128353623e-005 
1.7249999999999208189 0.27320119285471883286 -1.5170054225887161792 -2.5342153303448977653 1.5133725754531678008e-005 
1.7499999999999180655 0.27382155794785323355 -1.5082416070401318819 -2.5342190563696807004 5.0525749322204249021e-006 
1.7749999999999153122 0.27361946505796586049 -1.515359404350005823 -2.534221225283470158 7.6963778666362289807e-006 
1.7999999999999125588 0.27348197233777232773 -1.5256928972456120785 -2.5342239873236844794 7.936030834445585659e-006 
1.8249999999999098055 0.27382566906020733288 -1.5260732506013927612 -2.5342266825231183347 5.0711881419182522278e-006 
1.8499999999999070521 0.27401238725054322121 -1.5249470822292026106 -2.5342277429618311757 2.7562015780166683153e-006 
1.8749999999999042988 0.27403335314756283037 -1.5246965135650420997 -2.5342291121149744804 4.055471299039156359e-006 
1.8999999999999015454 0.2738368006332275173 -1.51514621121070725 -2.5342305529495763317 3.8614074173418287279e-006 
1.9249999999998987921 0.27367155567932577309 -1.5104362220012883533 -2.5342316180728068353 2.0996271592117719275e-006 
1.9499999999998960387 0.27368981359381744367 -1.5201510305749859064 -2.5342323421472889855 1.7372244662598045811e-006 
1.9749999999998932854 0.27351262722142150041 -1.523844033872268966 -2.5342329014328655035 1.8591450833340173569e-006 
1.999999999999890532 0.27348324859525613428 -1.5195131646473187814 -2.5342336332415054123 1.6389125384853907989e-006 
2.0249999999998880007 0.27379553227908182134 -1.5215356615735500245 -2.5342341134471411124 1.270303956309703717e-006 
2.0499999999998852473 0.27389613997308109861 -1.5240489888724750855 -2.5342344722339258389 6.8799495413351053026e-007 
2.074999999999882494 0.27383850117715236028 -1.5202870687398992722 -2.5342347979067096908 1.0903910287665748049e-006 
2.0999999999998797406 0.27383758006912489735 -1.5173854070666230598 -2.5342350884536402056 5.5794441552110034003e-007 
2.1249999999998769873 0.27375681423149128557 -1.5191369113032342497 -2.5342353297797912681 7.0832179939382801536e-007 
2.1499999999998742339 0.27368617471043588107 -1.5206168360795011552 -2.5342355347477272254 4.8498280477241696743e-007 
2.1749999999998714806 0.27365784984785551659 -1.5192544735811392975 -2.5342356876558529422 2.9556011252003547123e-007 
2.1999999999998687272 0.27364954865888546642 -1.5198424262205367796 -2.5342357895569702642 3.6063473421091923833e-007 
2.2249999999998659739 0.27375455712399798802 -1.5222261691750029744 -2.5342359331889015017 3.7560867679092900651e-007 
2.2499999999998632205 0.27382717608798412545 -1.5207618104576439144 -2.53423604802404423 2.2496901922503004908e-007 
2.2749999999998604672 0.2737733934477352693 -1.5186876061888225919 -2.5342360975344995211 1.1884714627697587503e-007 
2.2999999999998577138 0.27372913131406784171 -1.5201555527667043322 -2.5342361562352451188 1.7177861920030345307e-007 
2.3249999999998549605 0.27372884855800810877 -1.5209386789439798271 -2.5342362212025322243 2.0381326211976878865e-007 
2.3499999999998522071 0.27375136216848955373 -1.520017218218349786 -2.5342362809222298559 9.1331018959329158965e-008 
2.3749999999998494538 0.27374813131602276917 -1.5202279395632678494 -2.5342363053915666349 7.6728030532033557236e-008 
2.3999999999998467004 0.27369343661317552252 -1.5204135575559520888 -2.5342363329042592035 7.0907870405977445778e-008 
2.4249999999998439471 0.27370277861589686896 -1.5196418411986583052 -2.5342363647639123414 9.498632430705473574e-008 
2.4499999999998411937 0.27377080822836241669 -1.5195664950857663555 -2.5342363888246870474 4.5554786646166301358e-008 
2.4749999999998384403 0.27378109180590748384 -1.5203570997424431521 -2.5342364067503866387 4.6582852860819526918e-008 
2.499999999999835687 0.27376310223214872508 -1.5207036086149963161 -2.5342364193031041708 3.0879587318890282325e-008 
2.5249999999998329336 0.27375238862255213412 -1.5203914439379693224 -2.534236432114156834 3.6581011757929841131e-008 
2.5499999999998301803 0.27372564547436589732 -1.5203410874415654863 -2.5342364448601992777 3.3075854374175941827e-008 
2.5749999999998274269 0.27370852013824759075 -1.5203311764090536862 -2.5342364541299216008 1.7616971100437516251e-008 
2.5999999999998246736 0.27371996999481851276 -1.5196771574563510132 -2.5342364599731252994 1.6066128355958264787e-008 
2.6249999999998219202 0.27374595190958722624 -1.5195960795127403387 -2.5342364655975657683 1.6896387248086128807e-008 
2.6499999999998191669 0.27375897752272260188 -1.5204835020843954219 -2.5342364723211794342 1.6384386510561328363e-008 
2.6749999999998164135 0.27374496653454871709 -1.5206513312190130804 -2.5342364767563525518 1.0191968377278911344e-008 
2.6999999999998136602 0.27373905702980089183 -1.5201362605062569422 -2.5342364796005263372 4.9458904983155855693e-009 
2.7249999999998109068 0.27375170731059456086 -1.5201015347563102686 -2.5342364819884579674 9.8799587075603711078e-009 
2.7499999999998081535 0.27375408098061310147 -1.5201846640387195464 -2.5342364855630923337 7.8501229766161652252e-009 
2.7749999999998054001 0.27374582853162360285 -1.5200320277509735689 -2.5342364877015430835 4.2684924019185266799e-009 
2.7999999999998026468 0.27373187923770747609 -1.5200712975877146427 -2.5342364888011710278 3.0444265308997860305e-009 
2.8249999999997998934 0.27371980785697619387 -1.5203138357452190554 -2.5342364904376011303 4.93328158605393075e-009 
2.84999999999979714 0.27372824329145450939 -1.520366731342766009 -2.5342364918201254476 3.0317968959404850596e-009 
2.8749999999997943867 0.27374436177905336898 -1.5201750286104498411 -2.5342364927416598519 2.0617563693415657659e-009 
2.8999999999997916333 0.27375200522084014443 -1.5201171946849507677 -2.534236493584351102 2.5644270583130227725e-009 
2.92499999999978888 0.27375622235550761685 -1.5201931848658496449 -2.5342364943013584444 1.478720947760367474e-009 
2.9499999999997861266 0.27375227141698604827 -1.5200869232842819656 -2.5342364948856941353 1.568870468865707912e-009 
2.9749999999997833733 0.27373954687244478334 -1.5200417216402799525 -2.5342364953273901484 1.1818040287645353988e-009 
2.9999999999997806199 0.27373018226220396931 -1.5202389590808287334 -2.5342364958062661984 1.117218257026129876e-009 
3.0249999999997778666 0.27373022649219025393 -1.5203229555983293064 -2.5342364961211258922 8.8489212789570805479e-010 
3.0499999999997751132 0.27373861788773345971 -1.5202528138222612952 -2.5342364964061196986 5.3488412580322948351e-010 
3.0749999999997723599 0.27374538791578545416 -1.5202182147691334357 -2.5342364966184800501 7.4922089814957153521e-010 
3.0999999999997696065 0.27374558514313590551 -1.5201443031523393934 -2.5342364968527029134 4.7607109737291080167e-010 
3.1249999999997668532 0.27374608822991280954 -1.5200518745109017349 -2.5342364970084658715 3.7483891498013861348e-010 
3.1499999999997640998 0.27374454340231424432 -1.5200940346783720081 -2.534236497125013976 3.5405468178906370568e-010 
3.1749999999997613465 0.27373928064791347436 -1.5202237573718866415 -2.5342364972636151066 3.1847256222909646486e-010 
3.1999999999997585931 0.2737381646227502463 -1.5202802738243310632 -2.5342364973543842765 2.2780690065978490584e-010 
3.2249999999997558398 0.27373929988808026748 -1.5202286987056270462 -2.5342364974239006692 1.6712826300253797863e-010 
3.2499999999997530864 0.27373948692343896827 -1.5201796164003473777 -2.5342364975013556005 2.2777633003880107986e-010 
3.274999999999750333 0.27374213249621642818 -1.5201694022494625091 -2.5342364975549283024 9.6935691308955504077e-011 
3.2999999999997475797 0.27374441205620664297 -1.5201382223588142395 -2.534236497597866844 1.1721483024620181586e-010 
3.3249999999997448263 0.2737435327722863021 -1.5201389856011628954 -2.5342364976341134053 1.1507925051546107384e-010 
3.349999999999742073 0.27374176134547067996 -1.5201982291762627941 -2.5342364976772966401 8.4824642706592764261e-011 
3.3749999999997393196 0.27374009543409577594 -1.5202117575994724685 -2.5342364976976061719 5.2430214362415667058e-011 
3.3999999999997365663 0.27373964531235711606 -1.5201880473284086204 -2.5342364977161837558 4.8085003244174982659e-011 
3.4249999999997338129 0.27374035837530025228 -1.5201943176594301388 -2.5342364977382536573 6.9288729778963540938e-011 
3.4499999999997310596 0.27374122397278516372 -1.5201920966100326282 -2.5342364977574738383 3.5687315357461587146e-011 
3.4749999999997283062 0.27374264715046014995 -1.5201678628132029303 -2.5342364977679654459 2.3302842616688361566e-011 
3.4999999999997255529 0.27374284084061134559 -1.5201617584113633619 -2.5342364977764204603 2.8649870290811356608e-011 
3.5249999999997227995 0.27374143337002482257 -1.520175831205177186 -2.5342364977871456588 2.5213335376323928254e-011 
3.5499999999997200462 0.27374123551446127856 -1.5201889851447885071 -2.5342364977957840821 2.3458264477943718916e-011 
3.5749999999997172928 0.27374133033075537247 -1.5201913833312534763 -2.5342364978018072641 1.086757083773166145e-011 
3.5999999999997145395 0.27374050878259681419 -1.520191456793159368 -2.5342364978063853798 1.324559794652268745e-011 
3.6249999999997117861 0.27374081953516488097 -1.520188330288498868 -2.5342364978102640549 1.0696118568686418214e-011 
3.6499999999997090327 0.27374193721123557532 -1.520174325935777393 -2.5342364978149398702 1.2122823566124618479e-011 
3.6749999999997062794 0.27374214311799877075 -1.5201714231179623837 -2.5342364978180298429 6.7573404613834138388e-012 
3.699999999999703526 0.27374163291230935169 -1.5201837613013733375 -2.5342364978203160142 4.8027975591014495915e-012 
3.7249999999997007727 0.273741071184861684 -1.5201847924226334907 -2.5342364978219400484 5.5576949372503036805e-012 
3.7499999999996980193 0.27374106453260765859 -1.520181880797573104 -2.5342364978241422868 5.7997980696481479848e-012 
3.774999999999695266 0.2737414253198160452 -1.5201872031074048497 -2.5342364978260065733 3.9962576267802861653e-012 
3.7999999999996925126 0.27374148587946217637 -1.520184432827515586 -2.5342364978268601128 1.4370601591958030422e-012 
3.8249999999996897593 0.27374156846240282892 -1.5201774022975400591 -2.53423649782759286 2.7863228557552272671e-012 
3.8499999999996870059 0.27374164526460637026 -1.5201816587400438507 -2.5342364978288043353 3.4837304726175595004e-012 
3.8749999999996842526 0.27374136302046575553 -1.5201868626681316332 -2.5342364978296707534 1.1463173171517367805e-012 
3.8999999999996814992 0.27374125011993338807 -1.520182528248277265 -2.5342364978300286893 1.2234134006549356769e-012 
3.9249999999996787459 0.2737413881471256194 -1.5201779984628427389 -2.5342364978304745549 1.2383774992041496517e-012 
3.9499999999996759925 0.27374141828616427308 -1.520181170704288931 -2.5342364978310034651 1.423566046817816497e-012 
3.9749999999996732392 0.27374144654944093658 -1.5201847118493967415 -2.5342364978313649537 7.8299497806521673778e-013 
3.9999999999996704858 0.27374141485859065925 -1.520182665143085865 -2.5342364978316496149 6.2255415129041819461e-013 
4.0249999999996788347 0.27374134442332426209 -1.5201826636550141991 -2.5342364978318339119 5.8305745674087897218e-013 
4.0499999999996871836 0.27374145896810214706 -1.5201854444493485552 -2.5342364978320599533 5.4217446097260782053e-013 
4.0749999999996955324 0.27374155446115255863 -1.5201824988077519141 -2.534236497832242474 4.9147385909474705987e-013 
4.0999999999997038813 0.27374148841050688352 -1.5201789222632275944 -2.5342364978323814739 3.0242858529003421683e-013 
4.1249999999997122302 0.27374140471631280835 -1.5201813449464152139 -2.5342364978324969371 2.8876021982372274178e-013 
4.1499999999997205791 0.27374134744864292434 -1.5201832511246040625 -2.534236497832575985 2.233379822461551298e-013 
4.1749999999997289279 0.27374135313973174677 -1.5201824508181522866 -2.5342364978326723524 2.3998832056622852482e-013 
4.1999999999997372768 0.27374139284198345523 -1.5201830422277440302 -2.5342364978327469593 1.9816209683253947676e-013 
4.2249999999997456257 0.27374141080095504286 -1.520183785972297752 -2.5342364978327953651 6.732443273334370923e-014 
4.2499999999997539746 0.27374146557650830269 -1.520182713558533294 -2.5342364978328353331 1.633729647263533201e-013 
4.2749999999997623235 0.27374149236595329837 -1.5201816722185133024 -2.5342364978328859593 1.0347258286097855856e-013 
4.2999999999997706723 0.2737414332724550925 -1.5201819810067513927 -2.5342364978329201541 7.568049050804873752e-014 
4.3249999999997790212 0.27374140541918473568 -1.5201821535227155735 -2.5342364978329396941 5.4883570017037170702e-014 
4.3499999999997873701 0.27374142089226088936 -1.5201816371904657288 -2.5342364978329645631 6.9905755949062048453e-014 
4.374999999999795719 0.2737414176726939985 -1.5201824020919145752 -2.5342364978329858793 5.4063483077407086475e-014 
4.3999999999998040678 0.27374140786551859339 -1.5201837277643697188 -2.5342364978330005343 2.6994438692650188793e-014 
4.4249999999998124167 0.27374139873748554175 -1.5201831405820978027 -2.5342364978330134129 3.876971009353860462e-014 
4.4499999999998207656 0.27374140852888451114 -1.5201820412652171655 -2.5342364978330254033 3.1159398236999663148e-014 
4.4749999999998291145 0.27374143982776560913 -1.5201820520730575659 -2.5342364978330356173 1.8890639727417435531e-014 
4.4999999999998374633 0.27374145095448543241 -1.5201820265912018293 -2.5342364978330400582 1.8953201840800177973e-014 
4.5249999999998458122 0.27374144012570805762 -1.5201820346912615634 -2.5342364978330480518 1.8224839753034455812e-014 
4.5499999999998541611 0.27374142132246603865 -1.5201827405640808699 -2.5342364978330542691 1.5625595862738066474e-014 
4.57499999999986251 0.27374140410246305954 -1.5201830589164990748 -2.5342364978330578218 6.754826369322212304e-015 
4.5999999999998708589 0.27374140817720432617 -1.5201825196382179328 -2.5342364978330609304 1.1339840714896313653e-014 
4.6249999999998792077 0.2737414187184131209 -1.5201821050663677504 -2.5342364978330644831 7.5762358322567434831e-015 
4.6499999999998875566 0.27374142392947609093 -1.5201822738271908442 -2.5342364978330675918 7.5882813453491909286e-015 
4.6749999999998959055 0.27374143366913444853 -1.5201824961269916336 -2.5342364978330698122 4.6814538126926533212e-015 
4.6999999999999042544 0.27374143315849414071 -1.5201824388588793813 -2.5342364978330711445 4.0141268369982534891e-015 
4.7249999999999126032 0.27374142269900120228 -1.5201824507185643931 -2.5342364978330724767 4.3178882842997375942e-015 
4.7499999999999209521 0.27374142110703492126 -1.520182534510906347 -2.5342364978330746972 3.1034187671704869561e-015 
4.774999999999929301 0.27374142112920113457 -1.52018239297695823 -2.5342364978330760295 2.9716915359951311657e-015 
4.7999999999999376499 0.27374141755678366161 -1.5201823563295167041 -2.5342364978330773617 1.9027873127842687807e-015 
4.8249999999999459988 0.27374141683332264829 -1.5201825103955926011 -2.5342364978330769176 1.3546287590625339814e-015 
4.8499999999999543476 0.27374142059845568697 -1.5201824487303818856 -2.5342364978330773617 2.22832544062817161e-015 
4.8749999999999626965 0.27374142759644121137 -1.5201823511128771393 -2.5342364978330773617 1.2688035347861535968e-015 
4.8999999999999710454 0.2737414284277447929 -1.5201824510678725311 -2.534236497833078694 7.180059488447096006e-016 
4.9249999999999793943 0.27374142402438833566 -1.5201824962210199743 -2.5342364978330791381 7.9118278591844468128e-016 
4.9499999999999877431 0.27374142566335718518 -1.5201824352166217746 -2.5342364978330795822 1.1340669528601740323e-015 
4.974999999999996092 0.27374142583001087603 -1.5201824110634620801 -2.5342364978330791381 5.37314839158337937e-016 
