0.025000000000000015266 0.59500541236743964557 0.00048021067045527984773 -2.2468327874743287964 0.039656029852292266902 
0.05000000000000003747 0.57131780712791702115 0.016832820035103321366 -2.2562753038139105044 0.055800350356072545011 
0.075000000000000052736 0.43461090422738823946 -0.0059327237127941856443 -2.2806648583151889476 0.089013823774679409762 
0.10000000000000007494 0.40002231533167376121 -0.052870460818587927676 -2.3217991275082217051 0.10396276014442298874 
0.12500000000000008327 0.24041323985978882427 -0.41129028886184137992 -2.3486373792956727335 0.05303618261788924787 
0.15000000000000010547 0.2302618285931245512 -1.9142954520439483534 -2.3644773283894613414 0.044458315207268991887 
0.17500000000000012768 0.30332541464344675575 -2.4153789156955456363 -2.3805460540519098878 0.046881781451903047075 
0.20000000000000014988 0.24905974456057808353 -1.4563386840280259094 -2.3949331580302861688 0.026232581187272167866 
0.22500000000000017208 0.23622307579483589612 -1.7949406424722140763 -2.4033807051325606352 0.029059400210957844063 
0.25000000000000016653 0.268828291304237188 -1.3150297820973966267 -2.4163061399998326806 0.039152702007771121584 
0.27500000000000018874 0.28608857843366486406 -0.13823994620995472271 -2.4271142354130708085 0.021655579597418019022 
0.30000000000000021094 0.31420334597618843064 -0.2769838415900527373 -2.4332327749108189074 0.013437724531687976481 
0.32500000000000023315 0.31181811317968077812 -0.32660249847185229832 -2.4400814002454254137 0.024926566247873684079 
0.35000000000000025535 0.33015710821012900222 -0.95193339425683032307 -2.4493529043481006013 0.027605025523833631035 
0.37500000000000027756 0.33405751138255990185 -1.6515165964518261354 -2.4579318444228088758 0.020999721018697049824 
0.40000000000000029976 0.30168994113679364899 -1.1156817189369343524 -2.4651280763789467088 0.017744475300614827307 
0.42500000000000032196 0.3174951838811890803 -1.1497179019160004287 -2.472324746815684815 0.023239140977781205105 
0.45000000000000034417 0.31180349476784496865 -1.1511715595936087286 -2.4796056474830585614 0.015313316921846646321 
0.47500000000000036637 0.29535275798851867712 -0.93670761717345607522 -2.4827176767092535847 0.0060239544461627566804 
0.50000000000000033307 0.33491281360422286983 -1.157385896054033303 -2.4860305236284356845 0.009753824217643630029 
0.52500000000000035527 0.34294305344651898615 -0.94923671998870307043 -2.4889090846867611972 0.0075230005177841959008 
0.55000000000000037748 0.32537529252253466483 -1.1661015589185499408 -2.4916620715067105962 0.0088302215002652364312 
0.57500000000000039968 0.33110522159331789993 -1.5323712055982305902 -2.4948362054504498175 0.0074099001460112487449 
0.60000000000000042188 0.31771866392336450824 -1.1457894047315546615 -2.4968246795896895662 0.0041639176929861229648 
0.62500000000000044409 0.32006511002261245347 -1.0385671722597327182 -2.4985099185025556601 0.0059398807379318682015 
0.65000000000000046629 0.33087652505628373234 -1.0528138727351348258 -2.50073724441601275 0.006536540416392581411 
0.6750000000000004885 0.31075195889761120238 -1.0515274389262168064 -2.5040503920065693144 0.013800299058991639944 
0.7000000000000005107 0.27571910867355142738 -1.4436474379402668422 -2.510864714484638327 0.021028395693057932297 
0.72500000000000053291 0.24426783677383015481 -1.9003939290582003707 -2.5160371299966972636 0.0078141215783429241598 
0.75000000000000055511 0.24722679196907995647 -2.2791022202918949091 -2.5182591293474789751 0.0054975406270026281816 
0.77500000000000057732 0.2628047040716787186 -2.3097915141037850262 -2.5195133930614392881 0.0022437966015067078822 
0.80000000000000059952 0.25615140764286581376 -1.9229369070238702122 -2.5208141810332107546 0.0050654813733036017226 
0.82500000000000062172 0.25891602750700692948 -1.5082748765013263004 -2.5229629196543408298 0.0072796687793083101475 
0.85000000000000064393 0.28300942134022744057 -1.3498554699789184763 -2.5256702967580322294 0.006444401235178133687 
0.87500000000000066613 0.29520607189513348168 -1.3238789721878263528 -2.5270920318368053081 0.0021914057910637036938 
0.90000000000000068834 0.28496871188896244487 -1.323894522222044845 -2.5278668299296032096 0.0025946326556926381339 
0.92500000000000071054 0.2653308363182481644 -1.470569490314015404 -2.5289419726578077352 0.0030884842763923589341 
0.95000000000000073275 0.25965923737789153858 -1.6547622824064087688 -2.5298490277975189677 0.0020563747983908049928 
0.97500000000000075495 0.26962475672072627741 -1.7231851646690425905 -2.5305991670595995302 0.0021781565347990809907 
1.0000000000000006661 0.2752537694645188493 -1.6221741285278907796 -2.5312399928212272471 0.0012574244715237517262 
1.0249999999999979128 0.27609431554392233066 -1.4972633575826801433 -2.5316104028406098969 0.0010907004231379120816 
1.0499999999999951594 0.27487588168488447105 -1.4460747064455750088 -2.5320434875344668413 0.0012166435364326462411 
1.0749999999999924061 0.27137410717300797236 -1.3968182907490800382 -2.5324467046637315626 0.0010318536545250768261 
1.0999999999999896527 0.27295836149519320246 -1.460019394611750787 -2.5327670518199596472 0.00075793001299344537908 
1.1249999999999868994 0.27457224422492060301 -1.6018447364740742156 -2.5329730092177240586 0.00040580147748795034231 
1.149999999999984146 0.27206073115396145479 -1.6142340086780055941 -2.5331364467261869855 0.00061420358916649208346 
1.1749999999999813927 0.27234216135734512498 -1.5554711367538482936 -2.5333745433538732428 0.0005789827402319790324 
1.1999999999999786393 0.27396762662068530059 -1.4922191586725059853 -2.5335152592521885673 0.00027704340543361174239 
1.224999999999975886 0.27484035086554425842 -1.4449553084992472485 -2.533612465962030047 0.00026637028924912778188 
1.2499999999999731326 0.27565719731490329059 -1.475282051389664062 -2.5337069697630636433 0.00028301921492488330565 
1.2749999999999703792 0.27294822079179614782 -1.5246278307283822606 -2.533811161803528833 0.00026285583330197076447 
1.2999999999999676259 0.27048998944967661551 -1.5693384239631589239 -2.5338793057656614494 0.00013990807788122902947 
1.3249999999999648725 0.27193128577097791521 -1.5765900698420176607 -2.5339301606884427898 0.0001507601649423722062 
1.3499999999999621192 0.27368549864526159343 -1.514702646379224138 -2.5339825324369247284 0.00013460361420133707343 
1.3749999999999593658 0.27553330403924147785 -1.493862061484524606 -2.5340245650960153689 0.00010534789003081457151 
1.3999999999999566125 0.27619337351799816416 -1.5191826052527344082 -2.534059955534612385 9.1719937386461469352e-005 
1.4249999999999538591 0.27393216805314607454 -1.512403337853315044 -2.5340885779085184915 6.9601612710489386927e-005 
1.4499999999999511058 0.27274844889005439574 -1.5060962046376165091 -2.5341125281417404835 6.5974577968898356255e-005 
1.4749999999999483524 0.27301735595420784097 -1.5155189884915791776 -2.5341333186586663118 4.7645480022634741448e-005 
1.4999999999999455991 0.27287733387452078881 -1.5218347907763369875 -2.5341481268117949099 4.1546242402230617295e-005 
1.5249999999999428457 0.27322336419959997178 -1.5302078923345885375 -2.534164573229751749 4.4210359464384743297e-005 
1.5499999999999400924 0.2733864359277646261 -1.5334128972313050276 -2.5341761227863854877 2.4491261484469053046e-005 
1.574999999999937339 0.273839194654043383 -1.5291455980196348996 -2.5341853984718785142 2.6736801069521100527e-005 
1.5999999999999345857 0.27505631096046567752 -1.5220349879889885081 -2.5341938259130714073 2.0756102553196850079e-005 
1.6249999999999318323 0.27461848121076837259 -1.5111581396169964098 -2.5342010397678449429 1.9043508690109194244e-005 
1.649999999999929079 0.27337664328725563845 -1.5091807480268557562 -2.53420667216753559 1.3692366207521171218e-005 
1.6749999999999263256 0.27335632713925778203 -1.5173049074516131718 -2.5342117466030775752 1.4196414580598494941e-005 
1.6999999999999235722 0.27342698049152430739 -1.5181328903444955003 -2.5342159938979316181 8.8466957111268556174e-006 
1.7249999999999208189 0.27333325905190714034 -1.5183234448498350577 -2.5342185593856996206 7.4128492733632000037e-006 
1.7499999999999180655 0.27354018847420447091 -1.525668733740757288 -2.5342218003948913108 9.962558051287580919e-006 
1.7749999999999153122 0.27375376078988999939 -1.5272342222199792872 -2.534224864584009751 6.1444935856550225622e-006 
1.7999999999999125588 0.27411198575124934296 -1.525627130574288115 -2.5342262280924421347 2.8668403266197602221e-006 
1.8249999999999098055 0.27412818326306376271 -1.5230536516883241838 -2.5342276133715775366 4.7945703627135258056e-006 
1.8499999999999070521 0.27372116161964071823 -1.5157204278337201853 -2.5342293658973282788 4.8165837586089399548e-006 
1.8749999999999042988 0.27370195889904463948 -1.5135356762765870275 -2.5342308694728732377 3.0555184769015296812e-006 
1.8999999999999015454 0.27368194341603568898 -1.5153782913247788589 -2.5342314479118104309 9.3883805576494898948e-007 
1.9249999999998987921 0.27349008021561366233 -1.5174785908773609222 -2.5342320815126537781 2.695493373229706294e-006 
1.9499999999998960387 0.27366426165411378291 -1.5231722481858704921 -2.5342330797097871731 2.3844847246979833769e-006 
1.9749999999998932854 0.27379811227031086718 -1.5259955195238337211 -2.5342336807104017815 1.1896329737428600482e-006 
1.999999999999890532 0.27373709022623216036 -1.5246443807874507925 -2.5342340372425895545 8.8096812043473784986e-007 
2.0249999999998880007 0.27381635732919135107 -1.5213568077152037628 -2.5342343889824876513 1.134845475274513238e-006 
2.0499999999998852473 0.2738593069620202658 -1.516084151724280904 -2.534234783801919022 9.7441920729738569245e-007 
2.074999999999882494 0.27382698900968860389 -1.5158529575923520571 -2.5342350873790033816 7.6521212344500679085e-007 
2.0999999999998797406 0.27373649880716571792 -1.5198856729275183053 -2.5342353219870163983 5.456807073517788416e-007 
2.1249999999998769873 0.27354993334795962845 -1.5214005063443600818 -2.5342354928554056137 4.0641195635852257588e-007 
2.1499999999998742339 0.27357656148106401783 -1.5215490099599187079 -2.5342356244210990646 4.1030911275872598487e-007 
2.1749999999998714806 0.27378485747593006572 -1.521182663508311883 -2.5342358039722685525 5.1197184851291357958e-007 
2.1999999999998687272 0.27386447664679469671 -1.5199087971799034591 -2.5342359352001189166 2.3141942642617824752e-007 
2.2249999999998659739 0.27383655782763260955 -1.519463706003713277 -2.5342360048828616037 1.8653992700571816195e-007 
2.2499999999998632205 0.27375582375682028236 -1.5198649498866116936 -2.5342360704730961807 1.9228843445350307489e-007 
2.2749999999998604672 0.27370187841920667893 -1.5203816001156038595 -2.5342361513863034261 2.5111437549456831531e-007 
2.2999999999998577138 0.27374246835525717358 -1.5205978372190482872 -2.5342362264223647905 1.3982235459272780209e-007 
2.3249999999998549605 0.27372060191051073019 -1.5201152518753389131 -2.5342362571387044845 6.5900460995754689929e-008 
2.3499999999998522071 0.27365607566175464971 -1.5199816097654399449 -2.5342362877683952682 1.0734230500884572775e-007 
2.3749999999998494538 0.27369845819743793269 -1.52048760828163676 -2.5342363287413225414 1.1264339886911669699e-007 
2.3999999999998467004 0.27377438051475461167 -1.5201859998782842887 -2.5342363627400348314 7.2002682594006468664e-008 
2.4249999999998439471 0.27381016144332392948 -1.5196563983677560117 -2.5342363811932306916 3.9947662756822250488e-008 
2.4499999999998411937 0.27380093238836383795 -1.519945908484543029 -2.5342363960010452217 4.6675139808502193417e-008 
2.4749999999998384403 0.27374591480125320953 -1.5202566999706332851 -2.5342364147445155531 5.3135331548897012202e-008 
2.499999999999835687 0.27371166519679018814 -1.5205944480547692876 -2.5342364301647073432 3.3202309953934981378e-008 
2.5249999999998329336 0.2737091036800737287 -1.5207143563702967271 -2.5342364410068269898 2.9520081677224491937e-008 
2.5499999999998301803 0.27371187044053230109 -1.5200687455618890898 -2.5342364496012317332 1.7283019702036410775e-008 
2.5749999999998274269 0.27373572365940579409 -1.5197494629530527988 -2.5342364561281915947 2.2525186225951532416e-008 
2.5999999999998246736 0.27375028012058510996 -1.5199962530794184357 -2.5342364643013635117 2.0406019161007282023e-008 
2.6249999999998219202 0.273746111664068148 -1.5202112789072019794 -2.5342364703117867819 1.3901810312498793444e-008 
2.6499999999998191669 0.27375703262008965755 -1.5203535441478870371 -2.534236474391267091 8.7434818616737434072e-009 
2.6749999999998164135 0.27376312977956190897 -1.5202383422296152915 -2.5342364773404786327 9.6929272026496955418e-009 
2.6999999999998136602 0.27375120958021720297 -1.5201451780029575644 -2.5342364813335787055 1.1124796658013824264e-008 
2.7249999999998109068 0.27373509126626566212 -1.5201741815955258641 -2.5342364844404596802 6.0798996185921820528e-009 
2.7499999999998081535 0.2737200830392482187 -1.5200739396035811701 -2.5342364861476602833 4.3630195592322822986e-009 
2.7749999999998054001 0.27372441358238519538 -1.5201998810132006934 -2.5342364879515972831 5.8162337149515383722e-009 
2.7999999999998026468 0.27374012594223895434 -1.5203820978671491737 -2.5342364898692713027 4.3154157408923198659e-009 
2.8249999999997998934 0.27374488456495293942 -1.5202324483584994663 -2.534236491115467782 2.9423832116972943357e-009 
2.84999999999979714 0.27374959897717049406 -1.520100119413953621 -2.5342364920464168776 2.5824741647955994522e-009 
2.8749999999997943867 0.27375382092497901887 -1.5200913775050299837 -2.5342364931186169841 3.1687929732176614139e-009 
2.8999999999997916333 0.27374836452446943413 -1.5200695862703952344 -2.534236493977241711 1.4441593512646103721e-009 
2.92499999999978888 0.27374104473762223 -1.5201392439533250034 -2.5342364944002309102 1.4564524221216323446e-009 
2.9499999999997861266 0.2737325834835936389 -1.5202709437873154208 -2.5342364950590492434 1.8799977928473624635e-009 
2.9749999999997833733 0.27372905474961994887 -1.5203220018872609653 -2.5342364955644072211 1.0126085825292918346e-009 
2.9999999999997806199 0.27373750924465317658 -1.5202655055729534794 -2.5342364958938286001 8.5213199670207241155e-010 
3.0249999999997778666 0.27374552045743666406 -1.5201561544729436104 -2.5342364961715779792 7.9463932904320222397e-010 
3.0499999999997751132 0.27374811995531522779 -1.5200908769590188996 -2.5342364964736217026 8.0790423300593267255e-010 
3.0749999999997723599 0.27374790404121590592 -1.5200934789920452772 -2.5342364967162569478 5.6627348423796892266e-010 
3.0999999999997696065 0.27374328786053847562 -1.5201215318141936272 -2.5342364968845174644 3.9420800314070108827e-010 
3.1249999999997668532 0.2737394590192007704 -1.5202083485912996075 -2.5342364970282047487 4.2419824947634974989e-010 
3.1499999999997640998 0.2737371503315578769 -1.5202894656207188717 -2.5342364971633752901 3.1929975461105773012e-010 
3.1749999999997613465 0.2737351084734251927 -1.5202487285276888862 -2.534236497275350164 3.2023133158291305461e-010 
3.1999999999997585931 0.27373935873210708536 -1.5201890376080660072 -2.5342364973770541425 2.3021354951729486952e-010 
3.2249999999997558398 0.27374551597848345574 -1.5201590404561799996 -2.5342364974437709968 1.6377470727632066921e-010 
3.2499999999997530864 0.2737461951772876545 -1.5201087172536549286 -2.5342364975005575722 1.4999906395261260783e-010 
3.274999999999750333 0.2737442036185924743 -1.5201204426593191155 -2.5342364975545494943 1.6669885604660605911e-010 
3.2999999999997475797 0.27374088804560148258 -1.5201909604668069065 -2.5342364976150966172 1.4249601725249529911e-010 
3.3249999999997448263 0.2737380944370292335 -1.5202313007786099064 -2.5342364976447511182 4.2961569499799380417e-011 
3.349999999999742073 0.27373894029701184571 -1.5202308741928940439 -2.534236497665562915 8.1324577786040302422e-011 
3.3749999999997393196 0.27374088132921975403 -1.5201983617335605992 -2.5342364976981759384 9.3103288020123499754e-011 
3.3999999999997365663 0.27374246709449062687 -1.5201726477623473954 -2.5342364977264679737 6.0390470372148593995e-011 
3.4249999999997338129 0.27374318979252248996 -1.5201616695057786899 -2.5342364977412161764 2.6836044334214008156e-011 
3.4499999999997310596 0.27374179666659304022 -1.5201463275625792804 -2.5342364977508911039 3.3200110496955311209e-011 
3.4749999999997283062 0.27374118387606455327 -1.5201641849495886039 -2.5342364977662747982 5.0503214596021042611e-011 
3.4999999999997255529 0.27374183520634970401 -1.5201996743434182946 -2.5342364977816376204 2.8616710083749084886e-011 
3.5249999999997227995 0.27374104508395802338 -1.5202048963174059626 -2.5342364977876554732 1.1971276210363894615e-011 
3.5499999999997200462 0.27374025271471225107 -1.5201971282455428724 -2.5342364977932319015 1.906118776477063684e-011 
3.5749999999997172928 0.27374086748294357285 -1.5201878650273767946 -2.534236497800338217 2.0707714748401870434e-011 
3.5999999999997145395 0.27374191752606708006 -1.5201739743458528853 -2.534236497807317523 1.5601186713125905323e-011 
3.6249999999997117861 0.27374262597007914533 -1.5201689970852301226 -2.5342364978110833995 7.7651534097980220392e-012 
3.6499999999997090327 0.27374194370532389797 -1.5201735459310059539 -2.5342364978140068388 8.6247798518240429535e-012 
3.6749999999997062794 0.27374078929337897215 -1.5201813320631454296 -2.5342364978168729905 7.59724798170322794e-012 
3.699999999999703526 0.27374086038930239839 -1.5201892377912646914 -2.5342364978199483083 9.3582424356501649602e-012 
3.7249999999997007727 0.27374119628306853302 -1.5201892324001216039 -2.5342364978227109873 5.3218223752610144534e-012 
3.7499999999996980193 0.27374129647449002567 -1.5201840434739257724 -2.5342364978238602902 2.086988918760618202e-012 
3.774999999999695266 0.2737416826712120721 -1.5201823659674973399 -2.5342364978249305452 4.3180267262794917532e-012 
3.7999999999996925126 0.27374177976807467783 -1.5201809539645838587 -2.5342364978267011288 4.8186401712730661128e-012 
3.8249999999996897593 0.27374159412706589034 -1.5201801290011278667 -2.5342364978279823262 2.3718903360180393873e-012 
3.8499999999996870059 0.27374149042090045736 -1.5201816513853128043 -2.5342364978285751853 1.2279663512633980046e-012 
3.8749999999996842526 0.27374127666903635969 -1.5201810415971013235 -2.534236497829111201 2.0502895906420369791e-012 
3.8999999999996814992 0.27374119212271913471 -1.5201822423121391648 -2.5342364978299705136 2.3453984481749297763e-012 
3.9249999999996787459 0.27374126792287933885 -1.5201846539198231589 -2.5342364978305442769 9.2049078970164631325e-013 
3.9499999999996759925 0.27374132772783893452 -1.5201829917696070282 -2.5342364978308506984 9.641371860465848579e-013 
3.9749999999996732392 0.27374153971727765988 -1.5201826029999976342 -2.5342364978311979762 9.5614519908641433015e-013 
3.9999999999996704858 0.27374164110598558919 -1.5201833093507839401 -2.5342364978315496948 9.4740119274949300446e-013 
4.0249999999996788347 0.27374149889077770137 -1.520181999860449551 -2.5342364978318050461 5.1227250960107620801e-013 
4.0499999999996871836 0.27374143706409037602 -1.5201814382225684597 -2.5342364978319924518 5.7368653272221646721e-013 
4.0749999999996955324 0.27374138609909548503 -1.5201810490456000302 -2.5342364978321851865 4.6554673277084880314e-013 
4.0999999999997038813 0.27374131847063787326 -1.5201817901725038773 -2.5342364978323215219 3.2225184236308561278e-013 
4.1249999999997122302 0.2737413687008958818 -1.5201838796999720405 -2.534236497832441426 3.6687793004365064443e-013 
4.1499999999997205791 0.27374139107138284466 -1.5201838195937602549 -2.534236497832560886 2.6635048207752987841e-013 
4.1749999999997289279 0.27374140310031919165 -1.5201828668514976162 -2.5342364978326363811 1.9442927335609803151e-013 
4.1999999999997372768 0.27374148663348957244 -1.5201822738635200061 -2.5342364978327096559 2.0070809696188549049e-013 
4.2249999999997456257 0.27374150716839451558 -1.5201814147164767199 -2.5342364978327696079 1.4064777095301404615e-013 
4.2499999999997539746 0.27374145908943847694 -1.520181560607858362 -2.5342364978328211222 1.4617610579603401352e-013 
4.2749999999997623235 0.27374140609509239885 -1.5201822139120295674 -2.5342364978328650871 9.6012795990409004686e-014 
4.2999999999997706723 0.27374137519231767079 -1.5201824695824148748 -2.534236497832899726 1.0396712442407118603e-013 
4.3249999999997790212 0.27374139891993570783 -1.520183008176357653 -2.5342364978329303682 6.4713741110407632511e-014 
4.3499999999997873701 0.27374140156110221556 -1.5201833776499666939 -2.5342364978329512404 5.9257989910866821211e-014 
4.374999999999795719 0.27374138409660625504 -1.5201829810328879589 -2.5342364978329734448 6.0062402473334208836e-014 
4.3999999999998040678 0.27374143520315252776 -1.5201823056480761043 -2.5342364978329938729 5.2418207819613858741e-014 
4.4249999999998124167 0.27374148507694429089 -1.520181638809660285 -2.5342364978330085279 2.8512395605676719607e-014 
4.4499999999998207656 0.27374146943821742184 -1.5201814405800306851 -2.5342364978330165215 2.243165963213587699e-014 
4.4749999999998291145 0.27374142982444654715 -1.5201821107808384248 -2.5342364978330267355 3.6344613302016914328e-014 
4.4999999999998374633 0.27374139013436377121 -1.5201828997254991371 -2.5342364978330396141 2.7537782504504935651e-014 
4.5249999999998458122 0.27374138190168201268 -1.5201832467862930187 -2.5342364978330453873 7.7590843739944009944e-015 
4.5499999999998541611 0.27374140547515263266 -1.520183036678699473 -2.5342364978330480518 1.4889568627521109258e-014 
4.57499999999986251 0.27374142142392993149 -1.5201822901479871142 -2.5342364978330542691 1.6938281707738026632e-014 
4.5999999999998708589 0.27374143414110618799 -1.5201819395360058884 -2.5342364978330609304 1.3003866926707150404e-014 
4.6249999999998792077 0.27374144134250172344 -1.5201821557141768082 -2.5342364978330627068 4.4027257636591372528e-015 
4.6499999999998875566 0.27374143544479428991 -1.5201822706802585738 -2.5342364978330644831 7.2712901333652189371e-015 
4.6749999999998959055 0.27374143467216516257 -1.5201824582648320039 -2.5342364978330684799 8.2749880313795287394e-015 
4.6999999999999042544 0.27374142744173196595 -1.5201826507621598594 -2.5342364978330702563 5.2214118135153222085e-015 
4.7249999999999126032 0.27374140914186728679 -1.5201825933237236299 -2.5342364978330720326 3.9871286673067965341e-015 
4.7499999999999209521 0.27374140269732388786 -1.5201825042067838023 -2.5342364978330733649 2.9433856573987132993e-015 
4.774999999999929301 0.27374140892429449368 -1.5201823813538157815 -2.5342364978330755854 3.1911218745041332087e-015 
4.7999999999999376499 0.27374142443063631536 -1.52018232996722924 -2.5342364978330755854 3.2329927876853645563e-015 
4.8249999999999459988 0.27374143839968306802 -1.5201824071692251472 -2.5342364978330764735 2.1929808914628828193e-015 
4.8499999999999543476 0.27374143307446607842 -1.5201824267442398675 -2.5342364978330764735 1.2287656916291689852e-015 
4.8749999999999626965 0.27374142368778925372 -1.5201824682590538984 -2.5342364978330778058 1.1868708035152321837e-015 
4.8999999999999710454 0.27374142347891194937 -1.5201824860509711712 -2.5342364978330782499 2.0212821860493321081e-015 
4.9249999999999793943 0.27374142280665619831 -1.5201824041318410252 -2.534236497833078694 9.9838412479647360143e-016 
4.9499999999999877431 0.2737414204352118241 -1.5201823998004864169 -2.5342364978330778058 4.5219509398266843745e-016 
4.974999999999996092 0.27374141674219970577 -1.5201824329547444226 -2.534236497833078694 7.6218256049991587223e-016 
