0.025000000000000015266 0.59389290977198172516 0.00047268811312020653226 -2.248135925634101806 0.038886069682495354172 
0.05000000000000003747 0.57094718586818526962 0.016544470117827891897 -2.2583339683166965273 0.053653473439872687023 
0.075000000000000052736 0.43785762752255907859 -0.0044730268340499867996 -2.284294896666159147 0.084910953354469062559 
0.10000000000000007494 0.40561650100491059012 -0.051779626486012975128 -2.3281126087305858974 0.09996899785209750755 
0.12500000000000008327 0.24977171621327845519 -0.41074100510264577313 -2.3567759251458535452 0.050111374451258169915 
0.15000000000000010547 0.2361548426192329464 -1.833264759867804905 -2.3729207159341694222 0.039642219873626698134 
0.17500000000000012768 0.30492389527540197935 -2.2933113655513048812 -2.3890954194381053277 0.042830478431407512097 
0.20000000000000014988 0.25849814270496823676 -1.4009637846348272916 -2.4037715373917598605 0.024537004640518264575 
0.22500000000000017208 0.25031611699434619389 -1.6713887343757081183 -2.4124864094432734163 0.026031282380468565713 
0.25000000000000016653 0.28012355217623097214 -1.22134243053285374 -2.4251429250822424954 0.033755884160250999859 
0.27500000000000018874 0.29096983137227666605 -0.26336023416752996074 -2.43503307069045416 0.016258047373184952855 
0.30000000000000021094 0.31161969900409847156 -0.46951615659422546445 -2.4401035881385948478 0.010961177818549626417 
0.32500000000000023315 0.30767552607671022624 -0.60860838093034219654 -2.446534811993214209 0.020491303569223063424 
0.35000000000000025535 0.32364046839952603785 -1.2404706575131103641 -2.4543311902336970576 0.018589213614409624137 
0.37500000000000027756 0.33848624541358279805 -1.8382623012899510506 -2.4602150409447993695 0.012674858310388340682 
0.40000000000000029976 0.31898062526771064906 -1.3045737878711078928 -2.4660708012122047883 0.015464720540085429012 
0.42500000000000032196 0.33824572871151004083 -1.1274905117172049351 -2.4722937439829193451 0.014454478378809351713 
0.45000000000000034417 0.34053542151360521872 -0.89352011278696452656 -2.4771089125851850632 0.011387371614458371635 
0.47500000000000036637 0.32203412617851195909 -0.80424302372836153907 -2.4813360601113298998 0.010541868298963245898 
0.50000000000000033307 0.31542124675495480934 -1.1443226132622490443 -2.4859940191745324434 0.011918864025887576305 
0.52500000000000035527 0.29569137583788163148 -1.153569325826438341 -2.4910440598734879813 0.013837538001850675784 
0.55000000000000037748 0.2874542891452012694 -1.5958293209511262845 -2.4964198448544991926 0.012382912317722758952 
0.57500000000000039968 0.29523746051732735474 -2.0667844519917895063 -2.5002109583054132891 0.0068036361171854350255 
0.60000000000000042188 0.29273681887061747675 -1.9351413439363840396 -2.5026255582472400896 0.0057603503000017916569 
0.62500000000000044409 0.3044734385170665969 -1.9295076155084605052 -2.5049012386156981336 0.0055605373971316313444 
0.65000000000000046629 0.3124577821666871813 -1.7623925253830741156 -2.5066720305456207107 0.0034989786797811552217 
0.6750000000000004885 0.30967221845778525324 -1.3892668515486030767 -2.5079514316176552136 0.0030386245490806097248 
0.7000000000000005107 0.31860374396901136596 -1.3621478969928695335 -2.5091225730263642113 0.0026863297544431961709 
0.72500000000000053291 0.31593735142342577182 -1.3810514728657317107 -2.5101441513265267957 0.0027754512751865896211 
0.75000000000000055511 0.3066553887070597173 -1.4593755837903752415 -2.5112846853648496115 0.0026265750014080433035 
0.77500000000000057732 0.30777410402151078594 -1.6518316790037430586 -2.5120013480933760519 0.00091851494855685268844 
0.80000000000000059952 0.30362638290081106485 -1.7127342194298411648 -2.5122683430006222949 0.00079749070207212340196 
0.82500000000000062172 0.30354164359637642034 -1.7621092145379271265 -2.5127009134111548683 0.0012524908447686053121 
0.85000000000000064393 0.30907422739586787319 -1.737538021236570529 -2.5131667818569396466 0.0010808599951187003192 
0.87500000000000066613 0.30929620979839111961 -1.5719871151979749602 -2.513554217723894979 0.00080240145206520764598 
0.90000000000000068834 0.31356886351676888092 -1.4798979453965581676 -2.513800880048071118 0.00046423364775089901932 
0.92500000000000071054 0.31693961843131135403 -1.4642431329979039845 -2.5139401520491255759 0.00029490145420152158234 
0.95000000000000073275 0.31435758860583368213 -1.4935025202407810063 -2.5140719593901987849 0.00040226820261186446541 
0.97500000000000075495 0.31160160372904627257 -1.578624988643125171 -2.5142639970276334793 0.00048993619986039966662 
1.0000000000000006661 0.30642643553987441996 -1.6277820219589600459 -2.5144086391715743112 0.00022814394938031190151 
1.0249999999999979128 0.30518291814736159262 -1.6366520652321998597 -2.5144685050832142892 0.0001346849459117063167 
1.0499999999999951594 0.31044531442623635176 -1.6191248318550197638 -2.5145393619294864607 0.00020020905292427425021 
1.0749999999999924061 0.31283676443600488826 -1.5648301535444000265 -2.514609797573509109 0.00014211510113885011996 
1.0999999999999896527 0.31308369568977922892 -1.5449427868828338184 -2.5146575153811108194 0.000116858246184686445 
1.1249999999999868994 0.31219336301162825542 -1.5514222619908224488 -2.5147043533356949752 0.0001098886543311113908 
1.149999999999984146 0.30973563447642160629 -1.5563979651904198409 -2.514739119671014933 6.4062416902905871879e-005 
1.1749999999999813927 0.30994637447217993076 -1.594344212465635291 -2.5147638715995710434 6.8271852862251250819e-005 
1.1999999999999786393 0.31069728669799290266 -1.6114958351606363252 -2.5147909844624409814 6.1728822245168900296e-005 
1.224999999999975886 0.31068341708330060591 -1.5907772462655571655 -2.5148085971733058486 2.9816046924318628412e-005 
1.2499999999999731326 0.31169516067336966447 -1.5847284896471793836 -2.5148214314231260857 3.7021066968169470907e-005 
1.2749999999999703792 0.31139438408184688667 -1.5652301572468880764 -2.5148366558592489817 3.7030063181362678237e-005 
1.2999999999999676259 0.3107816509479048861 -1.5436593849470128248 -2.5148480611962780173 2.0222034269590651539e-005 
1.3249999999999648725 0.31133417709184441069 -1.5569249502649082917 -2.5148550535948719364 1.7535428912833879922e-005 
1.3499999999999621192 0.31120964761930419717 -1.5701840180663091395 -2.5148627835897627847 1.935936908984822185e-005 
1.3749999999999593658 0.31096475532590200919 -1.5835116629114727171 -2.514868720700500937 1.1031460114594807831e-005 
1.3999999999999566125 0.31071705133275984156 -1.59687931196073718 -2.5148726822823168625 1.0138721999566297307e-005 
1.4249999999999538591 0.31021349070677939341 -1.5892637305396748459 -2.5148770147565771005 1.0402381365944264474e-005 
1.4499999999999511058 0.3106615103730123173 -1.5841797820650198592 -2.5148802950987181326 6.4217929088791187413e-006 
1.4749999999999483524 0.31118665038838572157 -1.5799157096572602477 -2.5148827483456521747 6.6504620600415835114e-006 
1.4999999999999455991 0.31130874771006378232 -1.566789732147986669 -2.5148852799485621468 5.1492580449812468382e-006 
1.5249999999999428457 0.31158556210190002655 -1.5637024248853717001 -2.5148866828760034764 2.3444925991896342687e-006 
1.5499999999999400924 0.31137412097980554648 -1.5665763864179753639 -2.5148878328501114154 3.9281827979016217808e-006 
1.574999999999937339 0.31098899100236121473 -1.5722589810850733372 -2.5148893802312790591 3.3124141315163321763e-006 
1.5999999999999345857 0.31080658557830653788 -1.5792569503974700496 -2.514890431269551474 2.0526095267276589885e-006 
1.6249999999999318323 0.3105181625942951551 -1.578367504175648417 -2.5148911358293872809 1.5688382564149432143e-006 
1.649999999999929079 0.31068314130414376173 -1.5792908031222836485 -2.5148916975093738024 1.3490302468970546328e-006 
1.6749999999999263256 0.31110331240065830505 -1.5816404832905630595 -2.5148922102517436983 1.2219542855457003272e-006 
1.6999999999999235722 0.31116952700673006227 -1.5788492625335843744 -2.5148926978423662426 1.2024771679268173084e-006 
1.7249999999999208189 0.31115332982084992208 -1.5770002381984751239 -2.5148931217271259797 8.4881022099184894519e-007 
1.7499999999999180655 0.3110456692284068736 -1.5741896761062488252 -2.5148933547508067754 4.3682148609531366002e-007 
1.7749999999999153122 0.31097165166497486855 -1.5723237804146659169 -2.5148935617152496924 6.4600417734365804758e-007 
1.7999999999999125588 0.31111243972475544073 -1.5741578112060241601 -2.514893821717636424 5.4114803348942840535e-007 
1.8249999999999098055 0.31106358502476272321 -1.5734753252334299223 -2.5148939685091966645 2.5064720523819208059e-007 
1.8499999999999070521 0.31092361473469837252 -1.5739497743655603834 -2.514894063801181634 2.769518130972788891e-007 
1.8749999999999042988 0.31092583215672153774 -1.5772124388211423707 -2.514894187892455335 3.0972517974499220153e-007 
1.8999999999999015454 0.31090890552732647345 -1.5777433942828040792 -2.5148942985299314046 2.3882590267367186451e-007 
1.9249999999998987921 0.31096844620605140763 -1.577612648586768973 -2.5148943737678064458 1.45766447076331767e-007 
1.9499999999998960387 0.31106851560038023541 -1.5773682665176220752 -2.5148944165832669562 8.0980905315522289295e-008 
1.9749999999998932854 0.31107127144139201658 -1.5758376334847374878 -2.5148944534788122418 1.1208107113982168971e-007 
1.999999999999890532 0.31107296141754864349 -1.575440008565970551 -2.5148945036234273687 1.3163950039156032163e-007 
2.0249999999998880007 0.31101815073821831303 -1.5754907194084686317 -2.5148945501083286302 9.4724214734957018957e-008 
2.0499999999998852473 0.31094450392271766326 -1.5752455001118477185 -2.514894574596018284 3.2252525233850836495e-008 
2.074999999999882494 0.31097433236244942378 -1.5755533553344487352 -2.5148945858944782294 3.4124107815352266685e-008 
2.0999999999998797406 0.31099466294980848691 -1.5756385688504521703 -2.5148946037578929769 5.1913368476467588105e-008 
2.1249999999998769873 0.31100075115022612904 -1.5755624114344533027 -2.5148946228424731153 4.3234461865400314016e-008 
2.1499999999998742339 0.31103103641557516834 -1.5756901201978346094 -2.5148946374217331368 2.8287704290259728217e-008 
2.1749999999998714806 0.31102510416862294562 -1.5758321774312231689 -2.5148946465605872547 1.882329918458408502e-008 
2.1999999999998687272 0.31102036772076063764 -1.5762956316846967741 -2.5148946529467979261 1.540176834325207826e-008 
2.2249999999998659739 0.31100804565318507233 -1.5765718204952785531 -2.5148946592261189892 1.6139888006572507452e-008 
2.2499999999998632205 0.31097679688132534581 -1.576305201761968533 -2.5148946654871027206 1.372723887868323085e-008 
2.2749999999998604672 0.31099280133001289128 -1.5760910871673745604 -2.5148946700747751848 1.0404245335109018195e-008 
2.2999999999998577138 0.31101269346677556937 -1.5758591884380948045 -2.5148946740761766172 9.7682272868178345394e-009 
2.3249999999998549605 0.31100734300944110622 -1.5755438028175996479 -2.5148946773262252918 6.1227288703961133677e-009 
2.3499999999998522071 0.31101223302312763774 -1.5754166131909239645 -2.5148946793141981892 4.2876489383224173423e-009 
2.3749999999998494538 0.31100817613775927351 -1.5754134535176778087 -2.5148946810058734336 4.5196663988055061725e-009 
2.3999999999998467004 0.3110066417974618469 -1.5757224764041679599 -2.5148946829117297952 4.9476045789089718175e-009 
2.4249999999998439471 0.31101608710415218351 -1.5761377723698359876 -2.5148946845991608789 3.2483342454007808759e-009 
2.4499999999998411937 0.31100768510681020551 -1.5761522705277188905 -2.514894685696677179 2.4119302007482804297e-009 
2.4749999999998384403 0.31099951309943835165 -1.5761306086018531669 -2.514894686516339295 1.8138016113677640485e-009 
2.499999999999835687 0.31099976186739541895 -1.5761545276933361936 -2.5148946871269384218 1.3290593242358746946e-009 
2.5249999999998329336 0.31099958634210200792 -1.5759239614876638935 -2.5148946877313638204 1.7354384820103677743e-009 
2.5499999999998301803 0.31100812054967275078 -1.5757533445552689422 -2.5148946884028315907 1.4505285669065047688e-009 
2.5749999999998274269 0.31101176422647391906 -1.5757159223525607494 -2.5148946888209215977 7.8552950467741718306e-010 
2.5999999999998246736 0.3110080421429418096 -1.5757106992415139679 -2.5148946891146057858 6.9324630742749307118e-010 
2.6249999999998219202 0.31100914144265179306 -1.5758415745317886358 -2.5148946893696533245 5.848956843492257098e-010 
2.6499999999998191669 0.31100620155416230928 -1.5759214592880788075 -2.514894689594130206 5.6919615518682617936e-010 
2.6749999999998164135 0.31100274803113053812 -1.5759252447096590011 -2.5148946898030426489 4.5293694868633440902e-010 
2.6999999999998136602 0.31100481761270387659 -1.5759639451343918637 -2.5148946899549220468 3.3676573106392463577e-010 
2.7249999999998109068 0.31100539547363265092 -1.5759361194130625528 -2.5148946900896427259 3.1987115787228647916e-010 
2.7499999999998081535 0.31100732143955711617 -1.5758983862516182661 -2.5148946901937918597 2.1845387403997498248e-010 
2.7749999999998054001 0.31100890352878285405 -1.575883781394414207 -2.5148946902688535943 1.6221109689609319808e-010 
2.7999999999998026468 0.31100659877229791528 -1.5758560371230934116 -2.5148946903274098652 1.3678580339130516953e-010 
2.8249999999997998934 0.31100581501024110453 -1.5758771844095718073 -2.514894690390799159 1.8349891841595898509e-010 
2.84999999999979714 0.31100478637926071146 -1.5758905734257897535 -2.5148946904531253033 1.1364860046516520754e-010 
2.8749999999997943867 0.31100377856588762304 -1.5758849007954085497 -2.514894690484724471 6.0260851441230973587e-011 
2.8999999999997916333 0.31100631374539294827 -1.5759006404865154582 -2.514894690509509978 6.2808641583524712701e-011 
2.92499999999978888 0.31100763602225750537 -1.5758859816102488427 -2.5148946905336977409 6.1745666225235179423e-011 
2.9499999999997861266 0.31100704424297537232 -1.5758765441736990454 -2.5148946905591822443 6.4458227307752980249e-011 
2.9749999999997833733 0.31100681011165592915 -1.5758821581901747422 -2.5148946905799678397 3.543910154682487611e-011 
2.9999999999997806199 0.31100607936533802844 -1.5758683686815184721 -2.5148946905901072846 2.1614157915798593596e-011 
3.0249999999997778666 0.31100644120031800677 -1.575883736985786765 -2.5148946906005154034 3.1072783489629626969e-011 
3.0499999999997751132 0.31100690159925503675 -1.57590575473320893 -2.514894690612062611 2.5026279149632856795e-011 
3.0749999999997723599 0.31100566240667026907 -1.5759036547544529316 -2.5148946906202018781 1.5817314600463506303e-011 
3.0999999999997696065 0.31100499510918105939 -1.5759082823950518737 -2.5148946906256690603 1.2547874976620370859e-011 
3.1249999999997668532 0.31100516305895975488 -1.5758987838430893458 -2.5148946906304541216 1.2581297960131445211e-011 
3.1499999999997640998 0.311005789059938198 -1.5758782996692528577 -2.5148946906354585629 1.1377507518056405458e-011 
3.1749999999997613465 0.31100708924220399343 -1.5758733729775800114 -2.5148946906393110368 8.1963257160826400203e-012 
3.1999999999997585931 0.31100745833233928161 -1.5758689739665521223 -2.5148946906420803771 5.5769249483555023986e-012 
3.2249999999997558398 0.31100698208813781775 -1.575872036131297893 -2.5148946906437710247 3.9531110509988756261e-012 
3.2499999999997530864 0.31100640271577933982 -1.5758879038491930835 -2.5148946906458293782 6.0192750674726060997e-012 
3.274999999999750333 0.31100558881425544033 -1.5758986804511327939 -2.5148946906479410224 4.031183059599190224e-012 
3.2999999999997475797 0.31100544983525840737 -1.5759036372407773108 -2.5148946906491245201 2.4019080506133038324e-012 
3.3249999999997448263 0.31100583704485684766 -1.5759012570962074307 -2.5148946906500175835 2.234967498099164689e-012 
3.349999999999742073 0.31100609008746499251 -1.575891344438625552 -2.5148946906508866661 1.9418144932245918303e-012 
3.3749999999997393196 0.31100651132128376286 -1.5758835335808010214 -2.514894690651627851 1.874657312912688884e-012 
3.3999999999997365663 0.31100661463067902357 -1.5758788547985884687 -2.5148946906522935407 1.4269798482469045487e-012 
3.4249999999997338129 0.31100632182888637844 -1.5758788224049644633 -2.5148946906527389622 8.5373545512572781494e-013 
3.4499999999997310596 0.31100622758468138285 -1.5758840382591619012 -2.5148946906530866841 9.5779396864999674183e-013 
3.4749999999997283062 0.31100617365117044777 -1.5758883276948332242 -2.5148946906534810353 9.3432703928832916816e-013 
3.4999999999997255529 0.31100618940215202235 -1.5758915247738758403 -2.514894690653748377 4.454943925757759886e-013 
3.5249999999997227995 0.31100624550944933056 -1.5758932087790635812 -2.51489469065390292 3.8281140485920850287e-013 
3.5499999999997200462 0.31100609750018637367 -1.5758911467039238286 -2.5148946906540849966 5.1955347182190082826e-013 
3.5749999999997172928 0.31100607211651176698 -1.5758890765225705977 -2.5148946906542790636 4.0551294311316754924e-013 
3.5999999999997145395 0.3110062009936667704 -1.5758872573907796166 -2.5148946906543963031 2.3095974092622784587e-013 
3.6249999999997117861 0.31100628485782089161 -1.5758850918276796627 -2.5148946906544833446 1.9700588935284164247e-013 
3.6499999999997090327 0.31100638103708017068 -1.5758857975749762659 -2.5148946906545504021 1.450431115056833748e-013 
3.6749999999997062794 0.31100632632986324744 -1.5758871575530237763 -2.514894690654609466 1.7409753827316391365e-013 
3.699999999999703526 0.31100615323164437775 -1.5758876848444178798 -2.514894690654684517 1.7098027050283996804e-013 
3.7249999999997007727 0.31100609212045038365 -1.5758891104515462267 -2.5148946906547364755 8.5128039537399064447e-014 
3.7499999999996980193 0.31100611535698974297 -1.5758891624513942098 -2.5148946906547600122 6.0392602036440041587e-014 
3.774999999999695266 0.31100622099907371254 -1.5758882820469253261 -2.5148946906547879898 7.0110415570403331814e-014 
3.7999999999996925126 0.3110063184123385005 -1.5758883908588012801 -2.5148946906548124147 5.4393607605516292495e-014 
3.8249999999996897593 0.311006277338159276 -1.5758878003182528182 -2.5148946906548328428 5.4146372311259690844e-014 
3.8499999999996870059 0.31100622060214255793 -1.5758872454294947651 -2.5148946906548532709 4.2687083675320060939e-014 
3.8749999999996842526 0.31100619632589504571 -1.5758875788321236033 -2.5148946906548670377 2.6638325132456968031e-014 
3.8999999999996814992 0.31100618279065833649 -1.5758877123354615435 -2.5148946906548763636 1.9497498238037163905e-014 
3.9249999999996787459 0.31100621575471443236 -1.5758879942071035707 -2.5148946906548848013 2.0812980857996039157e-014 
3.9499999999996759925 0.31100622639505531852 -1.5758880876320588982 -2.5148946906548910185 1.8007889036443207823e-014 
3.9749999999996732392 0.31100620676144025145 -1.5758879704137183086 -2.514894690654898568 1.6604439880204531615e-014 
3.9999999999996704858 0.31100620993652755564 -1.5758883168910293726 -2.5148946906549052294 1.3918405990856370463e-014 
4.0249999999996788347 0.31100620894537051031 -1.5758882852657107865 -2.5148946906549078939 4.571917633013861213e-015 
4.0499999999996871836 0.31100621848729825825 -1.5758878958062250142 -2.5148946906549101143 6.2686908831005534424e-015 
4.0749999999996955324 0.31100623944678490451 -1.5758877063777831928 -2.5148946906549136671 8.4869500771492116703e-015 
4.0999999999997038813 0.31100623410326744267 -1.5758876101066068287 -2.5148946906549158875 5.8456706293214660971e-015 
4.1249999999997122302 0.31100622529147786688 -1.575887842707705655 -2.514894690654918552 4.1681432452490332603e-015 
4.1499999999997205791 0.3110062133958731434 -1.5758880247783457751 -2.5148946906549189961 2.8323238877933784863e-015 
4.1749999999997289279 0.31100619456546113595 -1.5758879803225820382 -2.5148946906549194402 2.264116604338200544e-015 
4.1999999999997372768 0.31100620143719431843 -1.5758881070500321275 -2.5148946906549216607 2.6783837849781237604e-015 
4.2249999999997456257 0.31100621901760155952 -1.5758880559297483437 -2.5148946906549221048 2.4027393354652936223e-015 
4.2499999999997539746 0.31100622670905864187 -1.5758878948573125101 -2.514894690654923437 1.1603916850774046099e-015 
4.2749999999997623235 0.31100622732481103538 -1.5758879389189068831 -2.5148946906549225488 1.2001388135652669488e-015 
4.2999999999997706723 0.31100621714549625541 -1.5758879105592116243 -2.5148946906549243252 1.3896634118631123207e-015 
4.3249999999997790212 0.3110062126855586695 -1.5758879083810601873 -2.5148946906549247693 6.5856366682241081137e-016 
4.3499999999997873701 0.31100621794531296826 -1.5758879879194118701 -2.5148946906549247693 5.1100055028648481707e-016 
4.374999999999795719 0.31100621820405094375 -1.5758879449199556522 -2.5148946906549252134 7.1425880466922126688e-016 
4.3999999999998040678 0.31100621963181901419 -1.5758879192837205174 -2.5148946906549252134 5.775383883051937847e-016 
4.4249999999998124167 0.31100621960409552402 -1.5758879304986306291 -2.5148946906549247693 4.0780579592889538313e-016 
4.4499999999998207656 0.31100621366191866235 -1.5758879137113415148 -2.5148946906549261016 2.1854819870223134171e-016 
4.4749999999998291145 0.31100621337598910454 -1.575887942513172213 -2.5148946906549256575 1.7145697978599123735e-016 
4.4999999999998374633 0.31100621642390985366 -1.5758879647172925331 -2.5148946906549256575 2.9287716426381785138e-016 
4.5249999999998458122 0.31100621842827214092 -1.5758879736581585806 -2.5148946906549261016 2.5512671855718973881e-016 
4.5499999999998541611 0.31100622020942447765 -1.5758879963155867365 -2.5148946906549261016 9.1386121172637878004e-017 
4.57499999999986251 0.31100621760131358373 -1.5758879748840475266 -2.5148946906549256575 8.250489989500540149e-017 
4.5999999999998708589 0.31100621574741860176 -1.5758879369140950111 -2.5148946906549256575 1.0741421350837307286e-016 
4.6249999999998792077 0.31100621773726466746 -1.5758879181311296058 -2.5148946906549274338 9.1461562031411926964e-017 
4.6499999999998875566 0.31100621819550849922 -1.5758879068475630802 -2.5148946906549261016 6.8420822160636646315e-017 
4.6749999999998959055 0.3110062182674399045 -1.5758879157313880892 -2.5148946906549261016 5.3603316284542011729e-017 
4.6999999999999042544 0.31100621791697169449 -1.5758879345714460474 -2.5148946906549265456 3.187375575082658319e-017 
4.7249999999999126032 0.31100621626488411664 -1.5758879592706507289 -2.5148946906549261016 3.8200411304627092377e-017 
4.7499999999999209521 0.31100621627328911556 -1.5758879848893085907 -2.5148946906549256575 3.6389946361956965613e-017 
4.774999999999929301 0.31100621655756782724 -1.5758879735911621722 -2.5148946906549256575 1.8322160637481940035e-017 
4.7999999999999376499 0.31100621663859978616 -1.5758879476793312691 -2.5148946906549261016 1.9811086073475538524e-017 
4.8249999999999459988 0.31100621790789334531 -1.5758879426832186343 -2.5148946906549269897 1.8092268110097573152e-017 
4.8499999999999543476 0.31100621843011871936 -1.5758879364983757743 -2.5148946906549261016 1.1950024030881055027e-017 
4.8749999999999626965 0.31100621820857410338 -1.5758879332926900574 -2.5148946906549265456 1.1723647780684757847e-017 
4.8999999999999710454 0.31100621781234083496 -1.5758879411340875887 -2.5148946906549269897 8.3105225449903162943e-018 
4.9249999999999793943 0.31100621683538787199 -1.5758879425714042988 -2.5148946906549265456 6.5040385031033093739e-018 
4.9499999999999877431 0.31100621668831629485 -1.5758879482272880601 -2.5148946906549261016 6.4133228460164350933e-018 
4.974999999999996092 0.3110062170823350014 -1.5758879546728010723 -2.5148946906549265456 5.7660806290726085391e-018 
