0.025000000000000015266 0.59420078535078357795 0.00047476461219600474273 -2.2477773799094564744 0.039097997071006675152 
0.05000000000000003747 0.571049191078070284 0.016624002638414098199 -2.2577710050164996325 0.05424118521093795886 
0.075000000000000052736 0.43696687442632059506 -0.0048687223022345627044 -2.2833143507648450132 0.086029459619721818098 
0.10000000000000007494 0.40408862350161672827 -0.052099135025705400892 -2.3264168052881171178 0.10105142962170277077 
0.12500000000000008327 0.24721149616154350359 -0.41104518964213865306 -2.354587857504240489 0.050891591468592872749 
0.15000000000000010547 0.23453146937132621219 -1.8554958178871254759 -2.3706590319640015174 0.04090811565825899776 
0.17500000000000012768 0.30444701275982516409 -2.3264033863741473418 -2.3868146225773934077 0.043892141905284245973 
0.20000000000000014988 0.25589212862905902357 -1.4158965581713638393 -2.4014082423796465626 0.024937459827316637434 
0.22500000000000017208 0.24641869157100565468 -1.703871543092808416 -2.410032753399331984 0.026767107525747214913 
0.25000000000000016653 0.27680692553510216625 -1.2435938340309520278 -2.4227462979606109172 0.035048386841463045893 
0.27500000000000018874 0.28892514241121852736 -0.22916328884674530553 -2.4327809781312215165 0.017098001720478019083 
0.30000000000000021094 0.31040257848363289606 -0.42553604753534335359 -2.4378099846739913481 0.010423230479339233578 
0.32500000000000023315 0.30422683210324602543 -0.55108374327575082585 -2.4437239061101472259 0.019323926852790291459 
0.35000000000000025535 0.3142344572566658778 -1.1934468839365075521 -2.4505857821804051255 0.016008026552128951786 
0.37500000000000027756 0.31570546102178326242 -1.8202959997673189285 -2.4548038353407459766 0.0077133448432258177457 
0.40000000000000029976 0.28815165629933570113 -1.2507258058021810676 -2.458675297067134391 0.01185808542989762876 
0.42500000000000032196 0.32066037877062908423 -0.992264170634664322 -2.4644579930929491063 0.016521515111097503231 
0.45000000000000034417 0.35072874032340173311 -0.65942640383478834387 -2.4702681524151688386 0.014206214563651649654 
0.47500000000000036637 0.3517531900417260049 -0.59069110027006932473 -2.4747546332539611669 0.0098707095425280954454 
0.50000000000000033307 0.34652379120712500926 -0.95515521559393290474 -2.4789092386927640277 0.01081015401243028487 
0.52500000000000035527 0.31213557864477031734 -0.94974677625983527918 -2.4834224418677606216 0.012990797007346321576 
0.55000000000000037748 0.29585433526759591372 -1.5086698671126379523 -2.4885325191524385602 0.013171573704681853456 
0.57500000000000039968 0.29446746169865029019 -1.910906696035452601 -2.4935056734180567339 0.012757119490083143262 
0.60000000000000042188 0.28017678565754811082 -1.5763104072266949096 -2.4981382885427603213 0.010324486402627477272 
0.62500000000000044409 0.30076299387782551298 -1.6599600104940936962 -2.5013533768877693753 0.0067506840993003212892 
0.65000000000000046629 0.32037428425617059391 -1.9049131846740710028 -2.5035678789362254548 0.0051314059794000058817 
0.6750000000000004885 0.30849829184352711708 -1.7578280514207422769 -2.505405045466935654 0.0043379503242274792055 
0.7000000000000005107 0.30568588449081440794 -1.6596523944181649224 -2.5071296484610923194 0.0042165467337427096559 
0.72500000000000053291 0.30474994434484653505 -1.5024500136447227483 -2.5082897152458043522 0.0023322219848712325181 
0.75000000000000055511 0.30729581600539623842 -1.4387688261918172294 -2.5092884652489653163 0.002884267906402481537 
0.77500000000000057732 0.32353259585727428549 -1.5385509565575163915 -2.5105266185727366235 0.0031601164393363582322 
0.80000000000000059952 0.31659049293779900625 -1.4264762677205300445 -2.5114867426650948623 0.0017519258471005542954 
0.82500000000000062172 0.30126791805476216268 -1.4904629349606393074 -2.5118696655389292083 0.00057632076927700837121 
0.85000000000000064393 0.3036573746935712359 -1.7492149972373081113 -2.5122993230221317695 0.0016504362931129437728 
0.87500000000000066613 0.3040852924789101408 -1.7898272314769210212 -2.5128620865742195001 0.001051440927602253746 
0.90000000000000068834 0.30721767096218227655 -1.7018359302038854608 -2.5132206423153049535 0.00094757716933288615741 
0.92500000000000071054 0.31355395224779131214 -1.5845416212888381313 -2.5135404085085384374 0.00065448385127670090627 
0.95000000000000073275 0.31451011491648184215 -1.4675727025651887914 -2.5137568885760495085 0.00049659456404226715292 
0.97500000000000075495 0.31699508149602151352 -1.4915668719636396844 -2.5139341977187772414 0.00041007331456018275388 
1.0000000000000006661 0.31318697228980113545 -1.5410685776986343676 -2.5140964954713500568 0.00047671211903810463547 
1.0249999999999979128 0.30578713331457463287 -1.5461100170520387653 -2.5142664213133869566 0.00035082664166252730282 
1.0499999999999951594 0.30690356672637209012 -1.5854960486464744207 -2.51437281904641452 0.0002162436442440769191 
1.0749999999999924061 0.3103095642553281297 -1.6267471138384008711 -2.5144575797085146895 0.00022780576978653703621 
1.0999999999999896527 0.31277122529084111502 -1.6292338373781767302 -2.514530538639406565 0.00016703598833440368642 
1.1249999999999868994 0.31260434534445669108 -1.5715630676497776008 -2.5145998513542262565 0.00016643366051317980614 
1.149999999999984146 0.30959723866120392177 -1.5244739930423383267 -2.5146503045708992197 0.000114009989758870022 
1.1749999999999813927 0.31073946892204740156 -1.5700673043037700616 -2.5146934893785584109 9.4666082691459343262e-005 
1.1999999999999786393 0.31169774710629299941 -1.5975743388443479631 -2.5147246020255229482 8.6845290771003845302e-005 
1.224999999999975886 0.30989832347214008035 -1.5766359210531519786 -2.5147608005260391195 8.5861082818795194109e-005 
1.2499999999999731326 0.3109801513595607525 -1.5988670934700097703 -2.5147851475958469258 3.8025036616430871259e-005 
1.2749999999999703792 0.31146785385238712207 -1.6018896112152354316 -2.5147981931928002908 4.3376608780715833437e-005 
1.2999999999999676259 0.310641005353897659 -1.5667725542971999708 -2.5148169180111339394 4.6813556262235411754e-005 
1.3249999999999648725 0.31145844691396751269 -1.55413128742565676 -2.5148327470546965046 3.3102203812385048792e-005 
1.3499999999999621192 0.31128994849099422826 -1.5399232977665073818 -2.5148426543463480165 1.9761274494598803189e-005 
1.3749999999999593658 0.31113447906678554089 -1.5496665501783160046 -2.5148507769405124002 2.6603147765204307554e-005 
1.3999999999999566125 0.31161712442446121152 -1.5911051732983227947 -2.5148603643835909516 1.6934994021108945247e-005 
1.4249999999999538591 0.31043634553174087598 -1.6012778799556146581 -2.5148652435210867573 1.2268181405939279822e-005 
1.4499999999999511058 0.30979561339958000543 -1.5966284734487681263 -2.5148702252967485293 1.2692697729466323993e-005 
1.4749999999999483524 0.31058417134676891136 -1.5918503120093017156 -2.5148747325126832308 1.0655749578636457546e-005 
1.4999999999999455991 0.31117269683949561054 -1.5763166522991851615 -2.5148782945573748826 8.0960673386148664836e-006 
1.5249999999999428457 0.31157196626087507729 -1.56844446272531024 -2.5148814597248656533 7.642475763505307196e-006 
1.5499999999999400924 0.31147826834992925482 -1.5598060418330894628 -2.5148838429974134101 4.808802035727056968e-006 
1.574999999999937339 0.31125086743932756095 -1.5584344885428953464 -2.5148851765337489894 3.2495688220117398392e-006 
1.5999999999999345857 0.31126344911053144271 -1.5752305485946740404 -2.5148869750165117054 5.0353667276781068399e-006 
1.6249999999999318323 0.31084498236776175739 -1.581064180513930495 -2.5148885548398869361 3.2866096794616194769e-006 
1.649999999999929079 0.31054856275890224682 -1.5785989513364306891 -2.5148896375175460172 2.6160964944536873843e-006 
1.6749999999999263256 0.31064156546285581761 -1.5809514845608809708 -2.5148905221062820559 1.7656352414221350903e-006 
1.6999999999999235722 0.3108083954558322759 -1.5804588519766866739 -2.5148911536462152938 1.5728480042451572401e-006 
1.7249999999999208189 0.31123503524777423879 -1.5792768277803848065 -2.5148917217763773202 1.4846430359659875906e-006 
1.7499999999999180655 0.31128573547691312795 -1.5758477056486293044 -2.5148923259681033038 1.5847679333928457169e-006 
1.7749999999999153122 0.31099407380280030821 -1.5733804839683387389 -2.5148928022291761053 7.3580276059901308842e-007 
1.7999999999999125588 0.31108035745253326265 -1.575813671904104929 -2.5148930445717665449 7.5429296287580518515e-007 
1.8249999999999098055 0.31106673751528735039 -1.5738287841703222369 -2.5148933703533353778 7.9767604053250262953e-007 
1.8499999999999070521 0.31092289361882663457 -1.5725222062228421116 -2.5148936116221083381 4.9432696621437256335e-007 
1.8749999999999042988 0.31100856231963297516 -1.5752576164004463699 -2.514893769929504419 3.2784086237081546633e-007 
1.8999999999999015454 0.31097532336043953727 -1.5746426094744325752 -2.5148939221191737303 4.7643560301658033372e-007 
1.9249999999998987921 0.31092573135104284443 -1.5762139971215707313 -2.5148940883009482938 3.6832613358729550013e-007 
1.9499999999998960387 0.31098652235889417961 -1.5793857952432797109 -2.5148942034423842351 2.1910748925796595358e-007 
1.9749999999998932854 0.31097174532671317815 -1.5776037990274676126 -2.5148942794053952277 1.7697647929976027469e-007 
1.999999999999890532 0.31104304061685872362 -1.5761540257198345394 -2.5148943308684161835 1.2176689444497424714e-007 
2.0249999999998880007 0.3111154470136969219 -1.5762348625223374654 -2.5148943965713090876 2.0287633800093155576e-007 
2.0499999999998852473 0.31104351018652504068 -1.5750815060711262916 -2.5148944630563203617 1.3323249252129766208e-007 
2.074999999999882494 0.31099016741895368909 -1.5747604770359688864 -2.5148945078910953654 9.3459659109818058119e-008 
2.0999999999998797406 0.31094829425316511395 -1.57530484187937736 -2.5148945313757860021 4.7069949756219035328e-008 
2.1249999999998769873 0.31094136922499682196 -1.57593305652184279 -2.5148945553092745264 7.205354485423934948e-008 
2.1499999999998742339 0.31100274395431104502 -1.5762261431183333116 -2.5148945802135882488 5.4871489953604802128e-008 
2.1749999999998714806 0.31102886532901335981 -1.5754591101668227182 -2.5148946015307949153 5.6164289312719391273e-008 
2.1999999999998687272 0.31105183110362855103 -1.5753010263293425464 -2.5148946203755619955 3.8808949123627880454e-008 
2.2249999999998659739 0.31104753421778214006 -1.5760673559133135946 -2.5148946311179436464 2.1313765257746731977e-008 
2.2499999999998632205 0.31098887383852891197 -1.5763220437919520656 -2.5148946397817417697 2.1086730235570902633e-008 
2.2749999999998604672 0.31098145305549956818 -1.5764542931224514444 -2.5148946483135294905 2.6321465398161346941e-008 
2.2999999999998577138 0.31098692409576389473 -1.5765286437605396941 -2.5148946572304597957 1.5968563838031258713e-008 
2.3249999999998549605 0.3109873294946157718 -1.5761375630189755626 -2.5148946624799957128 1.4636661208964080368e-008 
2.3499999999998522071 0.31102413584138105529 -1.5757251588525362784 -2.5148946681818586946 1.2487301648245707699e-008 
2.3749999999998494538 0.31101764176135765494 -1.5753569683433030768 -2.514894672130711939 8.8030051733630863875e-009 
2.3999999999998467004 0.31099412542438636953 -1.5752422025341754619 -2.5148946747460376727 5.3479497807722262236e-009 
2.4249999999998439471 0.31101314234234717082 -1.5754906307338489846 -2.5148946770853162214 7.1062510412226101917e-009 
2.4499999999998411937 0.31101742763100009848 -1.5757478054152671554 -2.5148946801707956489 7.6926228811230720743e-009 
2.4749999999998384403 0.31101365107280137812 -1.5762001547931414613 -2.5148946822474673723 3.558125717758154379e-009 
2.499999999999835687 0.31101181787533477285 -1.5764619971365845252 -2.5148946835067285122 3.1779423979684959369e-009 
2.5249999999998329336 0.31099090177475441354 -1.5761511110256121171 -2.5148946845519417614 2.2274103498892988031e-009 
2.5499999999998301803 0.31098898118171708349 -1.576010581374708952 -2.514894685643048966 3.3223516431517186841e-009 
2.5749999999998274269 0.31100474800311667112 -1.5759274570326091691 -2.5148946866278549805 1.9284195852382970421e-009 
2.5999999999998246736 0.3110119484215358443 -1.5755939211077643058 -2.5148946873706017335 1.7060491115749763738e-009 
2.6249999999998219202 0.31101682795862850561 -1.575602934755520268 -2.51489468791038151 1.2605851798123266993e-009 
2.6499999999998191669 0.31101145746327668595 -1.5758074521627229991 -2.5148946883975646927 1.2176043611136497999e-009 
2.6749999999998164135 0.31100284251286364201 -1.575888823416919271 -2.5148946887771614911 7.8312537857947927976e-010 
2.6999999999998136602 0.31100249079070468872 -1.5759936411237487341 -2.5148946890877228455 8.3909858182804186694e-010 
2.7249999999998109068 0.31100185380162198578 -1.5759759094345857644 -2.5148946893953745274 6.7192095697463667268e-010 
2.7499999999998081535 0.31100645487374684039 -1.575894485167092185 -2.5148946896050827782 5.2197854252230167995e-010 
2.7749999999998054001 0.31101153970306227858 -1.5758959389681730379 -2.5148946897982313864 4.2399162886251191072e-010 
2.7999999999998026468 0.31100806957286375454 -1.5758878771487334625 -2.5148946899510757902 3.7406448451737834015e-010 
2.8249999999997998934 0.31100607987708278612 -1.5759019447776698719 -2.5148946900723307962 2.3978437615345298062e-010 
2.84999999999979714 0.31100377527766404073 -1.5758958172081651838 -2.5148946901500126572 2.3126614555411480944e-010 
2.8749999999997943867 0.31100195432681698726 -1.5758693644157546476 -2.5148946902567792527 2.6164446675330688949e-010 
2.8999999999997916333 0.31100703362161558063 -1.5758947685749142842 -2.5148946903386573126 1.6515457569624387097e-010 
2.92499999999978888 0.31100836270784631976 -1.5758748356570517757 -2.5148946903875546433 1.0614477144225229793e-010 
2.9499999999997861266 0.31100604529159198153 -1.5758541283768123797 -2.5148946904240427891 9.0546304611465362499e-011 
2.9749999999997833733 0.31100706852643661415 -1.575888840249481504 -2.5148946904682691894 1.2567870923485769201e-010 
2.9999999999997806199 0.31100630685114782903 -1.575892913560604125 -2.5148946905067846025 7.3358161811264879539e-011 
3.0249999999997778666 0.31100569047043996607 -1.5758923504309461094 -2.5148946905309128574 5.4944266530150756448e-011 
3.0499999999997751132 0.31100723159871285217 -1.5758888848804848415 -2.5148946905494060644 4.7541668786051995118e-011 
3.0749999999997723599 0.31100676408305272247 -1.5758786323099314153 -2.5148946905704665511 5.2737176574720923177e-011 
3.0999999999997696065 0.31100617917103018373 -1.5759072333642758501 -2.5148946905860611878 3.0669715922168605162e-011 
3.1249999999997668532 0.31100548777950887125 -1.5759097624826896578 -2.5148946905967211052 2.7509009413457767102e-011 
3.1499999999997640998 0.31100411780467529521 -1.5758855861063192361 -2.5148946906067455309 2.2198187378454099087e-011 
3.1749999999997613465 0.31100526047813498165 -1.5758911223533726975 -2.5148946906151348202 2.2362397580643397245e-011 
3.1999999999997585931 0.31100722138210368239 -1.5758836770473041433 -2.5148946906231937071 1.8223350481451445509e-011 
3.2249999999997558398 0.31100775833555116545 -1.575869234595622892 -2.5148946906286653302 1.1389391587905797025e-011 
3.2499999999997530864 0.31100732726029767239 -1.575875227980452653 -2.5148946906329281425 9.5687666990448676561e-012 
3.274999999999750333 0.31100612007662525871 -1.5758768921503119032 -2.5148946906362246168 9.3570234587406216636e-012 
3.2999999999997475797 0.31100569897100166505 -1.5758872362272826617 -2.5148946906400251322 8.6338884223665364043e-012 
3.3249999999997448263 0.31100588355024505471 -1.5759061199869508485 -2.5148946906426541403 6.0514637322165016561e-012 
3.349999999999742073 0.31100561302515000728 -1.575904893786624017 -2.5148946906449598515 5.2624271304803092316e-012 
3.3749999999997393196 0.31100592329668569347 -1.5758944611222505117 -2.5148946906466069784 3.4664000146149209501e-012 
3.3999999999997365663 0.31100635136422521976 -1.5758884166004096805 -2.5148946906478784058 3.5494339780836837087e-012 
3.4249999999997338129 0.31100639507713995213 -1.5758830447710616696 -2.5148946906491960185 2.9816357907052172326e-012 
3.4499999999997310596 0.31100659477302355915 -1.5758774195662987871 -2.5148946906502782639 2.4143197163898410557e-012 
3.4749999999997283062 0.3110063423133465621 -1.5758755465751841385 -2.5148946906510092347 1.7884592681826805364e-012 
3.4999999999997255529 0.31100610974264941699 -1.5758847520576253487 -2.514894690651782394 2.0568666456730913049e-012 
3.5249999999997227995 0.31100636348408239318 -1.5758954439787975499 -2.5148946906523907963 9.4027580957245323494e-013 
3.5499999999997200462 0.31100616478527548514 -1.5758949763142586775 -2.5148946906527025469 9.0585891271413417744e-013 
3.5749999999997172928 0.31100592180172370593 -1.5758920896156105584 -2.5148946906530662559 9.6410298471818050243e-013 
3.5999999999997145395 0.31100611726065241491 -1.5758901116530368292 -2.5148946906534552781 1.003860788997500211e-012 
3.6249999999997117861 0.31100623435757396296 -1.5758859213757681061 -2.5148946906537736901 5.7452056157486106983e-013 
3.6499999999997090327 0.31100633230239771443 -1.5758848430784742067 -2.5148946906539415558 3.7856807246688944998e-013 
3.6749999999997062794 0.31100638042739509048 -1.5758850240500570372 -2.5148946906540836643 3.5164564145222931123e-013 
3.699999999999703526 0.3110062680657516565 -1.5758854549292609093 -2.5148946906542111179 3.6133592123732389269e-013 
3.7249999999997007727 0.31100620387455096827 -1.5758894453307579209 -2.514894690654375875 3.8177109152001121151e-013 
3.7499999999996980193 0.31100611034409658684 -1.5758907466423441868 -2.5148946906544771274 2.1312684513491743205e-013 
3.774999999999695266 0.3110060657124230632 -1.5758886801311922099 -2.5148946906545512903 1.5944778192426170442e-013 
3.7999999999996925126 0.31100618737165197647 -1.5758882310981925379 -2.5148946906546090219 1.4434853364581110644e-013 
3.8249999999996897593 0.31100629417919573028 -1.5758875987365419391 -2.5148946906546640889 1.2930010200312071726e-013 
3.8499999999996870059 0.31100634095218065989 -1.5758874623940912763 -2.5148946906547067215 1.1137445551228585122e-013 
3.8749999999996842526 0.31100627627846599843 -1.5758878340301116783 -2.514894690654754239 1.1383048056541399148e-013 
3.8999999999996814992 0.31100615751110821661 -1.5758869054137782939 -2.5148946906547862135 5.6850072016601058753e-014 
3.9249999999996787459 0.31100618115936640162 -1.5758877623663507528 -2.5148946906548066416 5.7094803615531768093e-014 
3.9499999999996759925 0.3110062201545912286 -1.5758890267032121812 -2.5148946906548270697 4.600537328662886539e-014 
3.9749999999996732392 0.31100619656855876816 -1.5758879121301139214 -2.514894690654843501 4.2426031716170941877e-014 
3.9999999999996704858 0.31100620973300402428 -1.5758874557229916036 -2.5148946906548581559 2.9491724170939696982e-014 
4.0249999999996788347 0.31100620879695572985 -1.5758881929370565089 -2.5148946906548710345 4.2230610601039697388e-014 
4.0499999999996871836 0.31100621181867232901 -1.5758884620573385682 -2.5148946906548848013 1.7463818838079851876e-014 
4.0749999999996955324 0.31100623676882194202 -1.5758881741828054679 -2.5148946906548892422 1.0409413495397668559e-014 
4.0999999999997038813 0.31100621982054221792 -1.5758876550275684458 -2.514894690654893239 1.7776233286591501567e-014 
4.1249999999997122302 0.31100622784694620382 -1.5758877146115559675 -2.5148946906549007885 1.6637176481876333407e-014 
4.1499999999997205791 0.31100625335912041036 -1.5758877874404650932 -2.5148946906549061175 1.0567596325826334019e-014 
4.1749999999997289279 0.31100621887515239594 -1.5758875990146492541 -2.5148946906549096703 7.5900477342647713402e-015 
4.1999999999997372768 0.31100618727224543791 -1.5758880112692794651 -2.5148946906549123348 6.2839753819377011769e-015 
4.2249999999997456257 0.31100619179647542856 -1.5758881979694252529 -2.5148946906549141111 5.9161476029215386112e-015 
4.2499999999997539746 0.31100620736824741153 -1.5758880456701729322 -2.5148946906549167757 5.5181600917618361281e-015 
4.2749999999997623235 0.31100622860303861472 -1.5758882026878708871 -2.5148946906549194402 3.7362787835874974771e-015 
4.2999999999997706723 0.31100623077162542485 -1.5758879738200666232 -2.5148946906549189961 3.3970665376052289466e-015 
4.3249999999997790212 0.311006223050880104 -1.5758876880102643536 -2.5148946906549203284 3.0777653700592868032e-015 
4.3499999999997873701 0.31100622020073864782 -1.5758879064537658632 -2.5148946906549225488 1.8488475400944792141e-015 
4.374999999999795719 0.31100621180774373764 -1.5758880023489887368 -2.5148946906549221048 1.5021539672973176119e-015 
4.3999999999998040678 0.31100621375398435076 -1.575887942223864302 -2.5148946906549229929 1.9950892798975214209e-015 
4.4249999999998124167 0.31100622104186104178 -1.5758879265778618084 -2.514894690654923437 1.0810174589854564675e-015 
4.4499999999998207656 0.31100621939518902082 -1.5758879145010666889 -2.514894690654923437 1.2182146624829184767e-015 
4.4749999999998291145 0.31100621912083076248 -1.575887976998029405 -2.5148946906549243252 8.3918195169692727666e-016 
4.4999999999998374633 0.31100621335833855685 -1.5758879232302933637 -2.5148946906549247693 5.181009814351536402e-016 
4.5249999999998458122 0.31100620925526017979 -1.5758878449132158739 -2.5148946906549243252 4.8979831335577928499e-016 
4.5499999999998541611 0.31100621893848273691 -1.5758879860089070046 -2.5148946906549247693 7.4535779235494026284e-016 
4.57499999999986251 0.31100622208945405411 -1.5758880732661482149 -2.5148946906549252134 3.7415832684334750364e-016 
4.5999999999998708589 0.31100621843056136528 -1.5758879977715989362 -2.5148946906549252134 2.0136463025760806227e-016 
4.6249999999998792077 0.3110062179669162985 -1.5758879578510991415 -2.5148946906549247693 2.8823480633052571242e-016 
4.6499999999998875566 0.3110062150441512685 -1.5758879444177438245 -2.5148946906549256575 2.4623135790162107923e-016 
4.6749999999998959055 0.31100621633753605666 -1.575887898221190131 -2.5148946906549261016 1.9583024247284230447e-016 
4.6999999999999042544 0.31100622043838821451 -1.5758878575861809956 -2.5148946906549252134 1.3104684746329894171e-016 
4.7249999999999126032 0.31100621840060987955 -1.5758878806547507168 -2.5148946906549256575 1.1991133879084893398e-016 
4.7499999999999209521 0.31100621707589298781 -1.5758879556131173416 -2.5148946906549265456 1.0697790592253594686e-016 
4.774999999999929301 0.3110062169117663311 -1.5758879956767559705 -2.5148946906549261016 9.9831141890668198603e-017 
4.7999999999999376499 0.31100621494161945213 -1.5758880055997164238 -2.5148946906549261016 4.7840499298622111874e-017 
4.8249999999999459988 0.31100621534483607888 -1.5758880003373900713 -2.5148946906549265456 5.8939457352305567618e-017 
4.8499999999999543476 0.31100621713274018143 -1.5758879430929926269 -2.5148946906549261016 5.4982387297829596512e-017 
4.8749999999999626965 0.31100621913406434338 -1.575887909175995194 -2.5148946906549261016 3.8731954692211245778e-017 
4.8999999999999710454 0.31100622010626943759 -1.57588793029567098 -2.5148946906549252134 2.7823453799858186804e-017 
4.9249999999999793943 0.31100621795859140217 -1.5758879286551659149 -2.5148946906549265456 3.0915075043829941922e-017 
4.9499999999999877431 0.31100621640965403492 -1.5758879308467328428 -2.5148946906549261016 1.7009097656841097477e-017 
4.974999999999996092 0.31100621639741610203 -1.5758879575954609642 -2.5148946906549265456 1.8176801273674427588e-017 
