0.025000000000000015266 0.59512973582773687209 0.00048105461271437041648 -2.2466858637387749908 0.039742790896980600968 
0.05000000000000003747 0.57135957776506007821 0.01686520854497709776 -2.256041027593572057 0.056044270948809510324 
0.075000000000000052736 0.4342432532733618844 -0.0061010311552437967997 -2.2802440816463320772 0.089482941786107370041 
0.10000000000000007494 0.39938448975459722723 -0.052981089963762384443 -2.3210611885316994041 0.10442359861722351477 
0.12500000000000008327 0.23934890345671860912 -0.41125408222776094203 -2.3476872499674854566 0.053381744805511902041 
0.15000000000000010547 0.22959880660550183173 -1.923465746665929732 -2.3634859429629804239 0.045039942835707301449 
0.17500000000000012768 0.30316994191758206423 -2.4294529975076795125 -2.3795360610515978728 0.047374022509631907862 
0.20000000000000014988 0.24800584873836170607 -1.4627670657326259374 -2.3938926132930862245 0.02647149662560569286 
0.22500000000000017208 0.23466590170943923965 -1.8098082649539806166 -2.4023225460171602208 0.029476695999761978739 
0.25000000000000016653 0.26774629933505222912 -1.3280381169411166198 -2.4152924369859505305 0.039900839514208773229 
0.27500000000000018874 0.28609686842293474696 -0.12478089023872562802 -2.4262778800722002437 0.022746522268874438261 
0.30000000000000021094 0.31598909940137698271 -0.24974411819539332758 -2.432748594073354198 0.014672636676066483363 
0.32500000000000023315 0.31565238240452359042 -0.28049110212659550401 -2.4401014982332869252 0.027296331916995975747 
0.35000000000000025535 0.33872501760703138673 -0.89524656797078905335 -2.4503763248883809744 0.031252076986653623547 
0.37500000000000027756 0.34259062666081135928 -1.6201028988636276829 -2.4594214337682922533 0.020058530505432749236 
0.40000000000000029976 0.29408874923915456767 -1.1786371512590971822 -2.4662512274706980264 0.018207153183859452195 
0.42500000000000032196 0.30416177617812961698 -1.3440044776579638253 -2.4738157011848205258 0.023325428260723441581 
0.45000000000000034417 0.3063651637599921207 -1.2743144316336159072 -2.4797403713028134398 0.011056985392600532023 
0.47500000000000036637 0.30129720236759516272 -0.86604061404958154746 -2.482788343348500959 0.008698589234489746691 
0.50000000000000033307 0.34823986824206326629 -1.0634331965609153947 -2.48656938686259954 0.0095477642267934991621 
0.52500000000000035527 0.34868577684635881919 -0.93550732550077486671 -2.489442964002561709 0.0086998541603366692093 
0.55000000000000037748 0.32471919456349690458 -1.2380738917873057581 -2.4925804511855811363 0.0095044294380241482051 
0.57500000000000039968 0.32586987477873186059 -1.6049149840941807632 -2.4959006825726040013 0.0081949497025637727671 
0.60000000000000042188 0.30151251867141798391 -1.2379895568385226312 -2.498692895813450221 0.0087158123310482546464 
0.62500000000000044409 0.2929927019665150012 -1.1851969515631004537 -2.502860948836205246 0.015851971378957722264 
0.65000000000000046629 0.27556395851352843973 -1.1969221513568608639 -2.5093840341064606037 0.018277462275178908702 
0.6750000000000004885 0.24038002379723874546 -1.3466940088044438983 -2.5137641507846435474 0.0073753269717224626684 
0.7000000000000005107 0.26029079260325255207 -1.9587503410883677635 -2.5166425264556058217 0.0093598518882763402649 
0.72500000000000053291 0.27142772108173335299 -2.1351639916607325631 -2.5191822062623807632 0.0055312751540615746892 
0.75000000000000055511 0.26145516661582118845 -1.7469012687332645672 -2.5214041693055748716 0.0067298133911712658059 
0.77500000000000057732 0.27376975659556090914 -1.4699225556826518435 -2.5237723826096831736 0.0068488969827771861709 
0.80000000000000059952 0.27456596368272440101 -1.2709009137006559431 -2.5256258050509270419 0.0028197234025555250464 
0.82500000000000062172 0.27726588580614308643 -1.2758420379832062785 -2.5266296146278719448 0.0042116374895073693807 
0.85000000000000064393 0.27778604796968087154 -1.5013409017523573485 -2.5280934705721826994 0.0033460128973902686367 
0.87500000000000066613 0.26594479285327499163 -1.6514337139131722854 -2.5291008528156226909 0.0022583750558325833141 
0.90000000000000068834 0.27061940805108625208 -1.7020450549185 -2.5298083252903680318 0.0023122957291258970473 
0.92500000000000071054 0.27682870347164989511 -1.5683783603582095445 -2.5306053535017110079 0.0018203839190506717911 
0.95000000000000073275 0.26890343721458775939 -1.3745559519468542042 -2.5311751279367884493 0.0015271158368663517203 
0.97500000000000075495 0.27162233354722353784 -1.480921102262268807 -2.5316257202023972894 0.0010841051285520608444 
1.0000000000000006661 0.27530398873666384052 -1.5792668405389567177 -2.5320780034413004067 0.0013895246416513345501 
1.0249999999999979128 0.27148214508508716758 -1.5240434385526491212 -2.5324315166497304297 0.00075047514868934676446 
1.0499999999999951594 0.27260816320918906941 -1.5705665574065910128 -2.5327351743474504353 0.00078244986846100401424 
1.0749999999999924061 0.27264029621032187523 -1.5391957469042205631 -2.5329364256252988596 0.00057995391553469137578 
1.0999999999999896527 0.27354649836788241801 -1.4667252836589206311 -2.5331640276912965604 0.00059533603882373222708 
1.1249999999999868994 0.27693558203375867599 -1.5423272542642634253 -2.5333524049523958865 0.00047606793985574178373 
1.149999999999984146 0.27420664662092858466 -1.5338140153806509858 -2.5334850162253639283 0.00029472248262044477632 
1.1749999999999813927 0.27382472908002769563 -1.4653800494086681727 -2.5335971389899394346 0.00037125457835308277137 
1.1999999999999786393 0.27600009653049911718 -1.4902548771292338792 -2.5337170227887821916 0.00027071935729977206599 
1.224999999999975886 0.27069807802663831131 -1.5291718814055177411 -2.5337951177029305327 0.00017818536473345370115 
1.2499999999999731326 0.26819803882894016622 -1.5670699033673081146 -2.5338589637681638855 0.00020953453612885389388 
1.2749999999999703792 0.27207023388462847624 -1.5563453886686018368 -2.5339247646245026679 0.00014886076247257260929 
1.2999999999999676259 0.27541107944198128799 -1.5168518362262353172 -2.5339792399297618175 0.00015470425598267771041 
1.3249999999999648725 0.27823602777468608993 -1.5204466163151697522 -2.5340183588273199611 7.6337229680898375812e-005 
1.3499999999999621192 0.27663782294260330641 -1.4908825025502767669 -2.5340500459792369981 0.00010498910386093425104 
1.3749999999999593658 0.27218908560499943672 -1.481423145140916553 -2.5340822405925451655 7.8857252123420496556e-005 
1.3999999999999566125 0.27167073563099397582 -1.5460931041668966035 -2.5341102603424845441 6.7860927660265922805e-005 
1.4249999999999538591 0.27236051284903900482 -1.5489830784171947364 -2.534127834956807046 4.8081975406423968478e-005 
1.4499999999999511058 0.27330495567964518955 -1.4994650106371043563 -2.5341454878287934527 4.3732978638344326713e-005 
1.4749999999999483524 0.27473418764113899382 -1.5068880001820790238 -2.5341598760925068134 4.087499180524981437e-005 
1.4999999999999455991 0.27380403177772971723 -1.5293669047931808258 -2.5341733656180749357 3.4069607414914707371e-005 
1.5249999999999428457 0.27349776523251989602 -1.5289661821898388183 -2.5341838691257225769 2.5295289094153517438e-005 
1.5499999999999400924 0.27439140177820930955 -1.530573237150003596 -2.5341907492328399343 1.7404519445856457137e-005 
1.574999999999937339 0.27367731335230777168 -1.5274603311930352589 -2.5341984746625789704 2.3348524380332102214e-005 
1.5999999999999345857 0.2736125089509517383 -1.5157093777805137336 -2.5342060310473000229 1.9996093579778132291e-005 
1.6249999999999318323 0.27400605582084291978 -1.5033152168010088801 -2.5342105193069146551 5.2893982162697977912e-006 
1.649999999999929079 0.27324480083505359174 -1.5056859721566882016 -2.5342133363356516007 1.2974423873852499188e-005 
1.6749999999999263256 0.27340842349000199496 -1.5273930683164951283 -2.5342179072701735976 1.0967867418155709033e-005 
1.6999999999999235722 0.27402509510233719059 -1.5298454357060113917 -2.5342214833571201638 9.3956979388619276284e-006 
1.7249999999999208189 0.27400156652918117306 -1.5196882944137088955 -2.5342236452867514807 3.5225076618477672127e-006 
1.7499999999999180655 0.27400007362645478759 -1.5280120608127829573 -2.5342252123413810949 5.1582678390934397333e-006 
1.7749999999999153122 0.27354589823119584979 -1.5241612229317009763 -2.5342271070688298096 6.2962336615857308916e-006 
1.7999999999999125588 0.27335264114870122532 -1.5114930241941053612 -2.5342291586932850223 4.1498262833770382997e-006 
1.8249999999999098055 0.27379140350804748172 -1.5187380126864709062 -2.5342301148865540306 1.8865834297269969379e-006 
1.8499999999999070521 0.27365179669332423407 -1.5218537381591872304 -2.5342308907456327915 2.8909713445655051994e-006 
1.8749999999999042988 0.27368522037738901576 -1.5158220148851031528 -2.5342320138530740614 2.9469278439223777943e-006 
1.8999999999999015454 0.27410739964113772782 -1.5178771319039401355 -2.5342327588463202659 1.5419814586576750154e-006 
1.9249999999998987921 0.27386688878866538577 -1.5228648347518440875 -2.5342332940878868897 1.368875734494658767e-006 
1.9499999999998960387 0.27365769708623699508 -1.5247301448691061854 -2.5342338072430647955 1.7346472543056789208e-006 
1.9749999999998932854 0.27372537131054175408 -1.5210788465543685355 -2.5342342828610475713 8.0121185767204660649e-007 
1.999999999999890532 0.27360348624765912229 -1.5181631800116575093 -2.5342346071961521226 1.1423826567224916176e-006 
2.0249999999998880007 0.27369614549176984886 -1.5205762062943182222 -2.534234944090784758 6.9973869295283679655e-007 
2.0499999999998852473 0.27378111996056347932 -1.5190256251816518507 -2.5342351731255470249 6.5688109118516047927e-007 
2.074999999999882494 0.27366488922956677676 -1.5179291645050345672 -2.5342353801943335867 5.3612365182866722969e-007 
2.0999999999998797406 0.27374504118838061117 -1.5226647597021243374 -2.534235575460594081 4.980776097672185474e-007 
2.1249999999998769873 0.27380470991625360799 -1.5219615266582775526 -2.5342357254227940722 4.2698658915193187805e-007 
2.1499999999998742339 0.27378528096292675809 -1.5177290646782002348 -2.5342358540315625959 2.6457529214601373531e-007 
2.1749999999998714806 0.27380991668442716813 -1.519175777797731941 -2.53423594201582425 2.4794539118752383337e-007 
2.1999999999998687272 0.27370710990965169129 -1.521176676095758129 -2.5342360316123713204 2.8470091604561446043e-007 
2.2249999999998659739 0.27369952789597434828 -1.5206813545714450431 -2.5342361269483801856 2.0322826994816346144e-007 
2.2499999999998632205 0.27378764754283291261 -1.5208033989879266024 -2.5342361742800361135 1.200531442426943576e-007 
2.2749999999998604672 0.27369410776171199107 -1.5204385416017474064 -2.5342362251065564394 1.3430860144136546656e-007 
2.2999999999998577138 0.2736713319874176098 -1.5194824988938955279 -2.534236270331504226 1.4487525437569159069e-007 
2.3249999999998549605 0.27376312400817681691 -1.5193977032994658849 -2.5342363109766625762 6.9700650415172098131e-008 
2.3499999999998522071 0.27374968821929124285 -1.5201482008891953335 -2.5342363371204368327 8.9117352532815166189e-008 
2.3749999999998494538 0.27375500040020944725 -1.5211214050748926851 -2.5342363646107934905 6.3640275121432573378e-008 
2.3999999999998467004 0.27378216377522879288 -1.5204259868989182802 -2.5342363865970285453 6.0990381735802007889e-008 
2.4249999999998439471 0.27375105117906295416 -1.5194750735512152495 -2.5342364042445604255 4.1665412997188233264e-008 
2.4499999999998411937 0.2737377977526166406 -1.5202787648310689406 -2.5342364186037000806 3.6684138455072054555e-008 
2.4749999999998384403 0.27372306944580998556 -1.520143134748446867 -2.53423643160177825 4.0886777786492424572e-008 
2.499999999999835687 0.27372662990500384872 -1.5196553070394673846 -2.5342364432560016141 2.3265915544939553921e-008 
2.5249999999998329336 0.27375672072479201313 -1.5207470273937384597 -2.534236451615246466 2.3262003764530526438e-008 
2.5499999999998301803 0.27372536405553304917 -1.5208306292436546414 -2.5342364586117134273 1.9677926147618879246e-008 
2.5749999999998274269 0.27370858237866202423 -1.5198970618311506975 -2.5342364654469209384 1.5515388112884059273e-008 
2.5999999999998246736 0.2737536161100322385 -1.5198917001648728498 -2.5342364700826118806 1.544905494077028403e-008 
2.6249999999998219202 0.27377216530571163444 -1.5201541416311790123 -2.5342364756820994209 1.060348913420773109e-008 
2.6499999999998191669 0.27376852276677815512 -1.5201318669133723205 -2.5342364782518154165 8.8562264920000842667e-009 
2.6749999999998164135 0.27374544168249259624 -1.5199853599554329353 -2.5342364815633997566 8.2704961716250745106e-009 
2.6999999999998136602 0.2737066842029662328 -1.5201246930868625995 -2.5342364845966720566 8.1989253716683167847e-009 
2.7249999999998109068 0.27371784618749728235 -1.5205393594479810204 -2.5342364865931905626 4.1306664683666731065e-009 
2.7499999999998081535 0.27374725366837571183 -1.5203877893309618585 -2.5342364882037511364 4.7683325010760389179e-009 
2.7749999999998054001 0.27375041497190427675 -1.5200949399464867007 -2.5342364897728666406 4.466655120417919083e-009 
2.7999999999998026468 0.27375480784035599591 -1.5202150954102839897 -2.5342364912988331049 3.5263876596810968292e-009 
2.8249999999997998934 0.27375114400833144845 -1.5200637392861273689 -2.5342364923554718814 2.8003399542983024544e-009 
2.84999999999979714 0.27373717600133173899 -1.519868914931432613 -2.5342364930213721053 1.3552759025778585762e-009 
2.8749999999997943867 0.27373273382816393218 -1.5201739198010244536 -2.5342364938340846692 2.8175316192477533364e-009 
2.8999999999997916333 0.27373211285186183073 -1.5203964965699623413 -2.5342364946207713849 1.8102543082462892113e-009 
2.92499999999978888 0.27373994427943509899 -1.5203245459970591291 -2.5342364951256741712 8.958583346843242754e-010 
2.9499999999997861266 0.27374720119984102817 -1.5202606863313237184 -2.5342364954313065795 1.2579538905720350393e-009 
2.9749999999997833733 0.27374188913046171301 -1.520133382892834728 -2.5342364959241971967 1.0697240676900868052e-009 
2.9999999999997806199 0.27374483638607016722 -1.5200205976271172759 -2.534236496200111155 7.8617560663926438626e-010 
3.0249999999997778666 0.27374877908820954842 -1.5200728997460490888 -2.5342364964653292247 6.7129618323600861147e-010 
3.0499999999997751132 0.27373960467179353495 -1.5201980807238053561 -2.5342364967005774901 5.7210100806988929861e-010 
3.0749999999997723599 0.27373643491648014248 -1.5203045571183042561 -2.5342364968652613122 4.8280473529208587777e-010 
3.0999999999997696065 0.27373831260584319258 -1.5202611848807574546 -2.5342364970291599846 3.8011364779088437796e-010 
3.1249999999997668532 0.2737375322584750803 -1.5201685042020662841 -2.5342364971583495326 3.8307837049899258111e-010 
3.1499999999997640998 0.2737419258136704614 -1.5201843724015797754 -2.5342364972718778304 2.4259961815915037084e-010 
3.1749999999997613465 0.2737457650617441951 -1.5201358612607052123 -2.5342364973585707055 2.5096728538690428697e-010 
3.1999999999997585931 0.27374531544306079933 -1.5200943077267790038 -2.534236497426139767 1.8081394101076923307e-010 
3.2249999999997558398 0.27374349414126369906 -1.5201934331966016067 -2.5342364975091298263 2.1475861640074767387e-010 
3.2499999999997530864 0.27373873756795136236 -1.5202239926688458915 -2.5342364975561086915 1.0449457428215092869e-010 
3.274999999999750333 0.27373730542623631035 -1.5201962611647523715 -2.5342364975942555105 9.7377541407656693834e-011 
3.2999999999997475797 0.27374018971517072307 -1.5202176634163782065 -2.5342364976319626813 1.2896555276630517247e-010 
3.3249999999997448263 0.27374178927714348797 -1.5202017851679663352 -2.5342364976740952009 8.8057196978788512163e-011 
3.349999999999742073 0.27374410995176623462 -1.5201615097364915563 -2.5342364976971527568 5.4489436426059590156e-011 
3.3749999999997393196 0.27374408649018550088 -1.5201463842143279059 -2.534236497714088987 5.0848837391432856634e-011 
3.3999999999997365663 0.27374023507860079096 -1.520157552748282459 -2.5342364977350078092 5.550019552417743146e-011 
3.4249999999997338129 0.27373981980812617243 -1.5201886014008967329 -2.534236497752842876 5.0869076220313931574e-011 
3.4499999999997310596 0.27374106084825439167 -1.5201952913963259206 -2.5342364977659364023 2.1822382500813587857e-011 
3.4749999999997283062 0.27374059268973616188 -1.5201958604976000267 -2.5342364977750055921 3.2580348662679132509e-011 
3.4999999999997255529 0.27374142273723672814 -1.5202050887276299385 -2.53423649778506066 2.2502063396802926222e-011 
3.5249999999997227995 0.27374231799817233535 -1.5201795295616014059 -2.5342364977930684766 2.2183286007029941247e-011 
3.5499999999997200462 0.27374223860317903334 -1.5201599835433046159 -2.5342364977990166075 1.5823538192961236243e-011 
3.5749999999997172928 0.27374212500516403868 -1.5201799243551170626 -2.5342364978054296998 1.4577402784593728441e-011 
3.5999999999997145395 0.27374107135062675233 -1.5201846060028230134 -2.5342364978089548799 1.064043970593210322e-011 
3.6249999999997117861 0.27374056800872964557 -1.520178139000095463 -2.5342364978132416731 1.1351310902808004075e-011 
3.6499999999997090327 0.27374106423525201848 -1.5201884177330999837 -2.5342364978166185274 8.0091670978069606584e-012 
3.6749999999997062794 0.27374107010164139275 -1.5201866253958584707 -2.5342364978190063951 6.0632730177343520589e-012 
3.699999999999703526 0.2737416083737412853 -1.5201770086630941314 -2.5342364978213285376 6.701719983635422514e-012 
3.7249999999997007727 0.27374210513695751423 -1.520182257330440212 -2.5342364978232581052 4.9359483085299438439e-012 
3.7499999999996980193 0.27374151108661376464 -1.5201882369817174556 -2.534236497824954526 3.7048734435175282332e-012 
3.774999999999695266 0.27374137599885789429 -1.520185552580502808 -2.5342364978261358033 3.8614927968233137697e-012 
3.7999999999996925126 0.27374147246120184018 -1.5201772671057822706 -2.5342364978272726717 2.2947205801276559325e-012 
3.8249999999996897593 0.27374121982146831789 -1.5201762146594490765 -2.5342364978282141408 3.0757007982699759505e-012 
3.8499999999996870059 0.27374138386755170194 -1.5201856037484129391 -2.5342364978290632394 1.6603668621470567432e-012 
3.8749999999996842526 0.2737413683838143541 -1.5201846777944989508 -2.5342364978296534339 1.7780854956591901803e-012 
3.8999999999996814992 0.27374119710562216934 -1.5201806145491985056 -2.5342364978301903378 1.4826864533627664517e-012 
3.9249999999996787459 0.27374155233680708132 -1.5201854876173741538 -2.5342364978307476697 1.2198153082384461288e-012 
3.9499999999996759925 0.27374171364200300394 -1.520183149553950841 -2.534236497831032775 8.1574758316942045807e-013 
3.9749999999996732392 0.27374151858121764658 -1.5201788429576064132 -2.5342364978313765 1.015457411388623391e-012 
3.9999999999996704858 0.27374133828257202206 -1.5201825361394167846 -2.5342364978316984647 7.1798079579983059109e-013 
4.0249999999996788347 0.2737411825723677361 -1.5201835437615431879 -2.5342364978318903113 5.0014915733734886976e-013 
4.0499999999996871836 0.27374135212190753297 -1.5201821086255311588 -2.534236497832088375 5.4185102335058756509e-013 
4.0749999999996955324 0.2737415467206933406 -1.520182556608974167 -2.5342364978322415858 4.0674198276415529698e-013 
4.0999999999997038813 0.27374143277446638667 -1.5201829478029558196 -2.5342364978323832503 3.1938951252746380644e-013 
4.1249999999997122302 0.27374145852754000474 -1.5201832973212496825 -2.5342364978324938285 3.6421175850789239901e-013 
4.1499999999997205791 0.27374150777888750508 -1.5201823017420683648 -2.5342364978325977454 1.9792055012757899637e-013 
4.1749999999997289279 0.27374137516218016719 -1.5201812533904868197 -2.5342364978326679115 2.0944024582034187184e-013 
4.1999999999997372768 0.27374138284855753511 -1.5201817091417235694 -2.534236497832730528 1.5372925048732286418e-013 
4.2249999999997456257 0.2737414360295035709 -1.5201816487123955834 -2.5342364978327913683 1.836540245392395033e-013 
4.2499999999997539746 0.27374141092633774708 -1.5201827225265289734 -2.5342364978328428826 1.1375007821040098567e-013 
4.2749999999997623235 0.27374141500347626277 -1.5201846149277291609 -2.5342364978328784098 7.7222579490886413733e-014 
4.2999999999997706723 0.27374138016239990545 -1.5201833111044695812 -2.5342364978329050551 9.1195845108815197856e-014 
4.3249999999997790212 0.27374139169866656962 -1.5201815342308278023 -2.5342364978329383618 9.4668877270055697367e-014 
4.3499999999997873701 0.27374147857433400732 -1.520182015804568687 -2.5342364978329654512 4.6681518316671771396e-014 
4.374999999999795719 0.27374147553567268476 -1.5201818299866700634 -2.5342364978329752212 3.6015588144288762119e-014 
4.3999999999998040678 0.27374144757476681633 -1.5201815773385836117 -2.534236497832994317 5.4956118343086094861e-014 
4.4249999999998124167 0.27374143058411815055 -1.5201827272503964927 -2.5342364978330116365 4.2517762954398807059e-014 
4.4499999999998207656 0.27374137870178699705 -1.5201831891317876266 -2.534236497833024071 2.0645638091410196449e-014 
4.4749999999998291145 0.27374138183083801534 -1.5201827822416165148 -2.5342364978330302883 2.2012703810643271722e-014 
4.4999999999998374633 0.27374141238692251132 -1.5201824250538935601 -2.5342364978330382819 2.3273987239274263604e-014 
4.5249999999998458122 0.27374142040414173316 -1.520182328881944489 -2.5342364978330471637 2.2727877977783677941e-014 
4.5499999999998541611 0.27374144601744554439 -1.5201825190578843738 -2.5342364978330529368 9.9242903166257115019e-015 
4.57499999999986251 0.2737414394774974058 -1.5201822281582577645 -2.5342364978330556013 1.2249257428264188341e-014 
4.5999999999998708589 0.27374141622106373806 -1.520182120969614914 -2.5342364978330600422 1.0927124979011920797e-014 
4.6249999999998792077 0.27374143620371638175 -1.5201825875037480174 -2.534236497833064039 8.4422593629490462106e-015 
4.6499999999998875566 0.27374143967448694159 -1.5201824360911864176 -2.5342364978330658154 8.3344914274228466501e-015 
4.6749999999998959055 0.27374141665662848899 -1.5201823259402451605 -2.5342364978330680358 5.1007701746400374645e-015 
4.6999999999999042544 0.27374140488695541951 -1.5201826750522093867 -2.5342364978330702563 4.6962051386174785954e-015 
4.7249999999999126032 0.2737414008639643126 -1.5201825072542687334 -2.5342364978330715886 4.920980472930531151e-015 
4.7499999999999209521 0.27374141793154377345 -1.5201823017932976079 -2.5342364978330746972 3.7418861539566261891e-015 
4.774999999999929301 0.27374143597870792544 -1.5201824597463482469 -2.5342364978330746972 2.4346808010495926543e-015 
4.7999999999999376499 0.27374143198562439494 -1.520182489501520795 -2.5342364978330755854 2.5990278248004422e-015 
4.8249999999999459988 0.27374143230298753071 -1.5201824380671562498 -2.5342364978330760295 2.3690139546589690116e-015 
4.8499999999999543476 0.27374142854956201587 -1.5201823908222116266 -2.5342364978330764735 1.733742312553148738e-015 
4.8749999999999626965 0.27374141568435789162 -1.5201823608485844908 -2.5342364978330773617 1.4127104377661353943e-015 
4.8999999999999710454 0.2737414167205329818 -1.520182403013087491 -2.5342364978330782499 9.4482367190279479128e-016 
4.9249999999999793943 0.27374141813291791303 -1.5201824194490640707 -2.5342364978330782499 1.4416112585928641735e-015 
4.9499999999999877431 0.27374141761151415952 -1.5201825004494287086 -2.5342364978330778058 8.5004081041894712123e-016 
4.974999999999996092 0.27374142694714298507 -1.5201825693376929127 -2.534236497833078694 4.9470838315105351332e-016 
