0.025000000000000015266 0.59463329893180716379 0.00047768860607994359513 -2.2472709870614169247 0.039397207904462848427 
0.05000000000000003747 0.57119321237001918767 0.016736076117567791344 -2.2569714257810229441 0.055075100839855652135 
0.075000000000000052736 0.43570551059731404964 -0.0054352434800575832874 -2.281905940037805447 0.087622564605547320626 
0.10000000000000007494 0.40191609019161872451 -0.05252547575923582901 -2.3239684552441817189 0.10260123954124122925 
0.12500000000000008327 0.24357657086238918009 -0.41127839056926440708 -2.3514316398767420857 0.052024928060389385998 
0.15000000000000010547 0.23224111752659426511 -1.8869809708976976736 -2.3673859290599224003 0.042771446497803941589 
0.17500000000000012768 0.30382026456379962465 -2.3737787393220490806 -2.3835018029061760814 0.045458424698681165754 
0.20000000000000014988 0.25221968632403474198 -1.4373833860229017212 -2.3979826024011821062 0.025583534726023458156 
0.22500000000000017208 0.24092451109870788306 -1.751712212091564691 -2.4064996094626116552 0.027920785180124065017 
0.25000000000000016653 0.27234534549725181174 -1.2793926317059169939 -2.4193128672582728811 0.037107766064388300609 
0.27500000000000018874 0.28684806856801181585 -0.17997520835521374494 -2.4296855811322992658 0.019053296123298753967 
0.30000000000000021094 0.31093146216781264446 -0.35175593768665325278 -2.4350569200023413075 0.011072502305659722918 
0.32500000000000023315 0.30478952443998003075 -0.4452164009850685944 -2.4409894611910041284 0.020350332698399850595 
0.35000000000000025535 0.3138607797064671967 -1.08921104025683535 -2.4480621417250847394 0.0178100292067086656 
0.37500000000000027756 0.30652222582361887682 -1.7563501899002047502 -2.4526661071348949683 0.0089413101004232383578 
0.40000000000000029976 0.27475181998261760663 -1.1526975219547608287 -2.4568666874717668414 0.013298061325490802623 
0.42500000000000032196 0.31635520594215399415 -0.86974362651060888041 -2.4634117159677422215 0.020472696061686970065 
0.45000000000000034417 0.34502180796285836228 -0.42031172364714486367 -2.4702527638902140872 0.01729978246859279617 
0.47500000000000036637 0.33070159592026371342 -0.24414605390869537072 -2.4765950306727773089 0.018121958674778556458 
0.50000000000000033307 0.32596526898096100933 -0.971939216291659136 -2.4830146750530928124 0.013111240824742485811 
0.52500000000000035527 0.29904097969552834169 -1.1696343450009021314 -2.4866210104653556634 0.0072656651472126918337 
0.55000000000000037748 0.29121532437877056809 -1.3903527676184861406 -2.4887739806111053298 0.0057711171706597268888 
0.57500000000000039968 0.30991328988242489162 -1.3411262463346584894 -2.4907181513509102366 0.0049056557624489963848 
0.60000000000000042188 0.31345178768662768087 -0.77627361656287408032 -2.4930324042363665171 0.0072365232254660311756 
0.62500000000000044409 0.3407851281928497289 -0.84952849623442738825 -2.4958357105850468294 0.006787093552181241822 
0.65000000000000046629 0.3503686825291278395 -0.91668005361838500455 -2.4977592136826345381 0.0047515817581838233966 
0.6750000000000004885 0.33628607273043614745 -0.87855192966711881386 -2.49931381542762443 0.0032159783462997601142 
0.7000000000000005107 0.3359269395768988975 -1.1168972668391088376 -2.5004406194871728886 0.0031331083160538609339 
0.72500000000000053291 0.32357751846606730428 -1.1816178905168472912 -2.5017507355014800829 0.0038670784249022864543 
0.75000000000000055511 0.31324079844571012243 -1.3643780614591030087 -2.5033320617928196405 0.0052705502214037717665 
0.77500000000000057732 0.30906518980559016807 -1.522393279835750235 -2.5060467582023893129 0.010125519504597143075 
0.80000000000000059952 0.27723644401286434702 -1.3645148630000993872 -2.5113793545903813076 0.017555184742876810133 
0.82500000000000062172 0.24759673837343801339 -1.4748448373410982803 -2.5168321916187115228 0.010034186832465446029 
0.85000000000000064393 0.25704006603741025305 -1.8722694412995135593 -2.5194084715948781295 0.0053664405776967872078 
0.87500000000000066613 0.2674536969755202942 -1.9943074956494111216 -2.5210558997111642832 0.0034789593115990835592 
0.90000000000000068834 0.26642078689364107058 -1.8160436302708340417 -2.5225953982060254077 0.0053747497745449913584 
0.92500000000000071054 0.27046482286723400046 -1.5444171323007278573 -2.52470284023623881 0.0058331153497235034566 
0.95000000000000073275 0.27105202609520057111 -1.3357969597625225511 -2.5268887644305695339 0.0049925429920685262739 
0.97500000000000075495 0.27965615456272491235 -1.3642735150520415299 -2.5280526082757552864 0.0020785514025629401105 
1.0000000000000006661 0.27937756546135078528 -1.4231920730152858301 -2.5288354893926183742 0.0021875399835042221366 
1.0249999999999979128 0.26512032072480035128 -1.5348307165926573514 -2.5297522655962394467 0.0026515075881488156702 
1.0499999999999951594 0.26664412827007605289 -1.7014180949204655846 -2.5306193251482089757 0.0020000185525828671589 
1.0749999999999924061 0.2741132513136306792 -1.6695750942506006886 -2.5312802867076680258 0.0015430317525868429349 
1.0999999999999896527 0.27380971924112251781 -1.5054800261212251122 -2.5317247941512772691 0.00093016833159623700262 
1.1249999999999868994 0.27509965578862521918 -1.4677395721059247613 -2.5320647173232324612 0.00091502727038555509761 
1.149999999999984146 0.27502669339417334937 -1.4534521098389341365 -2.5324355435520242708 0.0011880250060778208606 
1.1749999999999813927 0.27344028199007086588 -1.4505962382636097274 -2.5328496058845253458 0.00082539962715525209101 
1.1999999999999786393 0.27315098627974532253 -1.5415789995992243977 -2.533060030439540089 0.00042641898680589738124 
1.224999999999975886 0.27131129794606351213 -1.5875292656834727456 -2.5331934144913721418 0.00035436705005424440395 
1.2499999999999731326 0.2718279334607804909 -1.552561142307758324 -2.5333777585649857045 0.00061201531005248470483 
1.2749999999999703792 0.27407207902789376686 -1.5193143344873378808 -2.533575258290755805 0.00039290109474672286214 
1.2999999999999676259 0.27372046127705107477 -1.5090816749667388397 -2.5336743021824665867 0.00018160594840291725588 
1.3249999999999648725 0.27436622039583452581 -1.5102350833948239295 -2.5337401733287272521 0.00020809173559228698975 
1.3499999999999621192 0.27535763983057681692 -1.4960199414250645589 -2.5338326917449549569 0.00026724499029618726175 
1.3749999999999593658 0.27342244390036934965 -1.509400932944374496 -2.5339188809870774044 0.00017688345186275562099 
1.3999999999999566125 0.27203708408203514102 -1.5488668824157747483 -2.5339630345793660027 9.1876407905662534222e-005 
1.4249999999999538591 0.2726162930568753473 -1.5336636428745278327 -2.5340034602679839537 0.00011718141787324334749 
1.4499999999999511058 0.27359624652077524365 -1.5075757593022012237 -2.5340447914701749177 0.0001129361765333915333 
1.4749999999999483524 0.27497582842368106792 -1.5246841495930647525 -2.5340828818855971605 7.7369671975052869495e-005 
1.4999999999999455991 0.27516307039576848315 -1.5261889076293986278 -2.5341055926442108692 6.1618249992816763309e-005 
1.5249999999999428457 0.27378822764291721459 -1.507649599593772205 -2.5341279691553042497 4.9099734818985070592e-005 
1.5499999999999400924 0.27267277345762069851 -1.5166632456640751769 -2.5341444631193881243 4.8907973010561117937e-005 
1.574999999999937339 0.27243862724686734866 -1.5321301692169111419 -2.5341620799170825329 3.9538050330302622153e-005 
1.5999999999999345857 0.27335699512526223653 -1.5224567879919534974 -2.5341750869838199911 3.2384883879561935434e-005 
1.6249999999999318323 0.27420912447730017014 -1.5116231767327223956 -2.5341845691621918135 2.0622276748653500995e-005 
1.649999999999929079 0.27401364508238862383 -1.517733130478648107 -2.5341926644443413252 2.2854351264571146177e-005 
1.6749999999999263256 0.27418688325612150525 -1.5240169070238356319 -2.5342010078413159668 2.1399788054192309242e-005 
1.6999999999999235722 0.27445193416023810906 -1.5215119854587297876 -2.5342072847147329995 1.223329193967660052e-005 
1.7249999999999208189 0.27373876342668440609 -1.522767362454779505 -2.5342114227395597936 1.1511676858419502334e-005 
1.7499999999999180655 0.2731821182654434188 -1.5271800553133467737 -2.5342156950308174501 1.1563322671761659303e-005 
1.7749999999999153122 0.27341074020031808089 -1.5171973758490504558 -2.5342200839539033019 1.0324241950178696106e-005 
1.7999999999999125588 0.27363921465802565347 -1.5075892013231311228 -2.534222304439655904 3.5808993040015563238e-006 
1.8249999999999098055 0.27353582405911375242 -1.5172835959072266121 -2.5342242688028400188 6.4940550472175242986e-006 
1.8499999999999070521 0.27356651113407670639 -1.5252689660618259371 -2.5342266953775558491 6.981619332944663265e-006 
1.8749999999999042988 0.27401870558170166037 -1.5248978821335303913 -2.5342288873834655227 3.5456705371139326556e-006 
1.8999999999999015454 0.27418969293774292373 -1.5262907942649313053 -2.5342295999661113015 1.7537364230888769707e-006 
1.9249999999998987921 0.27379939664037844516 -1.5217660664938144066 -2.5342306198757258429 3.4063155387965910087e-006 
1.9499999999998960387 0.27366791185226441163 -1.5142227412772997219 -2.5342319087379534537 3.3585989049815864201e-006 
1.9749999999998932854 0.27378966697408918529 -1.5148328436052180823 -2.5342328335282724439 1.4642325004511954382e-006 
1.999999999999890532 0.27362085364486776751 -1.5200840230002388154 -2.5342332046447286764 9.332281763672952444e-007 
2.0249999999998880007 0.27347666272128151599 -1.5216540379061691546 -2.5342337099850209547 1.7922874244242621701e-006 
2.0499999999998852473 0.27363532595590661645 -1.5198171456064204499 -2.5342343292165878665 1.337144191959721976e-006 
2.074999999999882494 0.2738439367178670536 -1.5219246706558646753 -2.5342347178603716884 7.7292710014564995102e-007 
2.0999999999998797406 0.27388112867411695817 -1.5244329702765884171 -2.5342349278010645186 5.5876110396911388639e-007 
2.1249999999998769873 0.2737805283579906046 -1.5202308197384206689 -2.5342352022163119329 7.8310896712735234405e-007 
2.1499999999998742339 0.27376460276267794436 -1.5171319355611621038 -2.5342354377618394601 5.5560782853185393908e-007 
2.1749999999998714806 0.27379352200350254298 -1.5191824332067309644 -2.5342356424287837413 4.7664960317278520443e-007 
2.1999999999998687272 0.27370217221699622012 -1.5196502548176780145 -2.5342357722276629417 2.9200295342116647252e-007 
2.2249999999998659739 0.27364838076065228778 -1.5191104755273276972 -2.5342358786290160033 2.603606375836741164e-007 
2.2499999999998632205 0.27369411979938207402 -1.5211586290259950793 -2.5342359775341338768 3.00708526053625018e-007 
2.2749999999998604672 0.27373716279443532917 -1.522246699831500294 -2.5342360906058170045 2.7561826612442330224e-007 
2.2999999999998577138 0.27379772763302911986 -1.5203658569986313598 -2.534236163801551811 1.166640599372136142e-007 
2.3249999999998549605 0.27380149372191009416 -1.5191818948276809564 -2.5342361992569322204 1.087397810239337424e-007 
2.3499999999998522071 0.27372914028770345407 -1.5199488077315401746 -2.5342362467528447567 1.4204863732666721321e-007 
2.3749999999998494538 0.27372375220986522315 -1.5204640292881439478 -2.5342363039145765491 1.4743665461155991959e-007 
2.3999999999998467004 0.27374493966276586265 -1.5201326880310350731 -2.5342363389373416815 4.7441352818185381539e-008 
2.4249999999998439471 0.27372082877955045133 -1.5200824320420740499 -2.5342363564384635666 5.636409874040646038e-008 
2.4499999999998411937 0.27371517479759849278 -1.5202696294857351855 -2.5342363784985599828 6.6516255541668196229e-008 
2.4749999999998384403 0.27373407106921932019 -1.5198222039801905225 -2.5342364054297044085 6.2953087032886324741e-008 
2.499999999999835687 0.27376020734076811358 -1.5198365292382836067 -2.5342364201271596613 2.8287197040965226856e-008 
2.5249999999998329336 0.2737749433651805453 -1.5207093685553769724 -2.534236431562954639 2.9688728804374274942e-008 
2.5499999999998301803 0.27375218476533141887 -1.5205833328706752638 -2.5342364419779572771 2.945877291527473177e-008 
2.5749999999998274269 0.27373823269502750577 -1.5200359080417782387 -2.5342364525979723666 2.5789407502577427996e-008 
2.5999999999998246736 0.27373670551847034682 -1.5202769358524219623 -2.5342364609233558603 1.8797677032568288029e-008 
2.6249999999998219202 0.27371767708986877166 -1.5201724914829539692 -2.5342364665324601525 1.2968939896505650836e-008 
2.6499999999998191669 0.27372432527098033983 -1.5197500426098224935 -2.5342364713315208569 1.2350228709722113331e-008 
2.6749999999998164135 0.27374839413495594131 -1.5199553499747424645 -2.5342364758222735155 1.3261989346699621139e-008 
2.6999999999998136602 0.27374699000228353007 -1.520422687645230031 -2.5342364803948873586 9.1663033010207192597e-009 
2.7249999999998109068 0.27374488972426913591 -1.520493185225965993 -2.5342364831251558144 6.8756609039709881596e-009 
2.7499999999998081535 0.27374859512408555862 -1.5201973779183615143 -2.5342364850783503094 4.0676393845222459941e-009 
2.7749999999998054001 0.27374789271689015102 -1.5200988522768910105 -2.5342364872907467976 7.6045713906402693532e-009 
2.7999999999998026468 0.2737509834144413734 -1.520169845517495899 -2.5342364895488942445 4.16939114105389006e-009 
2.8249999999997998934 0.27374224063238988824 -1.5200371059363799731 -2.5342364908245649247 2.8764407260201637818e-009 
2.84999999999979714 0.27372615352727608373 -1.5200721705613986501 -2.5342364917103639144 2.5683790384285094926e-009 
2.8749999999997943867 0.27372765732994552845 -1.5203373676872387055 -2.5342364929274889818 3.3065064321391713783e-009 
2.8999999999997916333 0.2737369236557644081 -1.5203237113337513264 -2.5342364938395278706 1.8196501285099846505e-009 
2.92499999999978888 0.27374415817422370623 -1.5201611005521162845 -2.5342364943976538605 1.3547380103029431575e-009 
2.9499999999997861266 0.27375085009409177994 -1.5201703486277995392 -2.5342364949799058849 1.6764205439529507845e-009 
2.9749999999997833733 0.2737512750494491276 -1.5201592628465045998 -2.5342364955244987001 1.294353038086334899e-009 
2.9999999999997806199 0.27374750312910123284 -1.5200641115861834862 -2.5342364959153349524 7.2756476534352650279e-010 
3.0249999999997778666 0.27374012381103424163 -1.520102883632377111 -2.5342364961617680486 8.2118139118873592297e-010 
3.0499999999997751132 0.27373156157195605021 -1.5202377056014206858 -2.534236496494994384 7.964400111105756219e-010 
3.0749999999997723599 0.27373365272782318458 -1.5203010142247981307 -2.5342364967410340171 5.8569586595758174744e-010 
3.0999999999997696065 0.27374076956335963162 -1.5202714668408303655 -2.5342364969019617327 2.9904474035097149789e-010 
3.1249999999997668532 0.27374292231385055629 -1.5201939102524919534 -2.5342364970444370975 4.8763893828546905392e-010 
3.1499999999997640998 0.27374549270382680932 -1.5201153921324579432 -2.5342364972018085467 3.2853418318404809305e-010 
3.1749999999997613465 0.27374695894826223119 -1.5200667475109226334 -2.5342364973038851161 2.3602130426196836445e-010 
3.1999999999997585931 0.2737430209644917678 -1.520116266425127094 -2.5342364973867503863 2.2246267676706331667e-010 
3.2249999999997558398 0.27373923461542232216 -1.5202362041886390287 -2.5342364974653115439 1.9710831805713272192e-010 
3.2499999999997530864 0.27373795575546450154 -1.5202624999601908051 -2.5342364975296174379 1.4007340055155949475e-010 
3.274999999999750333 0.27373841816610960942 -1.5202192550553017547 -2.5342364975760918178 1.3594605384378478591e-010 
3.2999999999997475797 0.2737408049565370205 -1.5202011120793834653 -2.534236497626659812 1.0794198455033310929e-010 
3.3249999999997448263 0.2737430729502161042 -1.5201616393275929617 -2.5342364976566353896 7.7640175909246939912e-011 
3.349999999999742073 0.27374410505648066883 -1.5201266676646754128 -2.5342364976850979552 6.5311590516008596717e-011 
3.3749999999997393196 0.27374343910470283481 -1.5201524795762373365 -2.5342364977114244518 8.4524326543097320771e-011 
3.3999999999997365663 0.27374126651621355499 -1.5201920433532918331 -2.5342364977368907475 4.2197959611305909693e-011 
3.4249999999997338129 0.27373989585799496371 -1.5202028528218174408 -2.5342364977491129707 3.0746013941613550226e-011 
3.4499999999997310596 0.27373962417817832016 -1.5201955936840239048 -2.5342364977602178655 3.4299886564126559399e-011 
3.4749999999997283062 0.27374013304095629051 -1.5201960265352982837 -2.5342364977759030964 4.3215898775015007756e-011 
3.4999999999997255529 0.27374201484320315192 -1.5201929416529653682 -2.5342364977877003263 2.0214420559944764097e-011 
3.5249999999997227995 0.27374309023257098472 -1.5201697889690524157 -2.5342364977928641956 1.1525000340081046716e-011 
3.5499999999997200462 0.27374208568549673881 -1.5201604802857153764 -2.5342364977985991636 1.9402952406509688882e-011 
3.5749999999997172928 0.27374126274859800212 -1.5201760992973794018 -2.5342364978055460512 1.7195017916925484514e-011 
3.5999999999997145395 0.27374133689599527974 -1.520186964388998252 -2.5342364978112712492 1.1697108389050878734e-011 
3.6249999999997117861 0.27374115330666021206 -1.5201901880671582212 -2.5342364978140059506 6.5044644125628544743e-012 
3.6499999999997090327 0.27374079334755496706 -1.5201923158913857037 -2.5342364978170186518 7.7371164110425752145e-012 
3.6749999999997062794 0.27374107915646894718 -1.5201850299733781213 -2.5342364978196907366 8.098363216351603019e-012 
3.699999999999703526 0.273741837362361351 -1.5201758365079984792 -2.5342364978225373484 5.8189711021335310629e-012 
3.7249999999997007727 0.27374196069141026877 -1.5201776047040391759 -2.5342364978241844753 3.9875096666854713431e-012 
3.7499999999996980193 0.27374143229440056624 -1.5201815835962384504 -2.5342364978254430241 2.629914871686625503e-012 
3.774999999999695266 0.27374124558323281731 -1.5201818724510101077 -2.534236497826607426 3.9903732714733974113e-012 
3.7999999999996925126 0.27374132083164876006 -1.5201839153681149241 -2.5342364978280147447 3.2271294845815249543e-012 
3.8249999999996897593 0.27374127576274609464 -1.5201855757719353601 -2.5342364978289633193 1.7465964938082926506e-012 
3.8499999999996870059 0.27374138264338870874 -1.5201834046453090998 -2.5342364978294056321 1.0875457740402702881e-012 
3.8749999999996842526 0.27374155575587710842 -1.5201805408035848899 -2.5342364978299412037 1.8413351497657531285e-012 
3.8999999999996814992 0.27374156185096520932 -1.5201819800307920794 -2.5342364978306948231 1.8594198982685026785e-012 
3.9249999999996787459 0.27374148320984875715 -1.5201843720448038333 -2.5342364978311233692 5.8027340242953038689e-013 
3.9499999999996759925 0.27374138808416365043 -1.520181225782604173 -2.5342364978313267621 6.3367106466417082449e-013 
3.9749999999996732392 0.27374136155511202828 -1.5201795713599737248 -2.5342364978315949919 8.6418087063496615007e-013 
3.9999999999996704858 0.27374137021848937712 -1.5201829282378700459 -2.5342364978319396052 7.8857945180415265191e-013 
4.0249999999996788347 0.27374134268840177864 -1.520183478596388138 -2.5342364978321270108 3.5679251654697132592e-013 
4.0499999999996871836 0.27374138385009066932 -1.5201827176291764498 -2.5342364978322566849 3.2705510461357535051e-013 
4.0749999999996955324 0.27374145356430223952 -1.5201840029986930514 -2.5342364978323876912 4.0846788620782212607e-013 
4.0999999999997038813 0.27374148711893908636 -1.520183660488560573 -2.5342364978325266911 2.9864141160517362857e-013 
4.1249999999997122302 0.27374152480571856128 -1.5201815253823620644 -2.5342364978326163971 2.0927991697684321043e-013 
4.1499999999997205791 0.27374147245047353305 -1.5201804925458621831 -2.5342364978326923364 2.002440409991662674e-013 
4.1749999999997289279 0.27374137197461806403 -1.5201813885707537999 -2.5342364978327576175 1.483859961610362484e-013 
4.1999999999997372768 0.27374136997675935223 -1.5201825168144846856 -2.5342364978328109082 1.4629047323791450172e-013 
4.2249999999997456257 0.27374138494818289757 -1.5201828508938961537 -2.534236497832859758 1.116921420032847484e-013 
4.2499999999997539746 0.27374138132045877647 -1.5201835152026959008 -2.5342364978328992819 9.5328454438544194984e-014 
4.2749999999997623235 0.27374141815210339956 -1.5201836525441965176 -2.5342364978329232628 5.61329114811786049e-014 
4.2999999999997706723 0.27374145132697591531 -1.5201823722153950946 -2.5342364978329525727 8.3883982555551386846e-014 
4.3249999999997790212 0.27374146568243912236 -1.5201816916493966492 -2.5342364978329765535 5.3832779392234756942e-014 
4.3499999999997873701 0.27374145767654567418 -1.5201819766734909756 -2.5342364978329929848 3.4214208697487897396e-014 
4.374999999999795719 0.27374141906353915976 -1.5201818305352305938 -2.5342364978330049752 3.5198743679302908701e-014 
4.3999999999998040678 0.27374141002638696651 -1.5201819690141351593 -2.5342364978330205183 3.9531167770589770745e-014 
4.4249999999998124167 0.27374141585337263827 -1.5201829191011340114 -2.5342364978330311764 2.2898887656150580117e-014 
4.4499999999998207656 0.27374139644519601688 -1.5201832401303789766 -2.5342364978330382819 1.5741514113878622118e-014 
4.4749999999998291145 0.27374140054503859343 -1.5201827714427125215 -2.5342364978330444991 2.0113904850072462818e-014 
4.4999999999998374633 0.273741427366287704 -1.5201824344120737909 -2.5342364978330516045 1.9067991033871547742e-014 
4.5249999999998458122 0.27374144148671308852 -1.5201821538999598094 -2.5342364978330564895 6.4580143933464112589e-015 
4.5499999999998541611 0.27374144583037351985 -1.5201819357095991414 -2.5342364978330600422 1.0331897365149087018e-014 
4.57499999999986251 0.27374143105119480568 -1.5201821280768021971 -2.534236497833063595 1.0169399870933878747e-014 
4.5999999999998708589 0.2737414136920848784 -1.520182642372610804 -2.5342364978330671477 8.3443807219830882279e-015 
4.6249999999998792077 0.27374141456092532243 -1.5201828853962386923 -2.534236497833068924 2.7641457993841853256e-015 
4.6499999999998875566 0.27374141125062423363 -1.5201825235637684841 -2.5342364978330702563 5.249123990257778108e-015 
4.6749999999998959055 0.27374141281137087667 -1.5201822698639944065 -2.5342364978330720326 4.8242834436860114901e-015 
4.6999999999999042544 0.2737414307519606127 -1.5201824016210243595 -2.5342364978330733649 3.6723094124503155843e-015 
4.7249999999999126032 0.27374143511757875746 -1.520182381909142455 -2.5342364978330755854 1.9582138638802218228e-015 
4.7499999999999209521 0.27374142629666076143 -1.5201823611467761843 -2.5342364978330760295 2.124826320167183024e-015 
4.774999999999929301 0.27374142299554654612 -1.5201824894184221559 -2.5342364978330769176 2.1770568051701952638e-015 
4.7999999999999376499 0.27374142221164166067 -1.5201824814174660361 -2.5342364978330773617 1.8135799098654524698e-015 
4.8249999999999459988 0.27374142127430850513 -1.5201824330430986354 -2.5342364978330778058 1.1560007549872460042e-015 
4.8499999999999543476 0.27374141743043950425 -1.5201824525669547228 -2.5342364978330791381 8.9554122033597914383e-016 
4.8749999999999626965 0.27374141526382556044 -1.5201824400988930286 -2.534236497833078694 8.4191353174770138044e-016 
4.8999999999999710454 0.27374142340885670999 -1.5201824029194486165 -2.534236497833078694 1.1351129534770214679e-015 
4.9249999999999793943 0.27374142934397921456 -1.5201824028407653344 -2.5342364978330800263 4.7032873356490594067e-016 
4.9499999999999877431 0.27374142650173372004 -1.5201824486453485719 -2.5342364978330800263 3.4747603678076119878e-016 
4.974999999999996092 0.27374142532218326274 -1.5201824631570228785 -2.5342364978330791381 4.4952914416399764057e-016 
