0.025000000000000015266 0.59321868351399120733 0.0004681549411255717108 -2.248915549641774092 0.038425029653766339111 
0.05000000000000003747 0.57072525960391184974 0.016371009601772734676 -2.2595489746443853107 0.052383408090981110894 
0.075000000000000052736 0.43978773141642074629 -0.0036281127700787951795 -2.2863795756350744348 0.082505855706200559307 
0.10000000000000007494 0.40890903639900955113 -0.051035485584447703999 -2.3316929188206088064 0.097656543191338152088 
0.12500000000000008327 0.25530018353145200738 -0.40969302238448812581 -2.3614022667127638755 0.048476231574645319011 
0.15000000000000010547 0.23968882958712450781 -1.7851351282180663027 -2.3776835270070328932 0.037034367363190788536 
0.17500000000000012768 0.30604691911522696746 -2.2226441388838469315 -2.3938757918082060883 0.040645234312133078636 
0.20000000000000014988 0.2641555050041727859 -1.369329034256094646 -2.4087370334705862085 0.023795781960785297032 
0.22500000000000017208 0.25871028589493944017 -1.6047605863043368224 -2.4176769821991741516 0.024593151500073705262 
0.25000000000000016653 0.28748662676422392925 -1.1804666396508520787 -2.4302301035886766378 0.031318157962360725077 
0.27500000000000018874 0.29638611263986974764 -0.33299127526783484088 -2.4400169322573650454 0.015497630862737019064 
0.30000000000000021094 0.31692034641513178173 -0.54296897107541264305 -2.4457303006887598507 0.013584997731508943394 
0.32500000000000023315 0.32063963681917712067 -0.691789189277664196 -2.4539447853127374088 0.024120895537660752561 
0.35000000000000025535 0.34805400969739214156 -1.2796762912253347722 -2.4636095145766239156 0.020342578026396315738 
0.37500000000000027756 0.36201822051513293799 -1.8005667177046156269 -2.4697643647839648828 0.010768637720317567052 
0.40000000000000029976 0.3149405372061487296 -1.3442387546952061506 -2.4748006219069118572 0.012183634210835014855 
0.42500000000000032196 0.30674033896331032167 -1.2972521203858506933 -2.4801281046512619888 0.01264710486420986095 
0.45000000000000034417 0.31133813066298338113 -1.2194458071825065026 -2.4850155319924311925 0.011521365985810669633 
0.47500000000000036637 0.30316470416690016743 -1.0596656090270046846 -2.4900960572800294734 0.012820508546265043173 
0.50000000000000033307 0.3073086989839743377 -1.2882413875231648603 -2.4956153305219319627 0.011335320232453763994 
0.52500000000000035527 0.30004182589993638741 -1.4561857823589372529 -2.4994804621726736116 0.0083944829559587427065 
0.55000000000000037748 0.29776480856212467208 -1.9216396709641805352 -2.5028014788544692415 0.0066566150182161710341 
0.57500000000000039968 0.3038445388370782374 -2.2235168514102876536 -2.5048892992269489177 0.0039715070206865592251 
0.60000000000000042188 0.29309023496737413028 -1.8107459942484438464 -2.5067318141999765935 0.0041416820509263272201 
0.62500000000000044409 0.30552750797669692151 -1.5252452218659349192 -2.50810536113555127 0.0029285269699344446993 
0.65000000000000046629 0.32598925732902395147 -1.4195972746763685368 -2.5094518213989411848 0.0031905394807413968265 
0.6750000000000004885 0.32443571503938722911 -1.3044331410191762899 -2.5105167052511649928 0.0019150273755804011165 
0.7000000000000005107 0.31516761794116621154 -1.3849790849138017279 -2.5113746844672437675 0.0022055350530836266912 
0.72500000000000053291 0.3009430976842119021 -1.4968944649865163488 -2.5121504222983150889 0.0013190173249582187731 
0.75000000000000055511 0.29744673264815735259 -1.694073472627801058 -2.5125983940646761106 0.001016516114647015483 
0.77500000000000057732 0.30982758325623627194 -1.9009663687466837878 -2.5130053642131588987 0.00074349441790421571565 
0.80000000000000059952 0.30890536369135751515 -1.7423057015421019589 -2.5132982037739481918 0.00082503949187079557177 
0.82500000000000062172 0.3070208961693247085 -1.5258105137877671087 -2.5136666971372534363 0.00083292143450530242797 
0.85000000000000064393 0.31475893254931469611 -1.514802541589048257 -2.5139581501152981069 0.0004961311845784038008 
0.87500000000000066613 0.31495941855776626861 -1.4948960593598279445 -2.5141099959388029106 0.00026406999247370794865 
0.90000000000000068834 0.31384211318043930827 -1.4746848311891058714 -2.5142137289642376707 0.00029208577486610452778 
0.92500000000000071054 0.31360537178043285111 -1.520294627882520011 -2.5143520130361638465 0.00031513589591878032317 
0.95000000000000073275 0.30833610515239329164 -1.5875943336962521357 -2.5144751686409612113 0.00025845275990907408663 
0.97500000000000075495 0.30829047761851963161 -1.6572190614666126862 -2.5145579071715005171 0.00014074204246617637 
1.0000000000000006661 0.31016188248314363607 -1.6451149307011219136 -2.5146127723032281054 0.00014228598656115321649 
1.0249999999999979128 0.30857252822771236156 -1.5706231565250745597 -2.5146719466452771563 0.00011249887227753350765 
1.0499999999999951594 0.31055858550786108463 -1.5537505594612772697 -2.5147071963035521058 7.3358351386693828569e-005 
1.0749999999999924061 0.31317051662148981395 -1.5650722352128394466 -2.5147439330520033884 9.0736009626871545189e-005 
1.0999999999999896527 0.31244918459482862172 -1.5658604071919657308 -2.514774427064914164 6.2074629633235837338e-005 
1.1249999999999868994 0.31096719911876474773 -1.576117089937977056 -2.5147998242870901464 4.9807585853357843513e-005 
1.149999999999984146 0.30989554762435089774 -1.5793750439237244088 -2.5148163637366116596 3.3089816442216772347e-005 
1.1749999999999813927 0.31063628758572975341 -1.5867139634408233828 -2.5148303744077864508 3.555836256682339382e-005 
1.1999999999999786393 0.31139210377865877977 -1.5892809359009274495 -2.5148432019182700436 2.1369157615253559721e-005 
1.224999999999975886 0.3108725644175248104 -1.5672945296724196673 -2.5148515150705650356 2.2315658252899716945e-005 
1.2499999999999731326 0.31121520707520283766 -1.5594265807219667153 -2.5148614238115696295 2.0696255180489538453e-005 
1.2749999999999703792 0.31123504449235794844 -1.5670370707316600978 -2.5148677278509898869 1.1683383162685836155e-005 
1.2999999999999676259 0.31078534206635521908 -1.5759201978576395931 -2.514872695559125404 1.0777393573308933049e-005 
1.3249999999999648725 0.31105997761689696546 -1.58681748876453943 -2.5148764107198391393 8.0732907162852875275e-006 
1.3499999999999621192 0.31079067986911390609 -1.5796517751490117831 -2.5148801529032889235 8.3305514228408196269e-006 
1.3749999999999593658 0.31079388414583752898 -1.5748098230348044346 -2.5148828187448737381 5.5722209477012734572e-006 
1.3999999999999566125 0.31129405625789696721 -1.5840535240782727122 -2.5148851694012512858 4.7736232731773445127e-006 
1.4249999999999538591 0.31083241702683517271 -1.5784455254648448452 -2.5148869936294060423 4.1665574899346215589e-006 
1.4499999999999511058 0.31071025238449051509 -1.5717805257257886353 -2.5148885824208155881 3.3337155952696604348e-006 
1.4749999999999483524 0.31126025030599868693 -1.5740552149310584884 -2.5148896818398958075 1.8755023989363566967e-006 
1.4999999999999455991 0.3112797758604164966 -1.5719005429467476365 -2.5148904277490067294 1.8322186262834714574e-006 
1.5249999999999428457 0.31121410132264565318 -1.5729198427229544865 -2.5148913071567862154 2.2360665501897879655e-006 
1.5499999999999400924 0.31105068403588875814 -1.5743243537792266373 -2.5148921008804099309 1.4616029820358025238e-006 
1.574999999999937339 0.3106943763067190889 -1.5744646440789451525 -2.5148925734611631277 8.2090874730369965747e-007 
1.5999999999999345857 0.31078891137647218779 -1.5791838097978956323 -2.5148929080486097654 8.5199828194786784276e-007 
1.6249999999999318323 0.31101236229029727287 -1.5792764994166570425 -2.5148932537654253849 6.6787903275399670598e-007 
1.649999999999929079 0.31104707162923855845 -1.5774178225672303988 -2.5148934984791946334 6.5405821983324480568e-007 
1.6749999999999263256 0.31106849433209798894 -1.5783509825197565846 -2.5148937729490352666 5.083318716675175065e-007 
1.6999999999999235722 0.31103437434667008388 -1.5758287308030831664 -2.5148939567843622278 3.9804297463459906716e-007 
1.7249999999999208189 0.31102570543816993043 -1.5737912464147130187 -2.5148940818365019823 2.1078741490473157405e-007 
1.7499999999999180655 0.31102426861685034121 -1.5741258988530038021 -2.5148941779090989712 2.8407894288301529094e-007 
1.7749999999999153122 0.31100920978018309349 -1.5740371471596774633 -2.5148942975124786159 2.0766627469458143235e-007 
1.7999999999999125588 0.31105684863598526135 -1.5751931244739680871 -2.5148943606289493324 1.502619592632638314e-007 
1.8249999999999098055 0.31099558342187572091 -1.5761400073161855317 -2.5148944285599807991 1.4514867547981886999e-007 
1.8499999999999070521 0.31091640840810819135 -1.5766951842532228589 -2.5148944770803192128 9.9608498689847780194e-008 
1.8749999999999042988 0.31097994888134083968 -1.577276976974813838 -2.5148945222653051879 1.0217142656461498934e-007 
1.8999999999999015454 0.31100840184513606212 -1.5762506294279865493 -2.5148945533395536955 5.0236797990567623332e-008 
1.9249999999998987921 0.31102776411190519168 -1.5758392913533449953 -2.5148945743294253141 5.4818265942844718452e-008 
1.9499999999998960387 0.31106538921160103994 -1.5761855302958092118 -2.5148945955959507437 4.4384753290929593187e-008 
1.9749999999998932854 0.31100747884501928064 -1.575560943709787054 -2.5148946176794875207 5.6596291901308088298e-008 
1.999999999999890532 0.31097479209292139268 -1.5756942903834856295 -2.5148946346759291082 2.2960483305683870993e-008 
2.0249999999998880007 0.31099373280385678164 -1.5761471991685147565 -2.5148946417119097951 1.6188427717558249976e-008 
2.0499999999998852473 0.31098784831157372244 -1.5756310513642621807 -2.5148946498582849252 1.9488803438220333705e-008 
2.074999999999882494 0.31101732980169044529 -1.5753576982451278354 -2.5148946578809199259 1.9659793881579337096e-008 
2.0999999999998797406 0.31103709943870949672 -1.5754579714265695145 -2.514894665316696809 1.4805941720580561328e-008 
2.1249999999998769873 0.31100916303524983597 -1.5757165755162576559 -2.5148946706625796566 1.0186805840611548667e-008 
2.1499999999998742339 0.31100246666356318181 -1.5762487543638588061 -2.5148946738853297234 5.7401489106387808997e-009 
2.1749999999998714806 0.31100100346474213175 -1.5763641155429648499 -2.5148946766283883925 7.7660555958632691411e-009 
2.1999999999998687272 0.31099347778640029638 -1.5762144324237634674 -2.5148946795010678201 5.1483321425194037188e-009 
2.2249999999998659739 0.31100023319968994606 -1.5761498509743852026 -2.5148946815006487654 5.0373696838302935017e-009 
2.2499999999998632205 0.31100665437310315298 -1.5758542786068550079 -2.5148946835732379768 3.8942519359291177042e-009 
2.2749999999998604672 0.3110120616105128688 -1.5756371458991784706 -2.5148946848944695454 3.1140391389675351073e-009 
2.2999999999998577138 0.31100907015679385426 -1.5756534242156061687 -2.5148946859915213281 1.654900247225162065e-009 
2.3249999999998549605 0.31100394889334109783 -1.5756193115894017165 -2.5148946866330073036 1.8820895059684380686e-009 
2.3499999999998522071 0.3110128798062483102 -1.5757420574012033221 -2.5148946875388258348 1.9447713156612211549e-009 
2.3749999999998494538 0.31101209842132587768 -1.5759822662839089169 -2.5148946881175180401 1.0921397915452772055e-009 
2.3999999999998467004 0.31100368870635897167 -1.5760484749252663406 -2.5148946886339094142 1.267194271337210088e-009 
2.4249999999998439471 0.31100326119749521769 -1.5760147366750048015 -2.5148946890603056659 6.8166308410857960275e-010 
2.4499999999998411937 0.3109994608369757163 -1.5759599221452464946 -2.514894689305240405 5.979520876065206296e-010 
2.4749999999998384403 0.31100229041187166246 -1.575945328076504115 -2.5148946895400077217 4.8638143212490394068e-010 
2.499999999999835687 0.31101099384371971857 -1.5759207214723758295 -2.5148946897537993728 5.5690375097197823364e-010 
2.5249999999998329336 0.3110081842944875663 -1.5757990770459033847 -2.5148946899698554347 3.7874117983715037912e-010 
2.5499999999998301803 0.31100608000246193763 -1.5757870565475711189 -2.5148946900880262412 2.5733117803075558304e-010 
2.5749999999998274269 0.31100798301149007452 -1.5758677489443351227 -2.5148946901884725591 2.0427295272112779333e-010 
2.5999999999998246736 0.31100586260219081902 -1.5758679743406696083 -2.5148946902742848053 1.995038664603979028e-010 
2.6249999999998219202 0.31100624897597983765 -1.5758823208999075405 -2.5148946903483695436 1.4850047063519147947e-010 
2.6499999999998191669 0.31100666143557087473 -1.5759040680914995214 -2.5148946904037394745 1.243041497729431139e-010 
2.6749999999998164135 0.31100475700354324182 -1.5759071993596462935 -2.5148946904536453317 1.1272804646898790153e-010 
2.6999999999998136602 0.31100571195134196767 -1.5759392308930948445 -2.514894690500066865 9.225627138282639868e-011 
2.7249999999998109068 0.3110061931896755949 -1.575913849205768269 -2.5148946905261295726 4.1984958303657149147e-011 
2.7499999999998081535 0.31100585795956925406 -1.5758665215663860693 -2.514894690544002831 4.9675904541918425425e-011 
2.7749999999998054001 0.31100709802955794903 -1.5758712260575034048 -2.5148946905669222751 5.1520217871156296013e-011 
2.7999999999998026468 0.31100720324596259347 -1.5758705947608144804 -2.5148946905862237244 3.9591267036800467627e-011 
2.8249999999997998934 0.31100623239373770268 -1.5758784210900498302 -2.5148946906005202884 2.9082589189140769606e-011 
2.84999999999979714 0.31100525174662119188 -1.5758964306649296816 -2.514894690609613459 1.6303572714296691342e-011 
2.8749999999997943867 0.31100520819224375391 -1.5758943325545851089 -2.5148946906175217997 1.9258284691893056559e-011 
2.8999999999997916333 0.31100665182819486887 -1.5758980810478377954 -2.5148946906241205212 1.3423821921624570711e-011 
2.92499999999978888 0.31100681129512164347 -1.5758915390969268078 -2.5148946906306348659 1.7165775408112604309e-011 
2.9499999999997861266 0.31100619544692503782 -1.5758731326508188531 -2.5148946906360878373 7.6601662657356473509e-012 
2.9749999999997833733 0.31100664116479403987 -1.5758754057857107256 -2.5148946906390139411 7.3534338820812184889e-012 
2.9999999999997806199 0.31100646935964282314 -1.5758865582601981892 -2.5148946906419440417 6.1443893129165462664e-012 
3.0249999999997778666 0.31100603648112656874 -1.5758963102406211565 -2.5148946906443874205 6.1158650289892600822e-012 
3.0499999999997751132 0.31100600245840248625 -1.5758987496688734442 -2.514894690646759301 3.9708331087693396399e-012 
3.0749999999997723599 0.31100562547718835216 -1.5758931882971949356 -2.5148946906479401342 2.6366085321986701105e-012 
3.0999999999997696065 0.31100595113338802555 -1.5758933043803924345 -2.5148946906493234721 3.6062746142128761531e-012 
3.1249999999997668532 0.31100653523962368263 -1.5758875806093697314 -2.5148946906505553756 2.2072005260667310132e-012 
3.1499999999997640998 0.31100630134983708874 -1.5758765794589639775 -2.5148946906514093591 1.748326922325917259e-012 
3.1749999999997613465 0.31100636298463307794 -1.5758783552203321499 -2.514894690651966247 1.0880027958857773183e-012 
3.1999999999997585931 0.31100661566399523394 -1.5758846824948806731 -2.5148946906524694 1.2956329634633870249e-012 
3.2249999999997558398 0.31100634546521599422 -1.5758894910431680003 -2.5148946906529880962 1.1294181014497299103e-012 
3.2499999999997530864 0.31100605563786098973 -1.5758937585133137027 -2.5148946906534215273 8.3934946590888556653e-013 
3.274999999999750333 0.311005897332106096 -1.5758926023050894294 -2.5148946906536955304 5.4398896911144016116e-013 
3.2999999999997475797 0.3110059772750837781 -1.5758911417479328776 -2.5148946906539020318 4.4406474924522378647e-013 
3.3249999999997448263 0.31100628142399650011 -1.5758901507074281056 -2.5148946906540747825 3.808079479957813091e-013 
3.349999999999742073 0.31100635761330741591 -1.5758853566036865601 -2.5148946906542519741 4.2914879034182756386e-013 
3.3749999999997393196 0.31100629167897619887 -1.5758834507039987116 -2.5148946906543936386 2.5723060222086796283e-013 
3.3999999999997365663 0.31100624666498954962 -1.5758861845821949821 -2.5148946906544975555 2.3307984302314433246e-013 
3.4249999999997338129 0.31100620188875510719 -1.5758880585656096507 -2.5148946906545721625 1.2234428924134621645e-013 
3.4499999999997310596 0.31100622419063150836 -1.575888641259557188 -2.5148946906546334468 1.8296477290772193172e-013 
3.4749999999997283062 0.3110062069374869842 -1.5758883726566650374 -2.5148946906546965074 9.3844709383814693216e-014 
3.4999999999997255529 0.31100620269011558516 -1.5758880938497972224 -2.5148946906547307023 9.903818040633551182e-014 
3.5249999999997227995 0.31100624950213257014 -1.5758889325372074097 -2.5148946906547764435 8.6255435214746099316e-014 
3.5499999999997200462 0.31100618108199618028 -1.5758888271532360825 -2.5148946906548048652 6.4169899660857171689e-014 
3.5749999999997172928 0.31100615408116510929 -1.5758876984113723285 -2.5148946906548279578 4.2540182480557307836e-014 
3.5999999999997145395 0.31100624456641112747 -1.5758874133334304091 -2.5148946906548426128 3.4020641342798466224e-014 
3.6249999999997117861 0.31100626269870157437 -1.5758876861640358502 -2.5148946906548603764 3.7064184974658871495e-014 
3.6499999999997090327 0.31100624120688852292 -1.5758879159078709176 -2.5148946906548723668 2.8215027187566735843e-014 
3.6749999999997062794 0.31100621210124490545 -1.5758876708147400159 -2.5148946906548839131 2.5989163999979303962e-014 
3.699999999999703526 0.31100616753626153521 -1.5758875124892148811 -2.5148946906548919067 1.1972097041326122086e-014 
3.7249999999997007727 0.31100619873499918411 -1.5758883041029521088 -2.5148946906548972358 1.3856562937037739685e-014 
3.7499999999996980193 0.31100624400194049057 -1.5758885511829059389 -2.5148946906549025648 1.1820193950212856925e-014 
3.774999999999695266 0.31100623412245720356 -1.5758879341813556429 -2.5148946906549078939 9.547220432883582901e-015 
3.7999999999996925126 0.31100622555821477722 -1.5758878040211321547 -2.5148946906549114466 7.1604604090854707176e-015 
3.8249999999996897593 0.31100621992581467534 -1.5758878338987738488 -2.5148946906549141111 7.8589426477325015451e-015 
3.8499999999996870059 0.3110062106313208341 -1.5758878550878265834 -2.5148946906549163316 3.659132272458830873e-015 
3.8749999999996842526 0.31100620893325686689 -1.57588795505990098 -2.514894690654918108 3.3299386775815655265e-015 
3.8999999999996814992 0.31100620787327132311 -1.575887816972271871 -2.5148946906549198843 3.1253815548296699724e-015 
3.9249999999996787459 0.31100621745749884584 -1.5758879824188842811 -2.5148946906549203284 3.2570053782724964685e-015 
3.9499999999996759925 0.31100622425116342118 -1.5758882215522735937 -2.5148946906549225488 2.3265116081316741759e-015 
3.9749999999996732392 0.31100621656641447288 -1.5758880003027726513 -2.5148946906549225488 1.6419364329387905316e-015 
3.9999999999996704858 0.31100621399452454963 -1.5758878937667146758 -2.5148946906549238811 8.4048638960826472557e-016 
4.0249999999996788347 0.31100621761920821395 -1.5758879028871155548 -2.514894690654923437 1.2481101984132680617e-015 
4.0499999999996871836 0.31100622471770300592 -1.5758878144834498336 -2.5148946906549247693 1.0082401031829052222e-015 
4.0749999999996955324 0.31100622693187368606 -1.5758878766684589756 -2.5148946906549243252 7.8790174697384824008e-016 
4.0999999999997038813 0.31100621398051941924 -1.5758879605370579302 -2.5148946906549243252 6.9499646323911158812e-016 
4.1249999999997122302 0.31100620827534242174 -1.5758880059798288098 -2.5148946906549256575 3.0429532807927539094e-016 
4.1499999999997205791 0.31100621435267183923 -1.5758880399100583247 -2.5148946906549261016 3.2767099702715995398e-016 
4.1749999999997289279 0.31100621526206412293 -1.5758879707972446305 -2.5148946906549243252 4.0116539129126690181e-016 
4.1999999999997372768 0.31100621852073018214 -1.5758879173217044123 -2.5148946906549247693 3.1567221444561158605e-016 
4.2249999999997456257 0.31100622288923879255 -1.5758879051660272808 -2.5148946906549256575 1.1868654151195572772e-016 
4.2499999999997539746 0.31100621914882375929 -1.5758879182337244274 -2.5148946906549252134 1.9777425542585480577e-016 
4.2749999999997623235 0.31100621586302595878 -1.5758879768632585439 -2.5148946906549256575 1.4869376144046368086e-016 
4.2999999999997706723 0.31100621545647927357 -1.575887965622740472 -2.5148946906549261016 8.4344093734954705159e-017 
4.3249999999997790212 0.31100621622424956536 -1.5758879344054395055 -2.5148946906549261016 8.5432516193877494584e-017 
4.3499999999997873701 0.31100621912136278135 -1.5758879555338538569 -2.5148946906549256575 7.7620872455904458007e-017 
4.374999999999795719 0.31100621899058134012 -1.5758879399142968758 -2.5148946906549252134 7.4015115110903190873e-017 
4.3999999999998040678 0.31100621659420307763 -1.5758879189184185066 -2.5148946906549256575 4.2304128096571142445e-017 
4.4249999999998124167 0.31100621613135986943 -1.5758879338991620411 -2.5148946906549256575 2.4342496721174877056e-017 
4.4499999999998207656 0.31100621662829330827 -1.5758879506977716556 -2.5148946906549265456 3.3463311117239209414e-017 
4.4749999999998291145 0.31100621769846342746 -1.5758879727130876702 -2.5148946906549261016 2.888300514629799752e-017 
4.4999999999998374633 0.31100621801408118161 -1.5758879693870619931 -2.5148946906549261016 2.2608049318237059588e-017 
4.5249999999998458122 0.31100621724246341193 -1.5758879437156143588 -2.5148946906549261016 1.5175415052852297598e-017 
4.5499999999998541611 0.31100621719243382035 -1.5758879452698346668 -2.5148946906549265456 1.1803483396220925966e-017 
4.57499999999986251 0.31100621712318343715 -1.5758879460736685552 -2.5148946906549265456 9.0944209844984461002e-018 
4.5999999999998708589 0.31100621734610672808 -1.5758879304958592904 -2.5148946906549252134 9.3933927239006861201e-018 
4.6249999999998792077 0.31100621802067468513 -1.5758879321128334006 -2.5148946906549256575 9.4034195370313041968e-018 
4.6499999999998875566 0.31100621756109952942 -1.5758879438262012318 -2.5148946906549256575 3.6669848687214237817e-018 
4.6749999999998959055 0.31100621722034049732 -1.5758879510198378071 -2.5148946906549265456 5.4836565851180554656e-018 
4.6999999999999042544 0.31100621732010935716 -1.5758879559695748718 -2.5148946906549261016 2.9607376514499652483e-018 
4.7249999999999126032 0.31100621679193912739 -1.575887954090653853 -2.5148946906549256575 3.5068570750235428752e-018 
4.7499999999999209521 0.31100621695418889656 -1.5758879488556316595 -2.5148946906549261016 1.9764503669141907405e-018 
4.774999999999929301 0.31100621758665025762 -1.5758879454898981898 -2.5148946906549265456 2.3224573247541005015e-018 
4.7999999999999376499 0.31100621754548846143 -1.5758879442110447222 -2.5148946906549265456 1.7099621749247889372e-018 
4.8249999999999459988 0.31100621751565388218 -1.5758879458303873822 -2.5148946906549265456 1.1517176116953944394e-018 
4.8499999999999543476 0.31100621745456863421 -1.5758879451648597492 -2.5148946906549261016 9.8467800383600621133e-019 
4.8749999999999626965 0.31100621725486482516 -1.5758879436090054149 -2.5148946906549274338 8.236926076720038791e-019 
4.8999999999999710454 0.31100621735317507399 -1.5758879457459320506 -2.5148946906549269897 7.47534717643621924e-019 
4.9249999999999793943 0.31100621737435285574 -1.5758879465288631039 -2.5148946906549265456 5.5884891121535816512e-019 
4.9499999999999877431 0.31100621728591265613 -1.5758879468855604422 -2.5148946906549261016 4.8952379101348689716e-019 
4.974999999999996092 0.31100621729677263572 -1.5758879484471055576 -2.5148946906549265456 3.232539786783389054e-019 
