0.025000000000000015266 0.59273099901189485461 0.0004648881802943281849 -2.2494747152825143033 0.038094161982673346856 
0.05000000000000003747 0.57056595341227878126 0.016246148835743795535 -2.2604126955034224977 0.051479150373265766816 
0.075000000000000052736 0.44116630332091683053 -0.0030351603988064690398 -2.2878349681779450719 0.080803529546078708967 
0.10000000000000007494 0.4112454464183387115 -0.050461048288232390746 -2.3341712349164804863 0.096031531066020719978 
0.12500000000000008327 0.25923295090036108101 -0.40862494472529287126 -2.3646112873107556496 0.047353386598073969604 
0.15000000000000010547 0.24222639202707660355 -1.7508196385107024362 -2.3809726353598565929 0.03527938370157254061 
0.17500000000000012768 0.30691770246064481453 -2.1730444279065768143 -2.3971585778325241733 0.039172110909796213629 
0.20000000000000014988 0.26818475745949238442 -1.3473697401518771599 -2.4121555034788828564 0.023347839144414517243 
0.22500000000000017208 0.26458825858251222574 -1.5603359580097342363 -2.4212709804741749942 0.023651664697492764261 
0.25000000000000016653 0.29268850956127179241 -1.1564411568823871335 -2.4337540311124610248 0.029806329824555787694 
0.27500000000000018874 0.30059804779626697613 -0.37772781194348536982 -2.4435863838500262446 0.01547130793120959219 
0.30000000000000021094 0.32150377022930365367 -0.57987574545626752176 -2.4499810433722091219 0.015568943897210446581 
0.32500000000000023315 0.32964432855508357667 -0.72530101367449084648 -2.4592425902470456123 0.024688156525114766937 
0.35000000000000025535 0.35514180363517394712 -1.2762292711704765757 -2.4687798034379730971 0.017400651994864534122 
0.37500000000000027756 0.35498779774029531886 -1.7826718997040624792 -2.4742720317983755152 0.010064428169002657618 
0.40000000000000029976 0.30189100521996764526 -1.4314149244546832129 -2.4794904067708851692 0.012813208044929046137 
0.42500000000000032196 0.29387499308778797236 -1.4137455778195540113 -2.4854753175880213156 0.013795626695011033169 
0.45000000000000034417 0.29883116230228612409 -1.3537840603434425635 -2.4911429325157072867 0.012823922175260807355 
0.47500000000000036637 0.29372889697200565973 -1.2402442871099648158 -2.4966054133584822949 0.011147813145041500851 
0.50000000000000033307 0.31047067507903020056 -1.5471051937982911451 -2.5005921616585884415 0.0065495840759525600014 
0.52500000000000035527 0.31333138714210062581 -1.7743256636851012509 -2.5032767779440887601 0.0067480152462008249209 
0.55000000000000037748 0.30279018912252841922 -2.0090265726499603183 -2.50586948759436412 0.0043060450199181509942 
0.57500000000000039968 0.299441117265879575 -2.0019933643865517325 -2.5073371903672549976 0.0028918542349940759735 
0.60000000000000042188 0.29618193952636701072 -1.5213753576522424105 -2.5086366078172308569 0.0029430113579970258383 
0.62500000000000044409 0.31505549605451638184 -1.3196085728659179281 -2.5100037349336536963 0.003226336350483925957 
0.65000000000000046629 0.33313593270981084471 -1.3617782833147407118 -2.511079504480843827 0.0015745600966219398548 
0.6750000000000004885 0.32020556147768824973 -1.3481894352562535655 -2.5117431327943822161 0.0016574008120511176008 
0.7000000000000005107 0.30330667671059141632 -1.5198697367395319624 -2.512458412073349745 0.0013569970264117785577 
0.72500000000000053291 0.29669182015787304296 -1.7327869077682538368 -2.5129140650868895257 0.00092251703148863958056 
0.75000000000000055511 0.30138834703849670671 -1.864719171975224743 -2.5132753670065461904 0.00061802523348058135098 
0.77500000000000057732 0.31119594677757450585 -1.82088253130918587 -2.5135386897825582331 0.00068886923129362438376 
0.80000000000000059952 0.31191446559985319675 -1.5343021610773019958 -2.5138663156396598986 0.00069149183413391127236 
0.82500000000000062172 0.31357782457601862669 -1.4197754339452433037 -2.5140976398015233428 0.00040873438908290983225 
0.85000000000000064393 0.31681066962910764406 -1.5088190173937872096 -2.5142407189125752787 0.00022530259178423742324 
0.87500000000000066613 0.31243576000588313413 -1.5053868943276755843 -2.5143362732018808003 0.00025121871820926218325 
0.90000000000000068834 0.3101051251715603585 -1.5222267785756051772 -2.5144617069943224763 0.00028620365674005031949 
0.92500000000000071054 0.30974180481427537881 -1.6018603470410219813 -2.5145561936932669944 0.00015265696263757564657 
0.95000000000000073275 0.30861578257717270368 -1.6318926070538377626 -2.5146154579399748741 0.0001217092186618452728 
0.97500000000000075495 0.3115155413702294096 -1.6278379476102449175 -2.5146732410831496018 0.00013708647425008846821 
1.0000000000000006661 0.31092855656969403677 -1.583097493772698261 -2.5147240208757102309 8.6750758100792097404e-005 
1.0249999999999979128 0.3085980373893121298 -1.5500577042314547249 -2.5147472392647234329 3.8302762830205341448e-005 
1.0499999999999951594 0.31147105135345032334 -1.5720434905954698834 -2.5147764915503731942 8.2719081334681725118e-005 
1.0749999999999924061 0.31260297986473595255 -1.5790313076349873356 -2.5148045982957478728 4.3959641885225734549e-005 
1.0999999999999896527 0.3112908549080869447 -1.5779983728485724725 -2.514822024285678026 4.0128363407959025241e-005 
1.1249999999999868994 0.31116518084038191638 -1.5839630260578578813 -2.5148358469254739056 2.134777891301555241e-005 
1.149999999999984146 0.31061702378961597582 -1.5718238144908376341 -2.5148466074956723482 2.7846939855025346175e-005 
1.1749999999999813927 0.31075843669540553771 -1.5722542084230557435 -2.5148569240289440074 1.789325055219171537e-005 
1.1999999999999786393 0.31110991100783530472 -1.5725902161436664528 -2.5148634723141145564 1.4607397272390693476e-005 
1.224999999999975886 0.31078248960539800461 -1.5585545812907986019 -2.5148699689298483761 1.3255427583377763108e-005 
1.2499999999999731326 0.31126522087424546292 -1.5712487060553119722 -2.5148754153540617828 1.1161249602593827809e-005 
1.2749999999999703792 0.31126825096791504999 -1.5896959275023234692 -2.5148792602031506682 6.990466485344356694e-006 
1.2999999999999676259 0.31063189100509031038 -1.5872241217577855998 -2.5148817580630367097 4.8693042895799574309e-006 
1.3249999999999648725 0.31070250327888448982 -1.580713540417763685 -2.5148843136866791959 6.2815097587769697167e-006 
1.3499999999999621192 0.3109541174931262919 -1.5722287013570586112 -2.5148867017920868427 4.2837641480466532356e-006 
1.3749999999999593658 0.31132538469234000145 -1.5725480775215305851 -2.5148880712602563747 2.5192715201048891361e-006 
1.3999999999999566125 0.31128468424331690034 -1.5777472568595094504 -2.5148893316934319841 3.2782835152582358244e-006 
1.4249999999999538591 0.3106825555449433951 -1.5723944095102719842 -2.5148907307064427563 2.3653003832683644401e-006 
1.4499999999999511058 0.31084668953977850903 -1.5735928909827467947 -2.5148913095261549167 8.911160852794581269e-007 
1.4749999999999483524 0.31122164069185281887 -1.5785610740229953919 -2.514891825380168644 1.4409409942472636246e-006 
1.4999999999999455991 0.311111224067342651 -1.5746116931368492331 -2.5148924687358871211 1.3765014449033852233e-006 
1.5249999999999428457 0.31108939609189178999 -1.5735804438723013376 -2.5148930343446815883 1.0459460053625130873e-006 
1.5499999999999400924 0.31090998870798891573 -1.5749103733464431265 -2.5148933258984143002 4.6338897075084615373e-007 
1.574999999999937339 0.31078318190215931116 -1.5762741849387591486 -2.5148935365822087107 5.0927988928456266344e-007 
1.5999999999999345857 0.31104747745674971027 -1.5795107104810925946 -2.5148937780404563291 5.0523061587665881055e-007 
1.6249999999999318323 0.31107735301020927876 -1.5780519300272297656 -2.514893958883179792 3.6305674797772624179e-007 
1.649999999999929079 0.31097931212106993959 -1.5761058788342450221 -2.5148941104461841611 3.234217180555482142e-007 
1.6749999999999263256 0.31104217919745663634 -1.5763121075802328797 -2.5148942335619430821 2.359619807784050797e-007 
1.6999999999999235722 0.31101081300672872576 -1.5744138646087537659 -2.5148943270615005119 1.6756651186428791551e-007 
1.7249999999999208189 0.31099376347927515374 -1.5739463627899890064 -2.5148943837123511891 1.2353934236065241647e-007 
1.7499999999999180655 0.3110286500403842691 -1.5747574704113973532 -2.5148944433413689126 1.4116939616801678593e-007 
1.7749999999999153122 0.31101503853970602353 -1.5752350941698149978 -2.5148944992814215027 1.0411964501921321321e-007 
1.7999999999999125588 0.3110203263328035761 -1.5768731692579258663 -2.5148945388290475655 7.3986836183690450189e-008 
1.8249999999999098055 0.31097910333893297175 -1.577039256984156923 -2.5148945651511134258 5.7862574424566294779e-008 
1.8499999999999070521 0.31095519232136231702 -1.5761907377767614413 -2.5148945917727441035 5.7480568307689553729e-008 
1.8749999999999042988 0.31101927340698637403 -1.5762322615508828072 -2.5148946120375716973 3.1789952304616142747e-008 
1.8999999999999015454 0.31103601242846745656 -1.5757137153648541616 -2.5148946248271579762 3.1279323976123579605e-008 
1.9249999999998987921 0.31102627861787190966 -1.5755049750394936048 -2.5148946374282723504 2.6306458009294341512e-008 
1.9499999999998960387 0.31101286682570988829 -1.5759134428639596237 -2.5148946500491340394 2.9360859345868426069e-008 
1.9749999999998932854 0.31097337495141236241 -1.5759265575907845935 -2.5148946596942711729 1.1842322904640282851e-008 
1.999999999999890532 0.31098630798552678867 -1.5761415114101180457 -2.5148946633196898048 9.3263219800333095693e-009 
2.0249999999998880007 0.31100781937668203758 -1.5759972714127994387 -2.5148946684017605691 1.2938994858135467011e-008 
2.0499999999998852473 0.31100788151222247269 -1.5753679136199947308 -2.5148946736702528781 9.5299607504553644486e-009 
2.074999999999882494 0.31103573813678414561 -1.5753860653997970864 -2.5148946770629576619 6.4301424101328841561e-009 
2.0999999999998797406 0.31102900613100381566 -1.5757517810190586616 -2.5148946796830613515 6.111788609130821625e-009 
2.1249999999998769873 0.3109939209748296407 -1.5761011300433831472 -2.5148946820204711727 3.9281957176280005548e-009 
2.1499999999998742339 0.31099159440119339415 -1.5763616485731946071 -2.5148946834665708572 3.0312505794145157206e-009 
2.1749999999998714806 0.3109915711296100671 -1.5761990795868576765 -2.5148946848631203999 3.058106526288442194e-009 
2.1999999999998687272 0.31099915043156267647 -1.5759978708075599307 -2.5148946859766820872 2.4646931510744086297e-009 
2.2249999999998659739 0.31101709478796307762 -1.5758809833072455753 -2.5148946870972408441 2.1281709606351756963e-009 
2.2499999999998632205 0.31101196838565847713 -1.5756388712818722997 -2.5148946877782840659 1.2204016313816787236e-009 
2.2749999999998604672 0.31100493649387533912 -1.5756171414092334793 -2.5148946883107363703 1.0878545432433684419e-009 
2.2999999999998577138 0.31100697377694663803 -1.5757778179570434141 -2.5148946886756116115 8.5375337585167809804e-010 
2.3249999999998549605 0.31100758797118416288 -1.5758591993796509101 -2.5148946891517449664 1.0301742529316125468e-009 
2.3499999999998522071 0.31101133434069544448 -1.5759689012331463687 -2.514894689452396026 4.0379098508652288746e-010 
2.3749999999998494538 0.31100818536194940744 -1.5760168520444528539 -2.5148946896528059369 6.1630484587734963928e-010 
2.3999999999998467004 0.31100101773860688859 -1.575963382457425066 -2.5148946899045920844 4.1314577226254343482e-010 
2.4249999999998439471 0.31100093334157308256 -1.5759336867955633377 -2.5148946900303066343 1.9740624792629851655e-010 
2.4499999999998411937 0.31100276836476792308 -1.5758817627109051873 -2.5148946901244384478 2.6449559453675475353e-010 
2.4749999999998384403 0.31100797285384212953 -1.5758573580938746161 -2.5148946902487008259 2.7481590598807974835e-010 
2.499999999999835687 0.31101132324744906743 -1.5758694449804493409 -2.5148946903411744103 1.3521208802535221429e-010 
2.5249999999998329336 0.31100716579232190462 -1.5758416171547957596 -2.5148946903926967522 1.1811278457136988771e-010 
2.5499999999998301803 0.31100560110782837775 -1.575864218965268071 -2.5148946904447990747 1.1209918580840699308e-010 
2.5749999999998274269 0.31100582207060600837 -1.5759014163275670839 -2.5148946904877722552 8.9627179966501168109e-011 
2.5999999999998246736 0.31100497806547766633 -1.5758810876144813129 -2.5148946905213342973 5.3625520347504881262e-011 
2.6249999999998219202 0.31100694967775344146 -1.5758884437248390498 -2.514894690543270972 5.5909085755687811417e-011 
2.6499999999998191669 0.31100695537997791185 -1.5759042426838165696 -2.5148946905679383512 5.1560982492209395808e-011 
2.6749999999998164135 0.3110053136148435704 -1.5759037510887874411 -2.5148946905872491264 3.901056430060341108e-011 
2.6999999999998136602 0.31100600410115397665 -1.5759101558709049939 -2.514894690601638505 1.9428761340227628543e-011 
2.7249999999998109068 0.3110058309488843431 -1.5758882087612380296 -2.514894690607442751 1.7351236399866762356e-011 
2.7499999999998081535 0.31100590578624870419 -1.5758697990289887159 -2.514894690618230122 2.6588126357118843614e-011 
2.7749999999998054001 0.31100722998954755116 -1.5758747688250833718 -2.5148946906270528423 1.295355193121639536e-011 
2.7999999999998026468 0.31100679217007054511 -1.5758752435380996015 -2.5148946906318276895 1.0072396057144986523e-011 
2.8249999999997998934 0.31100594936378977984 -1.5758910810792914337 -2.5148946906363884857 1.0720693238976353697e-011 
2.84999999999979714 0.31100578878682089146 -1.575902510787433819 -2.514894690640322672 6.7617593435596756393e-012 
2.8749999999997943867 0.31100570576964869929 -1.5758938883117927787 -2.5148946906426514758 4.4592190404764635328e-012 
2.8999999999997916333 0.3110062504923369886 -1.575891917798568187 -2.5148946906451055128 6.3784836988813951502e-012 
2.92499999999978888 0.31100658922980251031 -1.5758834470692562046 -2.5148946906474600738 4.1366104735087811195e-012 
2.9499999999997861266 0.31100653083346030403 -1.5758747348563915125 -2.5148946906488478525 2.536291190394946522e-012 
2.9749999999997833733 0.31100651933513917546 -1.5758842898638678598 -2.5148946906499149989 2.1718020580637173588e-012 
2.9999999999997806199 0.31100606919730655608 -1.5758920268843574775 -2.5148946906509141996 2.465383110976578398e-012 
3.0249999999997778666 0.31100581290626827524 -1.575893806377351769 -2.5148946906518117039 1.4758578226318702491e-012 
3.0499999999997751132 0.31100599816685969845 -1.575893489892499888 -2.5148946906523161893 1.0126973994880576261e-012 
3.0749999999997723599 0.31100614046530267176 -1.5758895940126822488 -2.5148946906528228951 1.2116125606717004121e-012 
3.0999999999997696065 0.31100642586501509035 -1.5758880883451000798 -2.5148946906533247159 1.0316455103661161416e-012 
3.1249999999997668532 0.31100641726670313902 -1.5758842751508852498 -2.5148946906536631118 5.2345440749975648642e-013 
3.1499999999997640998 0.3110061305768014317 -1.5758811084622981191 -2.514894690653838083 3.3578670715147257201e-013 
3.1749999999997613465 0.31100625094318101738 -1.575886197326724858 -2.5148946906540365909 5.4759658305187418015e-013 
3.1999999999997585931 0.31100633953146655797 -1.5758900228704488811 -2.5148946906542546387 4.1451731460976560053e-013 
3.2249999999997558398 0.31100619263844297979 -1.5758900346714326268 -2.5148946906543896418 2.2683008801557783254e-013 
3.2499999999997530864 0.31100614949112326268 -1.5758903505834509495 -2.51489469065449045 2.1864917956308215893e-013 
3.274999999999750333 0.31100610130444411583 -1.5758890875774227425 -2.5148946906545779356 1.7611139910680507767e-013 
3.2999999999997475797 0.31100616284892235175 -1.5758879297876169367 -2.5148946906546378877 1.1828760911627717745e-013 
3.3249999999997448263 0.31100630665137884989 -1.5758872353610993144 -2.5148946906546925106 1.2557656175279530848e-013 
3.349999999999742073 0.31100625884096344542 -1.5758861662461400854 -2.5148946906547444691 1.0154766991844798564e-013 
3.3749999999997393196 0.31100620811861856563 -1.575887209778225273 -2.5148946906547848812 8.4985506336562898919e-014 
3.3999999999997365663 0.31100622859573717749 -1.5758886304188925997 -2.5148946906548119706 3.702638191949513771e-014 
3.4249999999997338129 0.31100620595920036582 -1.575888481487107029 -2.5148946906548284019 4.530401088261303289e-014 
3.4499999999997310596 0.3110062094716591341 -1.5758881545152785275 -2.5148946906548519387 4.6746515815117300204e-014 
3.4749999999997283062 0.31100622339032546471 -1.5758875863990287058 -2.5148946906548657054 2.7418952680447814911e-014 
3.4999999999997255529 0.31100622869796656911 -1.575887527484879147 -2.5148946906548781399 2.5911977491620281555e-014 
3.5249999999997227995 0.31100622792194015931 -1.5758883243849002298 -2.5148946906548874658 1.9612908938570607336e-014 
3.5499999999997200462 0.3110061928931224795 -1.5758882110465251003 -2.5148946906548967917 1.619858474983124427e-014 
3.5749999999997172928 0.31100620047339372354 -1.5758878343875342143 -2.5148946906549007885 8.1254161054998586719e-015 
3.5999999999997145395 0.31100623347442446498 -1.5758881165195670615 -2.5148946906549052294 1.2336476220336674329e-014 
3.6249999999997117861 0.31100622247266035414 -1.5758880398234809128 -2.5148946906549110025 9.4191294045782660722e-015 
3.6499999999997090327 0.31100621563794561553 -1.5758877257019139329 -2.5148946906549136671 6.3266109471981848705e-015 
3.6749999999997062794 0.3110062118841069867 -1.5758876723469255055 -2.5148946906549154434 4.2845579120411436022e-015 
3.699999999999703526 0.31100620840630732733 -1.5758878747800970643 -2.514894690654918552 4.0904607354265927808e-015 
3.7249999999997007727 0.31100622898117791237 -1.5758882276815906476 -2.5148946906549194402 3.5706081200337744847e-015 
3.7499999999996980193 0.31100622704361613469 -1.5758881145515437616 -2.5148946906549212166 2.8367082067765011776e-015 
3.774999999999695266 0.31100621236114928125 -1.5758878163067402411 -2.5148946906549225488 1.7158115794980066669e-015 
3.7999999999996925126 0.31100621932444000306 -1.5758879020422269512 -2.5148946906549221048 2.4568829124265275332e-015 
3.8249999999996897593 0.31100621793607902132 -1.5758879263598783993 -2.514894690654923437 1.0735338176894802632e-015 
3.8499999999996870059 0.3110062121042578287 -1.5758878756936960386 -2.514894690654923437 8.839989483105673591e-016 
3.8749999999996842526 0.3110062144395313033 -1.5758879395073295271 -2.5148946906549243252 8.6954123390830377441e-016 
3.8999999999996814992 0.31100621416012663722 -1.5758879665037146545 -2.5148946906549252134 9.5955225016994841815e-016 
3.9249999999996787459 0.31100621898834129864 -1.5758880626919702372 -2.5148946906549261016 5.607840712793438208e-016 
3.9499999999996759925 0.31100622156424090337 -1.575888062470043538 -2.5148946906549256575 4.1776761420204763832e-016 
3.9749999999996732392 0.31100621589029681102 -1.5758878929694879467 -2.5148946906549256575 3.2283837547713461287e-016 
3.9999999999996704858 0.31100621668944511411 -1.5758878643809668407 -2.5148946906549256575 2.885860118133991336e-016 
4.0249999999996788347 0.3110062205905764765 -1.5758878910626183956 -2.5148946906549256575 2.6514240285131355051e-016 
4.0499999999996871836 0.31100622062125460321 -1.5758878957204494053 -2.5148946906549247693 2.0182762588676734582e-016 
4.0749999999996955324 0.31100621749496493162 -1.5758879600438480129 -2.5148946906549256575 1.7640184953251844314e-016 
4.0999999999997038813 0.3110062126601986221 -1.5758879865667649867 -2.5148946906549261016 8.6759037452583831012e-017 
4.1249999999997122302 0.31100621375856629669 -1.5758879968343277866 -2.5148946906549256575 8.9686717055827906557e-017 
4.1499999999997205791 0.31100621775651737799 -1.5758879877854536922 -2.5148946906549265456 9.1859811734467141041e-017 
4.1749999999997289279 0.31100621838064002045 -1.5758879173202409163 -2.5148946906549261016 8.1259137049149693366e-017 
4.1999999999997372768 0.31100621962368796281 -1.5758879050426097823 -2.5148946906549256575 2.7118376378494918303e-017 
4.2249999999997456257 0.31100621926359883762 -1.5758879410204977845 -2.5148946906549265456 4.9782048921454066992e-017 
4.2499999999997539746 0.31100621633493041873 -1.5758879541040657912 -2.5148946906549256575 3.795172939480650599e-017 
4.2749999999997623235 0.31100621593150845623 -1.5758879634092481936 -2.5148946906549269897 2.0085013420112674903e-017 
4.2999999999997706723 0.31100621656579352514 -1.5758879529406837339 -2.5148946906549261016 1.8676614748081314427e-017 
4.3249999999997790212 0.31100621755257135126 -1.575887940749003846 -2.5148946906549261016 2.0345832793904020365e-017 
4.3499999999997873701 0.31100621881686696391 -1.5758879423181775259 -2.5148946906549256575 1.5441389264533700203e-017 
4.374999999999795719 0.31100621748321460869 -1.5758879319598579904 -2.5148946906549265456 9.9331745718916828156e-018 
4.3999999999998040678 0.31100621630075980795 -1.5758879351971941674 -2.5148946906549269897 6.9396341416072701614e-018 
4.4249999999998124167 0.31100621717231108354 -1.5758879530128968582 -2.5148946906549256575 7.8441913373229966716e-018 
4.4499999999998207656 0.31100621755510576838 -1.5758879597903463488 -2.5148946906549269897 5.5798328432927867917e-018 
4.4749999999998291145 0.31100621756156271447 -1.575887960985308478 -2.5148946906549256575 4.5868038891638623166e-018 
4.4999999999998374633 0.31100621746361994946 -1.5758879507726017977 -2.5148946906549265456 4.0408850258694956621e-018 
4.5249999999998458122 0.31100621707820103046 -1.5758879391855680208 -2.5148946906549265456 2.9868240864295683067e-018 
4.5499999999998541611 0.31100621723581794997 -1.5758879423158627109 -2.5148946906549256575 1.6913655795707907805e-018 
4.57499999999986251 0.31100621740958545036 -1.5758879419128926092 -2.5148946906549261016 1.6995635956312135096e-018 
4.5999999999998708589 0.31100621743164597044 -1.5758879384810682289 -2.5148946906549261016 2.2670729876115940539e-018 
4.6249999999998792077 0.31100621758424001895 -1.5758879448370048948 -2.5148946906549269897 8.5202338545519123578e-019 
4.6499999999998875566 0.31100621742037126705 -1.575887950913227753 -2.5148946906549265456 9.2248665734677792737e-019 
4.6749999999998959055 0.31100621725096561088 -1.5758879519413286907 -2.5148946906549265456 9.1540608019798827477e-019 
4.6999999999999042544 0.31100621718179083386 -1.5758879499823350567 -2.5148946906549256575 5.4201177414252315621e-019 
4.7249999999999126032 0.31100621709852888097 -1.5758879462386135017 -2.5148946906549261016 4.1047610126325076735e-019 
4.7499999999999209521 0.31100621737496447761 -1.5758879457300492 -2.5148946906549261016 4.7949325508732310226e-019 
4.774999999999929301 0.3110062175600117329 -1.5758879461378036968 -2.5148946906549261016 3.9233780348487417955e-019 
4.7999999999999376499 0.31100621740383882496 -1.5758879453493286338 -2.5148946906549265456 2.0172298779488068858e-019 
4.8249999999999459988 0.31100621735080230534 -1.57588794636076579 -2.5148946906549261016 1.778733620988355596e-019 
4.8499999999999543476 0.31100621729652044856 -1.5758879465156554467 -2.5148946906549261016 1.8254695302688575034e-019 
4.8749999999999626965 0.31100621727500538105 -1.5758879455563343797 -2.5148946906549256575 1.442446935575328102e-019 
4.8999999999999710454 0.3110062174010269076 -1.5758879461177466297 -2.5148946906549274338 9.9827937476451391859e-020 
4.9249999999999793943 0.31100621739197775728 -1.5758879465047210822 -2.5148946906549265456 8.6918344530953550772e-020 
4.9499999999999877431 0.31100621733010380687 -1.5758879470405646739 -2.5148946906549261016 7.4998030566286837325e-020 
4.974999999999996092 0.31100621732644967432 -1.5758879478222049819 -2.5148946906549261016 5.7116435014427239439e-020 
