0.025000000000000015266 0.59270059280920250888 0.00046468484359486750268 -2.2495094461635436467 0.038073605455155139221 
0.05000000000000003747 0.57055605419207255924 0.016238380887762179916 -2.2604661297333183967 0.051423169550337974321 
0.075000000000000052736 0.4412517697715113707 -0.0029986896938085649822 -2.2879242740132785805 0.080698417145984496779 
0.10000000000000007494 0.41138987401927845644 -0.05042426837044555743 -2.3343227162963979815 0.09593149581390410241 
0.12500000000000008327 0.2594763340291897924 -0.40855009778198791981 -2.3648076376420363864 0.047284980299146128768 
0.15000000000000010547 0.24238407422440716443 -1.7486944457018815946 -2.3811735153961528511 0.035173417173296847582 
0.17500000000000012768 0.30697343057174097947 -2.1699935394696314717 -2.3973585701202329012 0.039083003136113382558 
0.20000000000000014988 0.26843381269513622023 -1.3460264373105932378 -2.4123639547565280949 0.023321812231096642615 
0.22500000000000017208 0.26494799014440334473 -1.5576684414752375307 -2.4214905140313245369 0.023594855638888922317 
0.25000000000000016653 0.29300571073541703537 -1.1550743163824206405 -2.4339690715769841667 0.02971739726391015371 
0.27500000000000018874 0.30085963698711165604 -0.38035562855626681156 -2.4438062630306136569 0.015476771418278476369 
0.30000000000000021094 0.32178346058359685866 -0.58182473343689367073 -2.4502441889030652789 0.015675339929778788622 
0.32500000000000023315 0.330116317699293782 -0.72693345905387873884 -2.4595528602477094715 0.024649702348572055666 
0.35000000000000025535 0.3552673137412429849 -1.2759102167124614091 -2.4690567198321260456 0.017222760866705721233 
0.37500000000000027756 0.35436736775556337831 -1.7826663354195808608 -2.4745247504422072105 0.010062878707141613421 
0.40000000000000029976 0.30124620202742263819 -1.4366341690953805532 -2.479771720538559876 0.012887466995118543323 
0.42500000000000032196 0.29323176547869866937 -1.4182176157948949147 -2.4858016366052049229 0.013851226503659566647 
0.45000000000000034417 0.2981559856400727293 -1.3610981031041788913 -2.4915026787427998478 0.012815659433096288078 
0.47500000000000036637 0.29356827663559775798 -1.2533484111072392686 -2.4969180307333083135 0.010873298913122348558 
0.50000000000000033307 0.31113127242448590515 -1.5627273388455318326 -2.5008017279938994371 0.0064054158981725591374 
0.52500000000000035527 0.31386736814942806095 -1.7852654183897700424 -2.5034608008514318556 0.006665046939989778714 
0.55000000000000037748 0.30259172882313561947 -2.0039386069066993379 -2.5060115046506745706 0.0042091260729084298275 
0.57500000000000039968 0.2993145164804861813 -1.9869055103519805972 -2.5074506409605756829 0.0028163272561232640702 
0.60000000000000042188 0.29658993313515491508 -1.5088379117240164895 -2.5087329397207143167 0.0029557915479003112058 
0.62500000000000044409 0.31556629165817784433 -1.3141235252409129153 -2.5101051778796610314 0.0031679567479850831435 
0.65000000000000046629 0.33315174791969437429 -1.3624093306074642751 -2.5111469293079524689 0.0015204038555457341161 
0.6750000000000004885 0.31968862514241808137 -1.3528938156013017302 -2.5118023779240341575 0.0016358723856668554598 
0.7000000000000005107 0.30286182688582041767 -1.5299955134426761472 -2.5125041636807603496 0.0013243428636935115125 
0.72500000000000053291 0.29678644746061677573 -1.7444490417812437144 -2.5129546969919265287 0.00091162695692994339617 
0.75000000000000055511 0.30157724604041580285 -1.8665012537072973586 -2.5133046367697020607 0.00058905366845335459854 
0.77500000000000057732 0.31122415135986819523 -1.8105693170811778536 -2.5135665248902800961 0.00069813687326102970288 
0.80000000000000059952 0.31219317202336932526 -1.5257130695689533617 -2.5138921998255314705 0.00066946971963996405788 
0.82500000000000062172 0.31385056215411777369 -1.4191972384436604138 -2.5141153407992917757 0.00039379265930587954454 
0.85000000000000064393 0.3167219899562526142 -1.5095324608822444645 -2.5142530509299034769 0.00021675047803448898361 
0.87500000000000066613 0.31222855584104547422 -1.5060742418054582359 -2.5143485878622229279 0.00025493111029617113823 
0.90000000000000068834 0.30991543967808798943 -1.5259387461768287864 -2.5144734028010842231 0.00027749315036100036464 
0.92500000000000071054 0.30965978874512850583 -1.605658722826053042 -2.5145643951535285865 0.00014597572550442629476 
0.95000000000000073275 0.30876800530437126246 -1.6321910002934143513 -2.5146216178534452901 0.00011976818525715171018 
0.97500000000000075495 0.31161879759310540106 -1.6249347466506391946 -2.5146793394594193494 0.00013566127932476766248 
1.0000000000000006661 0.31088806428633758427 -1.5809811072867048232 -2.5147285676944970412 8.1283982024288670208e-005 
1.0249999999999979128 0.30863469735122023296 -1.5506279574746830718 -2.5147504487696656916 3.8787521557994295777e-005 
1.0499999999999951594 0.3115045373842796339 -1.5725883555881812192 -2.5147800006180789367 8.1122878226672754287e-005 
1.0749999999999924061 0.31254557414574413166 -1.5791088855323558438 -2.5148071456267189205 4.2435951550405381233e-005 
1.0999999999999896527 0.31126698552446868673 -1.5785510603701193855 -2.5148241438637541911 3.8527990582908349e-005 
1.1249999999999868994 0.31119129619437269074 -1.5839594637315648207 -2.5148373402915362718 2.0810862157626092801e-005 
1.149999999999984146 0.31063382610923517824 -1.57134174205550603 -2.5148480588889277065 2.7335473746578189459e-005 
1.1749999999999813927 0.31074723494702832793 -1.571775839511037276 -2.5148580216154070577 1.7137598405769013666e-005 
1.1999999999999786393 0.31109725925808184854 -1.5720548794769038103 -2.5148644280274514706 1.4346540881197817927e-005 
1.224999999999975886 0.31079236343861821323 -1.5587140727449237954 -2.5148707325462815731 1.2750554826844771135e-005 
1.2499999999999731326 0.31127209486674645156 -1.5721785560939225412 -2.5148760300642956089 1.0874976290833366312e-005 
1.2749999999999703792 0.3112609176218214535 -1.5903899335886744204 -2.5148797521597470173 6.6402376560101048728e-006 
1.2999999999999676259 0.31061760305017177553 -1.5870785395780004912 -2.5148821450383547216 4.7871654462699848721e-006 
1.3249999999999648725 0.31069784248277820815 -1.5801859509103963752 -2.5148846668056021869 6.1068627223027914213e-006 
1.3499999999999621192 0.31097670797014054234 -1.5721206794212867486 -2.5148869803283342428 4.1180240010245609179e-006 
1.3749999999999593658 0.31133636341761211641 -1.5725172876581976489 -2.5148882825784046879 2.3903134849709996139e-006 
1.3999999999999566125 0.31126982169610983853 -1.5773824402786678078 -2.5148895235767940726 3.2572987789933868388e-006 
1.4249999999999538591 0.31068564113207652877 -1.5723364809598812109 -2.5148908801596063789 2.2046791662761148056e-006 
1.4499999999999511058 0.31085632756771830465 -1.5738810268693232963 -2.5148914141609628459 8.5480848039649284814e-007 
1.4749999999999483524 0.31121387170316489046 -1.5786936314438084761 -2.5148919261664346436 1.4250373559896070099e-006 
1.4999999999999455991 0.311103805623921148 -1.5746209048696984123 -2.5148925575840368474 1.3389948621865799798e-006 
1.5249999999999428457 0.31108289286568435728 -1.573587685528951452 -2.5148931005924910487 9.7917212632382999515e-007 
1.5499999999999400924 0.31090781546029916393 -1.5749725247397596828 -2.5148933728770850315 4.4191630167317059858e-007 
1.574999999999937339 0.31079508116687076802 -1.5763377520799228826 -2.5148935791034405796 5.0066269748408592094e-007 
1.5999999999999345857 0.31105458470998886833 -1.5794460976972124477 -2.5148938137303100682 4.8442586562551221847e-007 
1.6249999999999318323 0.31107328271049883295 -1.577977816408613787 -2.5148939887155195017 3.5239841095589347117e-007 
1.649999999999929079 0.31097736475565546099 -1.5760598447024578572 -2.5148941341562798257 3.058673218631470029e-007 
1.6749999999999263256 0.31104229929697357893 -1.5762373809993759366 -2.5148942519194199541 2.2750200994165542211e-007 
1.6999999999999235722 0.31100995264405917329 -1.574405283530482258 -2.5148943416261753114 1.5935862107948741745e-007 
1.7249999999999208189 0.3109934426464009416 -1.5739821465035421788 -2.5148943962934908747 1.1970153819318586194e-007 
1.7499999999999180655 0.31102893115674601354 -1.5747855822737220066 -2.5148944535939672384 1.3474837492405126102e-007 
1.7749999999999153122 0.31101453091696940056 -1.575301432241106081 -2.5148945077700091133 1.0163454210649446413e-007 
1.7999999999999125588 0.31101849382607810179 -1.5769263869542573531 -2.5148945455398727944 6.8380875280116116919e-008 
1.8249999999999098055 0.31097927201195862956 -1.5770265545016739495 -2.5148945704222431807 5.6318324575551634112e-008 
1.8499999999999070521 0.31095753208355503272 -1.5761504366344853967 -2.5148945962420166111 5.4808915943281745087e-008 
1.8749999999999042988 0.31102050655710533622 -1.576203732402132518 -2.5148946154423401644 3.013358281922597011e-008 
1.8999999999999015454 0.31103637973454428822 -1.575705647084668648 -2.5148946277915773528 3.0026972474934489499e-008 
1.9249999999998987921 0.31102510913758779632 -1.5754960225747347558 -2.5148946398568003957 2.5469946062814711108e-008 
1.9499999999998960387 0.31101066918398401207 -1.5759123638691407976 -2.5148946521382495867 2.7932288852751876213e-008 
1.9749999999998932854 0.31097350645920723844 -1.5759483904507571861 -2.5148946610594644646 1.0662208997271869237e-008 
1.999999999999890532 0.31098733222605084991 -1.5761445420221877889 -2.5148946645202130412 9.2106630978246529961e-009 
2.0249999999998880007 0.31100820718249766461 -1.5759776181108191562 -2.5148946694902507559 1.2519944252889846665e-008 
2.0499999999998852473 0.31100881461861357158 -1.5753662944239095189 -2.5148946745471825182 8.9843482469601912371e-009 
2.074999999999882494 0.31103572918466010355 -1.5754008913013382021 -2.5148946777250795748 6.0240140143573989116e-009 
2.0999999999998797406 0.3110279032795732479 -1.5757690131491164376 -2.5148946802226577191 5.8275101857348364101e-009 
2.1249999999998769873 0.31099347016547834732 -1.5761114167104293138 -2.5148946824421130053 3.7335805241953679242e-009 
2.1499999999998742339 0.31099138906166623464 -1.5763546550190863371 -2.5148946838336825316 2.9024970116755192381e-009 
2.1749999999998714806 0.31099169863646375367 -1.5761874344713269203 -2.5148946851557809623 2.8679552085997387876e-009 
2.1999999999998687272 0.31099994598173330562 -1.5759887545088338001 -2.5148946862220031839 2.3952811321500027741e-009 
2.2249999999998659739 0.31101743659912906015 -1.5758701859434152137 -2.5148946872909818673 1.9723307188546624117e-009 
2.2499999999998632205 0.31101164822332366677 -1.5756356594673115445 -2.5148946879280416056 1.1646744645613639136e-009 
2.2749999999998604672 0.31100471086113201657 -1.5756228227010289356 -2.5148946884298402082 1.0059462380755072565e-009 
2.2999999999998577138 0.31100708959740974713 -1.5757861031375521854 -2.5148946887810299522 8.5032547260534397731e-010 
2.3249999999998549605 0.31100769270296491076 -1.5758690906884882388 -2.5148946892397052721 9.5532715707713953446e-010 
2.3499999999998522071 0.31101112129538927009 -1.5759729535489599428 -2.5148946895155748216 3.7589283392322357846e-010 
2.3749999999998494538 0.31100796528345936443 -1.5760134471084095154 -2.5148946897090862507 5.9211023114494941339e-010 
2.3999999999998467004 0.31100097692196987387 -1.5759599548931402246 -2.5148946899473600958 3.8387167170146547365e-010 
2.4249999999998439471 0.31100101410433667048 -1.5759306695194821302 -2.5148946900642639157 1.8397732518995491377e-010 
2.4499999999998411937 0.31100304080300406051 -1.5758783701672645083 -2.5148946901540214505 2.5499211712577820542e-010 
2.4749999999998384403 0.31100811172476278132 -1.5758550001677604779 -2.5148946902736812881 2.6000200822318584319e-010 
2.499999999999835687 0.31101119578339037064 -1.5758693636573204433 -2.5148946903593025759 1.2235170933518045421e-010 
2.5249999999998329336 0.31100711610418591002 -1.5758447167208231576 -2.5148946904075892839 1.131456046181724802e-010 
2.5499999999998301803 0.31100556783261329441 -1.5758667606751419754 -2.5148946904571807259 1.0589638945845644731e-010 
2.5749999999998274269 0.31100573942086745527 -1.5759016520576407672 -2.5148946904980991057 8.4438810168744527651e-011 
2.5999999999998246736 0.31100500921600832127 -1.5758814976499975202 -2.5148946905291538201 4.9193370812066297756e-011 
2.6249999999998219202 0.31100697739180876988 -1.5758886906234759184 -2.5148946905499833804 5.3648949259966895789e-011 
2.6499999999998191669 0.31100694493547359487 -1.5759040152030394655 -2.5148946905734286261 4.8284270821277227887e-011 
2.6749999999998164135 0.31100534740265362021 -1.5759030641896951686 -2.5148946905915505745 3.6520627025771187145e-011 
2.6999999999998136602 0.31100600264285899188 -1.5759086173420944199 -2.5148946906048319505 1.7404956596879898399e-011 
2.7249999999998109068 0.31100582172794077884 -1.5758877619188751407 -2.5148946906102866983 1.7074741709120748067e-011 
2.7499999999998081535 0.31100593096615231081 -1.5758703833416638496 -2.5148946906206974816 2.4984219932282781951e-011 
2.7749999999998054001 0.31100721517749557732 -1.5758749625414221196 -2.5148946906288740522 1.1826917372999901063e-011 
2.7999999999998026468 0.31100675930096804978 -1.5758758065958238248 -2.5148946906332700912 9.3534974294800237351e-012 
2.8249999999997998934 0.31100595277714743192 -1.5758916023618785296 -2.5148946906375839738 1.0211825824619205437e-011 
2.84999999999979714 0.31100581194017723474 -1.5759023116308368273 -2.5148946906413010005 6.2052148492697133617e-012 
2.8749999999997943867 0.3110057152418416182 -1.5758936022726164339 -2.5148946906434361814 4.2084109556685956133e-012 
2.8999999999997916333 0.31100624128975762339 -1.5758915148006260587 -2.5148946906457756434 5.9843912340443209338e-012 
2.92499999999978888 0.31100659396514207522 -1.5758832530749686818 -2.5148946906479645591 3.8213338916813471638e-012 
2.9499999999997861266 0.31100653637248526495 -1.5758751640904820057 -2.514894690649258191 2.3591425053755982145e-012 
2.9749999999997833733 0.3110064976972751194 -1.5758846962274453141 -2.5148946906502471776 2.0269916667064195837e-012 
2.9999999999997806199 0.31100605361535371696 -1.575892063443576907 -2.5148946906511984167 2.3275108210450218115e-012 
3.0249999999997778666 0.31100581584365094567 -1.5758936179355873541 -2.5148946906520266431 1.3275993798042958558e-012 
3.0499999999997751132 0.3110060110821512569 -1.5758932767851128176 -2.5148946906524933809 9.6849221116163278611e-013 
3.0749999999997723599 0.3110061625606519442 -1.5758894533388123627 -2.5148946906529729972 1.1298100156011449656e-012 
3.0999999999997696065 0.31100642848305515287 -1.5758878869060439776 -2.5148946906534415113 9.5624712480122305233e-013 
3.1249999999997668532 0.31100640437087501144 -1.5758842479120427349 -2.514894690653753262 4.7200471916946781821e-013 
3.1499999999997640998 0.31100613024580270327 -1.5758814283896696029 -2.5148946906539113577 3.1757058969370066987e-013 
3.1749999999997613465 0.31100624752201455614 -1.5758864745080216618 -2.5148946906541027602 5.162230634374542758e-013 
3.1999999999997585931 0.31100632866340138794 -1.5758900725638285145 -2.5148946906543070412 3.8192312825478404303e-013 
3.2249999999997558398 0.31100619139121754575 -1.5758899585077821293 -2.5148946906544287216 2.0568289361085510179e-013 
3.2499999999997530864 0.3110061545179896858 -1.5758902271096788539 -2.5148946906545215363 2.0399418240441701668e-013 
3.274999999999750333 0.31100610875068518402 -1.5758889962014772657 -2.5148946906546028046 1.6282869543150740772e-013 
3.2999999999997475797 0.3110061682146358919 -1.5758878333620667256 -2.514894690654659648 1.1048482842707305131e-013 
3.3249999999997448263 0.31100630353452707322 -1.5758871804017409168 -2.5148946906547107183 1.1565893125001261968e-013 
3.349999999999742073 0.31100625487947913816 -1.5758862696119027014 -2.5148946906547582358 9.4499697907371086721e-014 
3.3749999999997393196 0.31100620790299188245 -1.5758873270151227963 -2.5148946906547959834 7.7901310751801171767e-014 
3.3999999999997365663 0.3110062286795194364 -1.5758886400100253766 -2.5148946906548199642 3.3148187180057085982e-014 
3.4249999999997338129 0.31100620558062175292 -1.5758884631722653857 -2.5148946906548355074 4.3161663276168798739e-014 
3.4499999999997310596 0.31100620916390320225 -1.5758881365693635512 -2.5148946906548568236 4.2520277683032796634e-014 
3.4749999999997283062 0.31100622405357697398 -1.5758875769737170636 -2.5148946906548705904 2.5755997163540313224e-014 
3.4999999999997255529 0.31100622861608073766 -1.5758875336100621745 -2.5148946906548816926 2.3349881874059778329e-014 
3.5249999999997227995 0.31100622690371165779 -1.5758883040670874642 -2.5148946906548919067 1.8310327292173140581e-014 
3.5499999999997200462 0.31100619441447019398 -1.5758881914922664436 -2.514894690654898568 1.4665403309368433052e-014 
3.5749999999997172928 0.31100620195937439538 -1.57588785070548143 -2.5148946906549025648 7.6006159568602010437e-015 
3.5999999999997145395 0.31100623215828343548 -1.5758881291912321121 -2.5148946906549074498 1.1407373580926389302e-014 
3.6249999999997117861 0.31100622130897065398 -1.5758880320378838569 -2.5148946906549114466 8.6832078322126749069e-015 
3.6499999999997090327 0.31100621537751060863 -1.5758877202012091523 -2.5148946906549149993 5.6447144524012225442e-015 
3.6749999999997062794 0.31100621251793836297 -1.5758876859173560625 -2.5148946906549167757 3.9755564256868786528e-015 
3.699999999999703526 0.31100620988021404623 -1.5758878890644294479 -2.514894690654918552 3.7861141627962937347e-015 
3.7249999999997007727 0.31100622883121525897 -1.5758882140106797998 -2.5148946906549194402 3.2816914538457880457e-015 
3.7499999999996980193 0.31100622590371268528 -1.5758880989079149249 -2.5148946906549216607 2.5582479007294215084e-015 
3.774999999999695266 0.31100621224085239769 -1.5758878222963255133 -2.5148946906549216607 1.5961679590222682749e-015 
3.7999999999996925126 0.31100621935244304739 -1.575887907810651356 -2.514894690654923437 2.2556932882800256402e-015 
3.8249999999996897593 0.31100621782497034351 -1.5758879258430376069 -2.5148946906549247693 9.4917905298660366888e-016 
3.8499999999996870059 0.31100621229155422931 -1.5758878752981382299 -2.5148946906549243252 8.1844772326565876351e-016 
3.8749999999996842526 0.31100621466652955682 -1.5758879412486381799 -2.5148946906549243252 8.0075794327313545141e-016 
3.8999999999996814992 0.3110062143852558858 -1.5758879715058284887 -2.5148946906549252134 8.8796190552821424985e-016 
3.9249999999996787459 0.31100621896236951835 -1.5758880594548896337 -2.5148946906549247693 4.9378913641660775921e-016 
3.9499999999996759925 0.31100622132586092095 -1.5758880541186446322 -2.5148946906549256575 3.8060878931493919445e-016 
3.9749999999996732392 0.31100621592359517509 -1.5758878927387582891 -2.5148946906549252134 2.9864029430023171753e-016 
3.9999999999996704858 0.31100621685528540006 -1.5758878663566906475 -2.5148946906549265456 2.6469030193053419318e-016 
4.0249999999996788347 0.31100622055542009869 -1.5758878927999835362 -2.5148946906549256575 2.3848634872789761892e-016 
4.0499999999996871836 0.31100622033424890622 -1.5758878995615068774 -2.5148946906549261016 1.8691222954788944995e-016 
4.0749999999996955324 0.31100621726912430765 -1.5758879611641805063 -2.5148946906549256575 1.5682808039867252938e-016 
4.0999999999997038813 0.3110062128454335606 -1.5758879858198620028 -2.5148946906549261016 7.8856444539225470219e-017 
4.1249999999997122302 0.31100621401212719119 -1.5758879952951883041 -2.5148946906549269897 8.2319771469784762419e-017 
4.1499999999997205791 0.31100621781144643929 -1.5758879848053397588 -2.5148946906549256575 8.515782452376020652e-017 
4.1749999999997289279 0.31100621842084658075 -1.5758879166501349456 -2.5148946906549269897 7.1556536827162654324e-017 
4.1999999999997372768 0.31100621954419710447 -1.5758879068222317876 -2.5148946906549265456 2.4630338896542776649e-017 
4.2249999999997456257 0.31100621909253861608 -1.5758879425073057945 -2.5148946906549261016 4.6057491323432964845e-017 
4.2499999999997539746 0.31100621632198299782 -1.5758879541550876446 -2.5148946906549265456 3.3937475504467225602e-017 
4.2749999999997623235 0.31100621599587568999 -1.5758879623125896519 -2.5148946906549269897 1.7981972411772182294e-017 
4.2999999999997706723 0.3110062166260070815 -1.5758879527165654544 -2.5148946906549261016 1.6958317943175619376e-017 
4.3249999999997790212 0.31100621758490093471 -1.5758879409867532218 -2.5148946906549265456 1.8738038455119025733e-017 
4.3499999999997873701 0.31100621874392408994 -1.5758879418847473453 -2.5148946906549261016 1.3714700010144989965e-017 
4.374999999999795719 0.31100621742974532413 -1.5758879323546475248 -2.5148946906549256575 8.8656645621639604734e-018 
4.3999999999998040678 0.31100621634594244336 -1.5758879362050288719 -2.5148946906549261016 6.3116822961933726027e-018 
4.4249999999998124167 0.31100621721157978294 -1.5758879533106688875 -2.5148946906549269897 7.219245642609464987e-018 
4.4499999999998207656 0.31100621755617119391 -1.5758879594461183693 -2.5148946906549274338 4.9006483293846766948e-018 
4.4749999999998291145 0.3110062175428778275 -1.5758879601470368037 -2.5148946906549252134 4.1690661417258558914e-018 
4.4999999999998374633 0.31100621744867801288 -1.575887950244992286 -2.5148946906549256575 3.6378476041350589884e-018 
4.5249999999998458122 0.31100621708769199403 -1.575887939357156764 -2.5148946906549265456 2.7018544949716870691e-018 
4.5499999999998541611 0.31100621724588950467 -1.5758879423295986122 -2.5148946906549269897 1.4645482567930936142e-018 
4.57499999999986251 0.31100621741308531742 -1.5758879419643312403 -2.5148946906549256575 1.5860139723163100988e-018 
4.5999999999998708589 0.311006217426857412 -1.5758879389913984514 -2.5148946906549265456 2.0301252826509880012e-018 
4.6249999999998792077 0.31100621756975066479 -1.5758879452086320683 -2.5148946906549256575 7.4050472145200641683e-019 
4.6499999999998875566 0.31100621741684830734 -1.5758879509351442216 -2.5148946906549256575 8.4295806964750497219e-019 
4.6749999999998959055 0.31100621724938509738 -1.5758879517433128647 -2.5148946906549261016 8.197182410431753548e-019 
4.6999999999999042544 0.31100621718261517445 -1.5758879496667874687 -2.5148946906549265456 4.8195924498201175075e-019 
4.7249999999999126032 0.31100621711758963395 -1.5758879461080206319 -2.5148946906549261016 3.6739924792930921276e-019 
4.7499999999999209521 0.31100621738370903824 -1.57588794575083746 -2.5148946906549265456 4.3613453190944070297e-019 
4.774999999999929301 0.31100621755040175342 -1.5758879461428580981 -2.5148946906549265456 3.4717635866755333376e-019 
4.7999999999999376499 0.31100621739839257041 -1.5758879453899810041 -2.5148946906549261016 1.7868066320966061753e-019 
4.8249999999999459988 0.31100621734662076134 -1.5758879464000923321 -2.5148946906549261016 1.5898891579949168041e-019 
4.8499999999999543476 0.31100621729532840209 -1.5758879465567736666 -2.5148946906549261016 1.6533998887512949974e-019 
4.8749999999999626965 0.31100621727951460738 -1.5758879456192331769 -2.5148946906549261016 1.2821663740662236513e-019 
4.8999999999999710454 0.3110062174003001001 -1.5758879461359822649 -2.5148946906549256575 8.8764679854888570737e-020 
4.9249999999999793943 0.31100621739005496202 -1.5758879465154402855 -2.5148946906549265456 7.6732034717044634612e-020 
4.9499999999999877431 0.31100621733123090529 -1.5758879470321993654 -2.5148946906549269897 6.8378623387814546545e-020 
4.974999999999996092 0.31100621732692512733 -1.5758879477652398826 -2.5148946906549256575 4.9677438494461951202e-020 
