0.025000000000000015266 0.59309655289796292532 0.00046733588568162454102 -2.2490559556074765091 0.038341965085842796834 
0.05000000000000003747 0.57068526986228862441 0.016339692920595436099 -2.2597664611480019481 0.052155824904563365119 
0.075000000000000052736 0.44013434284423230691 -0.0034781998514013534596 -2.2867481391900446042 0.082076626915576239574 
0.10000000000000007494 0.40949767736870562596 -0.050894402231913327128 -2.3323222254468882753 0.097245921129461107557 
0.12500000000000008327 0.25629023539353984473 -0.40944927527989771754 -2.3622165450343248772 0.048190441966494794446 
0.15000000000000010547 0.24032580283178150982 -1.7765013729705432244 -2.3785192249059283753 0.036584900101688751228 
0.17500000000000012768 0.30626074547979853513 -2.2101045896110012023 -2.3947113363984371404 0.040268333808111483885 
0.20000000000000014988 0.26517030667862206972 -1.3637567299738353466 -2.4096065104265456114 0.023677734973024808923 
0.22500000000000017208 0.26020028506851955452 -1.5933428939992073659 -2.4185898338764824089 0.024351332313297977678 
0.25000000000000016653 0.28880655380624464801 -1.1740586667746213401 -2.4311255445928319219 0.03092301398652966965 
0.27500000000000018874 0.29743627995156951549 -0.34465614321345755533 -2.4409169006093964782 0.015464734970155654542 
0.30000000000000021094 0.31806406094274858321 -0.55331123459592745917 -2.4467942137195244356 0.014116415787275219187 
0.32500000000000023315 0.32309790938509380664 -0.70176156595286864892 -2.4553164936153160092 0.024484684274361394329 
0.35000000000000025535 0.35082920670499562199 -1.2797851387289684855 -2.4650476216105063898 0.01967821665045026841 
0.37500000000000027756 0.3611456554278762443 -1.7926069248984659588 -2.4709912347297731117 0.010428470033544716064 
0.40000000000000029976 0.31124556244195450416 -1.3644982343437097594 -2.4760094488842847582 0.012173125883724204843 
0.42500000000000032196 0.30293682434922769575 -1.3346703876063266136 -2.4814602198255997223 0.012925627402171352073 
0.45000000000000034417 0.30814782994800477001 -1.258956575140548928 -2.486539683989188898 0.01195184823233913507 
0.47500000000000036637 0.30006474943713096204 -1.0972793658009583062 -2.491901095040643721 0.013104924135271535726 
0.50000000000000033307 0.3063270632853354325 -1.3442138762828050869 -2.4972099702026082646 0.0099003302069521331025 
0.52500000000000035527 0.303163917849276765 -1.5505095204446148749 -2.5005884521109535967 0.0077320075232065899745 
0.55000000000000037748 0.30098487521143513224 -1.9808919745142303803 -2.503725524174855277 0.0059680635510154060597 
0.57500000000000039968 0.30296376286608894812 -2.1847490269411924402 -2.505607626937269572 0.0037390605884384032521 
0.60000000000000042188 0.29304565800809284637 -1.7267403318847609484 -2.5073075618319116131 0.0035699972347950450526 
0.62500000000000044409 0.30776579454658120616 -1.4518408278741832262 -2.5085852337241076881 0.0030994984676872032112 
0.65000000000000046629 0.32889127404326906623 -1.3896719463809914519 -2.5099713624073700657 0.0028425731146477202851 
0.6750000000000004885 0.3246977921608232287 -1.308301625902229981 -2.5108742670359101012 0.0017496357365605541209 
0.7000000000000005107 0.3117704886201425607 -1.4084999238474285033 -2.5117205992155260397 0.0020392366457695409662 
0.72500000000000053291 0.29848639297227108624 -1.5552577730465482198 -2.5123668709415971634 0.0010494324074285712317 
0.75000000000000055511 0.29829702795296364481 -1.7595987498539560345 -2.512797112075395134 0.0010215205830298205395 
0.77500000000000057732 0.31061612731677734622 -1.9077051371601858598 -2.5131624414111959354 0.00063839526943799919032 
0.80000000000000059952 0.30928810375203513727 -1.6865112234381838263 -2.5134618802101837964 0.00085302680423602163847 
0.82500000000000062172 0.30872194603842501026 -1.4778827807135264116 -2.5138071589295178931 0.00070179935593626843575 
0.85000000000000064393 0.31601348683628177616 -1.5046331369746337447 -2.5140474564482522268 0.00039959950792714234256 
0.87500000000000066613 0.31471395514679484373 -1.4982675311537403395 -2.514173725125949499 0.00022937056290256560478 
0.90000000000000068834 0.31293723113638249878 -1.4831424454717332395 -2.5142822646007072507 0.0003244521455728722548 
0.92500000000000071054 0.31228006621240589347 -1.5410313503491530618 -2.5144187541620324211 0.00027099881166446859694 
0.95000000000000073275 0.30776394897394443451 -1.6060635137479488677 -2.5145210926466003976 0.00020262869333133410265 
0.97500000000000075495 0.30918818819448234958 -1.6566409534353936372 -2.514589176221101674 0.00013262575986652095392 
1.0000000000000006661 0.31078186493340981267 -1.6271689016439743192 -2.5146463654590385239 0.00014366503818948246109 
1.0249999999999979128 0.3085137603086559599 -1.5573999383681325082 -2.5146978781768547506 7.8723709954395699193e-005 
1.0499999999999951594 0.31077433656422726038 -1.5576860421370750664 -2.5147261696700486944 7.6402499556269958285e-005 
1.0749999999999924061 0.31317777950420955246 -1.5720199554297906719 -2.5147631940166799147 7.9144524884876407342e-005 
1.0999999999999896527 0.31204019855166131858 -1.5697285604089161737 -2.514788861008753873 5.5148602462495921515e-005 
1.1249999999999868994 0.31089801198960304029 -1.5795837533398353614 -2.5148116080994613597 4.0863782810707889245e-005 
1.149999999999984146 0.3101423096695568038 -1.5783905808012148597 -2.5148252828966932704 2.9710506582496916882e-005 
1.1749999999999813927 0.31075551260945416532 -1.5820531317868096188 -2.5148387970082417553 3.2381516970534367933e-005 
1.1999999999999786393 0.31134300994609898083 -1.5837624636423224267 -2.5148493141256622607 1.7244797558608060682e-005 
1.224999999999975886 0.31080353687088368986 -1.5626721859172008067 -2.5148573381215810763 2.1136950483750535857e-005 
1.2499999999999731326 0.31118989762331455973 -1.5605278974133627301 -2.5148658677394730709 1.6710999978375008052e-005 
1.2749999999999703792 0.31125961816066943788 -1.5741059571175026743 -2.5148712616503767769 1.0866118908380992464e-005 
1.2999999999999676259 0.31078236793787578085 -1.5818858708838865468 -2.5148756660409832264 8.3737664280294479071e-006 
1.3249999999999648725 0.31093650140621897915 -1.5868926014395277058 -2.5148787916322894453 7.7444828451788862161e-006 
1.3499999999999621192 0.31075727377675410601 -1.5769795284507632793 -2.5148822314343197704 6.9768507771994175176e-006 
1.3749999999999593658 0.31096733922387531646 -1.5734272999915659419 -2.5148845141804843095 4.8570146584346387137e-006 
1.3999999999999566125 0.31137413659101043084 -1.5825664125188514397 -2.5148864739236267418 3.8575363529495820214e-006 
1.4249999999999538591 0.31077189720593662026 -1.5761387377043909463 -2.5148881500470356976 4.0085062933746093126e-006 
1.4499999999999511058 0.31072008538752077245 -1.5711739367385668675 -2.5148895324447333444 2.4560390797219387366e-006 
1.4749999999999483524 0.31127183114846501688 -1.5753325727605438367 -2.5148903311467072363 1.5378574185156302862e-006 
1.4999999999999455991 0.31123167534299805981 -1.5732563555496961172 -2.5148910522933016765 1.7880283255410213469e-006 
1.5249999999999428457 0.3111781092424392714 -1.5734110944200137006 -2.5148918712572236878 1.9583101009043721638e-006 
1.5499999999999400924 0.31100286350209432884 -1.5743909068673302976 -2.51489252081604997 1.0902193512005822252e-006 
1.574999999999937339 0.31068261612513198289 -1.574945141568971696 -2.5148928777839234527 6.5049792631571919832e-007 
1.5999999999999345857 0.31086887949076730253 -1.5795691850093334097 -2.5148931845913522487 7.9763299117121810178e-007 
1.6249999999999318323 0.31106802933246363585 -1.5790482049047915858 -2.5148934791624824037 5.3386750284586980545e-007 
1.649999999999929079 0.31103036778859877165 -1.5769847228516229443 -2.5148936992310866323 5.8867942370868184067e-007 
1.6749999999999263256 0.31105229702829462202 -1.5777264095096326102 -2.5148939255713047558 3.9487583145356694347e-007 
1.6999999999999235722 0.31102689651491222111 -1.5752077153207009186 -2.5148940794009195798 3.2986239520143483367e-007 
1.7249999999999208189 0.31101200354504804357 -1.573668748136447082 -2.514894179161943466 1.7272568105461603778e-007 
1.7499999999999180655 0.31102335468158204268 -1.5743212651913824907 -2.5148942661223876449 2.5034590540795339136e-007 
1.7749999999999153122 0.31101356707338800867 -1.574336495411225556 -2.5148943628925177762 1.5434322365897830148e-007 
1.7999999999999125588 0.31104763857619716072 -1.575704370014559208 -2.5148944183848804812 1.4480873349510480729e-007 
1.8249999999999098055 0.31098800355153777275 -1.5766167639852974869 -2.5148944758679965261 1.0725204838686860241e-007 
1.8499999999999070521 0.31092482992077336013 -1.5766923745219028064 -2.5148945147014694079 8.8259658126374074211e-008 
1.8749999999999042988 0.31099283269754707248 -1.5769222406681149273 -2.5148945531526170072 7.6639992612712651967e-008 
1.8999999999999015454 0.3110194638896085495 -1.5760039305148394462 -2.5148945759341931883 4.2184911829066218709e-008 
1.9249999999998987921 0.31103204677485835061 -1.5757116853183807947 -2.5148945955028789712 4.7333631172981462592e-008 
1.9499999999998960387 0.31105181633244166628 -1.5760687059039493185 -2.5148946134343579395 4.0321503969334723335e-008 
1.9749999999998932854 0.31099101876618473472 -1.5756203070411285427 -2.5148946331011590161 4.3093162256995956546e-008 
1.999999999999890532 0.31097403152343594535 -1.5758687274787581689 -2.5148946442032493742 1.3966193056560864375e-008 
2.0249999999998880007 0.31099906651430553328 -1.5761811426387988266 -2.5148946501426019395 1.6477833815549837803e-008 
2.0499999999998852473 0.31099345454062682359 -1.5755431993134685342 -2.5148946578480257941 1.6920902308766430423e-008 
2.074999999999882494 0.31102499040281567089 -1.5753066498915375693 -2.5148946647057921489 1.5673283850118785892e-008 
2.0999999999998797406 0.31103860924479831418 -1.5755122382453601304 -2.5148946702651127083 1.0972306619904017649e-008 
2.1249999999998769873 0.31100448302906508191 -1.5758452037218244612 -2.514894674531804597 8.1085327642376717235e-009 
2.1499999999998742339 0.31099828563021497674 -1.576330911149234959 -2.5148946770836357878 4.6969261574385286184e-009 
2.1749999999998714806 0.31099666902161449134 -1.5763425418955852031 -2.5148946794809372562 6.537734168604059604e-009 
2.1999999999998687272 0.31099209934569777003 -1.5761495157970530911 -2.5148946817170174661 3.828722677110649368e-009 
2.2249999999998659739 0.31100558940769290617 -1.5760681973642025611 -2.5148946834290559771 4.437725901933464448e-009 
2.2499999999998632205 0.31101105543570828349 -1.5757711262066607105 -2.5148946850723494784 2.7095705458217191833e-009 
2.2749999999998604672 0.31101038068066072517 -1.5756030173891759638 -2.5148946860877674503 2.5513684497674294566e-009 
2.2999999999998577138 0.31100741660024699975 -1.5756740261186816809 -2.5148946869004471516 1.1132376664608123502e-009 
2.3249999999998549605 0.31100495487209040002 -1.5756854319303341683 -2.514894687484147795 1.840406315572561475e-009 
2.3499999999998522071 0.31101299879751814759 -1.5758301878195373202 -2.5148946882457221541 1.3498750548093171787e-009 
2.3749999999998494538 0.31101125577942861922 -1.5760209344328452996 -2.5148946886439924597 8.8762236757014019217e-010 
2.3999999999998467004 0.31100275100388913296 -1.5760257711012464199 -2.5148946890875927274 9.9749442117453864813e-010 
2.4249999999998439471 0.31100189806031186546 -1.575985333093481211 -2.5148946894017267795 4.8753400172315742715e-010 
2.4499999999998411937 0.31099972436420564303 -1.5759373715218021328 -2.5148946895917867472 4.7224315141345561053e-010 
2.4749999999998384403 0.31100423068870497456 -1.5759148683070307584 -2.5148946897826096603 4.24643266935129807e-010 
2.499999999999835687 0.31101177774248456309 -1.5758960102647741053 -2.5148946899720887593 4.3776580558419739913e-010 
2.5249999999998329336 0.31100795984170043207 -1.575804238312253247 -2.5148946901220670114 2.43831459929967751e-010 
2.5499999999998301803 0.31100594761753447282 -1.5758117510738869349 -2.5148946902126234626 2.1906208303878839686e-010 
2.5749999999998274269 0.31100741180492341709 -1.575884444249668892 -2.5148946902934850023 1.5978590001482546436e-010 
2.5999999999998246736 0.31100532466916963603 -1.5758737742779294067 -2.5148946903649109785 1.5803461660156947688e-010 
2.6249999999998219202 0.31100635604204734941 -1.5758837164602521597 -2.5148946904188220763 1.0431993024676709857e-010 
2.6499999999998191669 0.31100686638469221545 -1.575904485682241063 -2.5148946904617872633 1.0213120227547172939e-010 
2.6749999999998164135 0.31100489454761681696 -1.5759079987344271068 -2.5148946905024747167 8.7464847502549407222e-011 
2.6999999999998136602 0.31100584513328682901 -1.5759327411650114747 -2.5148946905377296268 6.5678724751230284325e-011 
2.7249999999998109068 0.31100611081236240185 -1.5759041268222790944 -2.5148946905551969877 2.8349583756705431186e-011 
2.7499999999998081535 0.31100574562602556483 -1.5758648165295541244 -2.5148946905701490273 4.4891266029590421996e-011 
2.7749999999998054001 0.31100716975553749366 -1.5758723644037058165 -2.5148946905895059878 3.8722951030603828454e-011 
2.7999999999998026468 0.31100718410262540026 -1.5758708788911455212 -2.5148946906032709769 2.7222679290075548078e-011 
2.8249999999997998934 0.31100609495987469044 -1.5758814120625763699 -2.5148946906135045687 2.1358769533901465868e-011 
2.84999999999979714 0.31100538379134767819 -1.5758997228053814865 -2.5148946906206490759 1.4095948135693150843e-011 
2.8749999999997943867 0.31100543193425139732 -1.5758955114880892623 -2.5148946906270186474 1.3262665995438585804e-011 
2.8999999999997916333 0.31100653269108569088 -1.5758971508877293033 -2.5148946906317242167 1.1140173161084567135e-011 
2.92499999999978888 0.31100665880838979094 -1.5758889684020742639 -2.5148946906370510668 1.2330682077302101511e-011 
2.9499999999997861266 0.31100629067291291063 -1.5758720657068319149 -2.5148946906407219082 5.3643892619173375955e-012 
2.9749999999997833733 0.31100667939475168389 -1.5758776177662523477 -2.5148946906431128845 5.8263459891994645953e-012 
2.9999999999997806199 0.31100637108905743178 -1.5758890436387755773 -2.514894690645256059 4.4550201405673850473e-012 
3.0249999999997778666 0.31100593012430993722 -1.5758959809301762434 -2.5148946906472127161 4.795760048535708343e-012 
3.0499999999997751132 0.3110059396419451172 -1.5758970632553808144 -2.5148946906488465203 2.3830200723187749457e-012 
3.0749999999997723599 0.31100575296719007445 -1.5758919823147801154 -2.5148946906497271492 2.3467481331545149035e-012 
3.0999999999997696065 0.31100616278356746358 -1.5758916612442925853 -2.514894690650856468 2.6446255372336159952e-012 
3.1249999999997668532 0.3110065601111092759 -1.5758862383656393469 -2.5148946906517455346 1.6063694521161627071e-012 
3.1499999999997640998 0.3110062248638886806 -1.5758773669103800508 -2.5148946906523423905 1.0738790085239074841e-012 
3.1749999999997613465 0.31100631192827410398 -1.5758807344029763797 -2.5148946906527198664 9.1397143298431603698e-013 
3.1999999999997585931 0.31100653269440725612 -1.5758870573337158127 -2.5148946906531515211 1.0304132305801150673e-012 
3.2249999999997558398 0.31100627522308499362 -1.5758902989186016619 -2.5148946906535369905 7.6958383230064936076e-013 
3.2499999999997530864 0.31100607257003193284 -1.5758927288960093982 -2.5148946906538309776 5.6959994515007031861e-013 
3.274999999999750333 0.31100596539897706894 -1.5758912163122156258 -2.5148946906540299295 4.1528475571169968819e-013 
3.2999999999997475797 0.3110060440449744501 -1.5758899575550797678 -2.5148946906541853608 3.1492105561843350522e-013 
3.3249999999997448263 0.31100630994257882911 -1.5758890177762259199 -2.514894690654311038 2.9026599753555031419e-013 
3.349999999999742073 0.31100633332594512792 -1.5758852307663602232 -2.5148946906544460411 2.9727033400415701423e-013 
3.3749999999997393196 0.31100625001565418426 -1.5758846263840700086 -2.5148946906545424085 1.9490479522677139208e-013 
3.3999999999997365663 0.31100623233902113807 -1.575887378942891548 -2.5148946906546227886 1.5928617375103836649e-013 
3.4249999999997338129 0.31100620594419436937 -1.575888464020243962 -2.5148946906546716384 8.1345540107469004524e-014 
3.4499999999997310596 0.31100621976117409639 -1.5758885121947674435 -2.514894690654719156 1.3932293076272193844e-013 
3.4749999999997283062 0.31100621043053755521 -1.5758880394123551127 -2.5148946906547609004 5.997023516742753336e-014 
3.4999999999997255529 0.31100621532875272202 -1.5758877663659132118 -2.5148946906547893221 7.9821335876121265818e-014 
3.5249999999997227995 0.31100624612440036509 -1.5758886882749427727 -2.5148946906548208524 5.4355510827715348611e-014 
3.5499999999997200462 0.31100618026492415913 -1.5758886178668523037 -2.5148946906548412805 4.7473849144250114206e-014 
3.5749999999997172928 0.31100616823364923835 -1.5758876734439932754 -2.5148946906548572677 2.6022183985140476819e-014 
3.5999999999997145395 0.31100624592152054104 -1.5758876725467336755 -2.5148946906548670377 2.7061302737335605783e-014 
3.6249999999997117861 0.31100624927057796132 -1.5758879219773345159 -2.5148946906548794722 2.6211728382108758454e-014 
3.6499999999997090327 0.31100622934164429134 -1.5758878897182051482 -2.5148946906548892422 2.0957764713386377842e-014 
3.6749999999997062794 0.31100620853543436972 -1.575887612199137422 -2.5148946906548972358 1.5477257817505144329e-014 
3.699999999999703526 0.31100617936928531826 -1.5758875960112819214 -2.5148946906549016767 8.7064657325788372101e-015 
3.7249999999997007727 0.31100621425970415013 -1.5758883210182732526 -2.5148946906549056735 1.04350509409260064e-014 
3.7499999999996980193 0.31100624329089565645 -1.5758884283586036545 -2.5148946906549105584 8.2574880514820254447e-015 
3.774999999999695266 0.311006224291193345 -1.5758878473987669722 -2.514894690654913223 6.1356540435575073682e-015 
3.7999999999996925126 0.31100622102536473745 -1.5758878083766709732 -2.5148946906549158875 5.4441710921894582703e-015 
3.8249999999996897593 0.31100621939782546743 -1.5758878834351974785 -2.5148946906549172198 5.1299577932043244433e-015 
3.8499999999996870059 0.31100621065184397285 -1.5758878795325790279 -2.5148946906549203284 2.2823032589041615988e-015 
3.8749999999996842526 0.31100621054112359554 -1.575887941137544157 -2.5148946906549203284 2.4603563110683715621e-015 
3.8999999999996814992 0.31100621000352063339 -1.5758878570212417891 -2.5148946906549221048 2.2478928022370981177e-015 
3.9249999999996787459 0.31100621814060952497 -1.5758880342486429882 -2.5148946906549238811 2.2985765842211657076e-015 
3.9499999999996759925 0.31100622413065404093 -1.5758881911756730254 -2.5148946906549229929 1.4269418857331546307e-015 
3.9749999999996732392 0.31100621638533110236 -1.5758879508310097428 -2.514894690654923437 1.039766696408135585e-015 
3.9999999999996704858 0.31100621436125375219 -1.5758878669651990023 -2.5148946906549252134 6.4526328299568100399e-016 
4.0249999999996788347 0.31100621902180675127 -1.5758878883618669953 -2.5148946906549243252 9.1980191897191182534e-016 
4.0499999999996871836 0.31100622423993518062 -1.5758878341042286131 -2.5148946906549243252 6.0554873293360013801e-016 
4.0749999999996955324 0.31100622357071122659 -1.575887911608234937 -2.5148946906549256575 5.8957848975737358476e-016 
4.0999999999997038813 0.31100621232743969058 -1.5758879787882478229 -2.5148946906549256575 3.9460087686094129805e-016 
4.1249999999997122302 0.31100620956065955225 -1.5758880082336788053 -2.5148946906549247693 2.2257334040792818402e-016 
4.1499999999997205791 0.3110062158045247549 -1.5758880290216299436 -2.5148946906549261016 2.3369192132796781318e-016 
4.1749999999997289279 0.31100621663729965949 -1.575887950686961414 -2.5148946906549256575 2.8979051164758962167e-016 
4.1999999999997372768 0.31100621942390077601 -1.575887902004382557 -2.5148946906549261016 1.7322233847702819836e-016 
4.2249999999997456257 0.31100622205123046315 -1.5758879122827940122 -2.5148946906549269897 8.7517637202740826349e-017 
4.2499999999997539746 0.31100621786325910456 -1.5758879352817758424 -2.5148946906549256575 1.4388179934105694665e-016 
4.2749999999997623235 0.3110062155198332623 -1.5758879772790947982 -2.5148946906549261016 8.5874145234036698168e-017 
4.2999999999997706723 0.31100621571320657965 -1.5758879606618814151 -2.5148946906549261016 5.8106555605343830028e-017 
4.3249999999997790212 0.31100621665472905075 -1.5758879357073700689 -2.5148946906549256575 5.7272947111225227546e-017 
4.3499999999997873701 0.3110062192914622714 -1.5758879518888235793 -2.5148946906549265456 5.5751001263743767288e-017 
4.374999999999795719 0.31100621861180788308 -1.5758879349718755147 -2.5148946906549269897 4.356154303625624081e-017 
4.3999999999998040678 0.311006216229136212 -1.5758879212283209981 -2.5148946906549265456 2.6083488013474586657e-017 
4.4249999999998124167 0.31100621637719594315 -1.575887940900236206 -2.5148946906549269897 1.7747714293366239587e-017 
4.4499999999998207656 0.3110062170999592368 -1.5758879569897341621 -2.5148946906549256575 2.3690730064496802895e-017 
4.4749999999998291145 0.31100621776026127208 -1.5758879715127058763 -2.5148946906549256575 1.7253391552731220498e-017 
4.4999999999998374633 0.31100621782495568857 -1.5758879630515201242 -2.5148946906549256575 1.4356916193573239752e-017 
4.5249999999998458122 0.31100621711276427162 -1.5758879404641357169 -2.5148946906549261016 9.8030261710862847512e-018 
4.5499999999998541611 0.31100621713996978723 -1.5758879435644532752 -2.5148946906549256575 8.1705604288168869065e-018 
4.57499999999986251 0.31100621723982019295 -1.5758879439256747723 -2.5148946906549256575 5.1826694020448661362e-018 
4.5999999999998708589 0.31100621742970990802 -1.5758879318769691835 -2.5148946906549265456 6.8312014476128438513e-018 
4.6249999999998792077 0.31100621787452797928 -1.5758879364204414486 -2.5148946906549261016 5.5199756475266415738e-018 
4.6499999999998875566 0.31100621748977286263 -1.5758879472504603303 -2.5148946906549252134 2.3101175436076981931e-018 
4.6749999999998959055 0.31100621724537202972 -1.5758879524926847626 -2.5148946906549256575 3.6750787060894518622e-018 
4.6999999999999042544 0.31100621726689720026 -1.5758879548272766158 -2.5148946906549261016 1.9012358276894079986e-018 
4.7249999999999126032 0.31100621684857227001 -1.5758879509672274466 -2.5148946906549256575 2.0735466692459870815e-018 
4.7499999999999209521 0.31100621710829362554 -1.5758879468468580676 -2.5148946906549269897 1.2866299702243975096e-018 
4.774999999999929301 0.31100621762680186189 -1.5758879456444954137 -2.5148946906549265456 1.6153953264720277572e-018 
4.7999999999999376499 0.31100621750701978874 -1.5758879447318707712 -2.5148946906549256575 9.4770820364046632653e-019 
4.8249999999999459988 0.31100621745248385741 -1.5758879459146797331 -2.5148946906549261016 7.5124343496395131482e-019 
4.8499999999999543476 0.31100621738279027317 -1.5758879456091390292 -2.5148946906549265456 5.9292076362495953695e-019 
4.8749999999999626965 0.31100621723651972195 -1.5758879443108491092 -2.5148946906549265456 5.6209354663933033188e-019 
4.8999999999999710454 0.3110062173752666248 -1.5758879458953318764 -2.5148946906549261016 4.4546921174527474559e-019 
4.9249999999999793943 0.31100621739685646583 -1.5758879464584578667 -2.5148946906549261016 3.5912990617815464548e-019 
4.9499999999999877431 0.3110062173037617117 -1.5758879469272661922 -2.5148946906549261016 2.84928247185251364e-019 
4.974999999999996092 0.31100621731069677534 -1.5758879483867704874 -2.5148946906549261016 2.244176906989612782e-019 
