0.025000000000000015266 0.59294408619055671839 0.00046631428640271990749 -2.2492308859429819279 0.038238460903591939277 
0.05000000000000003747 0.57063543622386503351 0.016300642350395591618 -2.2600368561678507717 0.051872773482533905687 
0.075000000000000052736 0.4405657576145651233 -0.0032923850718438729679 -2.2872044031182747759 0.081543522741908805451 
0.10000000000000007494 0.41022921042390664281 -0.050715655549783522638 -2.3330996935379344492 0.096736767300521261936 
0.12500000000000008327 0.25752134796184650289 -0.40912255801115271492 -2.3632230570408769843 0.047838004857941034131 
0.15000000000000010547 0.24111959945481856171 -1.7657605025930140918 -2.3795511733739327376 0.03603322853842141904 
0.17500000000000012768 0.30653175169323776394 -2.1945615577754331582 -2.3957417364362871837 0.039805419854158391457 
0.20000000000000014988 0.26643196451386691459 -1.3568687545772699643 -2.4106793397287860081 0.023536117763410597387 
0.22500000000000017208 0.26204412237819940668 -1.5793646862429713273 -2.4197174563473446973 0.024055476840441510772 
0.25000000000000016653 0.29043975989572740071 -1.1664361863101846417 -2.4322314155027511262 0.030445974852636004115 
0.27500000000000018874 0.29875560010939905542 -0.35878473569737734383 -2.4420354890800548553 0.015451583911889834114 
0.30000000000000021094 0.3195071381162347679 -0.56514050007240612672 -2.4481260610394195432 0.014755413218397916281 
0.32500000000000023315 0.32600569005321683447 -0.71258464839686541659 -2.4569936182488247844 0.024728015728695717373 
0.35000000000000025535 0.35331339036716330471 -1.2786290705675642521 -2.4667017817092986576 0.018725436734355130342 
0.37500000000000027756 0.35900913656779581684 -1.7859935796433255017 -2.4724198852236538571 0.010182920265004303043 
0.40000000000000029976 0.30698773317852290354 -1.3925351517888597819 -2.4774823277917703557 0.012351638170354371088 
0.42500000000000032196 0.29882322749743356338 -1.3738229670750194966 -2.4831420540593698298 0.013309850169522480928 
0.45000000000000034417 0.30411871398720485837 -1.3010914014659262783 -2.488489393049106102 0.012488708424495844132 
0.47500000000000036637 0.29655860243509662988 -1.1520661431746450631 -2.4940544504741972709 0.012737498759246859703 
0.50000000000000033307 0.3068601218124735186 -1.4276712110310265658 -2.498852070574769435 0.0081362921054487363781 
0.52500000000000035527 0.3079314443605411511 -1.66231823264266243 -2.5018188464722594944 0.0072920193434740819202 
0.55000000000000037748 0.30304009113715940638 -2.0178546963703452022 -2.5047286287417303008 0.005150107506316062983 
0.57500000000000039968 0.30120655291771397666 -2.1127618760257442787 -2.5064133363373137797 0.0034311121811710348223 
0.60000000000000042188 0.29383292695604207312 -1.629392313024835115 -2.5079140430677755447 0.0030761802054940770232 
0.62500000000000044409 0.31090382949581346628 -1.380525364108612596 -2.5092026715541302373 0.0033497223852004486509 
0.65000000000000046629 0.33162215415284207465 -1.3682895681770488316 -2.5105154781634912986 0.0022058587947997249437 
0.6750000000000004885 0.32349103920054672612 -1.3203254368337464797 -2.5112701976408255966 0.0017253270028791400925 
0.7000000000000005107 0.30762042137449280288 -1.4500523769781947792 -2.5120801408405126764 0.001714363082019914079 
0.72500000000000053291 0.29687008763746774997 -1.6344174212425679471 -2.5126061884220054488 0.00095031836005816559213 
0.75000000000000055511 0.29970858869255972978 -1.8231733873820650249 -2.5130266192924666235 0.00088194791327201541714 
0.77500000000000057732 0.31103184850975262865 -1.8853397817997123997 -2.513330534465004984 0.00061661870378495596979 
0.80000000000000059952 0.31012787467199559588 -1.6141037796092025935 -2.513650705222506776 0.00082520017139029767927 
0.82500000000000062172 0.31100591913729785931 -1.439257976742363887 -2.5139491564294704773 0.00055059107247007433531 
0.85000000000000064393 0.31686178283345201034 -1.503629451177901144 -2.5141397729729102473 0.00031122977783308206729 
0.87500000000000066613 0.31390274777677201756 -1.5016234452788621567 -2.5142450607685078445 0.00022298714741500385368 
0.90000000000000068834 0.31168447345993433029 -1.4972672219342362254 -2.5143648463366106149 0.00033234281660696256234 
0.92500000000000071054 0.3108746688390181534 -1.5687581187399226579 -2.5144863986984584692 0.00021287382850263325876 
0.95000000000000073275 0.30777135996850818467 -1.6224472275158681178 -2.5145663734221215257 0.00015334588988143060448 
0.97500000000000075495 0.3103691979205432383 -1.6475676415007929343 -2.5146260906859168038 0.00013661391968824019758 
1.0000000000000006661 0.3110700326649888936 -1.6050475861221111806 -2.514684055342746305 0.00012678578710645282339 
1.0249999999999979128 0.30845883666305407012 -1.5496512635945765002 -2.5147220427578855784 4.8437840993448353765e-005 
1.0499999999999951594 0.3111097829824932548 -1.56499042887233486 -2.514748583142544458 8.4744263684159780274e-005 
1.0749999999999924061 0.31300390566739061393 -1.5770171412405200595 -2.5147833175854037435 6.1168972353173490944e-005 
1.0999999999999896527 0.31161475589610942993 -1.5735445139037205209 -2.5148044443065615816 4.9629533742459567441e-005 
1.1249999999999868994 0.31096965646215724011 -1.5825301565703582263 -2.5148234828450419798 2.9888700202348216422e-005 
1.149999999999984146 0.31040575366400019464 -1.5757655693926442275 -2.5148350170844637752 2.9235327176067956356e-005 
1.1749999999999813927 0.31080445997673927794 -1.5770043485493823177 -2.5148476556161747375 2.5780427207638057023e-005 
1.1999999999999786393 0.31123833502988496047 -1.5779937037476394757 -2.5148558332064570031 1.5621480808240293195e-005 
1.224999999999975886 0.31075653325595964382 -1.5593014610112190255 -2.5148634835659073872 1.7847497182316638656e-005 
1.2499999999999731326 0.31120808716012798856 -1.5644149289690563176 -2.5148704011188378615 1.3603476759418622679e-005 
1.2749999999999703792 0.31128461274744673171 -1.5821770732776920809 -2.5148750934600081486 9.5261128470151236258e-006 
1.2999999999999676259 0.31073529111492342869 -1.5861431459684456335 -2.5148786070586872654 6.1332416119322955562e-006 
1.3249999999999648725 0.31080017820889538349 -1.5847827585525258165 -2.5148813909520160159 7.3721792791541576877e-006 
1.3499999999999621192 0.31080460897450906677 -1.5741455150926575435 -2.514884377748764166 5.6046710519412120131e-006 
1.3749999999999593658 0.31116674438820957072 -1.5727508615531251568 -2.5148862608848312483 3.8134196658783238924e-006 
1.3999999999999566125 0.31137565837332353835 -1.5805779262686887598 -2.5148878068622044779 3.3712173814892409995e-006 
1.4249999999999538591 0.31070451957013955901 -1.5738560359940318989 -2.514889407192616666 3.5110864067328573148e-006 
1.4499999999999511058 0.31076700435959792035 -1.5717041169490499897 -2.5148904268244547389 1.5085277098555869975e-006 
1.4749999999999483524 0.31126476152325976976 -1.577009242406056444 -2.5148910200442533558 1.4741540224782283236e-006 
1.4999999999999455991 0.31117458193948516199 -1.5742146473543314755 -2.5148917263077974482 1.6348361124930535621e-006 
1.5249999999999428457 0.3111394008427320057 -1.5735669709499731095 -2.5148924475209133433 1.5765477126237888683e-006 
1.5499999999999400924 0.31095017855179052368 -1.5745309666442617313 -2.5148929236356001304 7.3190224317218625332e-007 
1.574999999999937339 0.31070709551178221641 -1.5755983049348962766 -2.5148931893820831718 5.6206161871864137195e-007 
1.5999999999999345857 0.31096328005858592247 -1.579754509951202035 -2.5148934733701833188 6.808381516332673649e-007 
1.6249999999999318323 0.31109244232668575858 -1.57863837154300235 -2.5148937093808210186 4.3992293125749036867e-007 
1.649999999999929079 0.31100371236461538116 -1.576539913980290919 -2.5148939029899408659 4.7471463991869319208e-007 
1.6749999999999263256 0.31104367468907168082 -1.5770249259216355675 -2.514894076530942435 3.084933203096317336e-007 
1.6999999999999235722 0.31101910671872590175 -1.574688108374000084 -2.5148942018909945517 2.4892831077589345934e-007 
1.7249999999999208189 0.31100036772065137169 -1.5737175026867999961 -2.5148942778079819149 1.4786619449077729302e-007 
1.7499999999999180655 0.31102535863848185249 -1.5745312849463886096 -2.5148943541480917041 2.0070374712392542387e-007 
1.7749999999999153122 0.31101628490490734746 -1.5747220139007989115 -2.5148944283748249084 1.2233665031632765019e-007 
1.7999999999999125588 0.31103553754374463347 -1.5763008473646127339 -2.5148944784928972673 1.2022266312024561681e-007 
1.8249999999999098055 0.31098159344812870142 -1.5769588535589673661 -2.5148945203173354024 7.5814077663299584153e-008 
1.8499999999999070521 0.31093737283141381633 -1.5765134082173661856 -2.5148945526701149689 7.6669735267661593294e-008 
1.8749999999999042988 0.31100651454078115377 -1.576549129353730816 -2.514894582635947895 5.1120126493442793153e-008 
1.8999999999999015454 0.31102937465852670273 -1.5758217450585756403 -2.5148945994548266292 3.8362522956509848662e-008 
1.9249999999998987921 0.31103234899026427351 -1.5756009304822189421 -2.5148946164049283958 3.6078155928354231631e-008 
1.9499999999998960387 0.31103348959007381946 -1.5759672525734009785 -2.5148946314806286395 3.7288372973736578036e-008 
1.9749999999998932854 0.3109782453177810102 -1.575744028587030332 -2.5148946471097448629 2.6333988263963612582e-008 
1.999999999999890532 0.31097827586018728097 -1.5760398286780128441 -2.5148946533907738932 1.0193750894467255398e-008 
2.0249999999998880007 0.31100394465604780381 -1.5761346540397338511 -2.5148946590080631935 1.5637473818296012729e-008 
2.0499999999998852473 0.31099997005997576105 -1.575436633390015384 -2.5148946657829749363 1.3736601243472656873e-008 
2.074999999999882494 0.31103210814625009695 -1.5753064674108046006 -2.5148946710760897716 1.084526601710526715e-008 
2.0999999999998797406 0.31103622563734306672 -1.5756125829114377979 -2.5148946749575622484 8.3548934522937397308e-009 
2.1249999999998769873 0.31099895700608309879 -1.5759821586683924188 -2.5148946782953824908 5.9384372700947676605e-009 
2.1499999999998742339 0.31099448031136223136 -1.5763773715827897881 -2.5148946802442266879 3.9152189842024113367e-009 
2.1749999999998714806 0.31099290185971828482 -1.5762872310092661543 -2.5148946822222644215 4.8800147829464320022e-009 
2.1999999999998687272 0.31099377693380669818 -1.5760762321807557651 -2.5148946838353629651 2.9994207392894882051e-009 
2.2249999999998659739 0.31101197765302424081 -1.5759778080372386366 -2.5148946853072242646 3.4774930168283520935e-009 
2.2499999999998632205 0.31101309985470498853 -1.575693103285719765 -2.5148946864484482688 1.7912307384850586349e-009 
2.2749999999998604672 0.31100763289497668218 -1.5755921082372772446 -2.5148946872251340956 1.876654011772466904e-009 
2.2999999999998577138 0.31100659464199525983 -1.5757150695018036224 -2.5148946877733640015 8.6903512526182006224e-010 
2.3249999999998549605 0.31100631257317101763 -1.5757682013528810927 -2.5148946883327409907 1.5855435050965926587e-009 
2.3499999999998522071 0.31101260512521300416 -1.5759114417286781418 -2.5148946888762009344 7.8199398431487708411e-010 
2.3749999999998494538 0.311009956362316764 -1.5760330247207301468 -2.5148946891497923062 7.7113149807717385987e-010 
2.3999999999998467004 0.31100175942274904672 -1.5759951700664591723 -2.5148946895099650867 6.9756711375406940959e-010 
2.4249999999998439471 0.3110009647804744537 -1.5759591203194533993 -2.5148946897226003294 3.3176570879053802284e-010 
2.4499999999998411937 0.31100078968498473531 -1.5759114087970425011 -2.5148946898613870893 3.5590501536877168319e-010 
2.4749999999998384403 0.31100627192965329959 -1.5758840155083186918 -2.5148946900186888165 3.7104123592367445035e-010 
2.499999999999835687 0.31101195317044272315 -1.5758776503602021091 -2.5148946901684188227 2.8088406161366642838e-010 
2.5249999999998329336 0.31100759263081984018 -1.5758182580336406176 -2.5148946902597191233 1.6377975277148510836e-010 
2.5499999999998301803 0.31100582022928580095 -1.5758386994280191296 -2.514894690331455962 1.6962537860101234097e-010 
2.5749999999998274269 0.3110066513507074859 -1.5758959723111956031 -2.5148946903926363561 1.2646805900040459597e-010 
2.5999999999998246736 0.31100496666652260869 -1.5758776201770219316 -2.5148946904474618336 1.0424753542197312974e-010 
2.6249999999998219202 0.31100663354337992894 -1.5758859381725640603 -2.5148946904825728588 7.5222778573395384598e-011 
2.6499999999998191669 0.31100697657909420757 -1.5759049495837720301 -2.5148946905165745491 7.937461817287525155e-011 
2.6749999999998164135 0.31100506275420708446 -1.5759074397184811289 -2.5148946905468232416 6.2085833992408137651e-011 
2.6999999999998136602 0.31100596000799246577 -1.5759229896829438644 -2.514894690571412017 4.1012620023929342529e-011 
2.7249999999998109068 0.31100596793129225981 -1.5758947757330137307 -2.5148946905818654329 2.0500002645201024643e-011 
2.7499999999998081535 0.31100575121495876996 -1.5758658712446580452 -2.5148946905949634001 3.8159419138061880295e-011 
2.7749999999998054001 0.31100725085575298134 -1.5758735048584724403 -2.5148946906095268616 2.4946701695418199017e-011 
2.7999999999998026468 0.31100704560102954144 -1.5758719610261446853 -2.5148946906182882977 1.7538294544709059759e-011 
2.8249999999997998934 0.31100598153015596159 -1.5758859177595749834 -2.514894690625339102 1.5408390359329425747e-011 
2.84999999999979714 0.31100557387851329727 -1.5759022778827436184 -2.5148946906309426197 1.1234823095787988401e-011 
2.8749999999997943867 0.31100560018482126257 -1.5758955101530620624 -2.5148946906352938058 7.8014081034896715307e-012 
2.8999999999997916333 0.31100637890301380262 -1.5758950874277193321 -2.5148946906387070754 9.2615866984633411974e-012 
2.92499999999978888 0.31100658058850005894 -1.5758859816372281504 -2.5148946906426168368 7.6783678842953840856e-012 
2.9499999999997861266 0.31100642445042303574 -1.5758723480829641694 -2.5148946906449554106 3.9458714289618102633e-012 
2.9749999999997833733 0.31100665075743172405 -1.5758806867929862072 -2.5148946906467406492 3.8641647886281902466e-012 
2.9999999999997806199 0.31100622709810643585 -1.5758909937555856118 -2.5148946906482123609 3.430319972931845565e-012 
3.0249999999997778666 0.31100584203379916248 -1.5758951613152452076 -2.5148946906497000597 3.1178244421230020525e-012 
3.0499999999997751132 0.31100593046832186728 -1.5758953131716253449 -2.5148946906506610688 1.457961874744720927e-012 
3.0749999999997723599 0.31100593360112899211 -1.5758907993586293017 -2.5148946906513613975 1.8932351223922728622e-012 
3.0999999999997696065 0.31100633680472056231 -1.575889918750414509 -2.5148946906521820743 1.7657644487863815318e-012 
3.1249999999997668532 0.31100651605445539527 -1.5758850241698021399 -2.5148946906527811507 1.0495003234841241848e-012 
3.1499999999997640998 0.3110061596873968659 -1.5758787971965806385 -2.5148946906531377543 5.8744019071328757377e-013 
3.1749999999997613465 0.31100627859172363943 -1.5758834695284811289 -2.514894690653409981 7.7186852995018339231e-013 
3.1999999999997585931 0.31100643935926364225 -1.5758889655243775163 -2.514894690653748377 7.2299442954301714846e-013 
3.2249999999997558398 0.31100622094231306081 -1.5758904600184613365 -2.5148946906540010637 4.6201400146208207606e-013 
3.2499999999997530864 0.31100610611490414614 -1.5758915281488699023 -2.5148946906541849167 3.6826714080027845123e-013 
3.274999999999750333 0.31100603389303110857 -1.5758900277280503133 -2.5148946906543234725 2.9704199322492984397e-013 
3.2999999999997475797 0.31100610734310568661 -1.5758888851175738566 -2.5148946906544296098 2.0155833624209984483e-013 
3.3249999999997448263 0.31100632024216939842 -1.5758879915191641441 -2.5148946906545170954 2.1204350883097322629e-013 
3.349999999999742073 0.31100629757299719236 -1.5758854768626844312 -2.5148946906546081337 1.8211563099301025893e-013 
3.3749999999997393196 0.31100622031008412494 -1.5758859641614439973 -2.5148946906546738589 1.4390547847562472086e-013 
3.3999999999997365663 0.31100622787109311052 -1.5758882479390718956 -2.5148946906547262614 8.7964932152751573803e-014 
3.4249999999997338129 0.31100620777916299087 -1.5758885778750095774 -2.514894690654754239 6.0430300076836690474e-014 
3.4499999999997310596 0.3110062140884632953 -1.5758883303876356496 -2.5148946906547910984 9.1501067199096456229e-014 
3.4749999999997283062 0.31100621648965209864 -1.5758877586181658792 -2.5148946906548172997 4.0869537643604881254e-014 
3.4999999999997255529 0.31100622510837688806 -1.5758875664077951484 -2.5148946906548381719 5.3030567406481679841e-014 
3.5249999999997227995 0.31100623799347915099 -1.5758884983172691818 -2.5148946906548572677 3.302254350650497279e-014 
3.5499999999997200462 0.31100618321733108917 -1.575888408122042561 -2.5148946906548705904 3.1609517490783478303e-014 
3.5749999999997172928 0.31100618474864122343 -1.5758877178058288138 -2.5148946906548799163 1.4508609841188025044e-014 
3.5999999999997145395 0.31100624253031644573 -1.5758879293847245506 -2.5148946906548874658 2.0332217837613956158e-014 
3.6249999999997117861 0.3110062350726446323 -1.5758880449639856014 -2.5148946906548976798 1.6826084604390623711e-014 
3.6499999999997090327 0.31100622053589155325 -1.5758878077919518113 -2.5148946906549025648 1.3475026812266625122e-014 
3.6749999999997062794 0.31100620828617525637 -1.5758876014967282408 -2.5148946906549078939 8.2327058958829100548e-015 
3.699999999999703526 0.31100619371584409256 -1.5758877286972898801 -2.5148946906549101143 6.5512385667035772656e-015 
3.7249999999997007727 0.31100622534214045212 -1.5758883073960330279 -2.514894690654913223 6.6857553078590489111e-015 
3.7499999999996980193 0.31100623692639328688 -1.5758882730709786735 -2.5148946906549163316 5.4658402901896063015e-015 
3.774999999999695266 0.31100621627853936024 -1.5758878001585530093 -2.514894690654918108 3.3452835906288660521e-015 
3.7999999999996925126 0.31100621932310057449 -1.5758878471535795462 -2.5148946906549207725 4.0923301250624769513e-015 
3.8249999999996897593 0.31100621883828216685 -1.5758879171988962042 -2.5148946906549216607 2.710780565012206971e-015 
3.8499999999996870059 0.31100621099871472719 -1.5758878822791979601 -2.5148946906549216607 1.4743510108409837073e-015 
3.8749999999996842526 0.31100621241076081835 -1.5758879331296349324 -2.5148946906549221048 1.6060070387074482312e-015 
3.8999999999996814992 0.31100621209087664365 -1.5758879116976307611 -2.514894690654923437 1.5762898804554129931e-015 
3.9249999999996787459 0.31100621877862782982 -1.5758880667995622815 -2.5148946906549238811 1.3423746853420140999e-015 
3.9499999999996759925 0.31100622328939114825 -1.5758881351934064252 -2.5148946906549243252 8.199694914396517098e-016 
3.9749999999996732392 0.31100621598913380517 -1.5758879109398358231 -2.5148946906549252134 6.0649378249484837305e-016 
3.9999999999996704858 0.31100621528266197968 -1.5758878567551919403 -2.5148946906549247693 4.825238451419872689e-016 
4.0249999999996788347 0.31100622020399337764 -1.5758878835308451904 -2.5148946906549256575 5.655758421544777118e-016 
4.0499999999996871836 0.31100622286593326837 -1.5758878620392506864 -2.5148946906549261016 3.5468179242609112818e-016 
4.0749999999996955324 0.31100622021160534425 -1.5758879414292601417 -2.5148946906549256575 3.8112374413247293338e-016 
4.0999999999997038813 0.31100621179559390095 -1.5758879876934051012 -2.5148946906549265456 1.9296526351610293653e-016 
4.1249999999997122302 0.31100621149456836312 -1.5758880057880038095 -2.5148946906549256575 1.5715613526699927157e-016 
4.1499999999997205791 0.31100621698967123585 -1.5758880117076761174 -2.5148946906549256575 1.5550120317487710412e-016 
4.1749999999997289279 0.31100621770793102083 -1.57588793068224442 -2.5148946906549265456 1.8214190584072943628e-016 
4.1999999999997372768 0.31100621987125071088 -1.575887896820303169 -2.5148946906549265456 7.3144958301032842721e-017 
4.2249999999997456257 0.3110062207916753918 -1.5758879257569797794 -2.5148946906549261016 7.4055542922466498467e-017 
4.2499999999997539746 0.31100621683758955527 -1.5758879485283627808 -2.5148946906549247693 8.5008113531298304715e-017 
4.2749999999997623235 0.31100621554215412967 -1.5758879723115282179 -2.5148946906549265456 4.5123073055716345147e-017 
4.2999999999997706723 0.31100621608051870481 -1.5758879559497818157 -2.5148946906549261016 3.6577787568869207481e-017 
4.3249999999997790212 0.31100621713685666636 -1.575887938164929114 -2.5148946906549265456 3.6270275382091671352e-017 
4.3499999999997873701 0.31100621923864896212 -1.5758879471610125478 -2.5148946906549256575 3.4238070094600543767e-017 
4.374999999999795719 0.31100621805687878041 -1.5758879314983906816 -2.5148946906549265456 2.275511792290106812e-017 
4.3999999999998040678 0.31100621609563960934 -1.5758879268426451148 -2.5148946906549256575 1.4557843608886280482e-017 
4.4249999999998124167 0.3110062167643833364 -1.5758879480617178359 -2.5148946906549261016 1.2918906736635313494e-017 
4.4499999999998207656 0.31100621742715672813 -1.5758879604006099662 -2.5148946906549261016 1.3669605668988872211e-017 
4.4749999999998291145 0.31100621770334579974 -1.5758879674803203397 -2.5148946906549261016 9.377915760608688902e-018 
4.4999999999998374633 0.31100621763010843912 -1.5758879564786947292 -2.5148946906549261016 8.4865395601396171506e-018 
4.5249999999998458122 0.31100621704980024873 -1.5758879388193578475 -2.5148946906549265456 5.8794145032747414389e-018 
4.5499999999998541611 0.3110062171606996495 -1.5758879426106298105 -2.5148946906549269897 4.5466770029280385803e-018 
4.57499999999986251 0.31100621734499900306 -1.5758879423667502273 -2.5148946906549261016 2.9051671899906621867e-018 
4.5999999999998708589 0.31100621745506074056 -1.5758879345166849628 -2.5148946906549265456 4.5520048978665468313e-018 
4.6249999999998792077 0.31100621772352560201 -1.5758879408798081023 -2.5148946906549261016 2.5373073147435088246e-018 
4.6499999999998875566 0.31100621744865547535 -1.5758879497568671901 -2.5148946906549261016 1.5854821447866404607e-018 
4.6749999999998959055 0.31100621725884219915 -1.5758879528820837201 -2.5148946906549261016 2.0640348472998022752e-018 
4.6999999999999042544 0.31100621720971161066 -1.5758879527239080254 -2.5148946906549265456 1.1574135229728826245e-018 
4.7249999999999126032 0.31100621694860480781 -1.5758879481461467442 -2.5148946906549256575 1.0121796037690417397e-018 
4.7499999999999209521 0.31100621725960614361 -1.5758879458616870117 -2.5148946906549256575 8.6342004652315665117e-019 
4.774999999999929301 0.31100621761928154418 -1.5758879459639325571 -2.5148946906549256575 9.2626861531529211982e-019 
4.7999999999999376499 0.31100621745602530233 -1.5758879450649279086 -2.5148946906549261016 4.7889534719061002062e-019 
4.8249999999999459988 0.3110062173965920107 -1.5758879460700498942 -2.5148946906549269897 4.1290414251946237752e-019 
4.8499999999999543476 0.31100621732676514419 -1.575887946077605406 -2.5148946906549256575 3.5357766153143586263e-019 
4.8749999999999626965 0.31100621724398569423 -1.5758879449599760836 -2.5148946906549265456 3.2825728523086987077e-019 
4.8999999999999710454 0.31100621739523587328 -1.5758879459963825997 -2.5148946906549265456 2.328415834181401764e-019 
4.9249999999999793943 0.31100621740222239575 -1.5758879464401833737 -2.5148946906549261016 2.0464022051366535256e-019 
4.9499999999999877431 0.31100621731818411941 -1.5758879470205024997 -2.5148946906549265456 1.5177138141357254944e-019 
4.974999999999996092 0.31100621732080874215 -1.5758879482079490852 -2.5148946906549265456 1.3717470711362963961e-019 
