0.025000000000000015266 0.59373930291579768426 0.0004716536164230331063 -2.2483142168496876856 0.03878066249493299783 
0.05000000000000003747 0.57089645029951296973 0.01650486538956784377 -2.2586129279844846529 0.053362072740429519757 
0.075000000000000052736 0.43829983886330592391 -0.0042779342998985336877 -2.2847773594542939435 0.084357678306531874712 
0.10000000000000007494 0.40637305566590659067 -0.051615375563797250003 -2.3289442857825619626 0.099435244212823375998 
0.12500000000000008327 0.25104066327906027212 -0.41054760572792492468 -2.3578497132116975621 0.049730107401121499688 
0.15000000000000010547 0.23696255718140429858 -1.8222314394665859449 -2.3740284662221831091 0.039028659110625467388 
0.17500000000000012768 0.30517065405520554799 -2.2769950398344214193 -2.3902100202017155794 0.042316309375817547089 
0.20000000000000014988 0.25979400159164084405 -1.3936271587244317693 -2.4049278591924649895 0.024353089037016596025 
0.22500000000000017208 0.252249188733599361 -1.6556678431527385165 -2.4136912199061648643 0.025685280425723020642 
0.25000000000000016653 0.2817997433907566962 -1.2111383051117594611 -2.4263222629122425111 0.03315714395188424507 
0.27500000000000018874 0.29211596700814890237 -0.27994011484382008703 -2.4361658756871840126 0.015974047258076617267 
0.30000000000000021094 0.31258372048933191767 -0.48890058989767487541 -2.4413277303598164281 0.011441019719833028442 
0.32500000000000023315 0.31021968859571447119 -0.63237165182070154135 -2.4481259854287928945 0.021368648179508821505 
0.35000000000000025535 0.329693797691026802 -1.2567041256281163975 -2.4564997205308891637 0.019907693993542453781 
0.37500000000000027756 0.34885261389235122653 -1.8378691535235192056 -2.4629400096782783081 0.013278244653285854043 
0.40000000000000029976 0.32477449424811805079 -1.3108713456414839982 -2.4687059876525578872 0.014246338642140124811 
0.42500000000000032196 0.33119554833390157933 -1.1471305997624601236 -2.4744256729644091841 0.013146389293892389236 
0.45000000000000034417 0.32958485197785780674 -0.96691085856877678761 -2.4790416291872681143 0.011256378752584669106 
0.47500000000000036637 0.31505688285021626882 -0.89432031991022331585 -2.4833285297048988127 0.010477201300496391881 
0.50000000000000033307 0.3125741316624218169 -1.1726648884573094289 -2.4881543259847078708 0.012487455467725939312 
0.52500000000000035527 0.29702779135600076987 -1.1977974740319965452 -2.4932847625225145194 0.013319309880660547621 
0.55000000000000037748 0.28829822119514009193 -1.6464972610912698148 -2.4982393604978905266 0.010342659657193851996 
0.57500000000000039968 0.29725729294985409057 -2.1243437839655379129 -2.5014052539591395963 0.0059002737010839462553 
0.60000000000000042188 0.29405976048136195367 -1.986826619652271031 -2.5036834090870474512 0.0055852688105152295886 
0.62500000000000044409 0.3025228655585410209 -1.8735344533846798321 -2.5058192774782535039 0.0048122277851750478936 
0.65000000000000046629 0.31396848288420942108 -1.6550700714388999479 -2.5073445959978339914 0.0030487993516471177148 
0.6750000000000004885 0.31441885951914633202 -1.3403011126820667531 -2.5085610949151244675 0.0029788912844285952639 
0.7000000000000005107 0.32041819587467856856 -1.3589588649390806907 -2.5096955745996187837 0.0025231445046756725142 
0.72500000000000053291 0.31427614618011545655 -1.389342215103067657 -2.5107026628824402614 0.0027343710719684327128 
0.75000000000000055511 0.30272390740981641732 -1.4804427223187159868 -2.5117202725463338986 0.0019201043841881578009 
0.77500000000000057732 0.3058727780750387093 -1.7127531766559860316 -2.5122231862838484417 0.00077294098619262903427 
0.80000000000000059952 0.30550512649489364181 -1.7754823629730203116 -2.5125282960086239292 0.00089801657733394211688 
0.82500000000000062172 0.30438931533732727086 -1.7393198945568375535 -2.5129450836874767106 0.0010980373765581384615 
0.85000000000000064393 0.30944316525623544178 -1.6704770556444850094 -2.5133862085539315778 0.0010476378909144337236 
0.87500000000000066613 0.31127557216574219812 -1.5332658401828695993 -2.5137298970775199258 0.00062057053836065702822 
0.90000000000000068834 0.31441458756334367264 -1.4632019567296050688 -2.5139165871890329917 0.00034746385563436517569 
0.92500000000000071054 0.31683277894064193481 -1.4699765688851549328 -2.5140340644054699482 0.0002835103051606185638 
0.95000000000000073275 0.31346617679247040789 -1.5128702795639328293 -2.5141763265904892855 0.0004380239450176026954 
0.97500000000000075495 0.30964890611616946448 -1.5993656420922932604 -2.5143612421959904424 0.00039493758450245066175 
1.0000000000000006661 0.30647318230435727227 -1.6503355736358560346 -2.5144657547536279907 0.00015586688129471954877 
1.0249999999999979128 0.30664181484862601534 -1.6378357537314971459 -2.5145194615422150619 0.00014621690367575492409 
1.0499999999999951594 0.31060904281572476737 -1.5964828787410154654 -2.5145891230963361984 0.00017333459920280386139 
1.0749999999999924061 0.31262901021488281872 -1.5514640588321970682 -2.514647116507711111 0.00011600602460219625706 
1.0999999999999896527 0.31312589273708407722 -1.5450907236069082451 -2.5146900150372561988 0.00010833082083622964952 
1.1249999999999868994 0.31206676544766515091 -1.5559810571341436969 -2.5147323660312688176 9.0328625165882867509e-005 
1.149999999999984146 0.30964540269951962292 -1.5653727803753132441 -2.5147606989424331481 5.6951384223619511387e-005 
1.1749999999999813927 0.30995243860685495196 -1.5970070625644692264 -2.5147840000833863172 5.8732093367161949146e-005 
1.1999999999999786393 0.31092305433048783581 -1.6083960645367341158 -2.5148059553011785638 4.82420010155338585e-005 
1.224999999999975886 0.31086478198537720319 -1.5882644433334169864 -2.5148205324788239778 2.6550654986939870028e-005 
1.2499999999999731326 0.3115743725656029417 -1.577824917293544349 -2.5148328113116438232 3.5257062750239843865e-005 
1.2749999999999703792 0.31135474088633774414 -1.558962168148397609 -2.5148464646382509002 2.9451664673884785713e-005 
1.2999999999999676259 0.31074929422706432103 -1.5464693153496780198 -2.5148550441419583734 1.5386163395450149361e-005 
1.3249999999999648725 0.31127013466250968987 -1.5656558928830903721 -2.5148614724079405569 1.6758857142414280777e-005 
1.3499999999999621192 0.31121164370185572245 -1.5773243887160650623 -2.5148680366439335465 1.4696685204634056196e-005 
1.3749999999999593658 0.31077926703412511733 -1.5834386910738982301 -2.5148726781618688797 9.4266504017163076665e-006 
1.3999999999999566125 0.31067967957626085873 -1.5931611714721860551 -2.5148764524720781388 9.3469264739742344565e-006 
1.4249999999999538591 0.310497942886538425 -1.5869550276262178734 -2.5148801382968204443 8.2309638002365454124e-006 
1.4499999999999511058 0.31076593330635715606 -1.5810320639203574444 -2.5148827191777738399 5.1710988277114081581e-006 
1.4749999999999483524 0.31118955291076194625 -1.576983970185537709 -2.5148849070286565244 5.826860819527955979e-006 
1.4999999999999455991 0.31136389069920722417 -1.5665526052745240015 -2.5148869053947127128 3.4450145728415318626e-006 
1.5249999999999428457 0.31149189131108967477 -1.5656161740855072395 -2.5148879452473775764 2.4604261232758851769e-006 
1.5499999999999400924 0.31125785725222765432 -1.5699781443153919547 -2.5148891858017274892 3.5091855823468432695e-006 
1.574999999999937339 0.31091308981297915981 -1.5735572871030394371 -2.514890409152801265 2.4159205685624528454e-006 
1.5999999999999345857 0.31072969276420703277 -1.5783508551290497124 -2.5148912064435848812 1.559512668245292334e-006 
1.6249999999999318323 0.31059721839146559041 -1.57863331094846715 -2.5148917716568184311 1.3456398077701290914e-006 
1.649999999999929079 0.31084019796245093703 -1.5792147726934091523 -2.5148922532287567577 1.0806605231446369453e-006 
1.6749999999999263256 0.31114595512992426762 -1.5808303384576043449 -2.5148926908644209099 1.0763034944263154326e-006 
1.6999999999999235722 0.31112399796553391607 -1.5785260758937611492 -2.5148931142363655233 9.8112013147166700003e-007 
1.7249999999999208189 0.31110272745575173747 -1.5761346377277587472 -2.5148934279794352697 5.5266409434471202389e-007 
1.7499999999999180655 0.31104364943812246036 -1.5737572416699001643 -2.5148935996842549656 4.0263790954622200351e-007 
1.7749999999999153122 0.3109901757662992261 -1.5727370149889003947 -2.5148938029253673498 5.7606022584039115704e-007 
1.7999999999999125588 0.31109873331963006082 -1.5741281293885094339 -2.5148940025145187782 3.5779871288891864786e-007 
1.8249999999999098055 0.31104384709951177213 -1.57375167439717778 -2.5148941050045445778 2.062408047663232316e-007 
1.8499999999999070521 0.3109079840688018237 -1.5748025219141501552 -2.5148941969845388655 2.5677219712935253672e-007 
1.8749999999999042988 0.31092662969934409256 -1.5777334547304691093 -2.5148942988827300837 2.3289620305471019386e-007 
1.8999999999999015454 0.31094077881100901095 -1.5776742617485361997 -2.5148943844089011179 1.8327077919840499348e-007 
1.9249999999998987921 0.31098772058541779284 -1.5770664812263901489 -2.514894439459872455 9.6274473705995503832e-008 
1.9499999999998960387 0.3110749285257132235 -1.5769531580806492865 -2.5148944711141956176 7.3154818860893090131e-008 
1.9749999999998932854 0.31107310386447412087 -1.5757276418162531328 -2.5148945061495981967 1.0024506790940976391e-007 
1.999999999999890532 0.31104285036259565755 -1.5753348187700200178 -2.5148945488477094656 1.057921012113187535e-007 
2.0249999999998880007 0.31099445191307517611 -1.5755963512875319488 -2.5148945834091605001 5.8161004655043878841e-008 
2.0499999999998852473 0.31095391012738454739 -1.5754445047871648011 -2.5148945977519292505 2.3133334775692699089e-008 
2.074999999999882494 0.31098565069766370694 -1.5755755530712294288 -2.5148946087057892917 3.3459716221214213503e-008 
2.0999999999998797406 0.31100674780065379332 -1.5756098623303056439 -2.5148946242712248988 4.1359391861927792208e-008 
2.1249999999998769873 0.31100925981770438655 -1.5754979810212190738 -2.5148946397640790096 3.3876916614474432612e-008 
2.1499999999998742339 0.31102443093473469693 -1.5757396115005941617 -2.5148946502083457943 1.7854387823123069843e-008 
2.1749999999998714806 0.31101865720547194893 -1.5760591496947435886 -2.5148946563400054188 1.3971438237150655517e-008 
2.1999999999998687272 0.31101494414730673777 -1.5763675384075432895 -2.5148946616923444353 1.3353291236523134947e-008 
2.2249999999998659739 0.31100208646877808283 -1.5764823387360062945 -2.5148946669681473409 1.2552563735265286869e-008 
2.2499999999998632205 0.31098031398427594674 -1.5762201949646312826 -2.514894671649311686 9.8336547203024314885e-009 
2.2749999999998604672 0.31099982173301826682 -1.575957500344190354 -2.5148946751692085044 8.475819261538569392e-009 
2.2999999999998577138 0.31101499674017074604 -1.5757560322263333141 -2.5148946783477508227 6.934312476520921459e-009 
2.3249999999998549605 0.31100550545346905551 -1.5755227897609633825 -2.5148946805515639547 4.0018820911304265171e-009 
2.3499999999998522071 0.31101112427303001517 -1.5754280994588083509 -2.5148946820049036255 3.5652834046511114371e-009 
2.3749999999998494538 0.31101120770946538707 -1.5755450161567208234 -2.5148946834974745812 3.8584564531535479553e-009 
2.3999999999998467004 0.31100698365617629459 -1.5758948377173691568 -2.5148946849873947684 3.3821670367240257986e-009 
2.4249999999998439471 0.31101214828394496692 -1.5761625976259854287 -2.5148946861603498348 2.4138617955165846423e-009 
2.4499999999998411937 0.31100476590358711038 -1.5760953984109451476 -2.5148946869858690434 1.6810509427031509172e-009 
2.4749999999998384403 0.3109979222874183491 -1.5760791900019834877 -2.5148946875721600591 1.345974534355749443e-009 
2.499999999999835687 0.31100226839754913088 -1.5760945521130973468 -2.514894688036007242 1.0097953557333047694e-009 
2.5249999999998329336 0.31100441265756811893 -1.5758726990906239962 -2.5148946885276171059 1.3949116583024031259e-009 
2.5499999999998301803 0.31100805994841301816 -1.5757310881313999484 -2.5148946890310850399 9.8177228169877837868e-010 
2.5749999999998274269 0.31100990661215460742 -1.5757473360907110482 -2.5148946893102319677 5.3551584680689490844e-010 
2.5999999999998246736 0.31100776714604755346 -1.5757703794333370872 -2.5148946895308523786 5.1577552555804971967e-010 
2.6249999999998219202 0.31100821403797268561 -1.575864784108825134 -2.5148946897148545254 4.2844391095923256983e-010 
2.6499999999998191669 0.3110059941000667405 -1.5759180376793899825 -2.5148946898902910796 4.369152947644960509e-010 
2.6749999999998164135 0.31100349280886974146 -1.5759139425142194568 -2.5148946900411335292 2.9677584035871401773e-010 
2.6999999999998136602 0.3110050839316291782 -1.5759525553026625388 -2.5148946901526634257 2.7618930741405683505e-010 
2.7249999999998109068 0.31100573367059702878 -1.5759400414313322614 -2.5148946902544837556 2.1037754430661706594e-010 
2.7499999999998081535 0.31100696842958430732 -1.5758938564258637705 -2.5148946903229862926 1.4393191227628905806e-010 
2.7749999999998054001 0.31100803014853456441 -1.5758748682698937582 -2.5148946903747777526 1.1496206852431800962e-010 
2.7999999999998026468 0.31100662231867204355 -1.5758615934077848664 -2.5148946904207756248 1.1858563702100558871e-010 
2.8249999999997998934 0.31100620969030356999 -1.5758770312291447979 -2.514894690473065797 1.3092016822942621246e-010 
2.84999999999979714 0.31100508516060582087 -1.5758887795656231212 -2.5148946905127478324 6.4386000176186654199e-011 
2.8749999999997943867 0.31100399978591147798 -1.5758867632642001855 -2.5148946905327802526 4.3478507420362465229e-011 
2.8999999999997916333 0.31100637255243551715 -1.5758972904719967811 -2.5148946905517268746 4.8878893065630536618e-011 
2.92499999999978888 0.31100767424293174201 -1.5758895834924566692 -2.5148946905701694554 4.5143605340773931861e-011 
2.9499999999997861266 0.31100674137590272883 -1.575880051408524718 -2.5148946905891946813 4.5012170897910093605e-011 
2.9749999999997833733 0.31100653211163664658 -1.5758774134474311523 -2.5148946906025151371 2.0611538505620327121e-011 
2.9999999999997806199 0.31100630454260291824 -1.5758708045474483228 -2.5148946906092013442 1.72752506863791197e-011 
3.0249999999997778666 0.31100641842889070743 -1.575889875803247353 -2.5148946906175226879 2.1890250360664547772e-011 
3.0499999999997751132 0.31100660276588426578 -1.5759064137919840398 -2.5148946906253284439 1.6934478415891005763e-011 
3.0749999999997723599 0.31100558366878511274 -1.5759010203617036527 -2.5148946906309856963 1.0534629638619655712e-011 
3.0999999999997696065 0.31100507145341060866 -1.5759034000045888391 -2.5148946906345961416 8.602595074234417789e-012 
3.1249999999997668532 0.31100558270538941619 -1.5758955317026370757 -2.5148946906382900757 9.6291623840325072415e-012 
3.1499999999997640998 0.31100620941717688206 -1.5758769056700363542 -2.5148946906417197766 7.0112904547252049924e-012 
3.1749999999997613465 0.3110069273020663605 -1.5758723829580194575 -2.5148946906442923854 5.7129127049477332575e-012 
3.1999999999997585931 0.31100714444140542536 -1.575871802446637826 -2.5148946906460869499 3.2777207839809753028e-012 
3.2249999999997558398 0.31100680255696439014 -1.5758772991438880773 -2.5148946906472748886 3.2964304436712098087e-012 
3.2499999999997530864 0.31100625266094339416 -1.5758919730604366016 -2.5148946906489020314 4.1931753748993600964e-012 
3.274999999999750333 0.31100561376426033577 -1.5758994060020212746 -2.5148946906502458454 2.4150827906848204861e-012 
3.2999999999997475797 0.31100557539353651526 -1.5759001717300882284 -2.5148946906510043497 1.5551663143882342428e-012 
3.3249999999997448263 0.3110059644674249002 -1.5758976178245203137 -2.5148946906516069788 1.5463258512656644539e-012 
3.349999999999742073 0.31100623041570479854 -1.5758894258322160287 -2.5148946906522140488 1.3569401582157446033e-012 
3.3749999999997393196 0.31100651105080706627 -1.5758820123149916981 -2.5148946906527513967 1.2978031243904496473e-012 
3.3999999999997365663 0.31100650173590038694 -1.5758795025112410926 -2.5148946906531826073 8.6071479145460905575e-013 
3.4249999999997338129 0.31100624742008220469 -1.5758816385388625392 -2.5148946906534663803 5.7889458649748354554e-013 
3.4499999999997310596 0.31100621610491568925 -1.5758862898961623067 -2.5148946906537159585 6.724060167621080645e-013 
3.4749999999997283062 0.31100620001706341666 -1.5758892232907519837 -2.5148946906539779711 5.7971510498293911631e-013 
3.4999999999997255529 0.31100617588102263955 -1.5758908619780898075 -2.5148946906541431723 2.6462082815937354565e-013 
3.5249999999997227995 0.3110062241979827391 -1.5758916971786125494 -2.514894690654251086 3.026815691243813955e-013 
3.5499999999997200462 0.31100614163966489034 -1.5758903547199092365 -2.5148946906543865332 3.5332761257855192152e-013 
3.5749999999997172928 0.3110061038761708363 -1.5758886453389284732 -2.514894690654505105 2.2192881550162111173e-013 
3.5999999999997145395 0.31100621068723022233 -1.5758869307918486058 -2.5148946906545788238 1.5839395059820506649e-013 
3.6249999999997117861 0.31100629661623141464 -1.5758856089365917974 -2.5148946906546374436 1.2506714787640420136e-013 
3.6499999999997090327 0.31100634234672164258 -1.5758866232299588717 -2.5148946906546822966 1.0132679358353144198e-013 
3.6749999999997062794 0.31100627948162717917 -1.5758875988761440468 -2.5148946906547249291 1.2121898508878293718e-013 
3.699999999999703526 0.3110061464526196473 -1.5758876599679627617 -2.514894690654773779 1.0255833654451155881e-013 
3.7249999999997007727 0.3110061094633536638 -1.5758886913236964666 -2.5148946906548026448 4.5597639599684024923e-014 
3.7499999999996980193 0.31100616134152198056 -1.5758889438706240593 -2.5148946906548181879 4.5589714841544399275e-014 
3.774999999999695266 0.31100624933600051758 -1.5758883043015154968 -2.5148946906548377278 4.3536285119212776536e-014 
3.7999999999996925126 0.3110062930226444311 -1.5758882461077781123 -2.5148946906548528268 3.6705930023085512332e-014 
3.8249999999996897593 0.31100624856200359547 -1.5758877252262408764 -2.51489469065486837 3.4491189525572848274e-014 
3.8499999999996870059 0.31100621307724585218 -1.575887375648008959 -2.5148946906548790281 2.5102709644841172798e-014 
3.8749999999996842526 0.31100620088444969058 -1.5758877746033683742 -2.5148946906548887981 1.6300282836710841461e-014 
3.8999999999996814992 0.31100619222222042337 -1.5758877920852503163 -2.5148946906548945712 1.2597772628886003677e-014 
3.9249999999996787459 0.3110062159878849708 -1.5758878645140526054 -2.5148946906549003444 1.3403083454602370941e-014 
3.9499999999996759925 0.31100622407779698886 -1.5758881036817842247 -2.5148946906549043412 1.1618882078546812108e-014 
3.9749999999996732392 0.31100620970796377662 -1.5758881034048215497 -2.5148946906549087821 1.1305805631971452344e-014 
3.9999999999996704858 0.31100621201168149321 -1.5758882140506953462 -2.5148946906549136671 6.5644995659699945655e-015 
4.0249999999996788347 0.31100621199218492219 -1.5758881358766860803 -2.5148946906549141111 3.0186478030413958851e-015 
4.0499999999996871836 0.31100622066435745783 -1.5758878368895956612 -2.5148946906549154434 4.8923472234413871782e-015 
4.0749999999996955324 0.31100623837261276439 -1.5758877080502329271 -2.514894690654918108 5.0017733254474933925e-015 
4.0999999999997038813 0.31100623040622465965 -1.5758877255296226405 -2.5148946906549194402 3.468612500136243887e-015 
4.1249999999997122302 0.31100621634894382028 -1.5758879215723178291 -2.5148946906549216607 2.5474705715603564706e-015 
4.1499999999997205791 0.3110062092391458477 -1.5758880388829294983 -2.5148946906549225488 1.5157624437309728285e-015 
4.1749999999997289279 0.31100620137098555773 -1.5758880058072759489 -2.5148946906549225488 1.5548009681700367243e-015 
4.1999999999997372768 0.31100620815780738448 -1.5758880639160683934 -2.514894690654923437 1.7096486652437401981e-015 
4.2249999999997456257 0.31100622172736885895 -1.5758879905007940891 -2.514894690654923437 1.396612606664096511e-015 
4.2499999999997539746 0.31100622582236159275 -1.5758878715168473938 -2.5148946906549243252 6.1533986867060300374e-016 
4.2749999999997623235 0.31100622284485318625 -1.57588793454147158 -2.5148946906549247693 8.5481741419606941232e-016 
4.2999999999997706723 0.31100621561665203751 -1.5758879422567249051 -2.5148946906549247693 7.4996450856972688221e-016 
4.3249999999997790212 0.31100621414507512164 -1.5758879283528228754 -2.5148946906549247693 3.6705099586500564185e-016 
4.3499999999997873701 0.31100621832321329041 -1.5758879747235805535 -2.5148946906549247693 3.5733695620925391457e-016 
4.374999999999795719 0.31100621861566940529 -1.5758879483744698824 -2.5148946906549256575 4.2954127230933522021e-016 
4.3999999999998040678 0.31100621901840247441 -1.5758879242108077001 -2.5148946906549256575 3.5671686760899974946e-016 
4.4249999999998124167 0.31100621787051729861 -1.5758879273753758632 -2.5148946906549261016 1.9891345652594295866e-016 
4.4499999999998207656 0.31100621379623849538 -1.5758879163320425043 -2.5148946906549261016 1.2021182947987368412e-016 
4.4749999999998291145 0.31100621496689390133 -1.575887948461185406 -2.5148946906549261016 1.275849389380685001e-016 
4.4999999999998374633 0.31100621777922193845 -1.5758879773546097258 -2.5148946906549265456 1.8993603915731026768e-016 
4.5249999999998458122 0.31100621840241332583 -1.5758879711184357042 -2.5148946906549261016 1.253495750400587593e-016 
4.5499999999998541611 0.31100621892790858425 -1.5758879739900728545 -2.5148946906549261016 4.9310922595063304874e-017 
4.57499999999986251 0.31100621709446529817 -1.5758879637281089092 -2.5148946906549256575 5.4865304203891644183e-017 
4.5999999999998708589 0.31100621614378626267 -1.5758879342112463995 -2.5148946906549256575 6.372835392383658423e-017 
4.6249999999998792077 0.31100621810249429178 -1.5758879171293243004 -2.5148946906549261016 5.2246002028369218992e-017 
4.6499999999998875566 0.31100621829352032011 -1.5758879174539806023 -2.5148946906549256575 4.110851487843022986e-017 
4.6749999999998959055 0.31100621769185249343 -1.5758879295744452342 -2.5148946906549256575 2.6809683810754217933e-017 
4.6999999999999042544 0.31100621750291601586 -1.57588794503641072 -2.5148946906549265456 2.0113390321297529162e-017 
4.7249999999999126032 0.31100621650338811097 -1.5758879633008153753 -2.5148946906549265456 2.2976222426751915394e-017 
4.7499999999999209521 0.31100621637148306853 -1.5758879744443681226 -2.5148946906549256575 1.9326299284683973126e-017 
4.774999999999929301 0.3110062168689363693 -1.5758879593956318654 -2.5148946906549261016 1.0445927074848017789e-017 
4.7999999999999376499 0.31100621719213683569 -1.5758879424724860918 -2.5148946906549261016 1.2322101298762013076e-017 
4.8249999999999459988 0.31100621790658400379 -1.5758879433814381166 -2.5148946906549256575 9.5740309712306452491e-018 
4.8499999999999543476 0.31100621809494594094 -1.5758879406832635439 -2.5148946906549261016 6.7116149231593296754e-018 
4.8749999999999626965 0.31100621779971154846 -1.5758879375922822952 -2.5148946906549252134 6.7262953983800976626e-018 
4.8999999999999710454 0.31100621750284107581 -1.5758879429854821819 -2.5148946906549261016 4.2706051084693976096e-018 
4.9249999999999793943 0.31100621699740194082 -1.575887944903795912 -2.5148946906549261016 4.0886130989133804938e-018 
4.9499999999999877431 0.31100621697228342244 -1.575887948245661363 -2.5148946906549261016 3.6347326525714136191e-018 
4.974999999999996092 0.31100621718630422352 -1.5758879515343595656 -2.5148946906549265456 3.004123894977556297e-018 
