0.025000000000000015266 0.59248799271109298115 0.00046326422897426805525 -2.249751851741969233 0.037930111388725221144 
0.05000000000000003747 0.57048694648646025573 0.016184122773995016087 -2.2608383803997469386 0.051033051301111589937 
0.075000000000000052736 0.44184776521849278286 -0.0027453081612563989822 -2.2885440425535072961 0.079966803924441220985 
0.10000000000000007494 0.41239565974721037467 -0.050164020330340286513 -2.3353720331050800141 0.095236166738078775751 
0.12500000000000008327 0.261172151389323981 -0.40800041009831156114 -2.3661684784127565706 0.04681181072914530894 
0.15000000000000010547 0.24348483123422676178 -1.7338829051871023079 -2.3825646102147186589 0.034443448832742681875 
0.17500000000000012768 0.3073674324313726558 -2.1487969016130183952 -2.3987419027604750532 0.038468478419586428496 
0.20000000000000014988 0.27016737194418077861 -1.3367189431446422354 -2.4138063247983359005 0.023145101825336630158 
0.22500000000000017208 0.26743886337051814284 -1.5393467016650190793 -2.4230104400229066641 0.023202559043602147271 
0.25000000000000016653 0.2951945789654619734 -1.1459081480987389767 -2.4354567534518127836 0.029110184250642216069 
0.27500000000000018874 0.30267111349923764285 -0.39821921584968050789 -2.4453319116044682779 0.015526537556663257134 
0.30000000000000021094 0.32368050398946573987 -0.59451992054882829564 -2.4520665959938483525 0.016339318238848297288 
0.32500000000000023315 0.33305766029511557624 -0.73742886687030240189 -2.4616404786809371608 0.024192544144363347519 
0.35000000000000025535 0.35538988375982250023 -1.2743445705885272368 -2.4708757442728552789 0.016086769351175256304 
0.37500000000000027756 0.34997716130703271364 -1.7848910355157348029 -2.4762205845029647833 0.010125011575709885747 
0.40000000000000029976 0.29727458233625458917 -1.4695447574775402089 -2.4816900869911004968 0.013388790609311237989 
0.42500000000000032196 0.28917143719858906525 -1.4432420917737469601 -2.4879991315298255472 0.014093714348110452164 
0.45000000000000034417 0.294257870765884888 -1.4120261901057555853 -2.4938249604454156838 0.012393984422042659752 
0.47500000000000036637 0.29391364907643807713 -1.3431031391668524222 -2.4987802243812566871 0.009004139400196481402 
0.50000000000000033307 0.31575836189208938976 -1.6546502279784360834 -2.5020825462159734798 0.0057362702206404667452 
0.52500000000000035527 0.31603435438105703659 -1.8317815801732537651 -2.5046025394065920544 0.0060895705843059533269 
0.55000000000000037748 0.30097164217440725009 -1.9562251791387998967 -2.5068880660097305757 0.0036251163846109644463 
0.57500000000000039968 0.29922783066486968728 -1.891582647551869556 -2.5081437059220084151 0.002387081620323937281 
0.60000000000000042188 0.29959390029951243895 -1.439074799420615669 -2.5093691711428842694 0.0030624714574498455681 
0.62500000000000044409 0.31836573314900257214 -1.2923635294767930048 -2.5107151626498658281 0.0026731579577607845338 
0.65000000000000046629 0.33231433845982566444 -1.3731191002287324032 -2.5115627969870382152 0.0012787647338374727186 
0.6750000000000004885 0.31625774534133072047 -1.3881162820555461579 -2.5121626134642855988 0.0014579170158006368209 
0.7000000000000005107 0.3007640823985695544 -1.5963907069642924164 -2.5127896107053127039 0.00118048017507143806 
0.72500000000000053291 0.29779654358315071905 -1.8068871108452873031 -2.5132074572000209223 0.00078115837121945611195 
0.75000000000000055511 0.30262767361845749337 -1.8588347499150810194 -2.5134817303186318682 0.00046691973030320006819 
0.77500000000000057732 0.31158049473399507256 -1.7413611037420722027 -2.5137465936827201318 0.00072307887139337026668 
0.80000000000000059952 0.31403320791135308498 -1.4832158005743241169 -2.5140449734607916987 0.00052786193976736377458 
0.82500000000000062172 0.31512000452377864068 -1.422726006721637404 -2.5142218132070448533 0.00030861636210631710007 
0.85000000000000064393 0.31582880470006285956 -1.5133456224735046813 -2.514329616778897325 0.00018162192992157515613 
0.87500000000000066613 0.31092251591795327936 -1.5126810424986663062 -2.5144283554083752819 0.00026373857600008710584 
0.90000000000000068834 0.30889100803604652157 -1.5504176490356471607 -2.5145424895499104423 0.00022053234098020675245 
0.92500000000000071054 0.30949501968282672193 -1.6255228058241333322 -2.5146132645718175525 0.00010888888560202082635 
0.95000000000000073275 0.30979627020397459969 -1.6295398030491161645 -2.5146608542954074217 0.00011379174389623807485 
0.97500000000000075495 0.31200895305869874585 -1.6066941397277099135 -2.5147167125105021057 0.00011806929823827944743 
1.0000000000000006661 0.31060779130938870329 -1.5718416309073193204 -2.5147546091954837699 5.1525946051326306961e-005 
1.0249999999999979128 0.30893413108965933622 -1.5551882856393293153 -2.5147714318097524888 4.504654087422490632e-005 
1.0499999999999951594 0.31163063459975337555 -1.5741068401111297792 -2.5148010669686171603 6.6727565908094284091e-005 
1.0749999999999924061 0.31220178024495925939 -1.5794705187284576731 -2.5148225941141753026 3.5253800729957948429e-005 
1.0999999999999896527 0.31119538698319731962 -1.5816434524034741482 -2.514836619634463144 2.7644086443265070705e-005 
1.1249999999999868994 0.31133114797458677492 -1.5830424125736652918 -2.5148466135773599461 1.9434022981649919082e-005 
1.149999999999984146 0.31069026423777895696 -1.5687300418206959751 -2.5148568167087730352 2.2637958215330663528e-005 
1.1749999999999813927 0.31067002451694497589 -1.5694489071158366222 -2.514864660568759902 1.3659578770592006904e-005 
1.1999999999999786393 0.31104981099127310129 -1.5695800615615382867 -2.5148702035628440754 1.1942248299653885466e-005 
1.224999999999975886 0.31087609243969754891 -1.5608198295548243451 -2.5148752779563419146 1.0161157835354389957e-005 
1.2499999999999731326 0.31129689612040928326 -1.5777724118195344261 -2.5148797433612335439 8.9767418330654455611e-006 
1.2749999999999703792 0.31118885140927965427 -1.5931492746665920635 -2.5148826455304806871 4.6218284527230720353e-006 
1.2999999999999676259 0.31054040811945643474 -1.5851234579916904099 -2.5148845225685030336 4.3650076084951095978e-006 
1.3249999999999648725 0.31071177456558191077 -1.577302911975787314 -2.5148867719458514181 4.986542586360996687e-006 
1.3499999999999621192 0.31111331528595614904 -1.5719793266269435073 -2.5148886237330057014 3.0256723592992943224e-006 
1.3749999999999593658 0.31135810901758864677 -1.5721374274682169414 -2.5148895423349038047 1.8638795454956013883e-006 
1.3999999999999566125 0.31118053704456644093 -1.5753350474266711867 -2.5148906909182771052 2.9015241343274305038e-006 
1.4249999999999538591 0.31072891139959157858 -1.5726070930177877827 -2.5148917197326881023 1.3128481180419654092e-006 
1.4499999999999511058 0.310904676325832241 -1.5756498135487622125 -2.514892054229818541 7.4764514031324697222e-007 
1.4749999999999483524 0.31115888537737679265 -1.5791458969895053599 -2.5148925384366647151 1.26213607247328849e-006 
1.4999999999999455991 0.31106130547682597776 -1.5745757988762123514 -2.5148930792264878598 1.0742284001142288756e-006 
1.5249999999999428457 0.31104531327185619416 -1.5737169331823439578 -2.514893474603401291 6.0758618245536721233e-007 
1.5499999999999400924 0.31091106909395627156 -1.5753815191135773777 -2.5148936531264367567 3.5172103142312409553e-007 
1.574999999999937339 0.31087064598610125721 -1.5765828074254657487 -2.5148938339882391801 4.2574549204812376961e-007 
1.5999999999999345857 0.31107932709483177014 -1.5789278094748908643 -2.5148940230417884401 3.7163483238561683633e-007 
1.6249999999999318323 0.31104409969303481454 -1.5775485873916301749 -2.5148941635954988882 2.7487269584253828051e-007 
1.649999999999929079 0.31097137835779076198 -1.5758207248971596304 -2.5148942702115788528 2.1169184469995060317e-007 
1.6749999999999263256 0.311043270015624429 -1.5758667416197837952 -2.51489435881039336 1.7645950050323251044e-007 
1.6999999999999235722 0.31100597023756404447 -1.5744568306494810539 -2.5148944269942572483 1.1709779827403420597e-007 
1.7249999999999208189 0.31099326178334091297 -1.5742150981757170314 -2.5148944697549731053 9.1774628402662760804e-008 
1.7499999999999180655 0.31102927351608061768 -1.5749682173243084726 -2.5148945131232949279 1.0222461165888674208e-007 
1.7749999999999153122 0.31100999881827701143 -1.5756969345148459372 -2.5148945572441183671 8.0883054200094561095e-008 
1.7999999999999125588 0.31100855557217627068 -1.5771358297401483206 -2.5148945832403231115 4.0431206077474463449e-008 
1.8249999999999098055 0.31098271341604616369 -1.576865950595707222 -2.514894601390875728 4.6443062218470907683e-008 
1.8499999999999070521 0.31097165542024540752 -1.5759377691412219669 -2.5148946216722523062 3.8996646690095822355e-008 
1.8749999999999042988 0.31102590598673107714 -1.5760770449109016145 -2.5148946352730940923 2.1932398547045824969e-008 
1.8999999999999015454 0.31103610412133697594 -1.5756706831659592627 -2.5148946447805928806 2.1771244582557820208e-008 
1.9249999999998987921 0.31101685014623275949 -1.5754624894075595076 -2.5148946539584757787 2.1056541576962229829e-008 
1.9499999999998960387 0.3110002087328967435 -1.5759297471647046862 -2.5148946636599580629 1.8286784815482585488e-008 
1.9749999999998932854 0.31097708520228567464 -1.5760571703158998691 -2.5148946688104274472 6.0860402526285428786e-009 
1.999999999999890532 0.31099309278089154462 -1.5761183559187019743 -2.5148946716096554077 7.9535291292606407269e-009 
2.0249999999998880007 0.31101033415297490992 -1.5758662491773640646 -2.5148946757025436582 9.7007949039784635737e-009 
2.0499999999998852473 0.31101363624500233396 -1.5753938034937544632 -2.5148946793995428095 5.8231918198646334127e-009 
2.074999999999882494 0.31103341979145260332 -1.575506695810168889 -2.5148946814636605751 4.0853902056561503461e-009 
2.0999999999998797406 0.3110209259717722774 -1.5758660498315444354 -2.514894683274243814 4.0730692708458117524e-009 
2.1249999999998769873 0.31099174153977299229 -1.576148245422311911 -2.5148946848412503385 2.7403737110250392192e-009 
2.1499999999998742339 0.31099111210281460416 -1.5762923251790716961 -2.5148946858991947373 2.0524290357271261452e-009 
2.1749999999998714806 0.31099383606141101088 -1.5761166522690552849 -2.5148946867964792062 1.9201146769716091246e-009 
2.1999999999998687272 0.31100461845841759212 -1.5759361579722064306 -2.5148946876081845758 1.8723064541910472914e-009 
2.2249999999998659739 0.31101794283041633848 -1.5758144223861281219 -2.514894688350479246 1.177308519442314381e-009 
2.2499999999998632205 0.31100937563633695992 -1.5756346805918641785 -2.5148946887690253327 8.2042128343190304438e-010 
2.2749999999998604672 0.3110039980019269068 -1.5756672537300469017 -2.514894689094370861 6.3240171373772134782e-010 
2.2999999999998577138 0.31100789396111067076 -1.5758355482550239213 -2.5148946893837753613 7.4958469257886223872e-010 
2.3249999999998549605 0.31100798888542541265 -1.5759185348440181151 -2.5148946897115109778 5.4354753373932176969e-010 
2.3499999999998522071 0.31100965289646936851 -1.5759839131237194376 -2.5148946898692514651 2.5804925617971350576e-010 
2.3749999999998494538 0.31100673164045156138 -1.5759896258926120449 -2.5148946900208009048 4.3020727933890090484e-010 
2.3999999999998467004 0.31100104966651226368 -1.5759411927734525705 -2.5148946901809279275 2.3211399964605535711e-010 
2.4249999999998439471 0.31100187092606568218 -1.5759126095312721016 -2.5148946902527957725 1.1854297969070884528e-010 
2.4499999999998411937 0.31100465653056452719 -1.5758607325441904567 -2.514894690319717796 1.96139131756049778e-010 
2.4749999999998384403 0.3110085688220146638 -1.5758461154799592308 -2.5148946904077651432 1.6683734541650208674e-010 
2.499999999999835687 0.31101026240467238848 -1.5758724767527154675 -2.5148946904575009142 6.7439554386655938374e-011 
2.5249999999998329336 0.31100682637620968851 -1.5758627506281031039 -2.5148946904903555222 8.1070612497000138081e-011 
2.5499999999998301803 0.31100537040359788055 -1.5758789916393010078 -2.5148946905250428863 7.3157594458158503412e-011 
2.5749999999998274269 0.31100539602891719149 -1.5759016648295767205 -2.5148946905536093688 5.2077062686231788917e-011 
2.5999999999998246736 0.31100529399452481183 -1.5758838150693930125 -2.5148946905716775824 3.0304833750816280217e-011 
2.6249999999998219202 0.31100706176952608306 -1.5758897725785454558 -2.5148946905868352353 3.8692357612796769996e-011 
2.6499999999998191669 0.3110068580389384052 -1.5759018876812285193 -2.5148946906028428749 3.0590792286177394807e-011 
2.6749999999998164135 0.31100554862273460666 -1.5758981708519557152 -2.5148946906145641655 2.2670038551363909933e-011 
2.6999999999998136602 0.31100597601665425085 -1.5759002898072309584 -2.5148946906220315256 8.4399757739414916795e-012 
2.7249999999998109068 0.31100581662542431394 -1.5758865166534494762 -2.5148946906260389866 1.4630805174660596625e-011 
2.7499999999998081535 0.3110060825686859487 -1.5758739858820882684 -2.5148946906337203977 1.5528527317812384454e-011 
2.7749999999998054001 0.31100707005593852816 -1.5758765549261082306 -2.5148946906384970212 6.421942467765136477e-012 
2.7999999999998026468 0.31100657501660272652 -1.5758796834305506263 -2.5148946906410252211 5.8133415264325391103e-012 
2.8249999999997998934 0.31100599825499358753 -1.575893781789263759 -2.5148946906440343696 7.1350688485838820911e-012 
2.84999999999979714 0.31100592992090569933 -1.5759001608459315413 -2.5148946906464288986 3.3259760752589112544e-012 
2.8749999999997943867 0.3110057733458322371 -1.5758916974498631269 -2.514894690647680342 2.9470371991575075907e-012 
2.8999999999997916333 0.31100621932020172666 -1.5758892642207773527 -2.5148946906492972708 3.7313282269868028114e-012 
2.92499999999978888 0.31100661633635090508 -1.5758827710843075209 -2.514894690650632203 2.2764437162910613043e-012 
2.9499999999997861266 0.31100652585327914768 -1.5758781970604696099 -2.5148946906514191291 1.3681178408204445389e-012 
2.9749999999997833733 0.31100635837402329509 -1.5758868053672148157 -2.514894690652015985 1.3586838019152248238e-012 
2.9999999999997806199 0.31100599004386270119 -1.5758918888074808784 -2.5148946906526861156 1.442754264177354386e-012 
3.0249999999997778666 0.31100586462537721522 -1.575892411399860471 -2.5148946906531390866 6.9526729554997598964e-013 
3.0499999999997751132 0.3110060996878559747 -1.5758920186318343681 -2.5148946906534401791 6.761715367030265397e-013 
3.0749999999997723599 0.31100626742380277356 -1.5758886401386349441 -2.5148946906537559265 6.9230596364554215197e-013 
3.0999999999997696065 0.31100641220212049687 -1.5758868716321143832 -2.514894690654042364 5.5727420091228975134e-013 
3.1249999999997668532 0.31100633283157758102 -1.5758844331671553185 -2.514894690654216447 2.3510178938710371716e-013 
3.1499999999997640998 0.31100613883805128257 -1.5758834146916935737 -2.5148946906543079294 2.2451889981946415351e-013 
3.1749999999997613465 0.31100622654469234352 -1.5758877931456405364 -2.514894690654440268 3.2894745220955665217e-013 
3.1999999999997585931 0.3110062732772854166 -1.5758900609947890104 -2.514894690654565057 2.1434908223556370285e-013 
3.2249999999997558398 0.31100619137663393365 -1.5758894630009878668 -2.5148946906546321145 1.0757370202620417201e-013 
3.2499999999997530864 0.31100618162596682659 -1.5758895740177862876 -2.5148946906546858493 1.2668528552844363037e-013 
3.274999999999750333 0.31100614939353843358 -1.5758885216695941445 -2.5148946906547364755 9.4158545030461519619e-014 
3.2999999999997475797 0.31100619339361940119 -1.5758873731874847302 -2.5148946906547697822 6.8763473430259859944e-014 
3.3249999999997448263 0.31100628097021648655 -1.5758870402025499935 -2.5148946906548013125 6.4622490968696679955e-014 
3.349999999999742073 0.31100623608526756225 -1.5758869070155991921 -2.5148946906548297342 5.8732096246422937697e-014 
3.3749999999997393196 0.31100621014620571936 -1.5758878410906949075 -2.5148946906548523827 4.0299426701117388311e-014 
3.3999999999997365663 0.31100622802472432937 -1.5758885829276181312 -2.5148946906548643732 1.7593437435591369029e-014 
3.4249999999997338129 0.31100620359306441198 -1.5758883480316421277 -2.5148946906548741431 2.8629242668406140525e-014 
3.4499999999997310596 0.31100620874624468337 -1.5758880434984026131 -2.5148946906548870217 2.2942488573277562101e-014 
3.4749999999997283062 0.31100622657202126042 -1.5758875718262252974 -2.5148946906548954594 1.5484637061478362059e-014 
3.4999999999997255529 0.31100622646845488273 -1.5758876031284980712 -2.5148946906549007885 1.1803795864547528108e-014 
3.5249999999997227995 0.31100622246591574926 -1.5758881859542639425 -2.5148946906549061175 1.1126670720258118918e-014 
3.5499999999997200462 0.31100620384500582416 -1.5758880988343095808 -2.5148946906549096703 7.4470669710450153712e-015 
3.5749999999997172928 0.31100620849818444436 -1.575887942189555524 -2.5148946906549118907 4.8394976938426774206e-015 
3.5999999999997145395 0.31100622436934460824 -1.5758881566569966637 -2.5148946906549154434 6.4929493246471330994e-015 
3.6249999999997117861 0.31100621629802877033 -1.5758879718781639845 -2.514894690654918552 4.8499728330767157788e-015 
3.6499999999997090327 0.31100621511775583539 -1.5758877171578911103 -2.5148946906549203284 2.5992293500533845376e-015 
3.6749999999997062794 0.31100621654191740184 -1.5758877777550139854 -2.5148946906549212166 2.4265579578614538025e-015 
3.699999999999703526 0.31100621656139526561 -1.5758879498263453911 -2.5148946906549216607 2.1401752663362716666e-015 
3.7249999999997007727 0.31100622604697764073 -1.5758881247242197965 -2.5148946906549225488 1.8431771650942091447e-015 
3.7499999999996980193 0.31100622023679813655 -1.5758880274256332754 -2.5148946906549238811 1.2152105761671086398e-015 
3.774999999999695266 0.31100621270910000504 -1.575887867051113167 -2.5148946906549247693 1.0187740937809646036e-015 
3.7999999999996925126 0.3110062193601964009 -1.5758879334294830787 -2.5148946906549243252 1.1813902794704502988e-015 
3.8249999999996897593 0.31100621727535526784 -1.5758879193593466894 -2.5148946906549252134 4.3979154915589423888e-016 
3.8499999999996870059 0.31100621357654240073 -1.5758878784695626862 -2.5148946906549261016 4.5807408534905795466e-016 
3.8749999999996842526 0.3110062158768127083 -1.5758879534325211935 -2.5148946906549252134 4.6919519784750445889e-016 
3.8999999999996814992 0.31100621555990781708 -1.5758879903155453839 -2.5148946906549256575 4.8989907947193897616e-016 
3.9249999999996787459 0.31100621859230598298 -1.5758880317920049841 -2.5148946906549256575 2.0951589539060068097e-016 
3.9499999999996759925 0.31100621993572069579 -1.5758880103475947365 -2.5148946906549256575 1.9917561585319230484e-016 
3.9749999999996732392 0.31100621631398506217 -1.5758878983154804843 -2.5148946906549261016 1.7892267322504762284e-016 
3.9999999999996704858 0.31100621767037817111 -1.5758878816064498807 -2.5148946906549265456 1.3625466000576333829e-016 
4.0249999999996788347 0.31100622000440431014 -1.5758879058825800978 -2.5148946906549261016 1.1909789441900950178e-016 
4.0499999999996871836 0.31100621874357631258 -1.5758879197616355583 -2.5148946906549256575 1.057875999384619863e-016 
4.0749999999996955324 0.31100621642894471508 -1.5758879633555884503 -2.5148946906549261016 6.9196093725843275598e-017 
4.0999999999997038813 0.31100621414614432192 -1.575887979360113933 -2.5148946906549261016 4.259753844176411755e-017 
4.1249999999997122302 0.311006215349852011 -1.5758879842742121724 -2.5148946906549261016 4.4811820057867803934e-017 
4.1499999999997205791 0.31100621798810312857 -1.5758879680917208255 -2.5148946906549265456 4.8410073781471876515e-017 
4.1749999999997289279 0.31100621846333970089 -1.5758879173442563726 -2.5148946906549265456 2.8581489695306478497e-017 
4.1999999999997372768 0.31100621892105467792 -1.5758879192443253636 -2.5148946906549261016 1.497817165498283688e-017 
4.2249999999997456257 0.3110062182224370142 -1.5758879487278376619 -2.5148946906549256575 2.4558176390630304898e-017 
4.2499999999997539746 0.31100621642463688321 -1.5758879525416944478 -2.5148946906549256575 1.6160130096982564309e-017 
4.2749999999997623235 0.31100621641541920104 -1.575887956422751035 -2.5148946906549269897 8.4506293652651956937e-018 
4.2999999999997706723 0.3110062169621429784 -1.5758879516203989635 -2.5148946906549269897 8.7098178829508019545e-018 
4.3249999999997790212 0.31100621767257469186 -1.5758879420519260606 -2.5148946906549265456 1.030112158826232573e-017 
4.3499999999997873701 0.31100621826334912123 -1.5758879404538623792 -2.5148946906549265456 5.9988264743513711216e-018 
4.374999999999795719 0.31100621721592836 -1.5758879358864033016 -2.5148946906549265456 4.0419842372784917445e-018 
4.3999999999998040678 0.31100621666267702636 -1.5758879415443449723 -2.5148946906549256575 3.4525129577191752857e-018 
4.4249999999998124167 0.31100621738010258976 -1.5758879537030670015 -2.5148946906549261016 3.7570206868219670532e-018 
4.4499999999998207656 0.31100621751820800576 -1.5758879565475094608 -2.5148946906549261016 2.0710030073141373484e-018 
4.4749999999998291145 0.31100621744021667014 -1.5758879553096618586 -2.5148946906549261016 2.1264297137633613781e-018 
4.4999999999998374633 0.31100621738535794147 -1.5758879478828307086 -2.5148946906549261016 1.7880075234066045336e-018 
4.5249999999998458122 0.31100621716140397499 -1.5758879407633781256 -2.5148946906549261016 1.2751841956459538124e-018 
4.5499999999998541611 0.31100621730009714305 -1.5758879426772711696 -2.5148946906549261016 5.8136922801931439076e-019 
4.57499999999986251 0.31100621741631329087 -1.5758879427264864681 -2.5148946906549256575 9.3836293687339102748e-019 
4.5999999999998708589 0.31100621739604333849 -1.5758879419306794922 -2.5148946906549256575 9.0330170651078657769e-019 
4.6249999999998792077 0.31100621749279633299 -1.5758879468600550666 -2.5148946906549261016 3.1759981270398861993e-019 
4.6499999999998875566 0.31100621739299028068 -1.5758879505681133715 -2.5148946906549265456 4.2008980582198659709e-019 
4.6749999999998959055 0.31100621724525623346 -1.5758879503067912964 -2.5148946906549261016 3.9120647964192737345e-019 
4.6999999999999042544 0.31100621720779914048 -1.5758879480375460602 -2.5148946906549261016 2.0643345426632537411e-019 
4.7249999999999126032 0.31100621722391585955 -1.5758879457322128026 -2.5148946906549265456 1.8221338625496520999e-019 
4.7499999999999209521 0.31100621741112510765 -1.5758879459311017079 -2.5148946906549261016 2.1320183733452401576e-019 
4.774999999999929301 0.31100621748839157865 -1.5758879461476889006 -2.5148946906549261016 1.511509531227914664e-019 
4.7999999999999376499 0.31100621737091410646 -1.5758879456864010038 -2.5148946906549265456 7.6624424501254126051e-020 
4.8249999999999459988 0.31100621732903549477 -1.5758879466143498327 -2.5148946906549256575 7.6125833479959754356e-020 
4.8499999999999543476 0.31100621729817867767 -1.5758879467248343431 -2.5148946906549265456 7.9733037266552377611e-020 
4.8749999999999626965 0.31100621730585814584 -1.5758879459531385248 -2.5148946906549265456 5.7287954183619468107e-020 
4.8999999999999710454 0.31100621739046047098 -1.5758879462616577349 -2.5148946906549265456 3.8884531639414562515e-020 
4.9249999999999793943 0.31100621737727712768 -1.5758879465719757285 -2.5148946906549261016 3.3080227387100390136e-020 
4.9499999999999877431 0.31100621733648214917 -1.5758879469368936022 -2.5148946906549274338 3.5148058101450801369e-020 
4.974999999999996092 0.31100621733003741554 -1.5758879474066276316 -2.5148946906549252134 1.7966989613931082353e-020 
