0.025000000000000015266 0.59370860796824309613 0.00047144701650096362822 -2.2483497968652526033 0.038759625388661178569 
0.05000000000000003747 0.57088632437625319582 0.016496957324491426378 -2.2586685194496243234 0.053303987843540463765 
0.075000000000000052736 0.43838802918387642649 -0.0042391342214834204505 -2.2848732335790762349 0.084247497518061181809 
0.10000000000000007494 0.40652378002864708595 -0.051582173638190620402 -2.3291093381053928901 0.099329081109782807468 
0.12500000000000008327 0.25129356575037986588 -0.41050569417985949272 -2.3580628725459358286 0.049654547770179663368 
0.15000000000000010547 0.23712378098523806402 -1.8200314114308873137 -2.3742482004127301032 0.038907458053462094794 
0.17500000000000012768 0.30522063686545003458 -2.2737499809424766006 -2.3904309156291487781 0.042214759108365203233 
0.20000000000000014988 0.26005252831687281079 -1.3921702121555661336 -2.4051571304040302302 0.024317498987412089484 
0.22500000000000017208 0.25263426746500694531 -1.6525649189986215681 -2.4139304141022650541 0.025617616424657388419 
0.25000000000000016653 0.28213553700804089308 -1.2091664163235138485 -2.4265565507635193931 0.033040860376738298565 
0.27500000000000018874 0.29235302227171200418 -0.28320741274748539862 -2.4363927016034039319 0.015926541543631773934 
0.30000000000000021094 0.3127989654350564197 -0.49257689329352838392 -2.4415775852846874905 0.011549393701359158063 
0.32500000000000023315 0.31077545085755764465 -0.63675090065855233235 -2.448454967248427927 0.021553273837019409909 
0.35000000000000025535 0.33093460620639258973 -1.2593874598259091613 -2.456941342598851552 0.020122768683356526825 
0.37500000000000027756 0.35060871602756743526 -1.8368976358895776624 -2.4634467491324665289 0.013230191973828868759 
0.40000000000000029976 0.32513481252118725529 -1.3111003987673361948 -2.4691556584133165231 0.014013486178887823302 
0.42500000000000032196 0.3294767079341704985 -1.1522213918038548552 -2.4747978613458232466 0.012971752212036745389 
0.45000000000000034417 0.32785984991058908511 -0.98365440593134789715 -2.4793978741872928495 0.01123551674889264676 
0.47500000000000036637 0.31412826335384302912 -0.90885883868975470001 -2.4836944653813941564 0.010507952303757804591 
0.50000000000000033307 0.31230130640034231559 -1.1765523579000480847 -2.4885698566237510754 0.012570998416114207222 
0.52500000000000035527 0.29729509983427188091 -1.2077268410046022584 -2.4936969501109205183 0.013158878629717679631 
0.55000000000000037748 0.28840545211787393942 -1.6568126417947839357 -2.4985469741911372488 0.0099728568525552490492 
0.57500000000000039968 0.2976818329502924354 -2.1356766021100481723 -2.5016237742662323917 0.0057819997907095580653 
0.60000000000000042188 0.29419275380537185383 -1.9910686135098552008 -2.5038788229781752115 0.00553562743550123533 
0.62500000000000044409 0.302300821354787419 -1.8574148090357427421 -2.5059799796588730914 0.004662491098215991274 
0.65000000000000046629 0.31451379056449829674 -1.636651012932849536 -2.507463001689725246 0.0029961951137434956333 
0.6750000000000004885 0.31524332321402959156 -1.3348438295433704415 -2.5086792669882589379 0.0029747856664800792145 
0.7000000000000005107 0.32056758798448636849 -1.3594268823502817511 -2.509802568809007095 0.0024808236887963000007 
0.72500000000000053291 0.31374490275180522136 -1.3909617296848202361 -2.5108055098802530836 0.00271147748211224629 
0.75000000000000055511 0.30203069674853227911 -1.4865182206544438337 -2.5117892624093238751 0.0017848774982715883038 
0.77500000000000057732 0.30581245735952705678 -1.7250429634483368524 -2.5122651596588174705 0.00078127395568346462863 
0.80000000000000059952 0.30587773853484162556 -1.7834374301727757839 -2.5125783072629537251 0.0008982025581057258767 
0.82500000000000062172 0.30445505325679927955 -1.7314714885443101 -2.5129893923546666734 0.0010783139069106848027 
0.85000000000000064393 0.30958900562138241819 -1.6586082274821358773 -2.5134273428841518161 0.001031148126468837533 
0.87500000000000066613 0.31162222227170899291 -1.5275873695312629508 -2.5137592523600220673 0.00058731079649073996644 
0.90000000000000068834 0.31451145204131769617 -1.4616384879127299889 -2.5139366277110917203 0.00033116413004988964246 
0.92500000000000071054 0.31680229947845395255 -1.4718802952615883672 -2.5140519353465866637 0.00028595394665073092626 
0.95000000000000073275 0.31323424472562816367 -1.5163345242328096774 -2.5141966364366594711 0.00044011825654230300221 
0.97500000000000075495 0.3093288577243469839 -1.6034906746335571004 -2.5143776086787612556 0.00037355446975769705104 
1.0000000000000006661 0.3065853416599247927 -1.6537508758504184669 -2.514475476520496855 0.00014775960490317867346 
1.0249999999999979128 0.30687291953828221835 -1.6361881051964468625 -2.5145290680287586405 0.00014820040075645067286 
1.0499999999999951594 0.31059627742265200068 -1.592101641751655583 -2.5145980801770071444 0.00016709568438176634463 
1.0749999999999924061 0.31262265967052832449 -1.5501077108619472078 -2.514653710295909228 0.0001120811911744604985 
1.0999999999999896527 0.31313908976260612649 -1.5456426678529175955 -2.5146959344192580943 0.00010660721318694778151 
1.1249999999999868994 0.31202412931208978186 -1.5570891230964685192 -2.5147372335369673202 8.6600908583598376969e-005 
1.149999999999984146 0.30962840450025325145 -1.5669573169191772788 -2.5147646500448326279 5.6188327557872906712e-005 
1.1749999999999813927 0.3099681919895434512 -1.597083734980907721 -2.5147875067170408769 5.6333370459115672253e-005 
1.1999999999999786393 0.31096681835547124173 -1.607666297927658583 -2.5148085848549821542 4.6433329534000097796e-005 
1.224999999999975886 0.3108883472374219803 -1.5876020503505512416 -2.5148226981775509969 2.5876180548040382995e-005 
1.2499999999999731326 0.31155246642569356386 -1.5763719853208986166 -2.5148348636566537628 3.4888369632820596564e-005 
1.2749999999999703792 0.31134434504180191761 -1.5581338485448095188 -2.514848160272391997 2.788826367927278732e-005 
1.2999999999999676259 0.31074133371730444653 -1.5474937511277571112 -2.5148562700721068808 1.4890929871138157487e-005 
1.3249999999999648725 0.31126493665551352441 -1.5673541406131339393 -2.5148626271658711673 1.6339132743338995987e-005 
1.3499999999999621192 0.31120252091728228816 -1.5783090359917846257 -2.5148689237766999049 1.3988963857251388254e-005 
1.3749999999999593658 0.31074677390332683391 -1.583193610781556071 -2.5148734044826710488 9.2284187107049142905e-006 
1.3999999999999566125 0.31069406189224751946 -1.5925017960356959712 -2.5148771198363211177 9.0969818748846602654e-006 
1.4249999999999538591 0.31054677998899637981 -1.5865229176042028314 -2.5148806763385853635 7.8472282425035540726e-006 
1.4499999999999511058 0.31077362900853916505 -1.5804382013535616114 -2.5148831415135526335 5.0027346536601239059e-006 
1.4749999999999483524 0.31119231366240018843 -1.5764996255002126091 -2.5148852872473268505 5.6399796002634135957e-006 
1.4999999999999455991 0.31136864460934288168 -1.5665969374480699372 -2.5148871788052207243 3.1727743694245481805e-006 
1.5249999999999428457 0.31147050630350020528 -1.5660778506714172487 -2.5148881809831920009 2.5129884991194064594e-006 
1.5499999999999400924 0.31124108170772218918 -1.5705363512510537305 -2.5148894195335045332 3.3731286451214670506e-006 
1.574999999999937339 0.31089965061914182076 -1.5736713970439599741 -2.5148905825854726004 2.2844031710159465163e-006 
1.5999999999999345857 0.31071918375756374386 -1.5782521683989081396 -2.5148913398544459064 1.4771489371537593208e-006 
1.6249999999999318323 0.31061815238254431026 -1.5787135065612623031 -2.5148918843590171157 1.3111609456445310166e-006 
1.649999999999929079 0.31086602760134435242 -1.5791516342778060267 -2.5148923497596569199 1.0313444755321635398e-006 
1.6749999999999263256 0.31114753337599415639 -1.5806922984295566081 -2.5148927751430742994 1.0511260472568243305e-006 
1.6999999999999235722 0.31111539209153948882 -1.5784330401271959854 -2.5148931846838644688 9.3210893828650843011e-007 
1.7249999999999208189 0.31109607890846202594 -1.5759460334773989221 -2.5148934792455186482 5.1428113549344355439e-007 
1.7499999999999180655 0.31104354624986851885 -1.5737203819959231232 -2.5148936439466327286 3.9719657916825638608e-007 
1.7749999999999153122 0.31099218784834575802 -1.5728243614461532296 -2.5148938442839288143 5.5574749534543819648e-007 
1.7999999999999125588 0.31109563893834929482 -1.5741295490851663352 -2.5148940321989097235 3.2933184442967976702e-007 
1.8249999999999098055 0.31103997200006028301 -1.5738436317078694504 -2.5148941290115303104 2.0334750776639820373e-007 
1.8499999999999070521 0.31090630807221242282 -1.5749698221671109 -2.5148942203879727231 2.4869072531265915229e-007 
1.8749999999999042988 0.31092892028547314265 -1.5777906901895741854 -2.5148943173846891597 2.2042041175353389672e-007 
1.8999999999999015454 0.31094626147291298812 -1.5776214783278921239 -2.5148943989149188383 1.7342144355568616512e-007 
1.9249999999998987921 0.3109903878708137337 -1.5769661029375607875 -2.5148944503486130309 8.8827330174753138731e-008 
1.9499999999998960387 0.31107600052836648086 -1.5768888696402330041 -2.5148944807940161184 7.2783217760279783499e-008 
1.9749999999998932854 0.31107183514923902878 -1.5757080209591336484 -2.5148945152368580302 9.7020987670194740393e-008 
1.999999999999890532 0.31103686943392916397 -1.5753278655643681017 -2.5148945564593883084 1.0090085885865767947e-007 
2.0249999999998880007 0.31099179829482748172 -1.575624773197328965 -2.5148945886899602975 5.2077454471844576542e-008 
2.0499999999998852473 0.31095618258999718764 -1.5754758675362376952 -2.5148946017619278059 2.2709112413624347433e-008 
2.074999999999882494 0.31098752449395189457 -1.5755777482642492338 -2.5148946126891229547 3.2778272885861875358e-008 
2.0999999999998797406 0.31100891080715087345 -1.5756010381330183279 -2.5148946277478514411 3.9633093465862861576e-008 
2.1249999999998769873 0.31101028088958621032 -1.5754887442307867751 -2.5148946425783935688 3.1899712350081802765e-008 
2.1499999999998742339 0.31102310527156773468 -1.5757594862778354639 -2.5148946522638797596 1.6351067956302927299e-008 
2.1749999999998714806 0.31101775337480991324 -1.5760958909374407355 -2.5148946580016295904 1.3337925661608644788e-008 
2.1999999999998687272 0.31101381764369462335 -1.5763697414641628658 -2.5148946631995885426 1.2940869740437969678e-008 
2.2249999999998659739 0.31100100190445062465 -1.576464345663192379 -2.5148946682545929576 1.1831075796018057951e-008 
2.2499999999998632205 0.31098127944952907997 -1.5762025251708187135 -2.5148946726638170546 9.2787680283807012185e-009 
2.2749999999998604672 0.31100112124948814385 -1.5759339383043924343 -2.5148946760299977221 8.1059968490082929121e-009 
2.2999999999998577138 0.3110151430968863262 -1.5757427028149462167 -2.5148946790405215523 6.4521551292350190246e-009 
2.3249999999998549605 0.31100520554142352392 -1.5755206244669923699 -2.5148946810818570974 3.6941790719609130672e-009 
2.3499999999998522071 0.3110111270934533545 -1.5754347731501092689 -2.5148946824639342168 3.4707246655775993177e-009 
2.3749999999998494538 0.31101158157897779155 -1.5755744543225218557 -2.5148946839162231726 3.6938995167996656779e-009 
2.3999999999998467004 0.31100685976030534308 -1.5759205431557239407 -2.5148946853184419581 3.1274434393816321661e-009 
2.4249999999998439471 0.31101149991047355448 -1.5761591460423738376 -2.5148946864204564378 2.293698697760484229e-009 
2.4499999999998411937 0.31100427460141066849 -1.5760847042796624073 -2.5148946871953592463 1.5524490474401010565e-009 
2.4749999999998384403 0.3109978246887541431 -1.5760711494429604507 -2.5148946877471560768 1.277842513855499814e-009 
2.499999999999835687 0.31100287901690287784 -1.5760832653705334483 -2.5148946881862768166 9.573576687032155661e-010 
2.5249999999998329336 0.31100503879075858116 -1.5758643874931625994 -2.5148946886592029593 1.3332189149397488868e-009 
2.5499999999998301803 0.31100789454224259112 -1.5757300341023934287 -2.5148946891320060892 9.003672525102546376e-010 
2.5749999999998274269 0.31100969050556076523 -1.5757544995025418721 -2.5148946893895378629 5.0367280561744014184e-010 
2.5999999999998246736 0.31100774473993159086 -1.5757798926660102623 -2.5148946895986385996 4.8245496177516174383e-010 
2.6249999999998219202 0.31100804048321134543 -1.5758676361452392811 -2.5148946897716295545 4.0761623780857111933e-010 
2.6499999999998191669 0.31100598567415177476 -1.575916747306556065 -2.5148946899388224807 4.1091407397981414882e-010 
2.6749999999998164135 0.31100360293492662622 -1.5759121690039852304 -2.5148946900791577796 2.7359841229087207017e-010 
2.6999999999998136602 0.31100511781792927746 -1.5759515151397316401 -2.5148946901850548485 2.6485958833468921662e-010 
2.7249999999998109068 0.3110057907539175992 -1.5759402112115039607 -2.5148946902806050829 1.9277946395111929293e-010 
2.7499999999998081535 0.31100689504197454038 -1.5758922754830884116 -2.5148946903437057188 1.3275735658020618322e-010 
2.7749999999998054001 0.31100790028060365522 -1.5758738370311657917 -2.5148946903920812446 1.0848722073813369173e-010 
2.7999999999998026468 0.31100665379445496805 -1.57586265686744742 -2.5148946904362605714 1.1469383260505196934e-010 
2.8249999999997998934 0.31100626469814834918 -1.5758768585043281263 -2.5148946904858950901 1.2072478784256666478e-010 
2.84999999999979714 0.31100510963156163813 -1.5758886487498249274 -2.5148946905220617154 5.8145267933540725758e-011 
2.8749999999997943867 0.31100405066375252927 -1.5758869678913791645 -2.5148946905405660246 4.1046264834464033082e-011 
2.8999999999997916333 0.31100640685377817229 -1.5758969289360735822 -2.5148946905586386791 4.6315415752084695211e-011 
2.92499999999978888 0.31100765753855774687 -1.575890378474159359 -2.5148946905759657078 4.2373120939650482618e-011 
2.9499999999997861266 0.31100667240139429071 -1.5758802461026528707 -2.5148946905939104646 4.168938665777123263e-011 
2.9749999999997833733 0.3110065028939709153 -1.5758766990333024083 -2.5148946906060398732 1.8550809564372434735e-011 
2.9999999999997806199 0.31100633932463406239 -1.5758716744954912592 -2.5148946906123024192 1.6715955300689751809e-011 
3.0249999999997778666 0.31100640493589992719 -1.5758907940659070412 -2.5148946906202001017 2.0150667164732909221e-011 
3.0499999999997751132 0.31100655944831900879 -1.5759061377137335569 -2.5148946906274187718 1.5808517498506911877e-011 
3.0749999999997723599 0.31100557388350369425 -1.5759004369645257526 -2.5148946906326821171 9.6314895229089612411e-012 
3.0999999999997696065 0.31100509973831141908 -1.5759025863673925549 -2.5148946906360110098 8.0960222495276582171e-012 
3.1249999999997668532 0.31100566415813096777 -1.5758949576137322168 -2.514894690639531305 9.0163032383210548239e-012 
3.1499999999997640998 0.31100625832561412665 -1.5758767374356144053 -2.5148946906426838943 6.4110327320262550427e-012 
3.1749999999997613465 0.31100688558876143919 -1.5758724395586853895 -2.5148946906450757588 5.2818278629483810665e-012 
3.1999999999997585931 0.31100709671392734457 -1.5758724811093163254 -2.5148946906467108953 2.9767638296522197873e-012 
3.2249999999997558398 0.31100677164506868033 -1.5758782883881583547 -2.5148946906478384378 3.1763215423381297429e-012 
3.2499999999997530864 0.3110062284531152077 -1.5758925388057236638 -2.5148946906493740983 3.8611463939184076917e-012 
3.274999999999750333 0.31100562496361494613 -1.5758992325083309716 -2.5148946906505993404 2.195540884510918496e-012 
3.2999999999997475797 0.31100560123421788772 -1.5758994764059157667 -2.5148946906512965604 1.4269520874624506115e-012 
3.3249999999997448263 0.31100598873100954167 -1.5758970371935774324 -2.5148946906518578892 1.4418029235172242743e-012 
3.349999999999742073 0.31100625144401855549 -1.5758890798469464833 -2.5148946906524201061 1.2628820240973968375e-012 
3.3749999999997393196 0.31100650379928446165 -1.5758818402783576484 -2.5148946906529241474 1.1984933578227445845e-012 
3.3999999999997365663 0.31100647950529058949 -1.5758797888076727656 -2.5148946906533176104 7.814261591241386352e-013 
3.4249999999997338129 0.31100623771357205349 -1.5758821698680631762 -2.5148946906535800672 5.4029436538049856668e-013 
3.4499999999997310596 0.31100621665141547911 -1.5758866217609068805 -2.514894690653813214 6.2054555123926001395e-013 
3.4749999999997283062 0.31100620262358824597 -1.5758892991043804699 -2.514894690654052134 5.2892392433987218348e-013 
3.4999999999997255529 0.31100617387768941802 -1.5758906895976401152 -2.5148946906542031243 2.392531070456147069e-013 
3.5249999999997227995 0.31100622400213956409 -1.5758914426459329494 -2.5148946906543043767 2.8953496341802191281e-013 
3.5499999999997200462 0.3110061485472716547 -1.5758902305866500093 -2.5148946906544336066 3.2306995735355549943e-013 
3.5749999999997172928 0.31100610792967592344 -1.575888560191714749 -2.5148946906545397439 1.9846572749231585249e-013 
3.5999999999997145395 0.31100621298455849439 -1.575886897290601496 -2.5148946906546063573 1.4632828262030873147e-013 
3.6249999999997117861 0.31100629699413817608 -1.5758857359620508376 -2.5148946906546609803 1.146871940391999265e-013 
3.6499999999997090327 0.31100633446778708224 -1.575886765772233522 -2.5148946906547018365 9.4611697727192799698e-014 
3.6749999999997062794 0.31100627250129242451 -1.5758876523826246263 -2.5148946906547418045 1.1224495978818530596e-013 
3.699999999999703526 0.31100614617113220284 -1.57588764590687469 -2.5148946906547866575 9.2247558488533691332e-014 
3.7249999999997007727 0.31100611387019033716 -1.575888628542032821 -2.5148946906548133029 4.0388272124720418091e-014 
3.7499999999996980193 0.31100616964519656182 -1.575888912166905298 -2.5148946906548275138 4.3312896639651875306e-014 
3.774999999999695266 0.31100625207362003755 -1.5758882991757925396 -2.5148946906548452773 3.9426903364618948977e-014 
3.7999999999996925126 0.31100628759908105492 -1.5758882120203168142 -2.5148946906548599323 3.3908123071309322431e-014 
3.8249999999996897593 0.31100624458889064572 -1.5758877153212864641 -2.514894690654873699 3.1405580766026268672e-014 
3.8499999999996870059 0.31100621245494491918 -1.5758874093780408376 -2.5148946906548848013 2.270569207432052451e-014 
3.8749999999996842526 0.31100620159868019865 -1.5758878066750892089 -2.5148946906548910185 1.4710264799332738113e-014 
3.8999999999996814992 0.31100619361847037236 -1.5758877961133519463 -2.5148946906548967917 1.165582331069891374e-014 
3.9249999999996787459 0.31100621596328698049 -1.5758878518961658699 -2.5148946906549016767 1.22161491175823682e-014 
3.9499999999996759925 0.31100622379930642492 -1.5758881147552756818 -2.5148946906549065616 1.0722318168697491045e-014 
3.9749999999996732392 0.31100621034700698386 -1.5758881141967655548 -2.5148946906549101143 1.0316245312175524949e-014 
3.9999999999996704858 0.31100621240408543589 -1.5758881901049659469 -2.5148946906549136671 5.6585809593469181921e-015 
4.0249999999996788347 0.31100621243678028272 -1.5758881128733612798 -2.5148946906549154434 2.8470201947257886242e-015 
4.0499999999996871836 0.31100622101049318902 -1.5758878287327813261 -2.514894690654918108 4.592478361913104772e-015 
4.0749999999996955324 0.31100623799994325802 -1.5758877139445683913 -2.5148946906549194402 4.4644949491128407069e-015 
4.0999999999997038813 0.31100622939730337979 -1.5758877472000725195 -2.5148946906549212166 3.1643042618048796192e-015 
4.1249999999997122302 0.31100621499516267754 -1.575887931989360613 -2.5148946906549212166 2.2903933640626469891e-015 
4.1499999999997205791 0.31100620905121512116 -1.5758880403583552798 -2.5148946906549212166 1.3436323480096971069e-015 
4.1749999999997289279 0.31100620260577893639 -1.5758880083809998496 -2.5148946906549243252 1.4465637816806560214e-015 
4.1999999999997372768 0.31100620916553561868 -1.5758880542408846281 -2.5148946906549238811 1.5584752023250686248e-015 
4.2249999999997456257 0.31100622206706984851 -1.5758879798113307746 -2.5148946906549243252 1.2478985935691221626e-015 
4.2499999999997539746 0.31100622549885909018 -1.575887869912533823 -2.5148946906549247693 5.4837355090564587173e-016 
4.2749999999997623235 0.31100622213291362339 -1.5758879358879476218 -2.5148946906549238811 7.9548046827277147096e-016 
4.2999999999997706723 0.31100621550872548093 -1.5758879469828228626 -2.5148946906549252134 6.5595221888294656483e-016 
4.3249999999997790212 0.31100621435998676567 -1.5758879304259991727 -2.5148946906549261016 3.3592885460669611648e-016 
4.3499999999997873701 0.31100621833302471986 -1.5758879728390842168 -2.5148946906549261016 3.270053716904204595e-016 
4.374999999999795719 0.3110062186738939416 -1.5758879490285926384 -2.5148946906549261016 3.9059985949425136575e-016 
4.3999999999998040678 0.31100621888333163101 -1.5758879245726087337 -2.5148946906549265456 3.2066589421052712781e-016 
4.4249999999998124167 0.31100621761855429259 -1.5758879267082832598 -2.5148946906549261016 1.7219641820273178649e-016 
4.4499999999998207656 0.31100621392030164403 -1.5758879172634931987 -2.5148946906549261016 1.0892868616280449678e-016 
4.4749999999998291145 0.31100621525414390289 -1.5758879501558129554 -2.5148946906549256575 1.1997732738360723876e-016 
4.4999999999998374633 0.31100621792385890751 -1.5758879786895159114 -2.5148946906549265456 1.7174328756228291614e-016 
4.5249999999998458122 0.31100621833967384555 -1.575887969660952459 -2.5148946906549256575 1.0858274482737743114e-016 
4.5499999999998541611 0.31100621873121453431 -1.575887970764382473 -2.5148946906549261016 4.4681315150355246152e-017 
4.57499999999986251 0.31100621704139697066 -1.5758879622366139817 -2.5148946906549256575 5.0293967564945082074e-017 
4.5999999999998708589 0.31100621623255148007 -1.5758879337115758723 -2.5148946906549265456 5.7191086403521823229e-017 
4.6249999999998792077 0.31100621815060230935 -1.5758879175533717643 -2.5148946906549261016 4.690605967063023563e-017 
4.6499999999998875566 0.31100621826467966802 -1.5758879194968538062 -2.5148946906549261016 3.6798852065227599746e-017 
4.6749999999998959055 0.31100621760338298394 -1.575887931580345569 -2.5148946906549261016 2.3566486168136345815e-017 
4.6999999999999042544 0.31100621746937190393 -1.57588794652941111 -2.5148946906549261016 1.8422648650243438472e-017 
4.7249999999999126032 0.31100621654256915827 -1.5758879634752056553 -2.5148946906549252134 2.0557780236137932148e-017 
4.7499999999999209521 0.31100621639634151716 -1.5758879723127807715 -2.5148946906549265456 1.7121890682248717415e-017 
4.774999999999929301 0.31100621693149843594 -1.5758879573811244157 -2.5148946906549265456 9.3264266163803351188e-018 
4.7999999999999376499 0.3110062172596688157 -1.5758879421417995026 -2.5148946906549261016 1.1219527397475101523e-017 
4.8249999999999459988 0.3110062178860601434 -1.5758879436480368597 -2.5148946906549265456 8.3789337878548350736e-018 
4.8499999999999543476 0.31100621803828160106 -1.5758879412683377552 -2.5148946906549261016 6.0648718599858334536e-018 
4.8749999999999626965 0.31100621773801245817 -1.5758879381968124989 -2.5148946906549261016 5.9264112921445138804e-018 
4.8999999999999710454 0.31100621746723811079 -1.5758879432577530544 -2.5148946906549261016 3.8106162217131139929e-018 
4.9249999999999793943 0.31100621703210562519 -1.5758879452045899683 -2.5148946906549269897 3.7056509324512884967e-018 
4.9499999999999877431 0.31100621701231723204 -1.5758879481568528469 -2.5148946906549256575 3.2338632426534786141e-018 
4.974999999999996092 0.31100621719766052831 -1.5758879510626715437 -2.5148946906549265456 2.6312674834476864674e-018 
