0.025000000000000015266 0.59337154367793287779 0.0004691809857063460043 -2.2487394631033823522 0.038529188108143923308 
0.05000000000000003747 0.57077540141612925773 0.016410251005020873305 -2.2592756451758826408 0.052669322130196975784 
0.075000000000000052736 0.43935260940824910625 -0.003817092833774793359 -2.2859143906583927475 0.083045848787047002459 
0.10000000000000007494 0.40816894022244792906 -0.051209397850080384806 -2.3308970280708849465 0.098174001089015416888 
0.12500000000000008327 0.25405612473148397878 -0.40997523351927500634 -2.3603729525069141459 0.048838348209323124982 
0.15000000000000010547 0.23889019669180769356 -1.795978366095059453 -2.3766260430742578436 0.037606593059866758044 
0.17500000000000012768 0.30578355675197099739 -2.2384510129360735142 -2.3928171033080549712 0.041124843720986153928 
0.20000000000000014988 0.2628805328196857638 -1.376371953064212228 -2.4076359915071590123 0.023949835819701763978 
0.22500000000000017208 0.25683037203922715053 -1.6193301356010607606 -2.4165225068418818566 0.024902694301405486899 
0.25000000000000016653 0.28582351014185103377 -1.1888877776031758771 -2.4290976499538361466 0.031830651353520277025 
0.27500000000000018874 0.29508896626892233694 -0.31796081948565640962 -2.4388872103402392533 0.015574082232820430846 
0.30000000000000021094 0.31553056239099264157 -0.52884272989903591267 -2.4444091557810381232 0.012915038871018622024 
0.32500000000000023315 0.31748196413888291056 -0.67739452834962987637 -2.4522112160662712377 0.023471695096380716661 
0.35000000000000025535 0.34360271633795497204 -1.2773606336878515766 -2.4616643110016416252 0.020884995202016903154 
0.37500000000000027756 0.36148477892788560828 -1.8130053687743603597 -2.468085253648480748 0.011430017211335574689 
0.40000000000000029976 0.31961708878211120277 -1.3246621568555603243 -2.4732247137072578269 0.012430322472173032169 
0.42500000000000032196 0.31242237740307293725 -1.2459956325202417027 -2.4784885349414276234 0.012404885039667462934 
0.45000000000000034417 0.31537345207205264019 -1.159140099085588016 -2.4831963825596141682 0.011178176101501952414 
0.47500000000000036637 0.30675007429774503454 -1.0181873036537754107 -2.4879056092542830569 0.012007025512171008025 
0.50000000000000033307 0.3093696988655763036 -1.2365184069079167006 -2.4933807787058990257 0.012503779568802213251 
0.52500000000000035527 0.29814203806483052794 -1.3528487761557550506 -2.4978952810952645969 0.009886765628300245648 
0.55000000000000037748 0.29304783982983434454 -1.8256364505235551654 -2.5015404395949749627 0.0073936732090185905419 
0.57500000000000039968 0.30323909617434835484 -2.2335874313306707251 -2.5039227513306903106 0.0044218910591422543044 
0.60000000000000042188 0.29373994484501053659 -1.9077936655403076038 -2.5059000224587033578 0.0047832292003652052831 
0.62500000000000044409 0.30336557080066789416 -1.6312538463810903888 -2.5075095229928829887 0.0031281542221956678586 
0.65000000000000046629 0.32211959274482171445 -1.4727083038951511718 -2.5087755736320600519 0.003186253116439062387 
0.6750000000000004885 0.32255247754026733498 -1.3063409507736984949 -2.509995428853254662 0.0023682787204874480511 
0.7000000000000005107 0.31855633810308442433 -1.3687375112618367368 -2.5109010211612305952 0.0022359223252962734212 
0.72500000000000053291 0.30511924522319389119 -1.4409612102059334848 -2.5118120225498783427 0.0018774651116776233488 
0.75000000000000055511 0.29737107114392347107 -1.6099274206479281535 -2.512360872895947228 0.00096827157109471366069 
0.77500000000000057732 0.30829484755844988042 -1.8613465076143986821 -2.512774997604005911 0.00089105966439489980857 
0.80000000000000059952 0.30847416008224048944 -1.7916402792254433329 -2.5130868199264231322 0.00079126762334956305973 
0.82500000000000062172 0.30550660294952891594 -1.5985116687648734946 -2.5134636817300863854 0.00095526932341965663416 
0.85000000000000064393 0.31280529818121888264 -1.5450747034369813893 -2.5138225335363806323 0.0006641238253617540643 
0.87500000000000066613 0.31455226860350055107 -1.4938168888331797568 -2.5140183939492817267 0.00033433917495794820626 
0.90000000000000068834 0.31461346154918790052 -1.4663209016087650483 -2.5141299599313713387 0.00025671385692057415188 
0.92500000000000071054 0.31516939168203195187 -1.4998910569834413842 -2.5142573520054196656 0.00033851596328028177394 
0.95000000000000073275 0.30972313316021499174 -1.5617686094388329998 -2.5144027311015459958 0.0003399175222668251832 
0.97500000000000075495 0.3076844388866544211 -1.6475870090884177088 -2.5145140632801199487 0.00017940204490770900875 
1.0000000000000006661 0.30897106783993777412 -1.6613236081366222763 -2.5145703464065136679 0.00012963291196514326238 
1.0249999999999979128 0.30844818035887960894 -1.5937679329606644352 -2.5146311312047902042 0.00014601778201545325612 
1.0499999999999951594 0.31044624075139964914 -1.5562706801897261411 -2.5146802457745724979 8.9183638041929840217e-005 
1.0749999999999924061 0.31299286711407153794 -1.5549976353069490109 -2.5147174528936675486 9.571008176827505644e-005 
1.0999999999999896527 0.31289406211603137953 -1.5593693953892211468 -2.5147534151235007016 7.6558233151424064968e-005 
1.1249999999999868994 0.31125171598880380097 -1.5707702907600618047 -2.5147826532977406444 5.8871276804807576538e-005 
1.149999999999984146 0.30964731703221759496 -1.5782719291763664948 -2.5148029797048607747 4.182174072575102513e-005 
1.1749999999999813927 0.31039948103639791732 -1.5920555760244960997 -2.5148187522281189032 3.7580656570812843976e-005 
1.1999999999999786393 0.31135992758706304562 -1.5963906707526205331 -2.5148339879898862215 2.9773936739464192737e-005 
1.224999999999975886 0.31095233982267800332 -1.5746065441360757031 -2.5148434227588967182 2.2041717782568616331e-005 
1.2499999999999731326 0.31130137777662947318 -1.5617042277642769754 -2.5148545507663322418 2.681246196922495241e-005 
1.2749999999999703792 0.31123095585068866198 -1.5597294324225856599 -2.5148627667987568657 1.3830096744671359151e-005 
1.2999999999999676259 0.31075401941924263305 -1.566192825100039876 -2.5148681736994524805 1.3083210905019878603e-005 
1.3249999999999648725 0.31118344203841524775 -1.583515779123322309 -2.5148729690399762582 9.607930653517960721e-006 
1.3499999999999621192 0.31091828550545647092 -1.5820419126176150648 -2.5148771049792921772 9.8615334571531385499e-006 
1.3749999999999593658 0.31064069796355997521 -1.5776183712983056218 -2.5148803372215322582 6.5717512583532986317e-006 
1.3999999999999566125 0.31110063041416974317 -1.5861210644237235812 -2.5148831399578144286 6.2385745154218019313e-006 
1.4249999999999538591 0.31085532724883063738 -1.5813284038846293633 -2.5148853790347112103 4.595355907557507251e-006 
1.4499999999999511058 0.31073628955896309689 -1.5739037541972833445 -2.5148871113190240933 4.0978868826834063334e-006 
1.4749999999999483524 0.31123500650951618773 -1.5733440188760945411 -2.5148886567180657181 2.8926769356423598613e-006 
1.4999999999999455991 0.31133167567140418441 -1.5696893242714806682 -2.5148895597959577408 1.8176712349266697405e-006 
1.5249999999999428457 0.31127335666016348048 -1.5714891595184252715 -2.5148904727580014828 2.5385512245251068758e-006 
1.5499999999999400924 0.31110805530030860577 -1.574024671984388668 -2.5148914403167177412 1.9741613050390395495e-006 
1.574999999999937339 0.31074504830394328314 -1.5740914748689118774 -2.5148920950426574272 1.1833185990326647512e-006 
1.5999999999999345857 0.31071414343803294145 -1.5785806967264686129 -2.5148925077174637543 9.1347312034271432326e-007 
1.6249999999999318323 0.31089925795165584965 -1.5793429034393438037 -2.5148929081567037436 8.9264446643756767038e-007 
1.649999999999929079 0.31104054065770514459 -1.5780213537668448254 -2.5148932023878587394 7.0823246566130401102e-007 
1.6749999999999263256 0.31110006496738773496 -1.579133831654957465 -2.5148935303577899525 7.0083698227359908506e-007 
1.6999999999999235722 0.31104841694886525838 -1.5767436410191630891 -2.5148937706886034249 4.9683501896818113232e-007 
1.7249999999999208189 0.31104565719664045709 -1.5742090712595597779 -2.5148939313800697803 2.8195833608613675625e-007 
1.7499999999999180655 0.31103014522466609915 -1.5738869945771367664 -2.5148940437420663763 3.1835809098123097765e-007 
1.7749999999999153122 0.31100308174858226629 -1.5736744689056734181 -2.5148941925768073524 3.0779638765395370572e-007 
1.7999999999999125588 0.31106736367591314441 -1.5746407208563248936 -2.5148942782730574486 1.580067411292448996e-007 
1.8249999999999098055 0.31100691545566294671 -1.5753751852327417815 -2.5148943519823667714 1.8698722121842220208e-007 
1.8499999999999070521 0.31090872577851830227 -1.5764288582397283367 -2.5148944181709809165 1.2999189683248942815e-007 
1.8749999999999042988 0.31096322143206250876 -1.5776742520669260195 -2.5148944730407567505 1.3356638022827865665e-007 
1.8999999999999015454 0.31099172596303531479 -1.5766809850501097845 -2.5148945182841826451 7.5581385170573841148e-008 
1.9249999999998987921 0.31101781468802452979 -1.5760776386682744388 -2.5148945426238022982 5.7865329480297120114e-008 
1.9499999999998960387 0.31107677802986760662 -1.5763618650906723317 -2.5148945677679805932 5.5305270800402828564e-008 
1.9749999999998932854 0.31103232748902059912 -1.5755546724148543625 -2.5148945928605059841 6.9032165415607775304e-008 
1.999999999999890532 0.31098452851301200406 -1.5754912632298914144 -2.5148946181525655419 4.3788664332690111385e-008 
2.0249999999998880007 0.31098718857593671272 -1.5760116445337213342 -2.5148946293723524192 1.7237468199339580112e-008 
2.0499999999998852473 0.31097965536317118129 -1.5756812944869833526 -2.5148946376618122045 2.2056084783600482283e-008 
2.074999999999882494 0.31100728985932740711 -1.5754638208352966799 -2.5148946469647008861 2.381540961608619465e-008 
2.0999999999998797406 0.31103066453517308476 -1.5754544253468851789 -2.5148946569377805815 2.2105369704378762103e-008 
2.1249999999998769873 0.3110132534228177148 -1.5755688923387602962 -2.5148946645117877807 1.3912697440069702287e-008 
2.1499999999998742339 0.31100882976120308721 -1.5760984256651098256 -2.5148946688377225023 7.7278260916134380509e-009 
2.1749999999998714806 0.31100694976125803359 -1.5763440939753072811 -2.5148946721465303966 9.0655218581657058497e-009 
2.1999999999998687272 0.31099866799853476129 -1.5762896617383508335 -2.5148946758217887165 7.5801451188566845072e-009 
2.2249999999998659739 0.31099596053616740399 -1.5762555943580740525 -2.5148946784916517139 6.0090525756615956389e-009 
2.2499999999998632205 0.31099824552947014089 -1.5759709571135269712 -2.5148946810545425024 5.5537582030515225344e-009 
2.2749999999998604672 0.31101180618206292205 -1.5757104858177082285 -2.514894682950114646 4.1315741214634990003e-009 
2.2999999999998577138 0.31101195684915722284 -1.5756532795148392445 -2.5148946844770461162 2.7544493112151177351e-009 
2.3249999999998549605 0.31100336707890868793 -1.575554087737982556 -2.5148946853383105093 1.9413903332650213352e-009 
2.3499999999998522071 0.31101231393854728013 -1.5756201086114300924 -2.5148946863496526305 2.6112053711539322313e-009 
2.3749999999998494538 0.31101270811393200155 -1.5758888074456480766 -2.5148946872326374269 1.672817227879191302e-009 
2.3999999999998467004 0.31100482775818483194 -1.5760572684918294772 -2.5148946878931446314 1.6028632367852985623e-009 
2.4249999999998439471 0.31100553145367187957 -1.5760625039127431624 -2.5148946884906568933 1.0695749366907700144e-009 
2.4499999999998411937 0.31100010132033462096 -1.5759912689378612338 -2.514894688834358849 7.7157586838907924407e-010 
2.4749999999998384403 0.31099998543996781875 -1.5759862967689874935 -2.5148946891467782727 6.5133428415972204203e-010 
2.499999999999835687 0.3110091248795686103 -1.5759639597164434299 -2.5148946893946666492 6.5440925550730832672e-010 
2.5249999999998329336 0.31100811623863744426 -1.5758044477490806834 -2.514894689698494723 6.4886980435850697358e-010 
2.5499999999998301803 0.31100638631586835503 -1.575757986164828317 -2.5148946898860455867 3.3180177030469689783e-010 
2.5749999999998274269 0.3110085339380213032 -1.5758370052803685191 -2.5148946900137474358 2.8521152633923437402e-010 
2.5999999999998246736 0.31100668577274426241 -1.5758532195453329727 -2.5148946901251330033 2.4711522953698675858e-010 
2.6249999999998219202 0.31100645117598518796 -1.5758810531279716649 -2.5148946902250322033 2.2709505054312898272e-010 
2.6499999999998191669 0.31100632156053742428 -1.5759049744441386842 -2.5148946903074067549 1.7361948111677204808e-010 
2.6749999999998164135 0.31100451337038492738 -1.5759058811968165159 -2.5148946903716851153 1.4496104243626392462e-010 
2.6999999999998136602 0.31100552692633487428 -1.5759447354723323809 -2.5148946904346733966 1.3710774349910491139e-010 
2.7249999999998109068 0.31100619202895085635 -1.5759262106173426154 -2.5148946904758564536 7.0539823428953225576e-011 
2.7499999999998081535 0.31100612924268650206 -1.5758724841544169415 -2.514894690501241481 6.0071797005285777058e-011 
2.7749999999998054001 0.31100711805800063114 -1.5758701296374733047 -2.5148946905285343156 6.6598952677365909624e-011 
2.7999999999998026468 0.3110070899554996382 -1.575869842578488722 -2.5148946905557472142 6.1690138945310312553e-011 
2.8249999999997998934 0.31100638893004861618 -1.5758763966886943919 -2.5148946905779583361 4.4718362004478122836e-011 
2.84999999999979714 0.31100516333599692587 -1.5758921541254495846 -2.5148946905913249772 2.1525035809400273678e-011 
2.8749999999997943867 0.3110048331420025014 -1.575891627852748389 -2.5148946906009630453 2.6116650759845009768e-011 
2.8999999999997916333 0.3110067131711446442 -1.5758979373824546499 -2.5148946906109541644 1.9897911383049149911e-011 
2.92499999999978888 0.31100710245488422112 -1.5758937964727381953 -2.5148946906193478945 2.3385990012588740367e-011 
2.9499999999997861266 0.31100617407962888317 -1.5758758517368480767 -2.5148946906279570079 1.3841217367198171367e-011 
2.9749999999997833733 0.31100654121298604293 -1.5758737736049144296 -2.5148946906320497341 8.7041682661930349499e-012 
2.9999999999997806199 0.31100652445919280131 -1.5758824004737572722 -2.5148946906359941345 9.6574255979063483769e-012 
3.0249999999997778666 0.31100618238769384138 -1.5758959807233852146 -2.5148946906395317491 8.0052196473343990584e-012 
3.0499999999997751132 0.31100614722597208495 -1.5759011135859544162 -2.5148946906429396897 7.0331767326117917821e-012 
3.0749999999997723599 0.31100553281714310438 -1.575895037889426753 -2.5148946906449078931 3.3624994667430124036e-012 
3.0999999999997696065 0.31100563821814813936 -1.5758956775540569062 -2.5148946906465972084 4.9038926897793260212e-012 
3.1249999999997668532 0.31100638576934414026 -1.5758895920320394879 -2.5148946906484326291 3.4410391249261740767e-012 
3.1499999999997640998 0.31100638839962357896 -1.5758761320554044438 -2.5148946906496938425 2.834107783314178387e-012 
3.1749999999997613465 0.31100647627174987653 -1.5758756652479237736 -2.5148946906506557397 1.6790517513302288057e-012 
3.1999999999997585931 0.3110067305818389749 -1.5758809269504485684 -2.51489469065128457 1.5880817690713193244e-012 
3.2249999999997558398 0.31100646192492592546 -1.575887256669773695 -2.5148946906519835665 1.7221332026895992522e-012 
3.2499999999997530864 0.3110060643491585064 -1.5758946624840817208 -2.514894690652668352 1.3862546855959739717e-012 
3.274999999999750333 0.31100580246615011637 -1.5758948105137127182 -2.5148946906531017831 8.0364832971842769821e-013 
3.2999999999997475797 0.31100587407778906845 -1.5758931268397782244 -2.5148946906533913292 6.3789348039533705009e-013 
3.3249999999997448263 0.31100621691849844597 -1.5758919204146946136 -2.5148946906536520096 5.8336833544866217391e-013 
3.349999999999742073 0.31100636664927616692 -1.5758860211715985944 -2.5148946906538984791 6.2015269100447796774e-013 
3.3749999999997393196 0.3110063616549954002 -1.5758822110577326292 -2.514894690654121856 4.1376937134470346957e-013 
3.3999999999997365663 0.31100628847706135449 -1.5758841807044712269 -2.5148946906542701818 3.3276676298000765262e-013 
3.4249999999997338129 0.31100619755824759904 -1.5758869184634356486 -2.5148946906543887536 2.1986094212781362054e-013 
3.4499999999997310596 0.31100622644714426279 -1.5758885974699836652 -2.5148946906544806801 2.5194538783504496817e-013 
3.4749999999997283062 0.31100620612151003153 -1.5758888705414180187 -2.5148946906545792679 1.7383231917659071185e-013 
3.4999999999997255529 0.31100618494456283569 -1.5758887358206490337 -2.5148946906546281177 1.1708626566276422199e-013 
3.5249999999997227995 0.31100624577935309656 -1.5758894297105063842 -2.5148946906546907343 1.4570821223361827772e-013 
3.5499999999997200462 0.31100618218815101468 -1.5758891556710414861 -2.5148946906547400282 1.0066796177072049612e-013 
3.5749999999997172928 0.31100613860318310211 -1.5758878348337077568 -2.514894690654774223 7.1740525841039200174e-014 
3.5999999999997145395 0.31100623749535799556 -1.575887098351649751 -2.5148946906548004243 5.0838865149498718522e-014 
3.6249999999997117861 0.31100627890033771816 -1.5758871954209865418 -2.5148946906548230729 5.355589704667165043e-014 
3.6499999999997090327 0.31100626301191774958 -1.5758878045927811051 -2.5148946906548417246 4.0865118030772027063e-014 
3.6749999999997062794 0.31100622242534226025 -1.575887769898209001 -2.5148946906548594882 4.5156132171353957455e-014 
3.699999999999703526 0.31100615536500603175 -1.5758874843010821643 -2.5148946906548745872 2.2389107129949107017e-014 
3.7249999999997007727 0.31100617275555547669 -1.5758882945231804662 -2.5148946906548812485 1.756163148520709678e-014 
3.7499999999996980193 0.31100623449752529126 -1.5758886728539722721 -2.5148946906548896862 1.9385155446219752962e-014 
3.774999999999695266 0.31100624749169331063 -1.5758880801983599085 -2.5148946906548967917 1.484150250999363134e-014 
3.7999999999996925126 0.31100623774907032448 -1.5758878651191015052 -2.5148946906549025648 1.1703478209588793768e-014 
3.8249999999996897593 0.31100622205084815786 -1.5758877578202832304 -2.5148946906549070057 1.206360705334254895e-014 
3.8499999999996870059 0.31100621066853950669 -1.5758877718910544452 -2.5148946906549110025 7.0197879994074116214e-015 
3.8749999999996842526 0.31100620694942243682 -1.5758879656144082482 -2.514894690654913223 4.8662527464072537402e-015 
3.8999999999996814992 0.31100620450561494712 -1.5758877899951380108 -2.5148946906549149993 4.889119460197593242e-015 
3.9249999999996787459 0.31100621664553423917 -1.5758879032885930727 -2.514894690654918108 4.7305618515575519783e-015 
3.9499999999996759925 0.31100622379570647125 -1.5758882231314093048 -2.5148946906549194402 4.1462786813902618735e-015 
3.9749999999996732392 0.31100621594366373301 -1.5758880690195473662 -2.5148946906549203284 2.9835601283538546486e-015 
3.9999999999996704858 0.31100621399856193117 -1.5758879581449867224 -2.5148946906549216607 1.3372209087595388053e-015 
4.0249999999996788347 0.31100621580561266244 -1.5758879395638134557 -2.5148946906549216607 1.6477292809148780684e-015 
4.0499999999996871836 0.31100622425097029788 -1.5758877995614686274 -2.514894690654923437 1.8429814023613012589e-015 
4.0749999999996955324 0.3110062312619431002 -1.5758878237208933104 -2.5148946906549238811 1.2074343574529598134e-015 
4.0999999999997038813 0.3110062177509415049 -1.5758879191685624122 -2.5148946906549238811 1.2416518814355412952e-015 
4.1249999999997122302 0.31100620783351157206 -1.5758879956053828408 -2.5148946906549243252 5.4248307221599491856e-016 
4.1499999999997205791 0.31100621208529655171 -1.5758880471162632908 -2.5148946906549256575 4.8678506563945436606e-016 
4.1749999999997289279 0.31100621265418287864 -1.575887994617429122 -2.5148946906549252134 6.0202209770542547919e-016 
4.1999999999997372768 0.31100621665336508626 -1.5758879509084673387 -2.5148946906549261016 5.6582701818397446291e-016 
4.2249999999997456257 0.31100622342359152128 -1.5758879086334969255 -2.5148946906549252134 2.5630066937424547555e-016 
4.2499999999997539746 0.31100622114228920756 -1.5758878936352938016 -2.5148946906549252134 2.5438342353855976639e-016 
4.2749999999997623235 0.31100621694900831837 -1.5758879678091359811 -2.5148946906549261016 2.8529756578112160387e-016 
4.2999999999997706723 0.31100621525466648487 -1.5758879697401146913 -2.5148946906549261016 1.4487669478510391381e-016 
4.3249999999997790212 0.31100621571186576331 -1.5758879346735819027 -2.5148946906549265456 1.3907782724558252741e-016 
4.3499999999997873701 0.31100621874915873599 -1.5758879596096242448 -2.5148946906549265456 1.1568775777302335106e-016 
4.374999999999795719 0.31100621917760612467 -1.5758879464064379228 -2.5148946906549256575 1.352177231888329698e-016 
4.3999999999998040678 0.31100621730101596363 -1.5758879198859301329 -2.5148946906549261016 8.053892478479883822e-017 
4.4249999999998124167 0.31100621611283046919 -1.5758879266814160847 -2.5148946906549261016 4.1067220185851064839e-017 
4.4499999999998207656 0.31100621580569537405 -1.5758879390407560805 -2.5148946906549256575 4.6878434512844650232e-017 
4.4749999999998291145 0.31100621736252509475 -1.5758879697327849989 -2.5148946906549261016 5.1248193636607980347e-017 
4.4999999999998374633 0.31100621823152568846 -1.575887976821424008 -2.5148946906549265456 4.3572081494902225212e-017 
4.5249999999998458122 0.31100621751286255945 -1.5758879504361156254 -2.5148946906549261016 2.6350531686098155605e-017 
4.5499999999998541611 0.3110062174091585141 -1.5758879494043240843 -2.5148946906549256575 1.7482352905385010761e-017 
4.57499999999986251 0.31100621697898583884 -1.5758879498847506717 -2.5148946906549265456 1.7468811550807785679e-017 
4.5999999999998708589 0.31100621712085968484 -1.5758879301476083068 -2.5148946906549256575 1.5528683667948139289e-017 
4.6249999999998792077 0.31100621819127011181 -1.5758879266194987245 -2.5148946906549261016 1.605867174608686649e-017 
4.6499999999998875566 0.31100621772814557309 -1.5758879377600452099 -2.5148946906549256575 8.0374245898290993414e-018 
4.6749999999998959055 0.31100621720376625534 -1.5758879472437272717 -2.5148946906549261016 8.2306977572748101602e-018 
4.6999999999999042544 0.31100621736877914758 -1.575887955813390251 -2.5148946906549265456 5.5907889384574982655e-018 
4.7249999999999126032 0.31100621674789585835 -1.5758879583809797253 -2.5148946906549261016 6.1562483828893044152e-018 
4.7499999999999209521 0.31100621675269513045 -1.5758879535692122964 -2.5148946906549261016 3.988111723572403584e-018 
4.774999999999929301 0.31100621746117967925 -1.5758879462456318876 -2.5148946906549261016 3.35394927561049886e-018 
4.7999999999999376499 0.311006217560482634 -1.5758879431725540954 -2.5148946906549261016 3.4576647178545397758e-018 
4.8249999999999459988 0.31100621761880875571 -1.5758879456230641125 -2.5148946906549265456 1.9469098503438931884e-018 
4.8499999999999543476 0.3110062175822037589 -1.575887944512298855 -2.5148946906549252134 1.920075292076698648e-018 
4.8749999999999626965 0.31100621732516392504 -1.575887942442589118 -2.5148946906549256575 1.3611305415706566253e-018 
4.8999999999999710454 0.31100621733494937526 -1.5758879453443783714 -2.5148946906549265456 1.3277246539208870426e-018 
4.9249999999999793943 0.31100621731275679416 -1.5758879465784429996 -2.5148946906549261016 1.0191585265340456507e-018 
4.9499999999999877431 0.31100621724736426943 -1.5758879470379310028 -2.5148946906549265456 9.1703853096748661615e-019 
4.974999999999996092 0.31100621727287180995 -1.5758879485813759302 -2.5148946906549256575 5.6988226368992320053e-019 
