0.025000000000000015266 0.59327980130809621073 0.00046856506195393915482 -2.2488451923494712226 0.038466649266555227871 
0.05000000000000003747 0.57074529564788312186 0.016386693407344138373 -2.2594398395073125307 0.052497581936265830249 
0.075000000000000052736 0.43961393077949395547 -0.0037034922199983832947 -2.2861941013474975648 0.082721390541057177037 
0.10000000000000007494 0.40861357212555476925 -0.051105378924984012912 -2.3313758021571566736 0.097862965711120630807 
0.12500000000000008327 0.25480342824926160983 -0.40980892855832062871 -2.3609920773855530562 0.04862042299975169457 
0.15000000000000010547 0.23936969837081650825 -1.7894656341914609854 -2.3772622591492740263 0.037261858798944745563 
0.17500000000000012768 0.30594103996486049502 -2.228949170741033825 -2.3934542305970656351 0.040835931031990353735 
0.20000000000000014988 0.26364635676818232168 -1.3721358564468082442 -2.4082985198833353202 0.02385650476087614047 
0.22500000000000017208 0.25796056735048911168 -1.6105485518551798663 -2.4172169782203813959 0.024715947624691897433 
0.25000000000000016653 0.28682292832788736092 -1.1837788661802171042 -2.4297788590657751762 0.031520581135156051922 
0.27500000000000018874 0.29586463673885582404 -0.32703860659167210967 -2.4395655837920138254 0.015523057142915266254 
0.30000000000000021094 0.31635750392417866239 -0.53748374661360109883 -2.4452002736806135452 0.013316549492538267557 
0.32500000000000023315 0.31938266896973072084 -0.68630433596413165098 -2.4532526783999482056 0.023885375309660453885 
0.35000000000000025535 0.34640056371351207742 -1.2790917640266989963 -2.4628508187161752829 0.020608373516068954207 
0.37500000000000027756 0.36205803742734427031 -1.805298301165787711 -2.469115178591651194 0.010999519154727254583 
0.40000000000000029976 0.31683101713873612626 -1.3354748716532680586 -2.4741811153453880934 0.01224996001263646897 
0.42500000000000032196 0.30887156658152220556 -1.277066415512469133 -2.47946907841374653 0.012530994880213542839 
0.45000000000000034417 0.31292866300687260939 -1.1969525138511603046 -2.4842756649148509673 0.011350484243790613659 
0.47500000000000036637 0.30466036935745355319 -1.0425835304738249043 -2.4892027881757479157 0.01253278485134113121 
0.50000000000000033307 0.30809937076692711644 -1.265114535731785228 -2.4947418291329035434 0.011912717102530693755 
0.52500000000000035527 0.29899592486876935826 -1.4119688475814087258 -2.4988760269207146436 0.0089069396112574483054 
0.55000000000000037748 0.29585183752126126278 -1.884704360100314835 -2.5023068993172237207 0.0069675726140165598205 
0.57500000000000039968 0.30386427192507514672 -2.2331319604514399124 -2.5045108141275171931 0.0041219622023823320953 
0.60000000000000042188 0.29330172868304810185 -1.8517626442477541637 -2.5064117452713223777 0.0044235759840007930765 
0.62500000000000044409 0.30456515285602386856 -1.566284817448734934 -2.5078694926146014588 0.0029421963259404727495 
0.65000000000000046629 0.32443938055175425283 -1.4388886654998152004 -2.5091790880387274676 0.0032449797373532386288 
0.6750000000000004885 0.32386538897297795225 -1.3043616445937127324 -2.5103189860948478263 0.0020725034021128749609 
0.7000000000000005107 0.31668672726652985494 -1.3768539488637852042 -2.5111883516549582396 0.0022354504737743608259 
0.72500000000000053291 0.30251024615052268807 -1.4718239727073909595 -2.5120258627334033363 0.0015241498108345750799 
0.75000000000000055511 0.29725455814316098513 -1.6596823621823442174 -2.5125010442043382852 0.0009884859120168009404 
0.77500000000000057732 0.30926857994475792646 -1.8887968787012567873 -2.5129171662138549692 0.00081041891557218743384 
0.80000000000000059952 0.30875176821973226993 -1.7656575685280841981 -2.5132144117837671438 0.00080606958117514020904 
0.82500000000000062172 0.30631672059064646296 -1.554012707304856189 -2.5135883108841330369 0.00089009235933256607761 
0.85000000000000064393 0.31399902665823642423 -1.5244809653715136744 -2.5139073643193734497 0.00055708199406179432014 
0.87500000000000066613 0.31489486787379189492 -1.4936918674268344631 -2.5140750671777771785 0.00028948627308645236318 
0.90000000000000068834 0.31421120971614246997 -1.4711175795591411308 -2.5141799148029013722 0.00027456597995619675366 
0.92500000000000071054 0.31426465439937495416 -1.5113059318590345015 -2.5143151253406106349 0.00033012975330703450477 
0.95000000000000073275 0.3088165880843289357 -1.5773167020997138632 -2.5144482657683693283 0.00029038226849297990974 
0.97500000000000075495 0.30795563222688759897 -1.654725820479723275 -2.5145412247881666623 0.00015195030525447090456 
1.0000000000000006661 0.3097259463974471605 -1.6527908844185350556 -2.5145956964049340776 0.00013767691295948805263 
1.0249999999999979128 0.30856161389645980764 -1.579300895506261293 -2.5146565791731352313 0.00012828475379740206827 
1.0499999999999951594 0.31049118982222306817 -1.5535489935265665018 -2.5146970280201408343 7.6645355486931634852e-005 
1.0749999999999924061 0.31311666717483860323 -1.5609779249742299356 -2.5147335434473827576 9.3934302074999398956e-005 
1.0999999999999896527 0.31264560055011403339 -1.5634896728060363458 -2.5147664453873033175 6.7167618163996731999e-005 
1.1249999999999868994 0.31105686934930154575 -1.5740935642420663676 -2.5147932371353229897 5.3674801885303338354e-005 
1.149999999999984146 0.30978126213667300792 -1.5792688593510755268 -2.5148113502592481794 3.6167993156818145878e-005 
1.1749999999999813927 0.31055012945190124674 -1.5889992880019074839 -2.5148258454295393527 3.6363939713569258278e-005 
1.1999999999999786393 0.31139361006729365799 -1.5921667338016720628 -2.5148397389257097778 2.44836048713737449e-005 
1.224999999999975886 0.31090860028262773396 -1.5701024917248163071 -2.514848368247061039 2.2325040525369451274e-005 
1.2499999999999731326 0.31124337457548545416 -1.5598316001335397196 -2.5148588594282683673 2.3106307203431877682e-005 
1.2749999999999703792 0.31122830830428632742 -1.5637675061718814273 -2.5148658215765555823 1.2276727635119040423e-005 
1.2999999999999676259 0.31077581343960064553 -1.5722267161236813671 -2.5148709847597463529 1.1882969745433743792e-005 
1.3249999999999648725 0.31111603382174629617 -1.58593954167080331 -2.5148751068201793402 8.4815301005756033026e-006 
1.3499999999999621192 0.31083252491910406956 -1.5808267601915297895 -2.514878989271752463 8.9903262625764447809e-006 
1.3749999999999593658 0.31071959418312827816 -1.5758211937232671218 -2.5148818747941650287 5.9347618562394443908e-006 
1.3999999999999566125 0.31122644228153006907 -1.5848258820526088808 -2.5148844131100136501 5.3528161756201980923e-006 
1.4249999999999538591 0.31085211548226515665 -1.5796294175785221547 -2.5148863728558747965 4.2679596237596092062e-006 
1.4499999999999511058 0.31071657426578713768 -1.5724708449843352032 -2.5148880271460631874 3.7045908636526126959e-006 
1.4749999999999483524 0.3112506574503680068 -1.5736091232695388342 -2.5148893062538713039 2.2051891315277567283e-006 
1.4999999999999455991 0.31130230465828045983 -1.5710522659532837331 -2.5148900912488891812 1.8243540805501251662e-006 
1.5249999999999428457 0.31123552995495479268 -1.5724694327307959796 -2.5148909905197061043 2.3657422796064275364e-006 
1.5499999999999400924 0.31107419188772317264 -1.5742564729642820609 -2.5148918547654761646 1.662150413338557329e-006 
1.574999999999937339 0.31071069662254013899 -1.5742795734242482908 -2.5148923967004170876 9.4820063360883526561e-007 
1.5999999999999345857 0.31075402031512572298 -1.5789429400875576448 -2.5148927553223194842 8.7153237809217811546e-007 
1.6249999999999318323 0.31097193578550402782 -1.5793354552412388614 -2.5148931244975534227 7.5385543750224587651e-007 
1.649999999999929079 0.3110493433941998731 -1.5776543423254194565 -2.5148933859030795368 6.7669143767782708273e-007 
1.6749999999999263256 0.31108000644725836148 -1.5786671468010355923 -2.5148936834060582335 5.8101808906087467012e-007 
1.6999999999999235722 0.31103909414134134348 -1.5761859877850779021 -2.5148938868739034724 4.3371653544312806489e-007 
1.7249999999999208189 0.31103350622143471904 -1.5739226876979535152 -2.514894025710569192 2.3694129874342731785e-007 
1.7499999999999180655 0.31102601992756440108 -1.5740263827241203209 -2.5148941275085299196 2.982802453496041505e-007 
1.7749999999999153122 0.31100668173640588776 -1.5738912116643219985 -2.5148942590124110374 2.4423700631080832461e-007 
1.7999999999999125588 0.31106114321499639397 -1.5749539423316227804 -2.5148943290505783033 1.511723211618066377e-007 
1.8249999999999098055 0.31099993025697203475 -1.5758482607932666753 -2.5148944002194904002 1.6432164989084250168e-007 
1.8499999999999070521 0.31091295180255229536 -1.5766266645708078009 -2.5148944553388314915 1.088326182617107044e-007 
1.8749999999999042988 0.31097324651771934834 -1.5774500769780430698 -2.5148945040250989535 1.1507537109683481715e-007 
1.8999999999999015454 0.31100202381223490677 -1.5764093578749012181 -2.5148945403984814817 5.8074528944708237887e-008 
1.9249999999998987921 0.31102429983217200204 -1.5759223050171389247 -2.5148945622937621813 5.6788859466425923172e-008 
1.9499999999998960387 0.3110708746918936507 -1.5762526749197816045 -2.5148945852882889085 4.8017258416950858494e-008 
1.9749999999998932854 0.3110171786569402852 -1.5755495986386265361 -2.5148946084750694041 6.2206577443005745454e-008 
1.999999999999890532 0.31097739713432798192 -1.5756072821117008687 -2.5148946287955600276 3.012794078866952929e-008 
2.0249999999998880007 0.31099091133071160575 -1.5761036024836796443 -2.5148946370429223762 1.6135247269260204531e-008 
2.0499999999998852473 0.31098477781889249938 -1.5756623297256409089 -2.5148946452779545879 2.0672238960320041629e-008 
2.074999999999882494 0.31101326853206945344 -1.5753973926797062433 -2.514894653835201499 2.143513412467832917e-008 
2.0999999999998797406 0.31103506231284722139 -1.5754469538534618955 -2.514894662296825345 1.7455220247669297553e-008 
2.1249999999998769873 0.31101115543285290377 -1.5756530676463031959 -2.5148946683976953764 1.1439661367180212713e-008 
2.1499999999998742339 0.31100490050148921206 -1.5761937185664962602 -2.5148946720177698388 6.4523287672462833676e-009 
2.1749999999998714806 0.31100337821631790503 -1.5763630434375870415 -2.5148946749618552587 8.3027757650433072468e-009 
2.1999999999998687272 0.31099515694301305135 -1.5762462101671479431 -2.5148946781646324133 6.0445604291099525371e-009 
2.2249999999998659739 0.31099805737218549906 -1.5761922373280425891 -2.5148946803838492237 5.3500612783325667825e-009 
2.2499999999998632205 0.31100357056790012278 -1.5759001967839849634 -2.5148946826565388157 4.569222387084454034e-009 
2.2749999999998604672 0.31101235547723926622 -1.5756628829874075315 -2.5148946841848163203 3.4550345576237225365e-009 
2.2999999999998577138 0.31101017420567739213 -1.5756496105129058627 -2.5148946854426164066 2.0484754529324067013e-009 
2.3249999999998549605 0.31100359855250214736 -1.5755899575448801819 -2.5148946861483389981 1.8835885793781835062e-009 
2.3499999999998522071 0.31101269301962003455 -1.5756934561533977313 -2.5148946871049275842 2.237200307237323485e-009 
2.3749999999998494538 0.31101240882216557582 -1.5759508304297880077 -2.5148946877992517379 1.2749342291742132748e-009 
2.3999999999998467004 0.31100415841373763026 -1.5760557398869585732 -2.5148946883622631532 1.4002810515884375887e-009 
2.4249999999998439471 0.31100411233540881106 -1.5760326187495805605 -2.5148946888540071321 8.1542880909451135565e-010 
2.4499999999998411937 0.31099958678994904515 -1.5759719040908759524 -2.5148946891330825615 6.6577305214489856835e-010 
2.4749999999998384403 0.31100131999396513072 -1.5759616182517766081 -2.5148946893965149485 5.3809259429411025579e-010 
2.499999999999835687 0.31101035832246010093 -1.5759365156717231038 -2.5148946896219266378 6.0292230202440846629e-010 
2.5249999999998329336 0.31100822041941883489 -1.5757994907243575433 -2.5148946898738024913 4.7520019440022892893e-010 
2.5499999999998301803 0.31100617864939111845 -1.5757748117688332723 -2.5148946900141759819 2.8013274216641967829e-010 
2.5749999999998274269 0.311008227182382746 -1.575856642020100562 -2.5148946901250752717 2.3417825296889822124e-010 
2.5999999999998246736 0.31100618690267561872 -1.5758633177700294148 -2.5148946902196995801 2.1806015450791905533e-010 
2.6249999999998219202 0.31100627788725365708 -1.5758818150520372825 -2.5148946903043269963 1.7787672790712822763e-010 
2.6499999999998191669 0.31100652833535658015 -1.5759041423729320819 -2.5148946903688735866 1.398861128911567248e-010 
2.6749999999998164135 0.31100467325181008205 -1.5759066153042711189 -2.5148946904238549394 1.2577039387343232253e-010 
2.6999999999998136602 0.31100563906639244749 -1.5759417795258632289 -2.5148946904766691368 1.0849652700364688931e-010 
2.7249999999998109068 0.31100620852245725034 -1.5759189423150388176 -2.5148946905081484005 5.1840330859062139219e-011 
2.7499999999998081535 0.31100595275673109663 -1.5758684259805382233 -2.5148946905284139675 5.2827600859822624046e-011 
2.7749999999998054001 0.31100708500875345885 -1.5758706875730879027 -2.5148946905530142892 5.7782329988450898455e-011 
2.7999999999998026468 0.31100717429644503254 -1.5758704198509700944 -2.514894690575434133 4.7635634603712460989e-011 
2.8249999999997998934 0.31100630261411860156 -1.5758773660878833134 -2.5148946905924756123 3.4365584058695938321e-011 
2.84999999999979714 0.31100520467913744804 -1.5758946407417506741 -2.514894690602977434 1.7870019305746288232e-011 
2.8749999999997943867 0.31100506753544360228 -1.5758933647270061407 -2.5148946906115705602 2.2237745375534517396e-011 
2.8999999999997916333 0.31100669245692108555 -1.5758981957764413018 -2.5148946906194296069 1.5403632779751138692e-011 
2.92499999999978888 0.31100691765289151247 -1.5758926442531533407 -2.5148946906265998713 1.9684149643601822272e-011 
2.9499999999997861266 0.31100616949004211698 -1.5758740811392943915 -2.5148946906332074747 9.6002250692252414744e-012 
2.9749999999997833733 0.31100660487200976201 -1.5758745587564151336 -2.5148946906364924025 7.9492105891613754459e-012 
2.9999999999997806199 0.31100650238002530701 -1.5758850164257482973 -2.5148946906398466083 7.3980107008091073404e-012 
3.0249999999997778666 0.31100609547972446478 -1.5758962949160524314 -2.5148946906426421499 6.7772128129160956433e-012 
3.0499999999997751132 0.31100605287108906705 -1.5758996702055618755 -2.5148946906454190398 5.0817512285982378161e-012 
3.0749999999997723599 0.31100557775354326084 -1.5758938837399514288 -2.5148946906468498952 2.833234900633710051e-012 
3.0999999999997696065 0.31100582860337427915 -1.5758942098840429402 -2.5148946906483531372 4.1325021054246193689e-012 
3.1249999999997668532 0.31100649239485489428 -1.5758883484249761597 -2.5148946906498044207 2.6130069154483069985e-012 
3.1499999999997640998 0.31100634054279929774 -1.5758763310159049631 -2.514894690650806286 2.1631450046535247285e-012 
3.1749999999997613465 0.3110064011585945698 -1.57587721322590113 -2.5148946906515008415 1.2536071003260928222e-012 
3.1999999999997585931 0.31100665969277108136 -1.5758832549592018957 -2.5148946906520439626 1.4191710541437278566e-012 
3.2249999999997558398 0.31100638888292603257 -1.5758887701114006052 -2.5148946906526341571 1.3491961608492095785e-012 
3.2499999999997530864 0.31100605430395794615 -1.5758942043878827466 -2.5148946906531577383 1.0258095066008067383e-012 
3.274999999999750333 0.31100585997613000577 -1.5758934362931689144 -2.5148946906534863643 6.3036125383381357948e-013 
3.2999999999997475797 0.31100593848419266774 -1.5758918649776965104 -2.5148946906537208434 5.1781546946844535657e-013 
3.3249999999997448263 0.31100625941465664948 -1.5758908145270087431 -2.5148946906539264567 4.4692219342379658187e-013 
3.349999999999742073 0.31100636493298117191 -1.575885553963967789 -2.5148946906541280732 5.0338519403777150142e-013 
3.3749999999997393196 0.31100631795920569145 -1.5758829026366645287 -2.5148946906542981594 3.0611480636720740633e-013 
3.3999999999997365663 0.31100625975192225381 -1.5758854339629788655 -2.5148946906544171753 2.7205405097072936878e-013 
3.4249999999997338129 0.31100619963666092938 -1.5758876952768510193 -2.5148946906545091018 1.5526038814595905097e-013 
3.4499999999997310596 0.31100622569677882634 -1.5758886652979979814 -2.5148946906545801561 2.0726080648012304825e-013 
3.4749999999997283062 0.3110062061230884356 -1.5758885674261018384 -2.5148946906546565394 1.2038352302606443494e-013 
3.4999999999997255529 0.31100619547218427696 -1.5758883206944673816 -2.5148946906546951752 1.0666226800099933405e-013 
3.5249999999997227995 0.3110062491722284661 -1.5758891023228052131 -2.5148946906547458013 1.0790888504772817664e-013 
3.5499999999997200462 0.31100618189385792478 -1.5758889481063316218 -2.5148946906547831048 7.5674742449056519851e-014 
3.5749999999997172928 0.3110061474697479178 -1.5758877379153068965 -2.5148946906548097502 5.3237666121948940287e-014 
3.5999999999997145395 0.31100624236703638958 -1.5758872807397494853 -2.5148946906548284019 3.9177337212440200617e-014 
3.6249999999997117861 0.31100626946435028231 -1.5758875146760713548 -2.5148946906548461655 4.3383500559872104847e-014 
3.6499999999997090327 0.31100624900186552013 -1.5758878958091848688 -2.5148946906548625968 3.2596669538177249804e-014 
3.6749999999997062794 0.31100621537553779783 -1.5758877110259073007 -2.5148946906548759195 3.2932658853407018448e-014 
3.699999999999703526 0.31100616216130561043 -1.5758874894872381134 -2.5148946906548852454 1.4978905746169473912e-014 
3.7249999999997007727 0.31100618899913368143 -1.5758882948113366318 -2.5148946906548919067 1.5424491308621616698e-014 
3.7499999999996980193 0.31100624178628399896 -1.5758886047426758914 -2.514894690654898568 1.4385311415441015833e-014 
3.774999999999695266 0.31100623962369416953 -1.5758879902618254665 -2.5148946906549043412 1.153401885687352791e-014 
3.7999999999996925126 0.31100622947624523285 -1.5758878184049271987 -2.5148946906549087821 8.5651031998704529647e-015 
3.8249999999996897593 0.31100622045750453415 -1.5758878036637118392 -2.5148946906549114466 9.4255650113368186302e-015 
3.8499999999996870059 0.3110062106498600043 -1.575887829900760817 -2.5148946906549141111 4.7570869271905159811e-015 
3.8749999999996842526 0.31100620813315865698 -1.5758879617330117107 -2.5148946906549163316 3.8524573505407948883e-015 
3.8999999999996814992 0.31100620662533740024 -1.5758878023747695529 -2.5148946906549172198 3.7353665632849749962e-015 
3.9249999999996787459 0.31100621711434794925 -1.5758879509060954582 -2.5148946906549189961 3.7944646373199780814e-015 
3.9499999999996759925 0.31100622412587780596 -1.5758882275774988013 -2.5148946906549212166 2.961692301609277224e-015 
3.9749999999996732392 0.31100621646623044514 -1.5758880282458116451 -2.5148946906549216607 2.0774344800974206709e-015 
3.9999999999996704858 0.31100621395594707508 -1.5758879152810041369 -2.5148946906549221048 9.9240607735715977646e-016 
4.0249999999996788347 0.31100621686838886282 -1.5758879147946402988 -2.514894690654923437 1.4104792603606038309e-015 
4.0499999999996871836 0.31100622466980792913 -1.5758878069481285777 -2.5148946906549243252 1.299079810233926677e-015 
4.0749999999996955324 0.3110062286958767408 -1.5758878563202978196 -2.5148946906549247693 9.1779370531796734206e-016 
4.0999999999997038813 0.31100621527521016274 -1.5758879466068405062 -2.5148946906549247693 8.9462020484351335935e-016 
4.1249999999997122302 0.31100620789377514397 -1.57588800295547804 -2.5148946906549247693 3.7282905618769646395e-016 
4.1499999999997205791 0.31100621348108670183 -1.5758880437327640323 -2.5148946906549252134 3.8569357334594791861e-016 
4.1749999999997289279 0.31100621435112413282 -1.5758879809237922309 -2.5148946906549261016 4.7078098444120283435e-016 
4.1999999999997372768 0.31100621787312571209 -1.5758879290015681551 -2.5148946906549252134 4.0696090803824856631e-016 
4.2249999999997456257 0.31100622318256798682 -1.5758879045329245994 -2.5148946906549261016 1.5574104031432744802e-016 
4.2499999999997539746 0.31100621991300514413 -1.5758879083747427963 -2.5148946906549252134 2.2224844541423761234e-016 
4.2749999999997623235 0.31100621620320473282 -1.5758879744035216852 -2.5148946906549265456 1.9493571939765426091e-016 
4.2999999999997706723 0.31100621535555494912 -1.5758879678461279461 -2.5148946906549252134 1.0316932894443767731e-016 
4.3249999999997790212 0.31100621601336647659 -1.5758879342618137276 -2.5148946906549269897 1.0442271536467376434e-016 
4.3499999999997873701 0.31100621898207914118 -1.5758879571946260434 -2.5148946906549265456 9.0757415307832942629e-017 
4.374999999999795719 0.31100621911106707262 -1.5758879426525034262 -2.5148946906549247693 9.5281648097369115043e-017 
4.3999999999998040678 0.31100621685427037866 -1.5758879188199566013 -2.5148946906549261016 5.4406464997833665725e-017 
4.4249999999998124167 0.31100621607498524224 -1.5758879306025399547 -2.5148946906549265456 2.9548953536241927109e-017 
4.4499999999998207656 0.31100621632378788739 -1.5758879464009316607 -2.5148946906549256575 3.8616186682472156228e-017 
4.4749999999998291145 0.31100621760528202042 -1.5758879721873935154 -2.5148946906549252134 3.6856745664617633101e-017 
4.4999999999998374633 0.31100621810886602825 -1.5758879725673173855 -2.5148946906549256575 2.908182824780648217e-017 
4.5249999999998458122 0.31100621733672179081 -1.5758879460721439969 -2.5148946906549252134 1.8913903714269844186e-017 
4.5499999999998541611 0.31100621725571886422 -1.575887946608925283 -2.5148946906549265456 1.3860508088826080238e-017 
4.57499999999986251 0.31100621706165093583 -1.575887947452268012 -2.5148946906549261016 1.1980993740601157579e-017 
4.5999999999998708589 0.31100621727348787271 -1.5758879301647135129 -2.5148946906549265456 1.1280656175441086348e-017 
4.6249999999998792077 0.31100621809424439101 -1.5758879298771688582 -2.5148946906549261016 1.1826344502825304411e-017 
4.6499999999998875566 0.31100621761664798415 -1.5758879416172058008 -2.5148946906549261016 4.9449289425093782611e-018 
4.6749999999998959055 0.31100621720855409214 -1.575887949783215447 -2.5148946906549265456 6.5156213677380465513e-018 
4.6999999999999042544 0.3110062173431025756 -1.575887956166716064 -2.5148946906549256575 3.7940585699594174961e-018 
4.7249999999999126032 0.31100621677210060767 -1.5758879558138572108 -2.5148946906549252134 4.4380462478553922176e-018 
4.7499999999999209521 0.31100621687268470428 -1.575887950426241968 -2.5148946906549269897 2.5806529527545317212e-018 
4.774999999999929301 0.31100621754667684415 -1.5758879456036463118 -2.5148946906549261016 2.7087090977765523469e-018 
4.7999999999999376499 0.31100621755803881108 -1.5758879438383814886 -2.5148946906549256575 2.2901931307501627903e-018 
4.8249999999999459988 0.31100621755393131895 -1.5758879457751961972 -2.5148946906549261016 1.4119879205896002429e-018 
4.8499999999999543476 0.31100621750034673774 -1.5758879449213596402 -2.5148946906549269897 1.2925197946591315067e-018 
4.8749999999999626965 0.31100621727588417809 -1.5758879431843135777 -2.5148946906549265456 9.9517891821054982123e-019 
4.8999999999999710454 0.31100621734334510382 -1.5758879456218637394 -2.5148946906549261016 9.5293645100174976509e-019 
4.9249999999999793943 0.31100621735454703209 -1.5758879465654467289 -2.5148946906549261016 7.0519346500529622674e-019 
4.9499999999999877431 0.31100621727333316313 -1.5758879469112705429 -2.5148946906549265456 6.3518757991416043435e-019 
4.974999999999996092 0.31100621728793148568 -1.5758879484757080114 -2.5148946906549261016 3.9707384208786241718e-019 
