0.025000000000000015266 0.59361657591571170833 0.0004708278146645962503 -2.248456380797787979 0.038696602520250408808 
0.05000000000000003747 0.57085598879465737632 0.0164732588433519761 -2.2588348943514087175 0.053130122327259735049 
0.075000000000000052736 0.43865209767407614683 -0.0041231686243381471257 -2.285159626200617744 0.08391789910604054159 
0.10000000000000007494 0.40697478464018693733 -0.051481873263956590137 -2.3296019454542680194 0.099011756697694644491 
0.12500000000000008327 0.25205050620892732738 -0.41037357680827768469 -2.3586991776914461028 0.049429241536593414297 
0.15000000000000010547 0.237606812862129535 -1.813444662171094679 -2.3749038059715830151 0.038546833396595578392 
0.17500000000000012768 0.30537180973521887983 -2.2640510299905374225 -2.3910895953466724251 0.041912621652707704456 
0.20000000000000014988 0.26082673989127175274 -1.3878201229292388419 -2.4058409933030815431 0.024212995799059462004 
0.22500000000000017208 0.25378613545709721722 -1.6433381789179404286 -2.4146444535959736832 0.025417475807536293181 
0.25000000000000016653 0.28314312947334813186 -1.2033834841486712453 -2.4272561898425220051 0.032698579100079658288 
0.27500000000000018874 0.29307766485109232324 -0.29290567112565574215 -2.4370733991962651999 0.015800917451144484011 
0.30000000000000021094 0.31348316618010235723 -0.50321537501821533844 -2.4423358804642649744 0.011894442162683375314 
0.32500000000000023315 0.31251520930782811236 -0.64917323072113286564 -2.4494586150027881644 0.022109626388327644625 
0.35000000000000025535 0.33463188623634931851 -1.266335980428759278 -2.4582655051013500014 0.020632372985368609142 
0.37500000000000027756 0.35511211614167420558 -1.8323675691201790627 -2.4648765609149987377 0.012867762634797587362 
0.40000000000000029976 0.32502129315895972317 -1.3117122096114388619 -2.4703980280901993716 0.013413566278420004096 
0.42500000000000032196 0.32430633532648628359 -1.1715492933311675294 -2.4758547405288990895 0.012592401238578403155 
0.45000000000000034417 0.32347116464290281979 -1.0349219382960330726 -2.4804387236745535361 0.011168001334752528098 
0.47500000000000036637 0.31182160275519549275 -0.9461708291807003901 -2.4847829744152507558 0.010731719763262153808 
0.50000000000000033307 0.31168005015657840318 -1.1883994991623278992 -2.4898253103044956092 0.012748809255541169658 
0.52500000000000035527 0.29781678060827704302 -1.2395694187269561404 -2.4949029799344137892 0.012534738819740338239 
0.55000000000000037748 0.28882377642038997712 -1.6915027205464530091 -2.4994131719212249187 0.0089936243710561740439 
0.57500000000000039968 0.29914810473699204874 -2.1698191016084393823 -2.5022667402215752475 0.0054364025362831089674 
0.60000000000000042188 0.29440429289463226903 -1.9916654113913683233 -2.5044475516850233099 0.0053722267309542657762 
0.62500000000000044409 0.30198245186517780336 -1.8026898980579724174 -2.506436049500567087 0.0042121694531358404648 
0.65000000000000046629 0.31637690389933414981 -1.5857323757011472232 -2.5078078299321364675 0.0029188560329758152755 
0.6750000000000004885 0.31752022089050702114 -1.3227359053512277587 -2.509037684118772038 0.0029319574548045328026 
0.7000000000000005107 0.32070113468160699188 -1.3609741709452163327 -2.51011367334839397 0.0023559846029482006853 
0.72500000000000053291 0.31183558699845531637 -1.3973621316753059851 -2.5111036563591513371 0.0025983935087665966171 
0.75000000000000055511 0.30018499621427008339 -1.50952092309576269 -2.5119723286210051683 0.0014210000594958994806 
0.77500000000000057732 0.30603742620115081952 -1.7626445838886022344 -2.5123942589499677069 0.00083642280620994371651 
0.80000000000000059952 0.30687414955506192582 -1.8003369709464047688 -2.5127246975177133237 0.00087327586713717702139 
0.82500000000000062172 0.3045990580090450206 -1.7032729054193014306 -2.5131194148682669542 0.001037416887236311102 
0.85000000000000064393 0.31018202767150998556 -1.6244863336432158185 -2.5135462129197345682 0.00095906534660406277289 
0.87500000000000066613 0.31258707501393157013 -1.5131022735307200211 -2.5138398516458360099 0.00049871949128760630684 
0.90000000000000068834 0.31472896381374543262 -1.4595077922700987472 -2.5139932526885617747 0.00029128864870512163627 
0.92500000000000071054 0.31662857470763328127 -1.4782465392634733803 -2.514105735009940279 0.00029990997088918236848 
0.95000000000000073275 0.31241640975185425155 -1.5268599993865041853 -2.5142566398224497348 0.00043432131317688014473 
0.97500000000000075495 0.30851621201619333634 -1.616203463035665866 -2.5144220653870235083 0.00031033703696236946508 
1.0000000000000006661 0.30705697478939009137 -1.6615906261568218483 -2.5145028827530131466 0.00013146063518384339401 
1.0249999999999979128 0.30747176478287208123 -1.6284604776832432016 -2.5145573837686026053 0.00015332942250905224886 
1.0499999999999951594 0.31053902771429264806 -1.5796644215356125951 -2.5146235152344522668 0.0001466407086810181306 
1.0749999999999924061 0.31266032209873551029 -1.5479508908714216808 -2.5146723745653130067 0.00010283362926925562286 
1.0999999999999896527 0.31315915936511590223 -1.5482043857546454735 -2.5147129436196986596 0.00010062422520108358845 
1.1249999999999868994 0.31186006732057575119 -1.5607401258279112177 -2.5147508789667805118 7.6550068784319010647e-005 
1.149999999999984146 0.30958331852570436515 -1.5711617683124203815 -2.5147760494729407554 5.3822005317618409838e-005 
1.1749999999999813927 0.31004064813396031708 -1.5967156478482547044 -2.5147972196058119287 4.9184172566286600147e-005 
1.1999999999999786393 0.31109556523881604084 -1.6052802843138822553 -2.5148160800209136134 4.1907534298775203229e-005 
1.224999999999975886 0.31094238563375181661 -1.5850850221225043502 -2.5148288602931194724 2.396215750101143472e-005 
1.2499999999999731326 0.3114868604243807293 -1.571909636477925698 -2.514840738639604556 3.3609708234675492113e-005 
1.2749999999999703792 0.31130835560738900902 -1.556518859647537667 -2.5148528299583574608 2.3213475242013730768e-005 
1.2999999999999676259 0.31072494090663010935 -1.5513657029236616047 -2.514859752663228587 1.4054294087702076489e-005 
1.3249999999999648725 0.31125518929679135693 -1.5723474995512374264 -2.5148658688434721853 1.4684035909726479897e-005 
1.3499999999999621192 0.31115415057600509519 -1.5806151804604158251 -2.5148713920472118843 1.2318341586630496756e-005 
1.3749999999999593658 0.31066591230636991794 -1.5821472997778287528 -2.5148754894733897913 8.6071303398342547986e-006 
1.3999999999999566125 0.31076774356596842397 -1.5905911447539335946 -2.5148789833261124826 8.3201455913161110754e-006 
1.4249999999999538591 0.31067508047747249833 -1.5852128982519175793 -2.5148821639366536473 6.7563125573217189208e-006 
1.4499999999999511058 0.31078177581084542869 -1.5786604892594089389 -2.5148843277826347098 4.6353917890808944881e-006 
1.4749999999999483524 0.31120197018930551014 -1.5751796056536360169 -2.5148863525251829998 5.0106951852611927197e-006 
1.4999999999999455991 0.31137251085066014467 -1.5669554305947057671 -2.5148879269240413947 2.5018473129325858321e-006 
1.5249999999999428457 0.31140849147726751278 -1.5675830618372994518 -2.5148888612829316536 2.6421738094581982917e-006 
1.5499999999999400924 0.31119863103057965326 -1.5719688036442414081 -2.5148900615030487238 2.9496160913891071625e-006 
1.574999999999937339 0.31085855392367561789 -1.5738702158775503825 -2.5148910612922401597 1.941717356957864922e-006 
1.5999999999999345857 0.3106965641000195566 -1.5781068737237480271 -2.5148917084804462974 1.2570017392742257003e-006 
1.6249999999999318323 0.31068761147884349505 -1.5789506304116556201 -2.5148922006014458042 1.2109311619433056341e-006 
1.649999999999929079 0.31093389917739178152 -1.578909901143013883 -2.5148926167216782979 9.0020119281560745274e-007 
1.6749999999999263256 0.31114427941375683018 -1.5802883057020187252 -2.5148930109059035587 9.7486693985472846065e-007 
1.6999999999999235722 0.31109194129480316482 -1.5780789835303066226 -2.5148933759346046024 7.8637763623496374217e-007 
1.7249999999999208189 0.31107967158947519293 -1.5753944296938620084 -2.5148936205951919476 4.2657356950448834034e-007 
1.7499999999999180655 0.31104201643746232087 -1.5736805313481911917 -2.5148937684272039128 3.777417660517019846e-007 
1.7749999999999153122 0.31099617892395237106 -1.5730747913479392608 -2.5148939573783439805 4.9057442717505703689e-007 
1.7999999999999125588 0.31108661989011776594 -1.5741704399329259356 -2.5148941122420533922 2.5721436268885727929e-007 
1.8249999999999098055 0.31102923031712337298 -1.5741809971139890667 -2.5148941966192617237 2.0062051416371949531e-007 
1.8499999999999070521 0.31090385112706958592 -1.5754480433925646121 -2.5148942849032751568 2.1850329914813090246e-007 
1.8749999999999042988 0.31093742051182488018 -1.5778879586878915564 -2.5148943676195991692 1.8897926663145760916e-007 
1.8999999999999015454 0.3109607610149801582 -1.5774164144861453352 -2.514894438345968819 1.4462030805040151716e-007 
1.9249999999998987921 0.3109978477109340278 -1.5766821148290259824 -2.5148944798092349728 7.1657206446416271254e-008 
1.9499999999998960387 0.3110787107389992312 -1.5767170501024403428 -2.514894507986571881 7.1234675662024660661e-008 
1.9749999999998932854 0.31106529944770333618 -1.5756535530965494196 -2.514894540137997403 8.7554188388706196909e-008 
1.999999999999890532 0.31101973903822266454 -1.5753292570727794875 -2.5148945770919808318 8.5950669926760059277e-008 
2.0249999999998880007 0.31098658070508211626 -1.5757193577794770256 -2.5148946025595617648 3.6745983640469624548e-008 
2.0499999999998852473 0.31096302267059533486 -1.5755610003060782631 -2.5148946129205054234 2.2474181037078051401e-008 
2.074999999999882494 0.31099285172071816641 -1.5755754698772936884 -2.5148946236535345555 3.0308067764933174384e-008 
2.0999999999998797406 0.31101517326535843555 -1.5755642823622970639 -2.5148946372635809787 3.4877590747058288432e-008 
2.1249999999998769873 0.31101255632766749981 -1.5754736404747253786 -2.5148946500820672512 2.5968364916116846788e-008 
2.1499999999998742339 0.31101927269809503951 -1.5758347745036331844 -2.5148946577424102777 1.2838576704474563129e-008 
2.1749999999998714806 0.3110151679128252411 -1.5761910733808801588 -2.5148946625513577402 1.1773153942807921872e-008 
2.1999999999998687272 0.31101006993584762172 -1.5763636382204579967 -2.5148946673257022155 1.1635436388070357967e-008 
2.2249999999998659739 0.31099812122943160109 -1.5764105606150835559 -2.5148946716984479366 9.7819595385391667955e-009 
2.2499999999998632205 0.31098479416262864161 -1.5761462895213571578 -2.5148946754019427807 7.9629854280151467575e-009 
2.2749999999998604672 0.31100486109799674317 -1.5758674466906956724 -2.5148946783550214512 6.9511333668338484178e-009 
2.2999999999998577138 0.31101511104899692839 -1.575709131728070922 -2.5148946808812500109 5.1922392239737236441e-009 
2.3249999999998549605 0.3110044159195732294 -1.5755172873179996706 -2.5148946825017945983 2.9339797227922344211e-009 
2.3499999999998522071 0.31101130771396418018 -1.5754656466882275279 -2.514894683718129631 3.2344406345786915666e-009 
2.3749999999998494538 0.31101234652664805358 -1.5756650836619754408 -2.5148946850421394217 3.1573322627101696279e-009 
2.3999999999998467004 0.31100637691753507674 -1.5759829733399817187 -2.5148946861919565521 2.4992133235667535838e-009 
2.4249999999998439471 0.31100972545167043792 -1.576140464498717364 -2.514894687119880512 1.9474809362478678267e-009 
2.4499999999998411937 0.31100289968781585914 -1.5760550858306554556 -2.5148946877498588037 1.2305717243600891004e-009 
2.4749999999998384403 0.310997873884313214 -1.5760483704772834113 -2.5148946882175455819 1.0910873594119403754e-009 
2.499999999999835687 0.31100472724549094172 -1.5760496899679321547 -2.5148946885886322988 8.2742015664736885066e-010 
2.5249999999998329336 0.31100645525635994826 -1.5758422984257964838 -2.5148946890119221464 1.1521370207129427052e-009 
2.5499999999998301803 0.31100737630004460232 -1.5757311111849796603 -2.5148946893961894311 6.8148687571813703981e-010 
2.5749999999998274269 0.31100923715763706401 -1.5757767152030446312 -2.5148946896004402696 4.2962694655268163266e-010 
2.5999999999998246736 0.31100762245956364849 -1.5758053541245407025 -2.5148946897780679599 3.9239546003944772623e-010 
2.6249999999998219202 0.31100753045424150978 -1.5758741054042726404 -2.5148946899239499331 3.5507038446722568933e-010 
2.6499999999998191669 0.31100599629255792911 -1.5759126443262734263 -2.5148946900671842464 3.3453940350425846519e-010 
2.6749999999998164135 0.31100389384867138665 -1.5759082538865130108 -2.5148946901791338071 2.188341784772544464e-010 
2.6999999999998136602 0.31100522182055068132 -1.5759494484121054914 -2.5148946902710309637 2.2999989968825405881e-010 
2.7249999999998109068 0.31100594357305177962 -1.5759390941838482547 -2.5148946903488758053 1.4798498632757263288e-010 
2.7499999999998081535 0.3110066778489876671 -1.5758869712364984572 -2.5148946903982136725 1.044303235281090101e-010 
2.7749999999998054001 0.31100757883089363842 -1.575871647359378791 -2.5148946904381626055 9.288263893866570622e-011 
2.7999999999998026468 0.31100676658744935699 -1.5758654377398362278 -2.5148946904774795996 1.0184496682511155403e-010 
2.8249999999997998934 0.31100638164137034414 -1.575876372605274689 -2.5148946905189415446 9.3157715730628637883e-011 
2.84999999999979714 0.31100514553203922885 -1.5758886700684793247 -2.5148946905463334112 4.337295590962488444e-011 
2.8749999999997943867 0.31100422647588504832 -1.5758876923542062265 -2.5148946905611584413 3.5323382057142348813e-011 
2.8999999999997916333 0.31100652175616799733 -1.5758965353361293893 -2.5148946905769067328 3.8601868865806683914e-011 
2.92499999999978888 0.31100756356873415776 -1.5758924574668720098 -2.5148946905911131466 3.5359404069661932589e-011 
2.9499999999997861266 0.3110064769420508024 -1.5758800187202370857 -2.5148946906061291351 3.2525236348812370152e-011 
2.9749999999997833733 0.31100645605359455992 -1.5758750108112584698 -2.5148946906151703473 1.3782437515604456665e-011 
2.9999999999997806199 0.31100642547104889735 -1.575874542587819116 -2.5148946906205091878 1.516485345434891936e-011 
3.0249999999997778666 0.31100635863810643933 -1.5758929980103817403 -2.5148946906271225643 1.5440934981251939077e-011 
3.0499999999997751132 0.31100644180609327005 -1.575904974277398729 -2.5148946906328744078 1.2982053195887013466e-011 
3.0749999999997723599 0.31100554639581912131 -1.5758987663333514639 -2.514894690637067054 7.2262368611466274241e-012 
3.0999999999997696065 0.3110052070965950155 -1.5759003821023358505 -2.5148946906397093848 6.9263283699389195584e-012 
3.1249999999997668532 0.31100589696444042032 -1.575893344396424478 -2.5148946906427389614 7.2094488608877077464e-012 
3.1499999999997640998 0.311006358721185594 -1.5758763771785879726 -2.5148946906451721262 5.0249028596709099903e-012 
3.1749999999997613465 0.31100676082410166901 -1.5758728969469444348 -2.5148946906471016938 4.0573609641215314247e-012 
3.1999999999997585931 0.31100697286500111893 -1.5758746339671709791 -2.5148946906483247155 2.3160352127009345679e-012 
3.2249999999997558398 0.31100668248154395013 -1.575881118165421757 -2.5148946906493061526 2.8035571837931954798e-012 
3.2499999999997530864 0.311006165297446735 -1.5758938240377506901 -2.5148946906505793564 2.9735331981860769094e-012 
3.274999999999750333 0.31100566483120434258 -1.575898362402682773 -2.5148946906515066146 1.6590283742179838538e-012 
3.2999999999997475797 0.31100567833105807747 -1.5758974956197815409 -2.5148946906520475153 1.1145461432800195707e-012 
3.3249999999997448263 0.31100605896393279659 -1.5758954520220851414 -2.5148946906525044831 1.1597039831223359102e-012 
3.349999999999742073 0.31100630316958560728 -1.5758880926253318044 -2.5148946906529530132 1.0251847120646085307e-012 
3.3749999999997393196 0.31100647391898667005 -1.5758815510791581715 -2.5148946906533637957 9.2853976263449607779e-013 
3.3999999999997365663 0.31100641657480704305 -1.5758808150548988536 -2.5148946906536635559 5.9350458602798238848e-013 
3.4249999999997338129 0.31100621601994854482 -1.5758836804150404554 -2.5148946906538722779 4.4049391049515831132e-013 
3.4499999999997310596 0.31100621982110382424 -1.5758874568871363842 -2.5148946906540587953 4.8162681824092578785e-013 
3.4749999999997283062 0.31100620681314539162 -1.5758893806022031825 -2.5148946906542470892 4.0102573744049138458e-013 
3.4999999999997255529 0.31100617092581034351 -1.5758901410605068438 -2.5148946906543563351 1.8128765690442162735e-013 
3.5249999999997227995 0.31100622762139568112 -1.575890759689684284 -2.5148946906544447089 2.5148082995293619921e-013 
3.5499999999997200462 0.31100616503204581154 -1.5758898893479549308 -2.5148946906545490698 2.4102693138253194351e-013 
3.5749999999997172928 0.31100611785442855428 -1.5758883151302036651 -2.5148946906546267854 1.4565568898356674724e-013 
3.5999999999997145395 0.31100621999931660211 -1.5758868553854372685 -2.5148946906546782998 1.1294491319068715785e-013 
3.6249999999997117861 0.31100629549121888706 -1.5758861373390493643 -2.5148946906547196001 9.0286761996885793567e-014 
3.6499999999997090327 0.31100631209023998913 -1.5758871493331931823 -2.5148946906547529068 7.646168660253035263e-014 
3.6749999999997062794 0.31100625461598557786 -1.5758877629583083468 -2.5148946906547862135 8.8892710946617907003e-014 
3.699999999999703526 0.31100614642071977567 -1.5758875955533979685 -2.5148946906548199642 6.5799288213328104631e-014 
3.7249999999997007727 0.31100612837126007104 -1.5758884747171650886 -2.5148946906548381719 2.9017984708018038028e-014 
3.7499999999996980193 0.31100619240900884144 -1.5758888322620063782 -2.5148946906548510505 3.6655044521539125313e-014 
3.774999999999695266 0.31100625638033607689 -1.5758882674693230896 -2.5148946906548648172 2.9418575520836022257e-014 
3.7999999999996925126 0.31100627186812407343 -1.5758881061859253414 -2.5148946906548763636 2.6367863023688207463e-014 
3.8249999999996897593 0.31100623503542146331 -1.5758876989660757229 -2.5148946906548870217 2.3729887463236379162e-014 
3.8499999999996870059 0.31100621131359529326 -1.5758875168870511985 -2.5148946906548945712 1.6883026155163532479e-014 
3.8749999999996842526 0.31100620341631396437 -1.5758878848668902428 -2.5148946906549007885 1.0719051964197370463e-014 
3.8999999999996814992 0.31100619724375239139 -1.5758877973877596368 -2.514894690654903453 9.3030615351743326069e-015 
3.9249999999996787459 0.31100621594934541037 -1.5758878354065126715 -2.5148946906549078939 9.2372505052790523238e-015 
3.9499999999996759925 0.31100622332374244783 -1.5758881506989985688 -2.5148946906549118907 8.4678181830938343137e-015 
3.9749999999996732392 0.31100621224963237443 -1.5758881269243294465 -2.5148946906549145552 7.633979758012816283e-015 
3.9999999999996704858 0.3110062133423364128 -1.5758881195703060563 -2.5148946906549167757 3.6691133089918526962e-015 
4.0249999999996788347 0.31100621350217905192 -1.5758880521087317295 -2.514894690654918108 2.4198235312918746094e-015 
4.0499999999996871836 0.31100622199021538128 -1.5758878102389159981 -2.5148946906549189961 3.7393512204923053e-015 
4.0749999999996955324 0.3110062366378713028 -1.5758877382326641481 -2.5148946906549216607 3.1287805555983050743e-015 
4.0999999999997038813 0.3110062261724880206 -1.5758878060831698065 -2.5148946906549216607 2.4483087028734782834e-015 
4.1249999999997122302 0.31100621171933862108 -1.5758879568090824463 -2.5148946906549229929 1.61998380594429456e-015 
4.1499999999997205791 0.31100620916991494891 -1.5758880441183791277 -2.514894690654923437 9.6120344509620207099e-016 
4.1749999999997289279 0.31100620597151723556 -1.5758880118567146766 -2.5148946906549243252 1.1573057084793466045e-015 
4.1999999999997372768 0.31100621177877907364 -1.5758880247240403261 -2.514894690654923437 1.1836700698101806905e-015 
4.2249999999997456257 0.31100622282469930768 -1.5758879520141064745 -2.5148946906549247693 8.7017923551229101606e-016 
4.2499999999997539746 0.31100622440964492688 -1.5758878694639784079 -2.5148946906549252134 4.0374260213123075282e-016 
4.2749999999997623235 0.31100622029515562206 -1.5758879426101537469 -2.5148946906549247693 6.3179060432575067097e-016 
4.2999999999997706723 0.31100621532367361821 -1.5758879584698830545 -2.5148946906549256575 4.3255586122488807024e-016 
4.3249999999997790212 0.31100621486027840712 -1.5758879342613107966 -2.5148946906549238811 2.6478730304258504063e-016 
4.3499999999997873701 0.31100621835778008428 -1.5758879680639796828 -2.5148946906549261016 2.4594406183640095423e-016 
4.374999999999795719 0.31100621885048523874 -1.575887950252663483 -2.5148946906549261016 2.9592664792802007174e-016 
4.3999999999998040678 0.31100621847834913902 -1.5758879245382206857 -2.5148946906549256575 2.2763014248498170262e-016 
4.4249999999998124167 0.31100621699631469941 -1.575887924963077058 -2.5148946906549256575 1.1297081198275777485e-016 
4.4499999999998207656 0.31100621437079339904 -1.5758879211915672869 -2.5148946906549256575 8.3087997980040091745e-017 
4.4749999999998291145 0.31100621602113859288 -1.5758879558390512798 -2.5148946906549265456 9.8868262537527342896e-017 
4.4999999999998374633 0.31100621819993640171 -1.5758879809595818244 -2.5148946906549256575 1.2368681292230786146e-016 
4.5249999999998458122 0.31100621811668255345 -1.5758879646250374407 -2.5148946906549256575 7.1094500714400561876e-017 
4.5499999999998541611 0.31100621823186802573 -1.5758879627441337856 -2.5148946906549261016 3.3930257182168520962e-017 
4.57499999999986251 0.31100621694135299755 -1.5758879582924221197 -2.5148946906549252134 3.864539748432733653e-017 
4.5999999999998708589 0.31100621650180715339 -1.5758879323394883176 -2.5148946906549261016 4.0772972147248904465e-017 
4.6249999999998792077 0.31100621824554608441 -1.5758879194157435766 -2.5148946906549256575 3.4344910184184413043e-017 
4.6499999999998875566 0.31100621813426421181 -1.575887925160764258 -2.5148946906549265456 2.5773198245664276213e-017 
4.6749999999998959055 0.31100621739898104412 -1.5758879368245330976 -2.5148946906549265456 1.6538829638238956207e-017 
4.6999999999999042544 0.31100621741403056131 -1.5758879503206251194 -2.5148946906549261016 1.3970240147065599382e-017 
4.7249999999999126032 0.31100621663518096538 -1.5758879631753504036 -2.5148946906549256575 1.4643263864681806664e-017 
4.7499999999999209521 0.31100621647921528057 -1.5758879662434042146 -2.5148946906549265456 1.1878662645169311894e-017 
4.774999999999929301 0.31100621710611359161 -1.5758879525638354036 -2.5148946906549261016 6.7045718817374824527e-018 
4.7999999999999376499 0.31100621740841311036 -1.5758879418188742605 -2.5148946906549265456 8.43596245167772844e-018 
4.8249999999999459988 0.31100621781489073969 -1.5758879444132842806 -2.5148946906549252134 5.551884307940398365e-018 
4.8499999999999543476 0.31100621788616761298 -1.5758879426352847553 -2.5148946906549256575 4.5375556905118851836e-018 
4.8749999999999626965 0.31100621758182706023 -1.575887939699948781 -2.5148946906549261016 3.9553944700019117735e-018 
4.8999999999999710454 0.31100621739261430365 -1.5758879439815540735 -2.5148946906549256575 2.8051638279103834865e-018 
4.9249999999999793943 0.31100621712848636191 -1.5758879458942682827 -2.5148946906549261016 2.7017525520909228587e-018 
4.9499999999999877431 0.31100621710795339769 -1.5758879478292056042 -2.5148946906549256575 2.2816267177801140648e-018 
4.974999999999996092 0.31100621722392979285 -1.5758879499284161874 -2.5148946906549261016 1.750800697389965259e-018 
