0.025000000000000015266 0.59315760071903034234 0.00046774521583463693486 -2.2489858040113008819 0.038383468291125752425 
0.05000000000000003747 0.57070525103659996979 0.016355342779731427139 -2.2596578483153679784 0.052269489270974134332 
0.075000000000000052736 0.43996120189605364414 -0.0035530156330434992107 -2.2865642538976787002 0.08229093514086821548 
0.10000000000000007494 0.40920373746534566273 -0.050965158761499984585 -2.3320083909014646117 0.097450863105759524818 
0.12500000000000008327 0.25579578485483417394 -0.40957312676040014132 -2.3618104192736915081 0.048332906597283530059 
0.15000000000000010547 0.24000753117034695494 -1.7808137005965081201 -2.3781025108079885122 0.036808720314827264586 
0.17500000000000012768 0.30615349266135710726 -2.2163626381344454508 -2.3942948212802757091 0.040456042199693925676 
0.20000000000000014988 0.2646634979155614853 -1.366535995367576195 -2.409173025743144958 0.023736206264259630816 
0.22500000000000017208 0.25945689072422511989 -1.5990254557807732638 -2.418134601573227016 0.024471635161512187567 
0.25000000000000016653 0.28814792607496547694 -1.1772271831167735456 -2.4306790059585470232 0.031119011954462465902 
0.27500000000000018874 0.29691022598400645949 -0.33886390047637726664 -2.4404674125416443431 0.015478380834407492669 
0.30000000000000021094 0.31748988711672215812 -0.54824229484899433817 -2.446261789180180557 0.013852135081305729306 
0.32500000000000023315 0.32188019535476475319 -0.69693437838751315372 -2.454633220017636841 0.024321218833644454166 
0.35000000000000025535 0.34953078548014887561 -1.2798843673273165855 -2.4643417347870211209 0.020028031941120821857 
0.37500000000000027756 0.36169863755521874937 -1.796309247912102558 -2.4703885873604995993 0.010579792960154474346 
0.40000000000000029976 0.3130698976635279962 -1.353992675218814945 -2.4754092911986829151 0.012158904316609799034 
0.42500000000000032196 0.3047699327537873315 -1.316548807474403171 -2.4807919602789714197 0.012780507609523882734 
0.45000000000000034417 0.30974849575196711227 -1.2400200668244543145 -2.4857710322490476074 0.011726604853393537975 
0.47500000000000036637 0.30161697804281772939 -1.07782228341066455 -2.4909998801339798824 0.013020274250320276743 
0.50000000000000033307 0.30668733318981250546 -1.3146847958266154599 -2.4964419371180284202 0.010646876365396120909 
0.52500000000000035527 0.30145705454606708251 -1.5029041029376659644 -2.5000497710654334682 0.0080090847914929524237 
0.55000000000000037748 0.29951880077838904937 -1.9542123169834377805 -2.5032759589207227435 0.0063189081028276316426 
0.57500000000000039968 0.30351743324361712961 -2.2070278968560232968 -2.5052554849634511847 0.0038493451629201700867 
0.60000000000000042188 0.29299590529355667989 -1.7686205797538825379 -2.5070308032360797412 0.0038484872316888155304 
0.62500000000000044409 0.30660088098877230633 -1.4869076533583820421 -2.5083431003015874694 0.0029906540051955568006 
0.65000000000000046629 0.32749138468997451845 -1.403161504170470586 -2.5097184435416552972 0.0030516140242203854821 
0.6750000000000004885 0.32471691148361897516 -1.3057258105009987847 -2.5107010699023395439 0.0018076652364567261273 
0.7000000000000005107 0.31350311444817291484 -1.3955253268679510548 -2.5115531556924204359 0.0021396251018435214972 
0.72500000000000053291 0.29958860723338970322 -1.5249687471238666525 -2.5122630297834498414 0.0011587991890103007536 
0.75000000000000055511 0.29781117325234662818 -1.7278395653678839672 -2.512697882480789513 0.0010318620033248680854 
0.77500000000000057732 0.31027988531661826466 -1.9073366825885231801 -2.5130870431119691766 0.00068260801207240874057 
0.80000000000000059952 0.30907402224646585154 -1.7154506971718344044 -2.5133808979047467247 0.00084287391885509428506 
0.82500000000000062172 0.3078338489570762726 -1.5001473722214884177 -2.5137398906799681697 0.00076859306789005656449 
0.85000000000000064393 0.31544136231663955083 -1.5083183287492363256 -2.5140047152646385342 0.00044403437133847835621 
0.87500000000000066613 0.31489448656704116525 -1.4965546935123623662 -2.5141427971950442988 0.00024360085228976595569 
0.90000000000000068834 0.31341110786973369606 -1.4786465714180629938 -2.5142479509219808342 0.0003099349456238629499 
0.92500000000000071054 0.31293428871531109303 -1.5302882604329326455 -2.5143867202025731444 0.00029458223920943003458 
0.95000000000000073275 0.3079819310545304778 -1.5972994480705089426 -2.5144993774531241293 0.00022893681114238546934 
0.97500000000000075495 0.30871370733621950055 -1.6578211535640150487 -2.5145738070243255358 0.00013463376419563724139 
1.0000000000000006661 0.3105174307236854836 -1.6363960997972215594 -2.5146297657421885496 0.00014460038085459755194 
1.0249999999999979128 0.30855031757392226144 -1.5632362033513196309 -2.5146857345218567303 9.5358509166329111879e-005 
1.0499999999999951594 0.31065498410536118712 -1.5552634374529148431 -2.5147168417464200729 7.367026980170969172e-005 
1.0749999999999924061 0.31319201343825325834 -1.5688342267125792162 -2.5147538686628996274 8.5675324824596767463e-005 
1.0999999999999896527 0.31224292354964461316 -1.5679230015326610648 -2.514781882987489503 5.811962379549634694e-005 
1.1249999999999868994 0.31091480248707903389 -1.5779580383117592923 -2.5148059648376550612 4.549391112536725775e-005 
1.149999999999984146 0.31001903886396292576 -1.5790609031385005601 -2.5148209834761825476 3.0924480325243592922e-005 
1.1749999999999813927 0.31070538305605743812 -1.5843609902028328307 -2.5148347096551129098 3.4285248825144754926e-005 
1.1999999999999786393 0.31137396881981127539 -1.5864521777985527429 -2.5148463813594044147 1.8920821180863551289e-005 
1.224999999999975886 0.31083616294543020553 -1.5647884944747130209 -2.5148545150269487891 2.1937878177444073525e-005 
1.2499999999999731326 0.31119731369735464943 -1.5596839808390490223 -2.5148637523055143994 1.8533357393913898792e-005 
1.2749999999999703792 0.31124635950492385295 -1.5705482289007370866 -2.5148695419292592668 1.1260397528710698058e-005 
1.2999999999999676259 0.31078794187294939144 -1.5791728734306276216 -2.5148742566898016904 9.5617218936219745769e-006 
1.3249999999999648725 0.31099878978009726227 -1.5871135644373852713 -2.5148776357928439573 7.8606238318080028478e-006 
1.3499999999999621192 0.31076520669713331158 -1.5783269035131546332 -2.514881234379020114 7.6433856108766033477e-006 
1.3749999999999593658 0.31087873290731177223 -1.5740080635068238735 -2.5148836988841316575 5.2235714554840562002e-006 
1.3999999999999566125 0.31134378062287243472 -1.583311992114345923 -2.514885853977140151 4.261326207832331057e-006 
1.4249999999999538591 0.31080393838700054454 -1.5772652902840345046 -2.5148875861737152171 4.0978457456389950848e-006 
1.4499999999999511058 0.31071135103588626292 -1.5713461855664809796 -2.5148890851883809461 2.9037297801938204793e-006 
1.4749999999999483524 0.31126767657635306952 -1.5746522187542850713 -2.5148900207392701489 1.6582134294077787815e-006 
1.4999999999999455991 0.31125591008493130873 -1.5726438414529797516 -2.5148907487341314315 1.8216525995506084349e-006 
1.5249999999999428457 0.31119518365921489123 -1.5732243927046802856 -2.5148916007439336973 2.1001461748772855895e-006 
1.5499999999999400924 0.311026689900690545 -1.5743606385614217213 -2.5148923227007866643 1.2692958601952350403e-006 
1.574999999999937339 0.31068480852148760984 -1.5746908961657855031 -2.5148927330172607952 7.2180162103613227683e-007 
1.5999999999999345857 0.31082804003379560509 -1.5793982702206657009 -2.5148930512196434606 8.2913390051367283356e-007 
1.6249999999999318323 0.3110445703365257164 -1.5791784732050606621 -2.514893371672887401 5.9363087153597480024e-007 
1.649999999999929079 0.31104013524357582154 -1.5771935873999871625 -2.5148936030179207535 6.2518347182688397415e-007 
1.6749999999999263256 0.31105920618100191266 -1.5780354554593456484 -2.5148938533463458533 4.4588179501969025306e-007 
1.6999999999999235722 0.31103041193665670328 -1.5754988200886490546 -2.5148940209338084273 3.6387290569813179933e-007 
1.7249999999999208189 0.31101845068545536099 -1.5737078256566223722 -2.5148941328379859073 1.8925106155749899508e-007 
1.7499999999999180655 0.31102341171311526091 -1.5742254432989160051 -2.5148942240820635341 2.6819836870456951171e-007 
1.7749999999999153122 0.31101157174709398445 -1.5741854258030083535 -2.5148943319495398185 1.775068430224755317e-007 
1.7999999999999125588 0.31105234357158451086 -1.5754466963032092153 -2.5148943904592035992 1.4884825680234270749e-007 
1.8249999999999098055 0.31099157247761161083 -1.576399110527196612 -2.5148944537258266507 1.2539824811636199347e-007 
1.8499999999999070521 0.31092038146090300588 -1.5767149884088142997 -2.5148944967833126718 9.3170368767161344858e-008 
1.8749999999999042988 0.31098652818708205636 -1.5770975796476367492 -2.5148945386124750279 8.9157248432325465932e-008 
1.8999999999999015454 0.31101424958008566657 -1.5761150466252729085 -2.5148945651199694495 4.5175521131881133833e-008 
1.9249999999998987921 0.31103036951569801305 -1.5757699554834747602 -2.5148945854182960247 5.156665934715086991e-008 
1.9499999999998960387 0.31105892876327850827 -1.5761237858218719587 -2.5148946049393856583 4.1907271568036827793e-008 
1.9749999999998932854 0.31099864210527494723 -1.5755848042617883742 -2.5148946258895756856 5.0117082058559309515e-008 
1.999999999999890532 0.31097375827934359283 -1.5757832164653962082 -2.514894639758251671 1.7602768396946857653e-008 
2.0249999999998880007 0.31099651463694960585 -1.5761732421723317898 -2.514894646074559148 1.6391894954518422054e-008 
2.0499999999998852473 0.31099071704185216047 -1.5755896022955895308 -2.5148946540450527465 1.8215468798877752685e-008 
2.074999999999882494 0.3110212932440400424 -1.575326623913458457 -2.5148946615011378292 1.7717447553320520018e-008 
2.0999999999998797406 0.31103828742853428801 -1.575480547098144779 -2.5148946679533206172 1.2643804662077758781e-008 
2.1249999999998769873 0.31100687930623560629 -1.5757817037567263263 -2.514894672701134315 9.1020821018443554225e-009 
2.1499999999998742339 0.31100025177328166626 -1.5762948261821594365 -2.5148946755683314613 5.1560901598974639488e-009 
2.1749999999998714806 0.31099873553229245848 -1.5763568385070476641 -2.514894678132920891 7.1774072422062780927e-009 
2.1999999999998687272 0.31099244916241658432 -1.5761817936987636557 -2.5148946806782572772 4.4046326026830983734e-009 
2.2249999999998659739 0.31100281911988142403 -1.5761082719498764604 -2.5148946825140168215 4.7494361754950457908e-009 
2.2499999999998632205 0.31100917560028651376 -1.5758108651185485094 -2.5148946843750237257 3.2600468815891188901e-009 
2.2749999999998604672 0.3110113568510250448 -1.5756170937679643274 -2.5148946855260638777 2.8229775588570584849e-009 
2.2999999999998577138 0.31100813447235259313 -1.5756618156316872792 -2.5148946864744017304 1.3407506635118041732e-009 
2.3249999999998549605 0.31100441657694877229 -1.5756516005372174227 -2.5148946870778345897 1.8752778127192488604e-009 
2.3499999999998522071 0.31101298664807247585 -1.575788166125925871 -2.5148946879180185121 1.6411266237150248155e-009 
2.3749999999998494538 0.31101170956819834679 -1.5760054712103022112 -2.5148946883969336419 9.6812680547172081742e-010 
2.3999999999998467004 0.31100321394129432084 -1.5760379815107217194 -2.514894688875024098 1.1319227724025922972e-009 
2.4249999999998439471 0.31100251615749041623 -1.5759989585219820185 -2.5148946892418706511 5.7401850205249802578e-010 
2.4499999999998411937 0.31099951114528839868 -1.575948452357638141 -2.5148946894575554545 5.3259442911881390679e-010 
2.4749999999998384403 0.31100327507462632859 -1.5759296180865614012 -2.514894689668039085 4.5039928762261349516e-010 
2.499999999999835687 0.3110114664296268483 -1.5759071966350886029 -2.5148946898703532504 5.0081617368206755827e-010 
2.5249999999998329336 0.3110080899161575263 -1.5758007608201711758 -2.5148946900518254211 3.0162930846742059454e-010 
2.5499999999998301803 0.31100600576878006942 -1.5757995335508327983 -2.5148946901539299681 2.379922112231976668e-010 
2.5749999999998274269 0.31100770869039634503 -1.5758770225577332091 -2.5148946902442976814 1.7940842672849940017e-010 
2.5999999999998246736 0.31100556976018950417 -1.5758713427667876417 -2.5148946903225790628 1.7956469314596407081e-010 
2.6249999999998219202 0.31100627997167556993 -1.5758829486562793143 -2.5148946903862396951 1.2376794431075676843e-010 
2.6499999999998191669 0.31100677653132541289 -1.5759042260129967339 -2.5148946904345432785 1.1225585063056512262e-010 
2.6749999999998164135 0.31100482863297551628 -1.5759076990336815527 -2.5148946904797497837 9.9771654068453596511e-011 
2.6999999999998136602 0.31100578155917091294 -1.5759362015993820805 -2.5148946905202893554 7.8080935698813445605e-011 
2.7249999999998109068 0.31100615910524609387 -1.5759088337351712106 -2.514894690541698008 3.4192113806118518445e-011 
2.7499999999998081535 0.31100578796386152414 -1.5758653263903632524 -2.5148946905578521971 4.7194414528825880401e-011 
2.7749999999998054001 0.31100712961020493541 -1.5758718055487621612 -2.5148946905790396933 4.5078881188672247553e-011 
2.7999999999998026468 0.3110072063784217189 -1.575870713684433877 -2.5148946905954248088 3.2796918781508504308e-011 
2.8249999999997998934 0.31100616088209814825 -1.575879790247863621 -2.514894690607477834 2.4809361184875205159e-011 
2.84999999999979714 0.31100531274364640044 -1.5758981675006880074 -2.5148946906154758807 1.5127651828509896482e-011 
2.8749999999997943867 0.31100533045258860199 -1.5758950599106591461 -2.5148946906226452569 1.6181262573625075906e-011 
2.8999999999997916333 0.3110065962672339257 -1.5758977245051664084 -2.5148946906281870461 1.2081507261786248871e-011 
2.92499999999978888 0.31100672432069392803 -1.5758902804116790008 -2.5148946906340978735 1.4676192964211569554e-011 
2.9499999999997861266 0.31100623810020050497 -1.5758724502775747212 -2.514894690638570296 6.300822917600958558e-012 
2.9749999999997833733 0.3110066669505776038 -1.5758764475825133289 -2.5148946906412135149 6.6342259831329938632e-012 
2.9999999999997806199 0.31100642440524134402 -1.5758879054646393048 -2.5148946906437301685 5.1667167014341160408e-012 
3.0249999999997778666 0.31100598038609728047 -1.5758961968369211704 -2.5148946906459039852 5.4680329040266895081e-012 
3.0499999999997751132 0.31100596445703032611 -1.5758978773309417765 -2.5148946906478912844 3.0668278124672109711e-012 
3.0749999999997723599 0.311005685029976775 -1.5758925544612385483 -2.5148946906488931496 2.4901985372819882247e-012 
3.0999999999997696065 0.31100606391243451609 -1.57589245513845011 -2.5148946906501521426 3.1021148899689737719e-012 
3.1249999999997668532 0.31100655679485395 -1.5758868735861293331 -2.5148946906511961963 1.8810016104713551828e-012 
3.1499999999997640998 0.31100626155763755332 -1.575876925929024619 -2.5148946906519182853 1.3803911384431072573e-012 
3.1749999999997613465 0.31100633370989666515 -1.5758795431801408959 -2.51489469065236948 9.8400525599881583565e-013 
3.1999999999997585931 0.31100657340943577145 -1.5758859598857526407 -2.51489469065283755 1.164171071619994706e-012 
3.2249999999997558398 0.31100630737405704496 -1.5758899918818709551 -2.5148946906532851919 9.3605082423462580037e-013 
3.2499999999997530864 0.31100606219291565546 -1.5758932528430871223 -2.5148946906536435719 6.8920824710250480555e-013 
3.274999999999750333 0.31100593270249804467 -1.5758918591582000701 -2.5148946906538758306 4.7399156773005922309e-013 
3.2999999999997475797 0.31100601248360454365 -1.5758905083278311743 -2.5148946906540556867 3.7585281762743121202e-013 
3.3249999999997448263 0.31100629821755504389 -1.5758895505794083824 -2.5148946906542022361 3.3021950209455721685e-013 
3.349999999999742073 0.31100634664664178475 -1.5758852508251512958 -2.5148946906543567792 3.5961424483517053684e-013 
3.3749999999997393196 0.31100626884508619785 -1.575884035404694572 -2.5148946906544744628 2.2171760453465823139e-013 
3.3999999999997365663 0.31100623779952368819 -1.5758868376579706627 -2.5148946906545663893 1.9508702715069367896e-013 
3.4249999999997338129 0.31100620412561419403 -1.5758883087754047558 -2.5148946906546254532 9.8047726507647367548e-014 
3.4499999999997310596 0.31100622212364981145 -1.5758885846547565635 -2.5148946906546800761 1.6062651612331616485e-013 
3.4749999999997283062 0.3110062084156604012 -1.5758881948545910845 -2.5148946906547315905 7.4045393690673483777e-014 
3.4999999999997255529 0.31100620944285778391 -1.5758879093214726019 -2.5148946906547631208 9.0054467884537618404e-014 
3.5249999999997227995 0.31100624838786250503 -1.5758887965243537632 -2.5148946906548004243 6.8362492048938536656e-014 
3.5499999999997200462 0.31100618040775934725 -1.5758887176041127542 -2.5148946906548257374 5.5114143163020621054e-014 
3.5749999999997172928 0.31100616109108086826 -1.5758876775738648313 -2.5148946906548448332 3.3413780581731869062e-014 
3.5999999999997145395 0.31100624576033109037 -1.5758875461792523076 -2.5148946906548559355 3.0177690473851040472e-014 
3.6249999999997117861 0.31100625587509611591 -1.5758878216397227412 -2.5148946906548701463 3.1287498879722921171e-014 
3.6499999999997090327 0.3110062346710396608 -1.5758879112753834129 -2.5148946906548816926 2.4405723950865625141e-014 
3.6749999999997062794 0.31100620986199950524 -1.5758876365949427978 -2.5148946906548927949 2.0154322649596009345e-014 
3.699999999999703526 0.31100617335335750679 -1.5758875491890635967 -2.5148946906548981239 1.0013747841023255401e-014 
3.7249999999997007727 0.31100620722254540551 -1.5758883143397435234 -2.5148946906549025648 1.2161299741178633796e-014 
3.7499999999996980193 0.31100624437894297536 -1.5758884916690349964 -2.5148946906549065616 9.8184136935020228122e-015 
3.774999999999695266 0.31100622890683954358 -1.5758878856866178619 -2.5148946906549114466 7.7308749231443293943e-015 
3.7999999999996925126 0.31100622280568435141 -1.5758878015241997161 -2.5148946906549127789 6.1681999208325381014e-015 
3.8249999999996897593 0.31100621961598950982 -1.5758878609908102408 -2.5148946906549167757 6.4200341904900415297e-015 
3.8499999999996870059 0.31100621062375266579 -1.5758878709736809931 -2.514894690654918108 2.8531606398048069041e-015 
3.8749999999996842526 0.3110062097400351222 -1.5758879476737426284 -2.5148946906549194402 2.8732042882477859474e-015 
3.8999999999996814992 0.3110062089959596543 -1.5758878356699015377 -2.5148946906549198843 2.6354584962748606633e-015 
3.9249999999996787459 0.31100621780640264058 -1.5758880108069153181 -2.5148946906549221048 2.7600358580072763489e-015 
3.9499999999996759925 0.31100622425811691452 -1.5758882089722043851 -2.5148946906549225488 1.818570539634216427e-015 
3.9749999999996732392 0.31100621652057747202 -1.5758879740053055585 -2.5148946906549229929 1.3038989718974744839e-015 
3.9999999999996704858 0.31100621412681017652 -1.5758878778318443636 -2.5148946906549238811 7.2973932077676729816e-016 
4.0249999999996788347 0.31100621835260178205 -1.5758878942091769648 -2.5148946906549238811 1.0827986112919960129e-015 
4.0499999999996871836 0.31100622456923165959 -1.5758878236880717871 -2.5148946906549243252 7.7849410436750789728e-016 
4.0749999999996955324 0.31100622520229453949 -1.575887895251009585 -2.5148946906549247693 6.8296788405614746964e-016 
4.0999999999997038813 0.31100621299912750706 -1.575887971159767531 -2.5148946906549256575 5.2755640592023069466e-016 
4.1249999999997122302 0.31100620885403273963 -1.5758880076789512081 -2.5148946906549252134 2.5731903731962876255e-016 
4.1499999999997205791 0.31100621513375814597 -1.5758880349446067193 -2.5148946906549252134 2.7692768146412304858e-016 
4.1749999999997289279 0.31100621601756639478 -1.5758879605333713236 -2.5148946906549256575 3.4181173382845888296e-016 
4.1999999999997372768 0.31100621903708131066 -1.5758879083023153989 -2.5148946906549256575 2.3734893060812098627e-016 
4.2249999999997456257 0.31100622250485826514 -1.5758879079539749313 -2.5148946906549256575 9.8128194066320893449e-017 
4.2499999999997539746 0.31100621845887382877 -1.5758879273625279183 -2.5148946906549261016 1.7108940050072203435e-016 
4.2749999999997623235 0.31100621564014147014 -1.5758879777535437228 -2.5148946906549252134 1.1286034329467531424e-016 
4.2999999999997706723 0.31100621557770175007 -1.5758879631153617229 -2.5148946906549265456 6.9816428378584264139e-017 
4.3249999999997790212 0.31100621644002918176 -1.5758879349126853064 -2.5148946906549252134 6.9802286903589172333e-017 
4.3499999999997873701 0.31100621922835630651 -1.5758879537640286816 -2.5148946906549265456 6.611774725033541024e-017 
4.374999999999795719 0.31100621881890255782 -1.5758879372792433671 -2.5148946906549256575 5.6900307726476349199e-017 
4.3999999999998040678 0.31100621638273989733 -1.575887919740562193 -2.5148946906549265456 3.3134625323380032158e-017 
4.4249999999998124167 0.31100621623777852109 -1.5758879374242724669 -2.5148946906549269897 2.055151724118202503e-017 
4.4499999999998207656 0.31100621688851975977 -1.5758879542587347355 -2.5148946906549265456 2.8463704412570452548e-017 
4.4749999999998291145 0.31100621774676900921 -1.5758879724385803645 -2.5148946906549261016 2.2361342688089935885e-017 
4.4999999999998374633 0.31100621791763460866 -1.5758879661601916666 -2.5148946906549261016 1.7887253808656027822e-017 
4.5249999999998458122 0.31100621716788928728 -1.5758879418477738099 -2.5148946906549269897 1.2178232490810268845e-017 
4.5499999999998541611 0.3110062171555140198 -1.5758879442773077173 -2.5148946906549269897 9.9177578129188601005e-018 
4.57499999999986251 0.31100621718389559467 -1.5758879448972671344 -2.5148946906549261016 6.8443090975366821749e-018 
4.5999999999998708589 0.31100621739715095249 -1.5758879310764735138 -2.5148946906549256575 7.97320545190420109e-018 
4.6249999999998792077 0.31100621794607791193 -1.5758879343179394983 -2.5148946906549261016 7.2943992108748081461e-018 
4.6499999999998875566 0.31100621751955287442 -1.5758879457068677432 -2.5148946906549256575 2.8385549972662738619e-018 
4.6749999999998959055 0.31100621723367888327 -1.5758879519113322409 -2.5148946906549265456 4.5305970756527356299e-018 
4.6999999999999042544 0.31100621729397437409 -1.5758879554991800376 -2.5148946906549261016 2.3512510091467285669e-018 
4.7249999999999126032 0.31100621681719059497 -1.5758879524531499428 -2.5148946906549265456 2.7205501251519222417e-018 
4.7499999999999209521 0.31100621703368319659 -1.5758879476784806162 -2.5148946906549261016 1.5659298193484361191e-018 
4.774999999999929301 0.31100621761300406565 -1.5758879455281920023 -2.5148946906549261016 1.9566410976493833361e-018 
4.7999999999999376499 0.31100621752759821659 -1.5758879445081706017 -2.5148946906549265456 1.2705582820774825443e-018 
4.8249999999999459988 0.31100621748183809867 -1.5758879458718770827 -2.5148946906549265456 9.3543843107871966789e-019 
4.8499999999999543476 0.31100621741547784804 -1.5758879453936280868 -2.5148946906549265456 7.5667305556733440608e-019 
4.8749999999999626965 0.31100621724215565811 -1.575887943982925643 -2.5148946906549265456 6.82956555270903959e-019 
4.8999999999999710454 0.31100621736432942921 -1.5758879458334118517 -2.5148946906549261016 5.7900951232598317583e-019 
4.9249999999999793943 0.31100621738820316553 -1.5758879464895578781 -2.5148946906549252134 4.4700558130640785967e-019 
4.9499999999999877431 0.31100621729580807395 -1.5758879468954498648 -2.5148946906549256575 3.7382235801432758234e-019 
4.974999999999996092 0.31100621730440541901 -1.5758879484229051382 -2.5148946906549256575 2.6845278606362774589e-019 
