0.025000000000000015266 0.59346336493808660162 0.0004697978016724169148 -2.2486335014382055064 0.038591858536144121872 
0.05000000000000003747 0.57080556947968152937 0.016433846931981813122 -2.2591108589994894906 0.052841639359233708029 
0.075000000000000052736 0.43909054165493721644 -0.0039313340691400355809 -2.285632871612539585 0.083371700065043852224 
0.10000000000000007494 0.40772257957236057724 -0.051312420009598569415 -2.3304145136924692139 0.098486731572835481408 
0.12500000000000008327 0.25330620704262435394 -0.41013237081110875959 -2.359749188227184824 0.049058257805530226803 
0.15000000000000010547 0.23840973027571968346 -1.8025113958680756276 -2.3759846059672020679 0.037955577922324609808 
0.17500000000000012768 0.30562772279536337683 -2.2480062480903333366 -2.3921741800355396101 0.041417262479504911299 
0.20000000000000014988 0.26211227805618669828 -1.380639109828192268 -2.4069677108679230493 0.024045998916824403574 
0.22500000000000017208 0.25569375248303877202 -1.6282320427779521932 -2.4158226852738322599 0.025092726054248833817 
0.25000000000000016653 0.28482035822399365266 -1.1941712275598481696 -2.4284113005855378908 0.032148855571443382684 
0.27500000000000018874 0.29432345298708623149 -0.30870717253632917743 -2.4382076039339759532 0.01564244070733224537 
0.30000000000000021094 0.31473130299868368187 -0.51968512452061665918 -2.4436244096892267841 0.012520222099089910878 
0.32500000000000023315 0.31558621126064589912 -0.66760627688198359575 -2.4511711506116364845 0.022996174292865222827 
0.35000000000000025535 0.34045920984397132214 -1.2744154437206414165 -2.4604241461648390654 0.020975816908914833581 
0.37500000000000027756 0.36000129257089652501 -1.8209036187576672638 -2.4669721368510164616 0.011952285117379701437 
0.40000000000000029976 0.32216535073622382113 -1.31711829497152344 -2.4722232687100955673 0.012709344792242616151 
0.42500000000000032196 0.31645925914795486333 -1.215517070747086148 -2.4775121269621767084 0.012364288104344993771 
0.45000000000000034417 0.31801794644546993451 -1.1161865193067024293 -2.4821491282878671569 0.011111416448252947609 
0.47500000000000036637 0.30866402212069898869 -0.99371008324715592863 -2.4866779374344134546 0.011460781808129042597 
0.50000000000000033307 0.31047254065458318451 -1.2144138601707636926 -2.4920130865914469354 0.012771714268937471234 
0.52500000000000035527 0.29793265972077243031 -1.3036076600012937998 -2.4968260943360167659 0.010979887615621878802 
0.55000000000000037748 0.29078886186111502221 -1.7686427255925922797 -2.500757939432385335 0.0078527077531548635653 
0.57500000000000039968 0.30192810326465413517 -2.2183420431189895261 -2.5033137459800336444 0.0047968480820328963585 
0.60000000000000042188 0.29415717385144518614 -1.9525686230014120959 -2.505364632575490802 0.0050514383468305279479 
0.62500000000000044409 0.30250658389037005103 -1.6976162241548538034 -2.5071296186294036445 0.0034779183210003786035 
0.65000000000000046629 0.31987625634652755435 -1.5115441143566081816 -2.5083942111665731289 0.0030450870711569342185 
0.6750000000000004885 0.32085138785301786646 -1.3105643833189697389 -2.5096446545995361177 0.002655480293117099596 
0.7000000000000005107 0.3198365467166741638 -1.3643354374353413583 -2.5106098146835069684 0.0022378927785676695425 
0.72500000000000053291 0.30780639260310416194 -1.4185849261858658465 -2.5115659315479823555 0.0022153714640462747638 
0.75000000000000055511 0.29801800453419702297 -1.5657065339627580514 -2.5122236080756881194 0.0010360689303802509374 
0.77500000000000057732 0.30729506198092809699 -1.8264227494955695974 -2.5126279906873469905 0.00091500608219137523434 
0.80000000000000059952 0.30805041309136960148 -1.8050153266522155349 -2.5129556481413564129 0.00080593632840435052399 
0.82500000000000062172 0.30499163425740810629 -1.6418895257894161599 -2.5133348319034669593 0.00099496250554642943174 
0.85000000000000064393 0.31167239953764203086 -1.5718495269530412539 -2.513726973362394812 0.00078167153716902091146 
0.87500000000000066613 0.31395392267416949439 -1.497539469761922426 -2.513956411120070733 0.00038655206545899707714 
0.90000000000000068834 0.31480922764222873944 -1.4623427310394871981 -2.5140800687939659497 0.00025552429835131232599 
0.92500000000000071054 0.31590144959642763034 -1.4906579795309169434 -2.5141991076640506364 0.00033038315181752254046 
0.95000000000000073275 0.31075260716287583795 -1.5472292423713365217 -2.5143514265410615849 0.00038564730941868037746 
0.97500000000000075495 0.30773697537316224704 -1.6371589301878310962 -2.5144834099793307303 0.00021958725882084313154 
1.0000000000000006661 0.30818541870213711498 -1.6653591122852735573 -2.5145453423414134697 0.00012461644314795149494 
1.0249999999999979128 0.3081939425736615612 -1.6083468173691928271 -2.5146039270337592342 0.00015463465317740084917 
1.0499999999999951594 0.31045616686112559313 -1.5626981149167020746 -2.5146610538016989089 0.00010897118831364124858 
1.0749999999999924061 0.3128496092664003192 -1.5503640757496435221 -2.5147010093076600512 9.6296124772000891903e-005 
1.0999999999999896527 0.31306219033532900475 -1.5548667767512529547 -2.5147391322092547128 8.6635120333536903641e-005 
1.1249999999999868994 0.31148807513072335196 -1.5671494188957606486 -2.5147713561893385581 6.4254399494726631642e-005 
1.149999999999984146 0.30957574715215291361 -1.5763176577762614272 -2.5147935798240030891 4.738814598862396162e-005 
1.1749999999999813927 0.31024474906451410261 -1.5944320396138620399 -2.5148112426892601512 4.0177628677688817613e-005 
1.1999999999999786393 0.31128431265166700559 -1.6002135909456369767 -2.5148276392562922688 3.4838037946255290028e-005 
1.224999999999975886 0.31097287709102905406 -1.5790285346386263576 -2.5148382230478572019 2.2085660625139136109e-005 
1.2499999999999731326 0.31137040800617499237 -1.5648925709456782407 -2.5148497201949280289 3.0060256882205133668e-005 
1.2749999999999703792 0.31125049579101199404 -1.5571531121011261689 -2.5148594041678253852 1.6500488669255127287e-005 
1.2999999999999676259 0.31073297222179707688 -1.5601131193702566513 -2.5148651431795716604 1.3643892736401333366e-005 
1.3249999999999648725 0.31122648982856115918 -1.5799345659467731728 -2.5148705629312364529 1.1331319179367727121e-005 
1.3499999999999621192 0.31101572208532279884 -1.5823447991702068727 -2.5148750781522060116 1.0634684654631535518e-005 
1.3749999999999593658 0.31061073804286215561 -1.5795074193646050364 -2.5148786471183237623 7.3349026491662569399e-006 
1.3999999999999566125 0.31096390171504584288 -1.5876409123471890705 -2.51488170785858145 7.0542197045113449536e-006 
1.4249999999999538591 0.31081938348259269267 -1.5828847926629987519 -2.5148842851847352797 5.2120278201249940501e-006 
1.4499999999999511058 0.31075986376293979196 -1.5756329261861068414 -2.5148861199522714038 4.3177554745115270403e-006 
1.4749999999999483524 0.31122078911083644881 -1.5736373451148049085 -2.5148878893425021808 3.7130533933867216721e-006 
1.4999999999999455991 0.31135400780271244026 -1.5684085886499090634 -2.5148889926969761888 1.9056851138761288671e-006 
1.5249999999999428457 0.31131835806722291116 -1.5701716978865265517 -2.514889905528661096 2.6559276569398637421e-006 
1.5499999999999400924 0.31114087177471233536 -1.5735390827048436613 -2.5148909719911030081 2.3073964708524431931e-006 
1.574999999999937339 0.3107864697180616198 -1.5739942509365794088 -2.5148917466394120623 1.4520952221937317529e-006 
1.5999999999999345857 0.31069256950698270758 -1.5782860669375868845 -2.5148922347768736252 9.9632688758379301298e-007 
1.6249999999999318323 0.31081887507231509282 -1.5792559509726975531 -2.5148926648435061537 1.0253855068098040515e-006 
1.649999999999929079 0.31101447882033200765 -1.5783827639470846549 -2.5148930007228456063 7.5419078455095643591e-007 
1.6749999999999263256 0.31112034374233638045 -1.5795844944266823617 -2.51489335411892867 8.1772718902378688024e-007 
1.6999999999999235722 0.31106136895765085226 -1.5772892751163078984 -2.5148936390941489805 5.8237352919949662385e-007 
1.7249999999999208189 0.31105790949948330937 -1.5745911028199683912 -2.5148938248911911764 3.3031002547519367162e-007 
1.7499999999999180655 0.31103521160663533118 -1.5737729101088890893 -2.5148939497064981552 3.3965768782041894636e-007 
1.7749999999999153122 0.31100018858724071125 -1.5734564235197630033 -2.5148941147122871875 3.7632529770396365143e-007 
1.7999999999999125588 0.31107381567401837241 -1.5743987059883151058 -2.51489422234244131 1.7933157850145233097e-007 
1.8249999999999098055 0.3110144634994214119 -1.574896674737134239 -2.5148942977927202236 1.9856269739102300798e-007 
1.8499999999999070521 0.31090562656159231869 -1.5761265324073532312 -2.5148943744805674072 1.6005614061120165586e-007 
1.8749999999999042988 0.31095337786040239125 -1.5778290210244674263 -2.5148944376209523277 1.5177517983665780777e-007 
1.8999999999999015454 0.31098081309582142895 -1.5769707203091536396 -2.5148944922159088833 9.8970489761283863818e-008 
1.9249999999998987921 0.31101040770350962816 -1.5762735231213433895 -2.5148945210681601381 5.9194827422326957577e-008 
1.9499999999998960387 0.31107965411572696679 -1.5764818479527376027 -2.5148945475669313154 6.3058491505211387505e-008 
1.9749999999998932854 0.31104670594408678763 -1.5755808930329309181 -2.5148945750944142752 7.5076527235536499056e-008 
1.999999999999890532 0.31099536674430761085 -1.5754031727343380531 -2.5148946050083509363 5.9507982076776112007e-008 
2.0249999999998880007 0.31098494488301248184 -1.5759015914739491482 -2.5148946206452076346 2.1138130573054213388e-008 
2.0499999999998852473 0.31097385129551707861 -1.5756620295369214713 -2.5148946291526912411 2.2708933340792126007e-008 
2.074999999999882494 0.31100164963797544138 -1.5755234242707634174 -2.5148946391171809189 2.6102442022756519192e-008 
2.0999999999998797406 0.31102519709991960362 -1.575487170623309563 -2.5148946504928262335 2.7043705266463918371e-008 
2.1249999999998769873 0.31101402633949948306 -1.575508096852557216 -2.5148946599035655325 1.74738088134025561e-008 
2.1499999999998742339 0.31101284971351705888 -1.5759956222869071496 -2.5148946651628021343 9.2392870052958035575e-009 
2.1749999999998714806 0.31101032455544508348 -1.5763038203830603834 -2.5148946689288615985 9.9010400767898165875e-009 
2.1999999999998687272 0.31100289936149627668 -1.5763254315875827594 -2.5148946730347248035 9.1784681623233126501e-009 
2.2249999999998659739 0.31099552680838132845 -1.5763165690564975296 -2.5148946762860378001 7.0611873306399838405e-009 
2.2499999999998632205 0.31099272353768697696 -1.5760404288990392807 -2.514894679177066994 6.4361874616416008667e-009 
2.2749999999998604672 0.31100999783530591802 -1.5757657531082474023 -2.5148946814723731613 5.052197362905061013e-009 
2.2999999999998577138 0.3110135724536537416 -1.5756676420407123018 -2.5148946833184950833 3.5632681362230071175e-009 
2.3249999999998549605 0.31100351506629758669 -1.5755303422481707898 -2.5148946844079218543 2.1466279331641669943e-009 
2.3499999999998522071 0.3110118956565095516 -1.5755521638502523185 -2.5148946854704434806 2.8876110810325074912e-009 
2.3749999999998494538 0.31101279012029603432 -1.5758119872867519806 -2.5148946865373313919 2.1945928868184063369e-009 
2.3999999999998467004 0.31100544329380386266 -1.5760439717790557523 -2.5148946873414645964 1.8446234173770823662e-009 
2.4249999999998439471 0.3110070509344133316 -1.5760938111293720798 -2.5148946880517195623 1.37873301797006493e-009 
2.4499999999998411937 0.31100095500052987729 -1.5760128937485409217 -2.5148946884821419268 8.959774780945378478e-010 
2.4749999999998384403 0.31099890310651684411 -1.5760103675006891244 -2.5148946888476033656 8.0203134181878233861e-010 
2.499999999999835687 0.31100762055404301831 -1.5759947708642396691 -2.5148946891299521766 6.9998160131909302127e-010 
2.5249999999998329336 0.31100776478899178068 -1.5758146931285161862 -2.5148946894805801477 8.398786335969225119e-010 
2.5499999999998301803 0.31100667799862136143 -1.5757443174595713309 -2.5148946897319945926 4.2106445077378818611e-010 
2.5749999999998274269 0.31100878720419039558 -1.5758149444212006252 -2.5148946898803754557 3.3801538321780670107e-010 
2.5999999999998246736 0.31100713353101921976 -1.5758388168332548851 -2.5148946900132997939 2.8597890792419219962e-010 
2.6249999999998219202 0.31100677376948804298 -1.5758797083085314128 -2.5148946901282114297 2.7681469854287704256e-010 
2.6499999999998191669 0.31100614689290612125 -1.5759069425285030519 -2.5148946902322100172 2.2283913588857349345e-010 
2.6749999999998164135 0.31100430844914384032 -1.5759057531621702974 -2.514894690309622316 1.6552264790047302545e-010 
2.6999999999998136602 0.31100541217923216575 -1.5759468470894306691 -2.5148946903830249333 1.7029668747967681859e-010 
2.7249999999998109068 0.31100612999927929048 -1.5759324289956864185 -2.5148946904360416355 9.4173508131688489931e-011 
2.7499999999998081535 0.31100632837456620994 -1.575877592605305022 -2.5148946904685653969 7.1877420718142283074e-011 
2.7749999999998054001 0.31100722668140229343 -1.5758700953606465944 -2.5148946904993172424 7.5179945818898925197e-011 
2.7999999999998026468 0.31100697477588534756 -1.5758687045671697646 -2.5148946905311837519 7.7071043447276822779e-011 
2.8249999999997998934 0.31100643327868743304 -1.5758760538502065707 -2.5148946905598257295 5.884869098091696539e-011 
2.84999999999979714 0.31100515113194943106 -1.5758902315635037183 -2.5148946905771878413 2.7375193311302677566e-011 
2.8749999999997943867 0.31100459095815635724 -1.5758898605897946332 -2.5148946905881781611 2.9309207014568151023e-011 
2.8999999999997916333 0.31100667849142793475 -1.5758973306462995545 -2.5148946906003670776 2.6136061144930654986e-011 
2.92499999999978888 0.31100729545704125512 -1.5758941037707732136 -2.5148946906104590049 2.7179869357933247533e-011 
2.9499999999997861266 0.3110062398203371492 -1.5758777331166160529 -2.5148946906213005548 1.9727795458272599186e-011 
2.9749999999997833733 0.31100648435343231091 -1.575873665602483209 -2.5148946906267095613 9.7127199715460671876e-012 
2.9999999999997806199 0.3110065120943658612 -1.5758795327911587769 -2.5148946906311517857 1.200093315152944851e-011 
3.0249999999997778666 0.31100625948438520574 -1.5758952636908165612 -2.5148946906356997033 9.9098963264864761856e-012 
3.0499999999997751132 0.31100625509028645421 -1.5759025915191642309 -2.5148946906398124135 9.1581371358756514916e-012 
3.0749999999997723599 0.31100551969996298451 -1.575896320523966665 -2.5148946906424991532 4.3499195612983334161e-012 
3.0999999999997696065 0.31100545621932879081 -1.5758972884770601208 -2.5148946906444322735 5.61937586229064118e-012 
3.1249999999997668532 0.3110062318878819565 -1.5758909250433417171 -2.5148946906466971285 4.5986747510114768454e-012 
3.1499999999997640998 0.31100641014826713171 -1.5758761096151823189 -2.5148946906482936292 3.542179150494428705e-012 
3.1749999999997613465 0.31100657111530310983 -1.5758743825281991136 -2.5148946906495810438 2.3688656007060475921e-012 
3.1999999999997585931 0.31100681029182858373 -1.5758785160141135506 -2.5148946906503555354 1.7671898248269736124e-012 
3.2249999999997558398 0.31100654146463296845 -1.5758852608166744602 -2.5148946906511584487 2.1288014268297893414e-012 
3.2499999999997530864 0.31100609003195012203 -1.575894747785191452 -2.5148946906520399658 1.8618830480472619271e-012 
3.274999999999750333 0.31100574662888730293 -1.5758962356198922272 -2.5148946906526163936 1.0470960157538257806e-012 
3.2999999999997475797 0.31100580357785129193 -1.5758946003558420568 -2.5148946906529765499 7.7734001346207002621e-013 
3.3249999999997448263 0.31100616420404364471 -1.5758931469700434569 -2.5148946906533025114 7.670493049332588745e-013 
3.349999999999742073 0.31100635503010176652 -1.5758866758667560148 -2.514894690653608933 7.4712494582856308889e-013 
3.3749999999997393196 0.31100640671027701689 -1.5758817398564148871 -2.5148946906538953705 5.6913350183378300101e-013 
3.3999999999997365663 0.31100632841606506984 -1.5758828691512025699 -2.5148946906540841084 4.0405588689501729164e-013 
3.4249999999997338129 0.3110061991798327985 -1.5758858746783217519 -2.5148946906542328783 2.9733224212228136076e-013 
3.4499999999997310596 0.31100622517197445971 -1.5758883510069647826 -2.5148946906543545587 3.1505546858059678508e-013 
3.4749999999997283062 0.31100620700205794389 -1.5758891447527241247 -2.5148946906544789037 2.4383065612756672484e-013 
3.4999999999997255529 0.31100617647599643201 -1.5758892263630914776 -2.5148946906545446289 1.3099906997115631757e-013 
3.5249999999997227995 0.31100623952307560049 -1.5758898499034694751 -2.5148946906546161273 1.8622138810108200166e-013 
3.5499999999997200462 0.31100617964783289215 -1.5758893999340195524 -2.5148946906546831848 1.3933033342982257208e-013 
3.5749999999997172928 0.31100613082644307239 -1.5758879784297263882 -2.5148946906547298141 9.3416365020422560382e-014 
3.5999999999997145395 0.31100623137172050958 -1.5758869561372010892 -2.514894690654764009 6.8742329607696874246e-014 
3.6249999999997117861 0.31100628683307440792 -1.5758868192941377639 -2.5148946906547919866 6.4734231827524500058e-014 
3.6499999999997090327 0.31100627956010051811 -1.5758876283790834716 -2.5148946906548146352 5.1862707534789101429e-014 
3.6749999999997062794 0.31100623217515993568 -1.575887806494681076 -2.5148946906548381719 5.9337759266231337497e-014 
3.699999999999703526 0.31100615044243379304 -1.5758875113740775653 -2.5148946906548581559 3.4322273201837402301e-014 
3.7249999999997007727 0.31100615567665712557 -1.5758883256628444247 -2.51489469065486837 2.0051891785232066895e-014 
3.7499999999996980193 0.31100622231866625889 -1.5758887308503495284 -2.5148946906548781399 2.5518237707147758129e-014 
3.774999999999695266 0.31100625356124012022 -1.5758881648078575388 -2.5148946906548870217 1.8887111342025152579e-014 
3.7999999999996925126 0.31100624878014276886 -1.5758879403617991333 -2.514894690654893683 1.6205197874427714851e-014 
3.8249999999996897593 0.3110062251513673881 -1.5758877203924042121 -2.5148946906549007885 1.53384699883553987e-014 
3.8499999999996870059 0.31100621071515982541 -1.5758876897588391941 -2.5148946906549052294 1.0031071863955434149e-014 
3.8749999999996842526 0.31100620574486298464 -1.5758879546859132503 -2.5148946906549101143 6.3787829116353600857e-015 
3.8999999999996814992 0.31100620208036372505 -1.5758877885432971411 -2.5148946906549118907 6.3152340483701312592e-015 
3.9249999999996787459 0.3110062162688125853 -1.5758878634539383867 -2.5148946906549149993 5.9645084885385868925e-015 
3.9499999999996759925 0.31100622344618744641 -1.575888203882144456 -2.5148946906549167757 5.5704144819174705054e-015 
3.9749999999996732392 0.31100621491591884382 -1.5758881024221267353 -2.514894690654918552 4.3006341549641516683e-015 
3.9999999999996704858 0.31100621399349470675 -1.5758880122571925497 -2.5148946906549207725 1.893781143686650693e-015 
4.0249999999996788347 0.31100621488833707362 -1.5758879735905582109 -2.5148946906549207725 1.8955182185169225743e-015 
4.0499999999996871836 0.31100622351789680708 -1.5758877977734859765 -2.5148946906549216607 2.4901218178714970733e-015 
4.0749999999996955324 0.31100623357242446199 -1.5758877903240551266 -2.5148946906549238811 1.6900318997199411896e-015 
4.0999999999997038813 0.31100622071725969597 -1.5758878837459910915 -2.5148946906549229929 1.6328071679908871556e-015 
4.1249999999997122302 0.31100620854045829544 -1.5758879845777888917 -2.5148946906549238811 8.2785456980442382704e-016 
4.1499999999997205791 0.31100621073965162289 -1.5758880477380587948 -2.5148946906549247693 6.1286032167997189492e-016 
4.1749999999997289279 0.31100621052467747329 -1.5758880050261727668 -2.5148946906549243252 7.7375829232950732484e-016 
4.1999999999997372768 0.31100621512303783245 -1.5758879768049200987 -2.5148946906549256575 7.5425203247025630332e-016 
4.2249999999997456257 0.31100622341382616609 -1.5758879194443426996 -2.5148946906549252134 4.2433313012471621019e-016 
4.2499999999997539746 0.31100622239826331006 -1.5758878810141037086 -2.5148946906549252134 2.8867369689131235171e-016 
4.2749999999997623235 0.31100621797465238805 -1.5758879586262981576 -2.5148946906549247693 3.9932464344483517432e-016 
4.2999999999997706723 0.31100621522400739849 -1.5758879687189895069 -2.5148946906549269897 2.1372204405347291836e-016 
4.3249999999997790212 0.31100621542091549943 -1.5758879353395436329 -2.5148946906549256575 1.802780146615091831e-016 
4.3499999999997873701 0.3110062185411463509 -1.5758879622449617486 -2.5148946906549256575 1.5111787288657735879e-016 
4.374999999999795719 0.31100621911539971798 -1.5758879490952435454 -2.5148946906549261016 1.8496411351194201882e-016 
4.3999999999998040678 0.31100621776336562219 -1.5758879218274093326 -2.5148946906549261016 1.2027631686928534522e-016 
4.4249999999998124167 0.31100621631409930412 -1.5758879245438426331 -2.5148946906549256575 5.8872836875469670665e-017 
4.4499999999998207656 0.31100621525389909872 -1.5758879314915934522 -2.5148946906549261016 5.6896158304446626573e-017 
4.4749999999998291145 0.31100621698012365091 -1.5758879654122133207 -2.5148946906549265456 6.7823418079414993677e-017 
4.4999999999998374633 0.31100621830230645859 -1.5758879798713882892 -2.5148946906549265456 6.5767976918530566203e-017 
4.5249999999998458122 0.31100621772384873243 -1.5758879555413687346 -2.5148946906549256575 3.7245243175931067483e-017 
4.5499999999998541611 0.31100621764209213094 -1.5758879533022134289 -2.5148946906549265456 2.2188846445531850574e-017 
4.57499999999986251 0.31100621692443564115 -1.5758879527254923136 -2.5148946906549261016 2.4216502276702015468e-017 
4.5999999999998708589 0.3110062169183109293 -1.5758879306491166972 -2.5148946906549265456 2.2249300598606163e-017 
4.6249999999998792077 0.31100621825551194588 -1.5758879236260412426 -2.5148946906549252134 2.127367620972163649e-017 
4.6499999999998875566 0.3110062178698502211 -1.5758879333877240381 -2.5148946906549256575 1.2912681100364752178e-017 
4.6749999999998959055 0.31100621723080473791 -1.575887943908613309 -2.5148946906549256575 1.0363870581108276778e-017 
4.6999999999999042544 0.31100621738454137244 -1.5758879545519297594 -2.5148946906549261016 8.134418688965787199e-018 
4.7249999999999126032 0.31100621672068179402 -1.5758879606719093935 -2.5148946906549256575 8.4492766818462222426e-018 
4.7499999999999209521 0.31100621664117328313 -1.5758879576389326349 -2.5148946906549256575 6.1524627683486653467e-018 
4.774999999999929301 0.31100621734780253824 -1.5758879476998082225 -2.5148946906549269897 4.1988195841657717636e-018 
4.7999999999999376499 0.31100621753513518764 -1.5758879424883804887 -2.5148946906549261016 4.9945707048661888342e-018 
4.8249999999999459988 0.31100621769018083063 -1.5758879453274190485 -2.5148946906549261016 2.8034629076621505799e-018 
4.8499999999999543476 0.31100621768085151553 -1.5758879440002657724 -2.5148946906549261016 2.7387769297471335815e-018 
4.8749999999999626965 0.31100621739821893152 -1.5758879415624078568 -2.5148946906549252134 1.9716829716837760727e-018 
4.8999999999999710454 0.31100621733947764191 -1.5758879449377154458 -2.5148946906549256575 1.7792750202828069043e-018 
4.9249999999999793943 0.31100621725614541191 -1.575887946479939794 -2.5148946906549269897 1.4885863160456747349e-018 
4.9499999999999877431 0.31100621720958798733 -1.5758879472751274875 -2.5148946906549261016 1.294633421804028578e-018 
4.974999999999996092 0.3110062172561941507 -1.5758879488525847634 -2.5148946906549256575 8.6095915192464276058e-019 
