0.025000000000000015266 0.59288316057956669258 0.00046590633608526582643 -2.2493006790057692434 0.038197160520661466165 
0.05000000000000003747 0.57061555026942190061 0.016285051699457472885 -2.260144560988107898 0.051759995219584402359 
0.075000000000000052736 0.4407377501198221359 -0.0032185465389742984321 -2.2873855369037117136 0.081331342614515564349 
0.10000000000000007494 0.41052050230653247542 -0.050643424509249967969 -2.3334078517234551065 0.096534375072522549122 
0.12500000000000008327 0.25801179586738681726 -0.40898512214442317436 -2.3636221666119685558 0.04769850417632223033 
0.15000000000000010547 0.24143636454908012912 -1.7614801861076312406 -2.3799600549161716856 0.035815666817184933779 
0.17500000000000012768 0.30664126542237923889 -2.1883849766374354751 -2.3961495857569010681 0.039622744488783091799 
0.20000000000000014988 0.26693441091059161296 -1.3541376086578391646 -2.4111041531223378342 0.02348119068692273298 
0.22500000000000017208 0.26277556947675095866 -1.5738639485577636812 -2.4201643166546942254 0.023938943013190702724 
0.25000000000000016653 0.29108707074934003778 -1.1635022770835290462 -2.4326695227749284278 0.030260026957426959526 
0.27500000000000018874 0.29928338602727583284 -0.36429592671195643039 -2.4424805654942174371 0.015453367558718232241 
0.30000000000000021094 0.32008275130271085507 -0.56955597821734060826 -2.4486578523158275544 0.014999040977538850156 
0.32500000000000023315 0.32710192262142856467 -0.71647524131323447882 -2.4576491846583663481 0.024760046019641619025 
0.35000000000000025535 0.35401878697769489923 -1.277962969824099515 -2.4673220005322060722 0.018337067229025390963 
0.37500000000000027756 0.35794350233076305257 -1.7843914011441130985 -2.4729649263461146447 0.010126847095470310062 
0.40000000000000029976 0.30542593105635990058 -1.4039202646460591239 -2.4780624460720050983 0.012466511009761904391 
0.42500000000000032196 0.29732558330747277386 -1.3869146460201582371 -2.4838145021455364514 0.013460996537090746256 
0.45000000000000034417 0.30253446195540717456 -1.3165870176540346304 -2.4892653420838386502 0.012649783887138398714 
0.47500000000000036637 0.2954538834676662673 -1.1762307297321883404 -2.4948469257301657542 0.012377305494185281143 
0.50000000000000033307 0.3076267605681932138 -1.4627360566171248024 -2.4994061412019559221 0.0075669424439142153951 
0.52500000000000035527 0.30973404817474520234 -1.7005873984383592656 -2.5022666289734414313 0.0071436539160381696059 
0.55000000000000037748 0.30325520224753499399 -2.0213416580163334757 -2.5050832247553915799 0.0048735260904590668729 
0.57500000000000039968 0.30055919293271632364 -2.0809094280080038253 -2.5067018023289500128 0.0032838096589392191081 
0.60000000000000042188 0.29438511715895088194 -1.594880267746661362 -2.5081312037806844373 0.0029814969565122688422 
0.62500000000000044409 0.31216432619925899017 -1.3587248816024781739 -2.5094448469109313926 0.0033769649444459971972 
0.65000000000000046629 0.33232981490604002195 -1.3640881877896724461 -2.5106966705109328153 0.0019777047302295923392 
0.6750000000000004885 0.32266631717928295764 -1.327174455341088688 -2.5114154047969323713 0.001721240446628537939 
0.7000000000000005107 0.30617489440895090391 -1.4692853047640495046 -2.51220082337708428 0.0015900335828619191307 
0.72500000000000053291 0.29662368609993677859 -1.6650154829732028983 -2.5126975075933377646 0.00094507085981630973345 
0.75000000000000055511 0.30024986321761953922 -1.840705656577150906 -2.5131065205422973285 0.0008017599758068738678 
0.77500000000000057732 0.31109298078964769951 -1.869393644599058435 -2.5133924662419522278 0.00063341434323007511642 
0.80000000000000059952 0.31058578371777861848 -1.5879379575913776801 -2.5137186038766197171 0.00079423808745190266085 
0.82500000000000062172 0.31184851855535217213 -1.4302571216436907875 -2.5139966562531403937 0.00050196525214840507015 
0.85000000000000064393 0.3169728779641619032 -1.5049141605166114211 -2.5141715935413553318 0.00028229076272603487391 
0.87500000000000066613 0.31349599348384377118 -1.5026393506312905046 -2.5142719756848879165 0.00022937947025237356781 
0.90000000000000068834 0.3111965885220617789 -1.5039918279216788477 -2.5143951736149952048 0.00032387282481212387956 
0.92500000000000071054 0.3104456010892632789 -1.5792470955992268244 -2.5145088938604049922 0.00019295792037428378734 
0.95000000000000073275 0.30794714582935572844 -1.6266374440536921497 -2.5145817063188369289 0.00014034930086410029671 
0.97500000000000075495 0.31077266457206692563 -1.6423283106170032397 -2.5146402379858359133 0.00013842446179030112245 
1.0000000000000006661 0.31107119643372943552 -1.5974910831657505028 -2.5146970458097404055 0.00011595057475673553149 
1.0249999999999979128 0.30847270112447155999 -1.5488186566251895826 -2.5147299185878910777 4.2228790902349854115e-005 
1.0499999999999951594 0.3112339596621153115 -1.5675816756522000794 -2.5147570873396190017 8.6119779732425104433e-005 
1.0749999999999924061 0.31289690226672750573 -1.5779997675619537034 -2.5147901143509767685 5.4975262355547559602e-005 
1.0999999999999896527 0.31149033225812838843 -1.574908863871497644 -2.5148099682434001956 4.729952506639753556e-005 
1.1249999999999868994 0.3110232059197182708 -1.5832375750121205904 -2.514827431589082618 2.6495170969167272982e-005 
1.149999999999984146 0.31048482270768740232 -1.5745782339271101602 -2.51483857464782945 2.9206222164766443191e-005 
1.1749999999999813927 0.31080043704020005046 -1.5753728329087715032 -2.5148506356380533333 2.3103354607874638529e-005 
1.1999999999999786393 0.31119584982231618397 -1.5761336043429778897 -2.514858183819611348 1.5415454712130179733e-005 
1.224999999999975886 0.31075417323110776646 -1.5586843497878284381 -2.5148655673224191709 1.6387448193534092197e-005 
1.2499999999999731326 0.31122399235680586749 -1.5663466895883630947 -2.5148719717175631594 1.277538313210429169e-005 
1.2749999999999703792 0.3112867466880912537 -1.5848184869946351228 -2.5148764234372884552 8.8309667257165442618e-006 
1.2999999999999676259 0.31070729520786671829 -1.5869265802569754165 -2.5148795991890566803 5.5943435725169544112e-006 
1.3249999999999648725 0.31076003946889696472 -1.583620945048751949 -2.5148823108328093312 7.1113851518238829351e-006 
1.3499999999999621192 0.31084237175370066364 -1.5733556765549319145 -2.5148851142316233087 5.1799890356681299451e-006 
1.3749999999999593658 0.31122779607232142762 -1.572665120395412508 -2.5148868461832658561 3.3893359048269558366e-006 
1.3999999999999566125 0.31135543597950404715 -1.5797457590316603682 -2.5148882765176594489 3.324448157074415211e-006 
1.4249999999999538591 0.31068921738765808982 -1.5732296460832397855 -2.5148898382468054535 3.2065595292285358155e-006 
1.4499999999999511058 0.31079064560811975326 -1.5721764592501872304 -2.5148907125680635133 1.2510194096454708316e-006 
1.4749999999999483524 0.31125541874852824531 -1.5775672192823169127 -2.5148912681227821864 1.4760750839837464712e-006 
1.4999999999999455991 0.31115434603337210895 -1.5744100295926126698 -2.5148919613278311047 1.5621685669670714436e-006 
1.5249999999999428457 0.31112458391930736257 -1.5735728806444833072 -2.5148926394688326802 1.4184001461561756659e-006 
1.5499999999999400924 0.31093412136297687853 -1.5746224918917295366 -2.5148930541901246549 6.2976876783055485555e-007 
1.574999999999937339 0.31072595758185772574 -1.5758305935900285277 -2.5148932979881886141 5.4559757000965309338e-007 
1.5999999999999345857 0.31099379233626833763 -1.5797339386202349232 -2.5148935713267994707 6.2729780787788739091e-007 
1.6249999999999318323 0.31109192846509320374 -1.5784631461825318066 -2.51489378845746403 4.1577331663164197963e-007 
1.649999999999929079 0.3109947367162574916 -1.5763942554771701587 -2.5148939705948381018 4.2744339717242081796e-007 
1.6749999999999263256 0.3110425373239700253 -1.5767863766760230604 -2.5148941270549021176 2.8443895592070468905e-007 
1.6999999999999235722 0.3110163610721364269 -1.5745631686872236799 -2.5148942424142703977 2.2112282277853209943e-007 
1.7249999999999208189 0.3109975056154675177 -1.5737736643699455907 -2.5148943114986028746 1.4102099833541921911e-007 
1.7499999999999180655 0.31102645208051321601 -1.574602648252689141 -2.5148943831865691045 1.8140025091055248072e-007 
1.7749999999999153122 0.31101644299252018122 -1.5748749469949621105 -2.5148944508137960341 1.1600082039450230279e-007 
1.7999999999999125588 0.31103084601362179784 -1.5765003999863202999 -2.5148944984056140761 1.0671446296234091242e-007 
1.8249999999999098055 0.31098014328000922468 -1.5770205452971284288 -2.5148945347689268814 6.8602854835331010455e-008 
1.8499999999999070521 0.31094261241868237367 -1.5764190769437382844 -2.5148945653776424436 7.1379854564967926207e-008 
1.8749999999999042988 0.3110109393235103159 -1.5764347855295457457 -2.5148945921933196779 4.3847005112114651126e-008 
1.8999999999999015454 0.31103207583391223601 -1.5757783732921668562 -2.514894607572208507 3.6765553290568392041e-008 
1.9249999999998987921 0.31103117590494971934 -1.5755672704524772421 -2.5148946232422448865 3.243682842299382053e-008 
1.9499999999998960387 0.31102673666332031344 -1.5759421964004158845 -2.514894637538543698 3.5546731592376889833e-008 
1.9749999999998932854 0.31097555642930635456 -1.5757991813856802032 -2.514894651370704004 2.0965415007185803413e-008 
1.999999999999890532 0.3109806072719736858 -1.5760851701976072992 -2.5148946565203229575 9.7976762376560660915e-009 
2.0249999999998880007 0.31100532416773635225 -1.5760987682587650482 -2.5148946620336039004 1.4959266291792835392e-008 
2.0499999999998852473 0.31100242922138637836 -1.575406067763561957 -2.5148946683831288063 1.2490231954550524032e-008 
2.074999999999882494 0.31103388820730498709 -1.5753226452930506607 -2.5148946730729955235 9.2693631978991615429e-009 
2.0999999999998797406 0.31103439876733107727 -1.5756547295360037175 -2.5148946764955071309 7.6431557437327091226e-009 
2.1249999999998769873 0.31099716372996977221 -1.5760250774661792583 -2.514894679517877929 5.2339855152911932327e-009 
2.1499999999998742339 0.31099338110883434361 -1.5763805563866599702 -2.5148946812927670535 3.6633487199084317841e-009 
2.1749999999998714806 0.31099206693511660671 -1.5762616237626061455 -2.5148946830989200585 4.2742625224180265054e-009 
2.1999999999998687272 0.31099514685377888101 -1.5760509908379667365 -2.5148946845310637954 2.817527299596979673e-009 
2.2249999999998659739 0.3110139560057266217 -1.5759463858646778345 -2.5148946859072567328 3.0611035070952053823e-009 
2.2499999999998632205 0.31101309073463828669 -1.5756713185080910566 -2.5148946868860466708 1.5753283360549540012e-009 
2.2749999999998604672 0.31100666559578138415 -1.5755956793958647566 -2.514894687587337252 1.6189125940309997122e-009 
2.2999999999998577138 0.31100658047936241557 -1.5757333337118955008 -2.514894688063336492 8.5247828013560470845e-010 
2.3249999999998549605 0.31100677283800959305 -1.575797930895884269 -2.5148946886072667262 1.4331214479485748721e-009 
2.3499999999998522071 0.31101230329918894135 -1.5759339257898379305 -2.5148946890695085266 6.3157506714945802453e-010 
2.3749999999998494538 0.31100942159756894689 -1.5760307135877984486 -2.5148946893150672111 7.304534266311571043e-010 
2.3999999999998467004 0.31100146353273422362 -1.575984566279789334 -2.5148946896423969299 6.0020674764961120169e-010 
2.4249999999998439471 0.31100082561491187993 -1.575950897405952178 -2.5148946898248474291 2.8533971937890364369e-010 
2.4499999999998411937 0.31100134083755509584 -1.5759019736882486917 -2.514894689947928974 3.2337251012383530166e-010 
2.4749999999998384403 0.31100689879431198115 -1.5758744501689374573 -2.5148946900952688921 3.4628366014560414252e-010 
2.499999999999835687 0.3110118432890724427 -1.5758736095099228347 -2.5148946902276354542 2.2856645097538058981e-010 
2.5249999999998329336 0.31100745586297018352 -1.5758249586769195183 -2.5148946903035249711 1.4706336907361590177e-010 
2.5499999999998301803 0.31100576314758432428 -1.5758474817397734036 -2.5148946903692936949 1.5081930312596577209e-010 
2.5749999999998274269 0.31100637367993327898 -1.5758984398107851455 -2.5148946904243691947 1.1581632796872362288e-010 
2.5999999999998246736 0.31100492081258851451 -1.5758787362345330063 -2.5148946904726452445 8.6061919355617431319e-011 
2.6249999999998219202 0.31100674318066906521 -1.5758867822510591594 -2.5148946905027025345 6.8499961148648058435e-011 
2.6499999999998191669 0.31100698441552460105 -1.5759049228443906543 -2.5148946905338811497 7.0730276052516639198e-011 
2.6749999999998164135 0.31100513458500161912 -1.5759066679347495388 -2.5148946905605114033 5.4253438081200980467e-011 
2.6999999999998136602 0.31100598507764437572 -1.5759190433442538115 -2.5148946905817024522 3.3400609111770671948e-011 
2.7249999999998109068 0.3110059166954949883 -1.5758921756910300171 -2.5148946905903297733 1.9127821271210572023e-011 
2.7499999999998081535 0.31100578597195760455 -1.5758668712785226518 -2.5148946906028166737 3.4954398381063159216e-011 
2.7749999999998054001 0.3110072619837370711 -1.5758738735461608194 -2.5148946906155495995 2.067036449126495835e-011 
2.7999999999998026468 0.31100697283904471524 -1.575872724232471489 -2.514894690622879736 1.4872307594483484325e-011 
2.8249999999997998934 0.31100595943073855443 -1.5758876297645392217 -2.5148946906290445824 1.3781513134816428692e-011 
2.84999999999979714 0.31100564431187482928 -1.5759027004405630201 -2.5148946906341427265 9.9272514550421599626e-012 
2.8749999999997943867 0.31100564083822440642 -1.5758951665043854362 -2.5148946906377900312 6.4447300871347817809e-012 
2.8999999999997916333 0.31100633005679800824 -1.5758941527311223219 -2.5148946906408813362 8.459455294354508169e-012 
2.92499999999978888 0.31100657469584896964 -1.5758850381580875588 -2.5148946906442808391 6.3644351404615250109e-012 
2.9499999999997861266 0.31100646711818463741 -1.5758728634118051026 -2.5148946906462752438 3.5149315080792345064e-012 
2.9749999999997833733 0.31100662004609780364 -1.5758818396734080025 -2.514894690647829556 3.2396448003305370724e-012 
2.9999999999997806199 0.31100617400905605781 -1.5758914571868247734 -2.5148946906491280728 3.1482649676396626978e-012 
3.0249999999997778666 0.31100582336776133596 -1.575894778061303958 -2.5148946906504368037 2.537627881968146809e-012 
3.0499999999997751132 0.31100594334867892599 -1.5758947250306591936 -2.5148946906512184007 1.2830296027451424562e-012 
3.0749999999997723599 0.31100600114667753537 -1.5758904099788613173 -2.5148946906518645505 1.6874201369670323164e-012 
3.0999999999997696065 0.31100637787016693903 -1.5758893212768543268 -2.5148946906525773137 1.5100939665594043515e-012 
3.1249999999997668532 0.31100648815233156164 -1.5758847004308054185 -2.5148946906530871281 8.68525422494161368e-013 
3.1499999999997640998 0.31100614517259406178 -1.5758794500748520839 -2.5148946906533757861 4.819444594284510073e-013 
3.1749999999997613465 0.31100626966868977208 -1.5758843940546878315 -2.514894690653624032 7.0999152543774541272e-013 
3.1999999999997585931 0.31100640666373385868 -1.575889425377126063 -2.5148946906539251245 6.1950492535938821759e-013 
3.2249999999997558398 0.31100620835546222143 -1.5758903773867869447 -2.5148946906541360669 3.7585554972256307916e-013 
3.2499999999997530864 0.3110061197501376995 -1.5758911296933613144 -2.5148946906542888335 3.1455390639740141503e-013 
3.274999999999750333 0.31100605619864635232 -1.5758896917285434292 -2.5148946906544109581 2.574933390049237616e-013 
3.2999999999997475797 0.31100612679222705559 -1.5758885563422122544 -2.5148946906545011082 1.7086865609258207655e-013 
3.3249999999997448263 0.31100631860534100337 -1.5758877008113389984 -2.5148946906545779356 1.8472194656375118877e-013 
3.349999999999742073 0.31100628458964402201 -1.5758856538981773632 -2.5148946906546552071 1.5162571988502443867e-013 
3.3749999999997393196 0.31100621422484625578 -1.5758864007791282269 -2.5148946906547129387 1.2577666486484150369e-013 
3.3999999999997365663 0.31100622786675191644 -1.5758884324224151641 -2.5148946906547573477 6.8168768436050106219e-014 
3.4249999999997338129 0.31100620757345875944 -1.575888563397814357 -2.5148946906547804403 5.5780091019265030294e-014 
3.4499999999997310596 0.31100621230647329529 -1.575888269948199083 -2.5148946906548124147 7.5792717774966093484e-014 
3.4749999999997283062 0.31100621881695478255 -1.5758876867954556555 -2.5148946906548341751 3.6435223429311107306e-014 
3.4999999999997255529 0.31100622710792819037 -1.5758875349074004113 -2.5148946906548519387 4.3600633456372307575e-014 
3.5249999999997227995 0.31100623466808835493 -1.5758884416060889855 -2.5148946906548679259 2.8051844356745734473e-014 
3.5499999999997200462 0.31100618557954096133 -1.5758883403660701727 -2.5148946906548803604 2.6349523008950826146e-014 
3.5749999999997172928 0.3110061902356843766 -1.5758877489091553947 -2.5148946906548879099 1.1954794545985018581e-014 
3.5999999999997145395 0.31100624016261713134 -1.5758880027540356217 -2.5148946906548950153 1.7828441006623548776e-014 
3.6249999999997117861 0.31100623060350135463 -1.5758880571496014511 -2.5148946906549012326 1.4195353558983102247e-014 
3.6499999999997090327 0.31100621844799142268 -1.5758877770632437887 -2.5148946906549070057 1.0995278232893691866e-014 
3.6749999999997062794 0.31100620903406611673 -1.5758876147022409242 -2.5148946906549105584 6.6319507362336820988e-015 
3.699999999999703526 0.31100619868658352374 -1.5758877781071389812 -2.5148946906549127789 5.8080175724091596104e-015 
3.7249999999997007727 0.31100622748875217383 -1.5758882896763819481 -2.5148946906549163316 5.5565089899204443865e-015 
3.7499999999996980193 0.31100623388749604192 -1.5758882189950660369 -2.5148946906549176639 4.5926630338301210637e-015 
3.774999999999695266 0.31100621445051701564 -1.5758877978306449208 -2.514894690654918552 2.6782096549305658936e-015 
3.7999999999996925126 0.31100621921768484279 -1.5758878648079579499 -2.5148946906549207725 3.5987760798626305144e-015 
3.8249999999996897593 0.31100621857549365368 -1.5758879230955546991 -2.5148946906549212166 2.0687601935584687919e-015 
3.8499999999996870059 0.31100621125742539119 -1.5758878802420757115 -2.5148946906549221048 1.273954054640190269e-015 
3.8749999999996842526 0.31100621306934872479 -1.5758879333759294727 -2.5148946906549229929 1.3429629891023282447e-015 
3.8999999999996814992 0.31100621277576062651 -1.5758879308108357797 -2.5148946906549243252 1.3758434234239522144e-015 
3.9249999999996787459 0.31100621892009344682 -1.5758880701947208802 -2.5148946906549252134 1.0547828144748261465e-015 
3.9499999999996759925 0.31100622281593898188 -1.5758881123382777467 -2.5148946906549229929 6.7129336534061898996e-016 
3.9749999999996732392 0.31100621589388283139 -1.5758879020781546565 -2.5148946906549252134 4.9793344024824028715e-016 
3.9999999999996704858 0.31100621570893394185 -1.5758878572775336657 -2.5148946906549252134 4.2375112233548841058e-016 
4.0249999999996788347 0.31100622045135856153 -1.5758878844940138464 -2.5148946906549243252 4.5637884360407418627e-016 
4.0499999999996871836 0.31100622221051271721 -1.5758878727359304506 -2.5148946906549252134 2.9806105684040939861e-016 
4.0749999999996955324 0.31100621920769189188 -1.5758879490967714343 -2.5148946906549252134 3.1032559177887272401e-016 
4.0999999999997038813 0.31100621191930472031 -1.5758879884310994512 -2.5148946906549247693 1.4935405487710406041e-016 
4.1249999999997122302 0.31100621222337293537 -1.5758880036944931113 -2.5148946906549261016 1.3514849913723437588e-016 
4.1499999999997205791 0.31100621729367577961 -1.5758880045046379514 -2.5148946906549265456 1.334371806904345031e-016 
4.1749999999997289279 0.31100621798213373692 -1.5758879251284978462 -2.5148946906549261016 1.4724013676748937894e-016 
4.1999999999997372768 0.31100621987803800383 -1.5758878979599315606 -2.5148946906549252134 5.2388207516850896357e-017 
4.2249999999997456257 0.31100622030381269711 -1.5758879309127511448 -2.5148946906549261016 6.8053148835679357799e-017 
4.2499999999997539746 0.31100621660168636939 -1.5758879513520243076 -2.5148946906549261016 6.7506785723050429233e-017 
4.2749999999997623235 0.31100621563122626823 -1.5758879696794663161 -2.5148946906549252134 3.5505998451080027029e-017 
4.2999999999997706723 0.31100621622755630913 -1.5758879547404092136 -2.5148946906549265456 3.024541257875164381e-017 
4.3249999999997790212 0.31100621729058042231 -1.5758879390692221989 -2.5148946906549256575 3.0640923558451590273e-017 
4.3499999999997873701 0.31100621914582743388 -1.5758879454779983753 -2.5148946906549265456 2.7535997837856971693e-017 
4.374999999999795719 0.31100621785843396427 -1.5758879310938040952 -2.5148946906549256575 1.7806196552418466156e-017 
4.3999999999998040678 0.31100621612281753592 -1.5758879293708196734 -2.5148946906549256575 1.1635617835827800065e-017 
4.4249999999998124167 0.31100621690419355536 -1.575887950065484322 -2.5148946906549256575 1.1352406159170746615e-017 
4.4499999999998207656 0.31100621749276324834 -1.5758879606813596119 -2.5148946906549261016 1.0668530016280368728e-017 
4.4749999999998291145 0.31100621766370800669 -1.5758879655796085295 -2.5148946906549265456 7.5412954241171121523e-018 
4.4999999999998374633 0.31100621757023305669 -1.57588795444519425 -2.5148946906549247693 6.8712406134842528831e-018 
4.5249999999998458122 0.31100621704807945855 -1.5758879387069344435 -2.5148946906549269897 4.8468298167283080068e-018 
4.5499999999998541611 0.31100621718101717494 -1.5758879424404352854 -2.5148946906549256575 3.4693762616922515953e-018 
4.57499999999986251 0.31100621737211631146 -1.5758879420607712074 -2.5148946906549261016 2.4400537582178137156e-018 
4.5999999999998708589 0.31100621745189915845 -1.5758879356833177532 -2.5148946906549256575 3.7895950327615609291e-018 
4.6249999999998792077 0.31100621767589131661 -1.5758879422772440471 -2.5148946906549265456 1.8357406010295664046e-018 
4.6499999999998875566 0.3110062174391834966 -1.5758879503100327035 -2.5148946906549261016 1.3780190619355740105e-018 
4.6749999999998959055 0.31100621725836219422 -1.5758879527321565384 -2.5148946906549265456 1.627409213782604105e-018 
4.6999999999999042544 0.31100621719505217033 -1.5758879518647890272 -2.5148946906549261016 9.4333081864815569359e-019 
4.7249999999999126032 0.31100621699282798849 -1.575887947387484278 -2.5148946906549265456 7.6550025179638646841e-019 
4.7499999999999209521 0.31100621730355143546 -1.5758879457414152192 -2.5148946906549256575 7.3911008047820163915e-019 
4.774999999999929301 0.31100621760538871285 -1.5758879460470298639 -2.5148946906549256575 7.2697710975308291135e-019 
4.7999999999999376499 0.31100621743846246225 -1.5758879451517033843 -2.5148946906549256575 3.7182041387439127422e-019 
4.8249999999999459988 0.31100621738017636408 -1.5758879461505255204 -2.5148946906549265456 3.2233169112882410161e-019 
4.8499999999999543476 0.31100621731333788489 -1.5758879462303307939 -2.5148946906549269897 2.933642972210424161e-019 
4.8749999999999626965 0.31100621725193861034 -1.5758879451622878065 -2.5148946906549269897 2.6045311703245983342e-019 
4.8999999999999710454 0.31100621739929917853 -1.5758879460301982167 -2.5148946906549265456 1.8155464048703360696e-019 
4.9249999999999793943 0.31100621740038947305 -1.5758879464529962355 -2.5148946906549252134 1.61294788395030931e-019 
4.9499999999999877431 0.3110062173224099058 -1.575887947042267534 -2.5148946906549265456 1.2191183334390685242e-019 
4.974999999999996092 0.31100621732308370015 -1.5758879481061258687 -2.5148946906549247693 1.0913997922690287149e-019 
