0.025000000000000015266 0.59137128492572899052 0.00045583438559629319009 -2.2510127036004918821 0.037183180439993843147 
0.05000000000000003747 0.57012697152321711869 0.015900715621466610106 -2.262754909919646451 0.049020954393497240265 
0.075000000000000052736 0.44493298103336376137 -0.0014602364285623004037 -2.2916681982815698682 0.07621824225327120117 
0.10000000000000007494 0.41756360995965580152 -0.048712717378921244205 -2.3406071560141281651 0.091697828509595055713 
0.12500000000000008327 0.26991209110058150822 -0.40439239713666907949 -2.3729797500485187989 0.044467522959892751 
0.15000000000000010547 0.24921551142626116593 -1.6574976304244457559 -2.389499170913190973 0.030905121160254279272 
0.17500000000000012768 0.3095441954095396464 -2.0412838544739471125 -2.4055939834426292023 0.03546294902566436702 
0.20000000000000014988 0.27901362368863918961 -1.2902719355397014311 -2.4209596678712275164 0.022325499590252248505 
0.22500000000000017208 0.27973422637643508004 -1.4522190987314216315 -2.4305561181860739772 0.021237743605818985154 
0.25000000000000016653 0.30565989154473793832 -1.1073270085012878461 -2.4427926448988386277 0.026220824714037294784 
0.27500000000000018874 0.31118851481931225633 -0.47950421241693907959 -2.4528848276702457376 0.015714084302073008659 
0.30000000000000021094 0.33093238290773530075 -0.64523132425338036722 -2.4607629797935031135 0.017347646359748537803 
0.32500000000000023315 0.33921650364826122503 -0.78572430157800288164 -2.4703145661856420467 0.019585362905142685019 
0.35000000000000025535 0.34673346535927468404 -1.2893324796849572333 -2.4780766199700803298 0.012404032568604011696 
0.37500000000000027756 0.33292093840499475954 -1.8026603399049918597 -2.483351081031373031 0.0107134790763664077 
0.40000000000000029976 0.28806968192027782028 -1.5463576172298383327 -2.4896385304909784963 0.013900567874530546028 
0.42500000000000032196 0.28068716667729315395 -1.5103979061104431114 -2.4962286951532752788 0.012274701514733254992 
0.45000000000000034417 0.29180413991122616801 -1.6251111883307345352 -2.5010656604696901439 0.0075191820388512790874 
0.47500000000000036637 0.30539579771911706807 -1.6077500471494128309 -2.5038762632585847001 0.0046116459251253480098 
0.50000000000000033307 0.32346088041370996136 -1.7695147329227574051 -2.5061827175622370945 0.0044685002617604902692 
0.52500000000000035527 0.31248212050346280133 -1.7779865632666078668 -2.5081897573449443151 0.003800512587112090529 
0.55000000000000037748 0.29986598996258950756 -1.7400758331636312359 -2.5096022477551440666 0.0019436543650638408737 
0.57500000000000039968 0.30580693469457964628 -1.6306964419575735725 -2.5104679926881714458 0.0019540982170800020104 
0.60000000000000042188 0.30955668131482400041 -1.3469587828161286858 -2.5115857610617586815 0.002235806296284894093 
0.62500000000000044409 0.31961428670805502872 -1.345616758504354582 -2.5124403122544078926 0.0012760464108352612914 
0.65000000000000046629 0.32278185296857475617 -1.4571518665766844958 -2.5128738727947266263 0.00064853374048733883773 
0.6750000000000004885 0.30815310375941229459 -1.5342787193625402331 -2.5132770850865671086 0.00099863466991815435028 
0.7000000000000005107 0.30106978723775873474 -1.7523689896584815351 -2.5137212077250792319 0.0006737178770315202167 
0.72500000000000053291 0.3028404926005217046 -1.8270547265389402991 -2.5139336842653947635 0.0002957694126098497499 
0.75000000000000055511 0.3061123740536935145 -1.702816314000833664 -2.5140920895283871417 0.00039783385560724602052 
0.77500000000000057732 0.31411343678699571447 -1.5734702911065769904 -2.5143126262226642709 0.00041430836979342976906 
0.80000000000000059952 0.31710796413106046021 -1.4653735140667367709 -2.5144595158977414151 0.00020448137513587324814 
0.82500000000000062172 0.31443397350844448646 -1.4669258109677811852 -2.5145318511406173911 0.00011453676342637863486 
0.85000000000000064393 0.3117979551696257734 -1.5290756961923779311 -2.5145968238504670111 0.00015516341536474402888 
0.87500000000000066613 0.30846603232417690865 -1.5574128395035646832 -2.5146735743628729765 0.00014147025753397305509 
0.90000000000000068834 0.30856722495362676195 -1.6077175939739842825 -2.5147288841506454382 8.12248164225679042e-005 
0.92500000000000071054 0.31105310813643965995 -1.6321608854555988977 -2.5147568860585844952 5.0310231906181382985e-005 
0.95000000000000073275 0.3116277120420795077 -1.5942970427723288651 -2.514787786297853156 6.789447676923156792e-005 
0.97500000000000075495 0.31141874653048062793 -1.5749224802904233655 -2.5148154605933892292 3.9623708952001681423e-005 
1.0000000000000006661 0.31029384598947312712 -1.5714329753238516219 -2.5148282176977772018 2.1283808593346602897e-005 
1.0249999999999979128 0.3100161162217291988 -1.563801478418659574 -2.5148414808638674955 3.1949615616703740974e-005 
1.0499999999999951594 0.31145220979415627616 -1.5729924588946022634 -2.5148563157729331152 2.4957529234044129859e-005 
1.0749999999999924061 0.31160284950335920273 -1.5827517911891204605 -2.5148654016186045013 1.2066825218785518054e-005 
1.0999999999999896527 0.31130097815605778377 -1.5823190688167714235 -2.5148696139684036943 9.0972101184003276522e-006 
1.1249999999999868994 0.31132546814442735306 -1.5756580074094486132 -2.5148751880767616917 1.1499721577608021438e-005 
1.149999999999984146 0.31064827673987593926 -1.5673488052756883171 -2.5148800913058866335 8.1757457351846556353e-006 
1.1749999999999813927 0.31066615873854025454 -1.568457874751599368 -2.5148831987598163629 5.0140586140138972647e-006 
1.1999999999999786393 0.31113597080344507217 -1.5699492289097081166 -2.5148854207526580851 4.4014736094063771865e-006 
1.224999999999975886 0.31106065987832531849 -1.5730409645656040496 -2.5148875904907384005 4.2403804940342741911e-006 
1.2499999999999731326 0.31110838032323667735 -1.5859908780843681164 -2.5148893912692495967 2.6371437803809786005e-006 
1.2749999999999703792 0.31091601578300781528 -1.5872226116497207826 -2.5148902397939809639 1.5175350056927398685e-006 
1.2999999999999676259 0.31064376478504734935 -1.5771732026517253367 -2.5148911368925856991 2.0284972930563797437e-006 
1.3249999999999648725 0.31098461618204742418 -1.5747961221069997073 -2.5148921119044165273 1.6573266779683220246e-006 
1.3499999999999621192 0.31124363303701907402 -1.5729044403016505527 -2.5148926415409085244 6.6797168636334472867e-007 
1.3749999999999593658 0.31117744950628956069 -1.5708977236335006644 -2.514893010255176975 9.795432306573428957e-007 
1.3999999999999566125 0.31105843037983327282 -1.5740858489856179858 -2.5148934748979017151 7.1009261380627698118e-007 
1.4249999999999538591 0.31090658405175852774 -1.5762146347937084911 -2.5148937050802580018 2.9555638641627338934e-007 
1.4499999999999511058 0.31093593433151484051 -1.5777357846198833968 -2.5148938510414162728 3.9467850129893724974e-007 
1.4749999999999483524 0.31101380539718337381 -1.5776946085589416136 -2.5148940766894747334 4.5246687156157649748e-007 
1.4999999999999455991 0.31099083360882950888 -1.5748721124512541358 -2.5148942519602610624 2.31449232990483421e-007 
1.5249999999999428457 0.31101129480720318687 -1.5748798592285209175 -2.5148943230108584679 1.0805319005428155966e-007 
1.5499999999999400924 0.31100385278909886688 -1.5760021613109056471 -2.5148943844457471997 1.4452392553035202148e-007 
1.574999999999937339 0.31100046471009423765 -1.5762851116063893997 -2.5148944546955158685 1.3722408226103725523e-007 
1.5999999999999345857 0.31103329118695388633 -1.5772075999567869431 -2.5148945172288801331 1.0357994655832823348e-007 
1.6249999999999318323 0.31099181447927881639 -1.576574094629954681 -2.5148945543525904611 5.7432139011668668644e-008 
1.649999999999929079 0.31099346745852901597 -1.5755415568170387797 -2.5148945795814618975 5.2016419816179102398e-008 
1.6749999999999263256 0.31103507114685580159 -1.5755896527788424422 -2.5148946061798906904 4.9339423167790670751e-008 
1.6999999999999235722 0.31100357917073284675 -1.5751131462539638139 -2.5148946248291874639 2.652130764325987695e-008 
1.7249999999999208189 0.31099875218608102889 -1.5749798933743583973 -2.5148946356233854438 2.3345220014765106683e-008 
1.7499999999999180655 0.3110150439566231606 -1.5756263776595251791 -2.5148946492968784483 2.9963264972219850636e-008 
1.7749999999999153122 0.31099791685556715803 -1.5762968668221559732 -2.5148946609045177425 1.392240374240181769e-008 
1.7999999999999125588 0.3110020879598260346 -1.5766745529352959032 -2.5148946653097938864 8.5694690809562801563e-009 
1.8249999999999098055 0.31100341966002548189 -1.5761989010003625289 -2.5148946705024006754 1.1580439404741469986e-008 
1.8499999999999070521 0.31100000795841364898 -1.5758139520567171488 -2.5148946755935526198 8.4003587995866687696e-009 
1.8749999999999042988 0.31101939492615127136 -1.5759282421758640247 -2.5148946786109731555 4.4513227144608549333e-009 
1.8999999999999015454 0.31101741472850547021 -1.5756726031379537645 -2.5148946809461683038 5.4167856434594532474e-009 
1.9249999999998987921 0.31100172251766622367 -1.5756432445515606844 -2.5148946835639058861 4.7715167905200695965e-009 
1.9499999999998960387 0.31099847817194253841 -1.5760005600306841167 -2.5148946852127593843 1.9830987536761692321e-009 
1.9749999999998932854 0.31099653392246506822 -1.5760076623954919484 -2.5148946860331511388 1.657979619273189131e-009 
1.999999999999890532 0.311003587110214752 -1.5758940322049324045 -2.5148946869390718106 2.1114675597751725545e-009 
2.0249999999998880007 0.31101183754009098514 -1.5758044536611879316 -2.5148946879573053081 1.7895236219512177721e-009 
2.0499999999998852473 0.3110134151650466583 -1.5756955737642108772 -2.5148946886023684222 8.9917086482955440414e-010 
2.074999999999882494 0.31101565377834600179 -1.5758022546516434748 -2.5148946889770562585 6.8776043942315991989e-010 
2.0999999999998797406 0.31100744368368071768 -1.5759742497030850839 -2.5148946893086954191 7.1697849822969894512e-010 
2.1249999999998769873 0.31099716996565124338 -1.5760397487784523207 -2.5148946896406423335 5.513205386666686472e-010 
2.1499999999998742339 0.31099931599485691747 -1.5760354474823385917 -2.5148946898414572537 3.117317897576140359e-010 
2.1749999999998714806 0.31100389208341766567 -1.575946146813785198 -2.5148946900074817812 3.793225368271900269e-010 
2.1999999999998687272 0.31100869696450494928 -1.5758531798888832931 -2.5148946901802640141 2.9622328547715886695e-010 
2.2249999999998659739 0.31101050178984768202 -1.5757985453866107939 -2.5148946902856912367 1.4524555306833732045e-010 
2.2499999999998632205 0.31100600658994598247 -1.5757673044425735132 -2.5148946903454723056 1.0398884753778706248e-010 
2.2749999999998604672 0.31100592222930711905 -1.5758229452451040231 -2.5148946904065265784 1.5942430762357717656e-010 
2.2999999999998577138 0.31100802394472620849 -1.5759104378128805379 -2.5148946904777846889 1.0838797765181022079e-010 
2.3249999999998549605 0.31100655052912479226 -1.5759376074273598878 -2.5148946905146254416 4.907632381901209774e-011 
2.3499999999998522071 0.31100624679465999067 -1.5759351961391372399 -2.5148946905382105754 5.6176934253166983203e-011 
2.3749999999998494538 0.31100545606845586555 -1.5759223790288943157 -2.514894690568111546 5.7984574129939935075e-011 
2.3999999999998467004 0.31100405120174945406 -1.5759009805674359939 -2.5148946905880826819 2.4381993727344837844e-011 
2.4249999999998439471 0.31100539496650342342 -1.5758801047506443282 -2.514894690598552085 2.2393768482822179883e-011 
2.4499999999998411937 0.31100672152047076358 -1.5758592543343705739 -2.5148946906119160616 2.993656542650747136e-011 
2.4749999999998384403 0.31100721346847931548 -1.5758664912138509173 -2.5148946906235090104 1.6137540750491354117e-011 
2.499999999999835687 0.31100736165939252276 -1.5758881820747197011 -2.5148946906292191095 9.034618909695268344e-012 
2.5249999999998329336 0.31100627728758462043 -1.5758883700779173775 -2.5148946906341014262 1.1052651687457475655e-011 
2.5499999999998301803 0.31100562362935552096 -1.5758898700235794976 -2.5148946906394411549 9.572919050016835048e-012 
2.5749999999998274269 0.31100579065520705946 -1.5758936762377926399 -2.5148946906426541403 4.4939597033028871477e-012 
2.5999999999998246736 0.31100608049008193756 -1.5758873960835688699 -2.5148946906449434202 4.6785407943120068532e-012 
2.6249999999998219202 0.31100660218745718177 -1.5758898073109532945 -2.5148946906472797735 4.8619107020218501773e-012 
2.6499999999998191669 0.31100645018668288122 -1.5758921000602426066 -2.5148946906492994913 3.2280915507163944682e-012 
2.6749999999998164135 0.31100598738411233679 -1.5758879402625272093 -2.5148946906504692222 1.4896398647552170868e-012 
2.6999999999998136602 0.31100605766669991992 -1.5758896426496300514 -2.5148946906510460941 1.34480520216631843e-012 
2.7249999999998109068 0.31100609924200744993 -1.5758879199864357368 -2.5148946906519880073 2.2286799064620772118e-012 
2.7499999999998081535 0.31100624332777609959 -1.5758831133583983686 -2.5148946906528699685 1.2355200918792032354e-012 
2.7749999999998054001 0.31100646250840152662 -1.5758843841997858259 -2.5148946906532314571 3.789029123492367874e-013 
2.7999999999998026468 0.31100629386866962545 -1.5758876093451124056 -2.5148946906534908052 7.8915598235165103891e-013 
2.8249999999997998934 0.31100616916180251481 -1.5758908950616827838 -2.5148946906538935941 6.8779123794456944004e-013 
2.84999999999979714 0.31100612865921462014 -1.5758910671019363825 -2.5148946906541111979 2.7162195882912267063e-013 
2.8749999999997943867 0.31100606097055716326 -1.5758881288116131092 -2.5148946906542475332 3.1880395606889462752e-013 
2.8999999999997916333 0.31100626279097759452 -1.5758871256536062244 -2.5148946906544229485 3.4754708982245795466e-013 
2.92499999999978888 0.31100640701059184545 -1.5758861397424084316 -2.5148946906545472935 1.6681969273422048108e-013 
2.9499999999997861266 0.31100627886524817578 -1.5758861826613645984 -2.51489469065460991 1.1243309642716096509e-013 
2.9749999999997833733 0.31100616501905309352 -1.5758885492739156398 -2.5148946906546782998 1.5847119842647264887e-013 
2.9999999999997806199 0.31100610568723180416 -1.5758892382893310291 -2.5148946906547404723 8.6500803389185257683e-014 
3.0249999999997778666 0.31100613410539690307 -1.5758891335631279862 -2.5148946906547764435 6.8526252816985089056e-014 
3.0499999999997751132 0.3110062427549951658 -1.5758889147886883109 -2.5148946906548066416 5.9317877907101338671e-014 
3.0749999999997723599 0.31100627688604659538 -1.575887497638290613 -2.5148946906548368396 5.550760712520628322e-014 
3.0999999999997696065 0.31100626251176272108 -1.5758868554550391483 -2.5148946906548586 3.4542814133575313422e-014 
3.1249999999997668532 0.31100623290465012616 -1.5758869584408743414 -2.5148946906548701463 1.5972290417970568323e-014 
3.1499999999997640998 0.31100619414997848766 -1.5758873769214176708 -2.5148946906548790281 2.3568773360456625005e-014 
3.1749999999997613465 0.31100620306921594738 -1.57588841636925725 -2.5148946906548914626 2.5375084282581622808e-014 
3.1999999999997585931 0.31100621533211197933 -1.5758886295559868529 -2.5148946906549012326 1.1537424567387782167e-014 
3.2249999999997558398 0.31100621226544994391 -1.5758883332847919423 -2.5148946906549047853 6.8565501519553208609e-015 
3.2499999999997530864 0.31100621840116293715 -1.5758883143993274167 -2.5148946906549092262 9.3100657573689810617e-015 
3.274999999999750333 0.31100621170932968296 -1.5758878427497995389 -2.5148946906549127789 6.8741757854514879531e-015 
3.2999999999997475797 0.31100621495943753247 -1.5758874766982131632 -2.5148946906549154434 4.0102178502561686794e-015 
3.3249999999997448263 0.31100622736214644792 -1.5758877035330391969 -2.514894690654918108 4.8776468608266919735e-015 
3.349999999999742073 0.31100621957809509999 -1.5758878972928864748 -2.5148946906549198843 3.5478072252631005581e-015 
3.3749999999997393196 0.31100621801301453484 -1.5758880259016598835 -2.5148946906549221048 1.4800999389201276572e-015 
3.3999999999997365663 0.31100621900893193894 -1.5758881253130301303 -2.5148946906549221048 1.6489008348571501874e-015 
3.4249999999997338129 0.31100621067753453364 -1.5758880532596639679 -2.5148946906549238811 1.7960343359688668616e-015 
3.4499999999997310596 0.31100621525740274054 -1.5758879292480729717 -2.5148946906549247693 1.4058287344031587248e-015 
3.4749999999997283062 0.31100622112078174508 -1.5758878330155088321 -2.5148946906549243252 6.7930817689318010922e-016 
3.4999999999997255529 0.31100621892349850084 -1.5758878641012041832 -2.5148946906549247693 6.5758398927763612441e-016 
3.5249999999997227995 0.31100621948074214096 -1.5758879730483257298 -2.5148946906549256575 6.1404102568213357388e-016 
3.5499999999997200462 0.31100621711248099821 -1.5758879875664977277 -2.5148946906549261016 3.7974366708031979998e-016 
3.5749999999997172928 0.31100621432256547738 -1.5758879956367941588 -2.5148946906549256575 3.0827457426104163949e-016 
3.5999999999997145395 0.31100621550980223073 -1.5758879954941451551 -2.5148946906549247693 3.3436263138365122397e-016 
3.6249999999997117861 0.31100621598366007259 -1.5758879094272990606 -2.5148946906549261016 2.0839342040180550886e-016 
3.6499999999997090327 0.31100621807527512042 -1.5758878889502097032 -2.5148946906549265456 1.1340982687731839758e-016 
3.6749999999997062794 0.31100621970968833629 -1.5758879386424866631 -2.5148946906549265456 1.2865498084125852145e-016 
3.699999999999703526 0.31100621841951342494 -1.575887951666458342 -2.5148946906549256575 1.1736958224862173022e-016 
3.7249999999997007727 0.31100621762837438178 -1.5758879651054473747 -2.5148946906549261016 6.8396253760400880723e-017 
3.7499999999996980193 0.31100621665563654705 -1.575887965461093998 -2.5148946906549256575 5.475979258419366553e-017 
3.774999999999695266 0.31100621668927119767 -1.5758879452169498592 -2.5148946906549265456 5.6702239099754799869e-017 
3.7999999999996925126 0.31100621789554289132 -1.5758879415846360761 -2.5148946906549256575 4.0099287365573892084e-017 
3.8249999999996897593 0.31100621712216525161 -1.5758879284198710202 -2.5148946906549261016 1.742352249752018065e-017 
3.8499999999996870059 0.31100621670698047616 -1.575887929927620501 -2.5148946906549261016 1.9411726547317325269e-017 
3.8749999999996842526 0.31100621732276223508 -1.5758879578714586334 -2.5148946906549265456 2.7305246166606943248e-017 
3.8999999999996814992 0.31100621706688608148 -1.5758879629615387685 -2.5148946906549256575 1.4549827134777400368e-017 
3.9249999999996787459 0.31100621740168854501 -1.5758879596112447263 -2.5148946906549269897 5.8459996231086943537e-018 
3.9499999999996759925 0.31100621775103437505 -1.5758879540603283331 -2.5148946906549256575 8.2415321132032842111e-018 
3.9749999999996732392 0.31100621741355166661 -1.5758879350964276611 -2.5148946906549265456 8.5163910634068293412e-018 
3.9999999999996704858 0.31100621771020420248 -1.5758879321315399924 -2.5148946906549261016 4.0913156359095667409e-018 
4.0249999999996788347 0.31100621771338765598 -1.5758879403189198776 -2.5148946906549256575 4.5640286637034117307e-018 
4.0499999999996871836 0.31100621715447474003 -1.5758879439362725172 -2.5148946906549261016 3.5824733220607014625e-018 
4.0749999999996955324 0.31100621700216357635 -1.5758879507379370821 -2.5148946906549261016 1.8344147610182403603e-018 
4.0999999999997038813 0.31100621694901936509 -1.5758879547629436324 -2.5148946906549269897 1.6662514651241802478e-018 
4.1249999999997122302 0.31100621714952009222 -1.5758879530230349708 -2.5148946906549247693 1.8503761265383647532e-018 
4.1499999999997205791 0.31100621756113117078 -1.5758879469130735451 -2.5148946906549256575 1.3827285004986534218e-018 
4.1749999999997289279 0.31100621758579349851 -1.5758879407485020252 -2.5148946906549261016 6.8635889295960604742e-019 
4.1999999999997372768 0.31100621749772616731 -1.5758879439172917003 -2.5148946906549265456 6.5308492417889767711e-019 
4.2249999999997456257 0.31100621738542044703 -1.5758879476061378178 -2.5148946906549274338 7.166465717361230107e-019 
4.2499999999997539746 0.31100621721441817913 -1.5758879466981228212 -2.5148946906549256575 4.4225930075818808413e-019 
4.2749999999997623235 0.31100621725440075194 -1.575887948115694881 -2.5148946906549261016 2.2422036031768029093e-019 
4.2999999999997706723 0.31100621733930194912 -1.5758879477155469662 -2.5148946906549261016 2.9641658423789999551e-019 
4.3249999999997790212 0.31100621738858119647 -1.5758879450080449658 -2.5148946906549256575 3.0397138111442952423e-019 
4.3499999999997873701 0.31100621740942613336 -1.5758879448468736673 -2.5148946906549256575 1.1862158479656986402e-019 
4.374999999999795719 0.3110062172972046235 -1.5758879454407144216 -2.5148946906549265456 9.216984292037416748e-020 
4.3999999999998040678 0.31100621728915223141 -1.5758879467077449021 -2.5148946906549269897 1.3620887099571801535e-019 
4.4249999999998124167 0.31100621738159500707 -1.5758879482572321074 -2.5148946906549261016 7.4078060195435684244e-020 
4.4499999999998207656 0.31100621735503530818 -1.5758879481737819717 -2.5148946906549256575 5.2949280271402647863e-020 
4.4749999999998291145 0.31100621733957584114 -1.5758879475365648037 -2.5148946906549265456 5.4061822233015441125e-020 
4.4999999999998374633 0.31100621735305600257 -1.5758879464501187595 -2.5148946906549261016 4.726629746291542172e-020 
4.5249999999998458122 0.31100621732970934463 -1.5758879453881924348 -2.5148946906549256575 1.9281091880777082893e-020 
4.5499999999998541611 0.31100621734794042794 -1.5758879455854184481 -2.5148946906549265456 1.8205329660796290841e-020 
4.57499999999986251 0.31100621735784267363 -1.5758879459447623361 -2.5148946906549265456 2.5718601191688643073e-020 
4.5999999999998708589 0.31100621734719180456 -1.5758879462701567142 -2.5148946906549265456 1.5449795634932800353e-020 
4.6249999999998792077 0.31100621736278921681 -1.5758879470784235011 -2.5148946906549261016 7.8507226100976403296e-021 
4.6499999999998875566 0.31100621734571537447 -1.5758879473831401974 -2.5148946906549252134 8.5252723308729473657e-021 
4.6749999999998959055 0.31100621731834349193 -1.5758879469834208287 -2.5148946906549256575 8.4378772406431721446e-021 
4.6999999999999042544 0.31100621732861327695 -1.5758879465674997533 -2.5148946906549269897 3.9202721667183891581e-021 
4.7249999999999126032 0.31100621734537292618 -1.5758879463925195008 -2.5148946906549265456 4.0217036738588197958e-021 
4.7499999999999209521 0.3110062173610523284 -1.5758879464316586372 -2.5148946906549265456 4.312253916727266531e-021 
4.774999999999929301 0.31100621736202449519 -1.5758879464434103479 -2.5148946906549252134 2.4687922206379171988e-021 
4.7999999999999376499 0.31100621734470174085 -1.5758879464855604091 -2.5148946906549261016 1.3483050679727268689e-021 
4.8249999999999459988 0.31100621733800398738 -1.5758879466540092196 -2.5148946906549256575 1.5988924136493207213e-021 
4.8499999999999543476 0.31100621733810834835 -1.5758879466261559443 -2.5148946906549261016 1.4601598887674242268e-021 
4.8749999999999626965 0.31100621734260730511 -1.5758879465043442725 -2.5148946906549265456 1.0221652254076538539e-021 
4.8999999999999710454 0.3110062173517922357 -1.5758879465434203482 -2.5148946906549265456 4.9931694675395008355e-022 
4.9249999999999793943 0.31100621734920524952 -1.5758879465785136098 -2.5148946906549269897 7.1544475555468227268e-022 
4.9499999999999877431 0.3110062173438866151 -1.5758879466238870926 -2.5148946906549269897 5.498750421083621936e-022 
4.974999999999996092 0.31100621734311312272 -1.5758879466809914138 -2.5148946906549261016 1.9249226429539340246e-022 
