0.025000000000000015266 0.59179243645313805988 0.00045863010780132149047 -2.2505396370495240888 0.037463539032127401995 
0.05000000000000003747 0.57026214432785304886 0.016007285137790774887 -2.2620397188916507858 0.049772518097756603128 
0.075000000000000052736 0.44377834438917612703 -0.0019359351467747032416 -2.2905155285466167747 0.077613535096557731419 
0.10000000000000007494 0.4156371121439623173 -0.049276139616056147119 -2.3386865614771683575 0.093010337081242691615 
0.12500000000000008327 0.26664866842013140724 -0.40589059918915171288 -2.3704762175236782085 0.045324594528928265069 
0.15000000000000010547 0.24706443703255906441 -1.6860212653876978095 -2.3869555227006520326 0.032183531863431869002 
0.17500000000000012768 0.30870434977447186453 -2.0810838856416702392 -2.4030893056378128669 0.036555359658101492515 
0.20000000000000014988 0.27573274930295393892 -1.3073071187371840818 -2.4183438708770368386 0.022618263797891471206 
0.22500000000000017208 0.2752623903474378797 -1.4833302537749051275 -2.4277973236914180966 0.021964487606113157481 
0.25000000000000016653 0.30193681862290533413 -1.1201832298854386138 -2.4401227650712047357 0.027264824611423606193 
0.27500000000000018874 0.30822210021503576582 -0.45100673050336148595 -2.4501409082888727653 0.015697884167564520042 
0.30000000000000021094 0.328808321399668535 -0.62799090384915667862 -2.4576901875691232746 0.017427359189059379169 
0.32500000000000023315 0.33842994696076622585 -0.76715930147127853189 -2.4674574557521244955 0.021438886831482231038 
0.35000000000000025535 0.35063525414534962854 -1.2801629444272890623 -2.4757319131654345057 0.013486457946652111173 
0.37500000000000027756 0.33785400751170946432 -1.7995414140141940962 -2.4809911277248524186 0.010602958162060964475 
0.40000000000000029976 0.2896863626302550454 -1.5320359602337820792 -2.4870954232673572193 0.014094410066200931814 
0.42500000000000032196 0.28168892099264658535 -1.4905712437925555669 -2.4937506956573942674 0.013270501053020003837 
0.45000000000000034417 0.29072156426097589543 -1.5622384551020265242 -2.4990722329672760971 0.00921259223772652458 
0.47500000000000036637 0.30176177287597377719 -1.548479002795587478 -2.5024658493186193731 0.0054918270090042291265 
0.50000000000000033307 0.32328708720646903707 -1.7676717333257636611 -2.5049622496034666952 0.0048483755317496584486 
0.52500000000000035527 0.31422481602771640263 -1.8117107097391227377 -2.5071538639529844517 0.004520676145363381436 
0.55000000000000037748 0.29899896940024994763 -1.8010264621318614608 -2.5088164888566906185 0.0023649237255393496318 
0.57500000000000039968 0.30325607422543160441 -1.6948193536127784675 -2.509748262573924471 0.0020189566234190409189 
0.60000000000000042188 0.30718276980666303633 -1.3517841008833220151 -2.5109433183740548223 0.002644925174480756893 
0.62500000000000044409 0.32046089030353652749 -1.315979292615392815 -2.5119561552907310187 0.001613271495516252485 
0.65000000000000046629 0.32601285593416146069 -1.4289793535964867566 -2.5124980135268861758 0.00081460746918496959156 
0.6750000000000004885 0.30967908148374778676 -1.4924568338107611076 -2.5129463232875757228 0.0011235280145646129105 
0.7000000000000005107 0.3001602008654192244 -1.7255080736920052065 -2.513457029851839053 0.00086079746083890257974 
0.72500000000000053291 0.30129500139678216941 -1.8487945274871722123 -2.5137306789943001384 0.00038585660119767222539 
0.75000000000000055511 0.30495923756972159735 -1.7547329935740436646 -2.513904715364386977 0.00042794155428677873535 
0.77500000000000057732 0.31346283921430889707 -1.6058485509290121307 -2.5141574781530047211 0.00053485081951493379602 
0.80000000000000059952 0.31695257288036632337 -1.4570909677876833221 -2.5143469674341325515 0.00027802421532362582525 
0.82500000000000062172 0.31512917254734873485 -1.4525921441420632796 -2.5144443737346264811 0.00015263248204900554191 
0.85000000000000064393 0.31283311716327555363 -1.5225047610880495519 -2.5145162999852876951 0.00017218457471665068385 
0.87500000000000066613 0.30873800653860772325 -1.5430022987362863596 -2.5146071525862812024 0.00018430063987015971342 
0.90000000000000068834 0.30822755762767783949 -1.5976402138575385159 -2.5146790295998702192 0.00011523227411785968803 
0.92500000000000071054 0.31058963294093328011 -1.6384375230011731794 -2.5147162387282411267 6.0553381511878561058e-005 
0.95000000000000073275 0.31145007165411670025 -1.604769624677626183 -2.5147528540250809748 8.8581766156977187151e-005 
0.97500000000000075495 0.31169645546233781808 -1.5788864384836522881 -2.514789966861750159 5.7900594007258140105e-005 
1.0000000000000006661 0.31025865475817071548 -1.5701017509512642523 -2.5148072030232939689 2.4885589118776114194e-005 
1.0249999999999979128 0.30972679524870561085 -1.5624900367154479497 -2.5148222955453332084 4.1516571644550909334e-005 
1.0499999999999951594 0.31153911266943623559 -1.5726048567169814696 -2.5148420395299124763 3.4208833245621211806e-005 
1.0749999999999924061 0.31171242443310870351 -1.5819216496305217312 -2.5148544284765250723 1.9041967402632674409e-005 
1.0999999999999896527 0.31128033340934080364 -1.5836237615476072005 -2.5148607383850398733 1.16097796338441034e-005 
1.1249999999999868994 0.31138965946916924432 -1.5776285656922965916 -2.5148674965331823117 1.5340367561166970602e-005 
1.149999999999984146 0.31064735149054933938 -1.5666010676965838044 -2.5148741045420694995 1.1496584108901656112e-005 
1.1749999999999813927 0.31061316067237565441 -1.567997563242905068 -2.5148784472614318375 7.4589610270204594942e-006 
1.1999999999999786393 0.31110721061369006613 -1.5689682774886302141 -2.5148815335640395396 6.1101587725472954237e-006 
1.224999999999975886 0.31104643281861521498 -1.5695836992894103279 -2.5148844360076361149 5.8986750903663654795e-006 
1.2499999999999731326 0.31118892946524562282 -1.5855926373323416811 -2.5148870142842989495 4.2272663494354638383e-006 
1.2749999999999703792 0.31096741712395759016 -1.5903664828402968023 -2.5148882858557914943 2.0557991714956497292e-006 
1.2999999999999676259 0.31055933703861804407 -1.5787759863241224156 -2.5148894593204351722 2.8230933140021072197e-006 
1.3249999999999648725 0.31091116978098126689 -1.5747157789738652767 -2.5148908232807212215 2.5507622303434911249e-006 
1.3499999999999621192 0.31125859339160988348 -1.572712107569519624 -2.5148916614441962913 1.0416064496788036318e-006 
1.3749999999999593658 0.31123531263925968693 -1.5708294073682771419 -2.5148921377567394764 1.3566291807126738636e-006 
1.3999999999999566125 0.31107414792748705468 -1.5736878462616470387 -2.5148928423555605427 1.2191683512003368227e-006 
1.4249999999999538591 0.31086719540543072959 -1.5753450283745236149 -2.5148932122632277064 4.2772369341730599875e-007 
1.4499999999999511058 0.31093432542167426247 -1.5778056636151929215 -2.5148934012865655774 5.4289929069435228351e-007 
1.4749999999999483524 0.3110426091843054297 -1.5783131110592441004 -2.5148937188915430063 6.8944711800135689124e-007 
1.4999999999999455991 0.31099915375409026286 -1.5746239566710911184 -2.514893993987423304 4.1766714954943955628e-007 
1.5249999999999428457 0.31100942139571097211 -1.5745161749648017846 -2.5148941226146139805 1.7461241135491181839e-007 
1.5499999999999400924 0.31098060886125861169 -1.5759617332433712988 -2.5148942077193563449 2.129165220872545975e-007 
1.574999999999937339 0.31098409752705730158 -1.5764095567435156831 -2.514894311367533053 2.0898015784039749924e-007 
1.5999999999999345857 0.31105188844079029176 -1.5776326987607596219 -2.5148944063798781556 1.724046158517779669e-007 
1.6249999999999318323 0.31099645715508028587 -1.5768201413926070664 -2.5148944687438348211 1.0030949062535071936e-007 
1.649999999999929079 0.31098479136560597258 -1.5755523566380402745 -2.5148945095663499671 8.354731271889600708e-008 
1.6749999999999263256 0.31104021590468650116 -1.5755726277509967126 -2.514894550635301762 7.9995450506062270042e-008 
1.6999999999999235722 0.31100354114884914969 -1.5749093104341418403 -2.5148945811771246106 4.6625187090666405676e-008 
1.7249999999999208189 0.31099726505161418011 -1.5747491677958529444 -2.5148945988716882027 3.6956584949521602278e-008 
1.7499999999999180655 0.31102038148982025234 -1.5754459093113180046 -2.514894619732657155 4.9305217204128988034e-008 
1.7749999999999153122 0.31099908408357163081 -1.576255317670838263 -2.5148946395656426311 2.6580011013551134825e-008 
1.7999999999999125588 0.31100071548068836114 -1.5769145769219496955 -2.5148946473537114876 1.4064873765945367939e-008 
1.8249999999999098055 0.3109982936681524035 -1.5763510856430960061 -2.514894655800776313 2.0000434098040619063e-008 
1.8499999999999070521 0.31099489236838251394 -1.5757868601868458835 -2.5148946642821834452 1.4620388026255538987e-008 
1.8749999999999042988 0.31102388519453050275 -1.5759613973526074293 -2.5148946695483691549 8.0490663439454236653e-009 
1.8999999999999015454 0.31102341711699682536 -1.5756490849606112903 -2.5148946733645156648 8.8256335869321193745e-009 
1.9249999999998987921 0.31100295834918034732 -1.5755570493407966559 -2.5148946777107719086 8.994299729694679455e-009 
1.9499999999998960387 0.310996128749585099 -1.5760048273720383971 -2.5148946809475551945 4.0755409268320735928e-009 
1.9749999999998932854 0.31099155430637454023 -1.5760646275700902486 -2.514894682366460632 2.7191770559953496619e-009 
1.999999999999890532 0.3110015801301764804 -1.5759400957411739963 -2.5148946838322498998 3.6000564427316348678e-009 
2.0249999999998880007 0.31101259415325510638 -1.5757828928759995968 -2.5148946856088501001 3.4551863678902792581e-009 
2.0499999999998852473 0.31101539648719722653 -1.5756048862307712177 -2.5148946868214112627 1.682622901163734162e-009 
2.074999999999882494 0.31102057572988256462 -1.5757392495814566136 -2.5148946875107545118 1.3561216502070711994e-009 
2.0999999999998797406 0.31100951412507360505 -1.5759750873656646064 -2.5148946881275509035 1.3243271371707943518e-009 
2.1249999999998769873 0.31099432728468962006 -1.5760902107321483889 -2.5148946887186727217 1.0377960137507593777e-009 
2.1499999999998742339 0.31099632629800683103 -1.5761044229731449029 -2.5148946890957426525 6.0593584673785340058e-010 
2.1749999999998714806 0.31100177433013842521 -1.5759834502405736245 -2.5148946893963137761 6.9782910090301640801e-010 
2.1999999999998687272 0.31100910974451956292 -1.5758597182883491428 -2.5148946897165536107 6.0531425611650883132e-010 
2.2249999999998659739 0.31101282303487676195 -1.5757811596898512185 -2.5148946899299446933 3.0352512232772978526e-010 
2.2499999999998632205 0.31100616134385500322 -1.5757203048979597781 -2.5148946900523863057 2.1258642031572203226e-010 
2.2749999999998604672 0.31100528448250985836 -1.5757849181717022979 -2.5148946901570066181 2.7564461183348450118e-010 
2.2999999999998577138 0.31100847238415368912 -1.5759048083079085778 -2.5148946902910966905 2.4160152811079502817e-010 
2.3249999999998549605 0.31100701793695945119 -1.5759483841558272754 -2.5148946903725235558 1.0627603193785694881e-010 
2.3499999999998522071 0.31100680498403959762 -1.5759537590791388162 -2.5148946904166553651 1.0313905388755063964e-010 
2.3749999999998494538 0.31100541814367621551 -1.575938528360652402 -2.5148946904742959241 1.2577733775633751577e-010 
2.3999999999998467004 0.31100299814601306547 -1.575909654513883762 -2.5148946905170928012 5.264357362526225108e-011 
2.4249999999998439471 0.31100461107558458052 -1.5758837012037663072 -2.5148946905372757676 4.1997313644666218835e-011 
2.4499999999998411937 0.31100663905824088573 -1.5758518565953205659 -2.5148946905630515936 6.4049322883730062978e-011 
2.4749999999998384403 0.3110077625666937684 -1.5758569453614437172 -2.5148946905880573688 3.610116357740002625e-011 
2.499999999999835687 0.31100805111072704623 -1.5758859181859801168 -2.5148946905998288415 1.9076565387459597731e-011 
2.5249999999998329336 0.31100634878991567644 -1.5758857573742170999 -2.5148946906100220211 2.3176891346778976244e-011 
2.5499999999998301803 0.31100540079407762439 -1.5758894189801617713 -2.514894690620928408 2.1466819019762737706e-011 
2.5749999999998274269 0.31100557551879215445 -1.5758965465333161227 -2.5148946906281794966 1.0008421674606149378e-011 
2.5999999999998246736 0.31100594657379171393 -1.5758868100135428048 -2.5148946906328322193 9.9184564926011575263e-012 
2.6249999999998219202 0.31100678993413899409 -1.5758901079413534241 -2.5148946906377385169 1.0639734270777132291e-011 
2.6499999999998191669 0.3110065751548589108 -1.575894638172723683 -2.5148946906421110192 7.4900280582985778471e-012 
2.6749999999998164135 0.31100588013232399742 -1.5758892485264142103 -2.5148946906449110017 4.1086734124556033138e-012 
2.6999999999998136602 0.31100599485984847803 -1.5758909649172094802 -2.5148946906462330553 2.3530017579852639466e-012 
2.7249999999998109068 0.31100601682802131442 -1.5758876139051789522 -2.5148946906480356134 5.0390979166316106618e-012 
2.7499999999998081535 0.31100624387247499669 -1.5758807839308295318 -2.5148946906500833087 3.0894891760548943111e-012 
2.7749999999998054001 0.31100661660806033781 -1.5758822193822508151 -2.5148946906509981325 1.0159366983160031758e-012 
2.7999999999998026468 0.31100633948660877381 -1.5758865381783575543 -2.5148946906515599053 1.6887295092604213833e-012 
2.8249999999997998934 0.31100613114238850887 -1.5758924908742497628 -2.514894690652459186 1.698062666982458275e-012 
2.84999999999979714 0.31100608171982641048 -1.5758932600804236301 -2.5148946906529729972 6.3679967543964981455e-013 
2.8749999999997943867 0.31100597112796540822 -1.5758885836230840383 -2.5148946906532887446 7.6351620278650540615e-013 
2.8999999999997916333 0.3110062643580276398 -1.5758870482114140099 -2.5148946906536941981 8.4155247703258026923e-013 
2.92499999999978888 0.3110065014036486053 -1.5758849662299474481 -2.5148946906539952906 4.358570488932764522e-013 
2.9499999999997861266 0.31100634135607935216 -1.5758845777724621584 -2.5148946906541480573 2.6632722653647991054e-013 
2.9749999999997833733 0.31100617050185269674 -1.5758886215383669516 -2.5148946906543057089 3.8529630090269418391e-013 
2.9999999999997806199 0.31100604667694548011 -1.5758900339454462447 -2.5148946906544615842 2.32757044297937554e-013 
3.0249999999997778666 0.31100606760071591861 -1.5758898997844239531 -2.5148946906545464053 1.6556451898211757477e-013 
3.0499999999997751132 0.31100623466812293838 -1.5758896161267141878 -2.5148946906546223445 1.4863714179009515247e-013 
3.0749999999997723599 0.31100630318308475353 -1.5758875422323370685 -2.5148946906546933988 1.4482867126990326123e-013 
3.0999999999997696065 0.31100629789044015316 -1.5758864719127592124 -2.5148946906547515745 9.4664392173161988352e-014 
3.1249999999997668532 0.31100624640436680401 -1.575886243415909771 -2.5148946906547808844 4.0350748392021628708e-014 
3.1499999999997640998 0.31100617933167573614 -1.5758867201302928507 -2.5148946906548026448 5.9010903325314159006e-014 
3.1749999999997613465 0.31100620153762009723 -1.5758885689796540142 -2.5148946906548355074 6.6713207936605197426e-014 
3.1999999999997585931 0.31100622024328411497 -1.5758890481389151716 -2.5148946906548590441 3.358251131619684126e-014 
3.2249999999997558398 0.31100620771642922824 -1.575888567365089532 -2.5148946906548697022 1.8152585407658364455e-014 
3.2499999999997530864 0.31100621435117659086 -1.5758885834837543793 -2.5148946906548808045 2.5288365124783611164e-014 
3.274999999999750333 0.31100620285821650723 -1.5758879084526746794 -2.5148946906548914626 1.8211508875077184698e-014 
3.2999999999997475797 0.31100621305077619239 -1.5758872749024002147 -2.514894690654898568 1.1761356566008227054e-014 
3.3249999999997448263 0.31100623709480829104 -1.5758875010695452268 -2.5148946906549038971 1.2562644271207868491e-014 
3.349999999999742073 0.31100622121559451383 -1.5758877891541569483 -2.5148946906549092262 1.0600659372431875042e-014 
3.3749999999997393196 0.31100621757327195915 -1.5758880644736983356 -2.5148946906549136671 4.6523146039840576121e-015 
3.3999999999997365663 0.3110062211860542547 -1.5758882378281873216 -2.5148946906549154434 4.1795729025219359167e-015 
3.4249999999997338129 0.31100620698580477841 -1.5758881246442140167 -2.5148946906549163316 5.1844728442569481415e-015 
3.4499999999997310596 0.31100621343762779869 -1.5758879358144655125 -2.5148946906549203284 4.0294330102203390396e-015 
3.4749999999997283062 0.31100622352001910942 -1.5758877520726213284 -2.5148946906549212166 2.1156275778654118762e-015 
3.4999999999997255529 0.31100622023943952366 -1.5758878039155188588 -2.5148946906549221048 1.9173632832216829507e-015 
3.5249999999997227995 0.31100622013706025193 -1.5758880085070474664 -2.5148946906549225488 1.8315790514342913649e-015 
3.5499999999997200462 0.31100621589800109268 -1.5758880096402332338 -2.514894690654923437 1.1144718530033161393e-015 
3.5749999999997172928 0.31100621308220960382 -1.5758880110290183207 -2.5148946906549238811 9.0792230167516777611e-016 
3.5999999999997145395 0.31100621566929442796 -1.5758880419286196428 -2.5148946906549243252 1.0196534099711973966e-015 
3.6249999999997117861 0.31100621510622905586 -1.5758878998585068576 -2.5148946906549252134 6.6146414712392175225e-016 
3.6499999999997090327 0.31100621776206288649 -1.5758878389157462419 -2.5148946906549247693 3.4492751148731743431e-016 
3.6749999999997062794 0.31100622043643710857 -1.5758879201124231795 -2.5148946906549256575 4.0349884262170976028e-016 
3.699999999999703526 0.31100621912792814072 -1.5758879600671098498 -2.5148946906549261016 3.4757579327254744701e-016 
3.7249999999997007727 0.3110062186979726806 -1.575887987558947767 -2.5148946906549247693 2.4044408845363912942e-016 
3.7499999999996980193 0.31100621641701114983 -1.5758879747176663955 -2.5148946906549269897 1.5925161022515964301e-016 
3.774999999999695266 0.31100621591083138506 -1.5758879374718830491 -2.5148946906549269897 1.8190449965783095213e-016 
3.7999999999996925126 0.31100621834929259579 -1.5758879420602189825 -2.5148946906549252134 1.3708787475779560542e-016 
3.8249999999996897593 0.31100621702920688838 -1.5758879193652488571 -2.5148946906549261016 5.6892596119988659504e-017 
3.8499999999996870059 0.31100621610763101721 -1.5758879152977249838 -2.5148946906549265456 6.2191355373759987914e-017 
3.8749999999996842526 0.31100621720634236134 -1.5758879629720046189 -2.5148946906549265456 8.4821566941557789203e-017 
3.8999999999996814992 0.31100621685275903205 -1.5758879748936058807 -2.5148946906549261016 5.3600208452620217968e-017 
3.9249999999996787459 0.31100621757282786994 -1.5758879723255379002 -2.5148946906549256575 2.0496983835020258532e-017 
3.9499999999996759925 0.31100621808956935288 -1.5758879617519863103 -2.5148946906549256575 2.6947671645917088025e-017 
3.9749999999996732392 0.31100621728493416107 -1.5758879259905134163 -2.5148946906549256575 2.8510605266877907888e-017 
3.9999999999996704858 0.31100621792306493152 -1.575887920208436821 -2.5148946906549261016 1.4315535917059400126e-017 
4.0249999999996788347 0.31100621816156920341 -1.5758879339219566962 -2.5148946906549261016 1.5739860877661706209e-017 
4.0499999999996871836 0.31100621717512816344 -1.5758879412367816641 -2.5148946906549261016 1.2822241347989745287e-017 
4.0749999999996955324 0.31100621671538536406 -1.5758879543524597633 -2.5148946906549269897 6.6629081838258201948e-018 
4.0999999999997038813 0.31100621649056808815 -1.5758879609761433649 -2.5148946906549261016 5.7970343531804448043e-018 
4.1249999999997122302 0.31100621691264751512 -1.57588795945568938 -2.5148946906549256575 6.2541468723055058921e-018 
4.1499999999997205791 0.31100621773418357652 -1.5758879487118246931 -2.5148946906549269897 5.428362360367418313e-018 
4.1749999999997289279 0.31100621782388943037 -1.5758879347187155773 -2.5148946906549261016 2.3397810998402138014e-018 
4.1999999999997372768 0.31100621771006348171 -1.5758879403552272791 -2.5148946906549265456 2.4085029965259378577e-018 
4.2249999999997456257 0.31100621744566919746 -1.5758879488886496922 -2.5148946906549256575 2.6443071940103971333e-018 
4.2499999999997539746 0.31100621704763387054 -1.575887947350950391 -2.5148946906549265456 1.6922796419732367491e-018 
4.2749999999997623235 0.31100621712552672937 -1.575887949449801706 -2.5148946906549261016 8.4394963225061330258e-019 
4.2999999999997706723 0.31100621731667266179 -1.5758879487773016503 -2.5148946906549269897 1.0664714247670732113e-018 
4.3249999999997790212 0.31100621746223444664 -1.5758879439869120098 -2.5148946906549274338 1.1780467216959868718e-018 
4.3499999999997873701 0.31100621751944740323 -1.5758879432962589195 -2.5148946906549261016 4.8569858465850672627e-019 
4.374999999999795719 0.31100621724406474211 -1.575887943890856846 -2.5148946906549269897 3.6036647434505829696e-019 
4.3999999999998040678 0.31100621720053733821 -1.5758879465027311184 -2.5148946906549256575 4.9709317125076804267e-019 
4.4249999999998124167 0.31100621741209338866 -1.5758879497966522543 -2.5148946906549256575 3.1761601362923367365e-019 
4.4499999999998207656 0.31100621737934724953 -1.5758879497991604701 -2.5148946906549256575 2.0473990054841509883e-019 
4.4749999999998291145 0.31100621734254069173 -1.5758879486616041987 -2.5148946906549261016 2.1270113513719775579e-019 
4.4999999999998374633 0.31100621735547523405 -1.5758879464172053098 -2.5148946906549265456 1.9135013482027129431e-019 
4.5249999999998458122 0.31100621730417576938 -1.5758879443027962175 -2.5148946906549265456 8.7227156367218200531e-020 
4.5499999999998541611 0.31100621734707412092 -1.5758879447488836067 -2.5148946906549265456 6.6531582774581175317e-020 
4.57499999999986251 0.31100621737203620887 -1.5758879452882239569 -2.5148946906549256575 1.0668208774903865907e-019 
4.5999999999998708589 0.31100621735268790813 -1.5758879457557619652 -2.5148946906549274338 6.6402082640589043072e-020 
4.6249999999998792077 0.31100621738470635158 -1.575887947405126388 -2.5148946906549265456 3.2422156825244071446e-020 
4.6499999999998875566 0.31100621735051742212 -1.5758879481904513042 -2.5148946906549261016 3.6173310860397587496e-020 
4.6749999999998959055 0.31100621729331201504 -1.5758879475202900444 -2.5148946906549256575 3.6397120409038843982e-020 
4.6999999999999042544 0.31100621730571181844 -1.575887946622405611 -2.5148946906549261016 1.6091755989269318166e-020 
4.7249999999999126032 0.31100621733749983511 -1.5758879461864503391 -2.5148946906549261016 1.7905268984790470175e-020 
4.7499999999999209521 0.3110062173778502248 -1.575887946311139487 -2.5148946906549261016 1.840486644570395178e-020 
4.774999999999929301 0.31100621738291422957 -1.5758879463288757439 -2.5148946906549261016 1.1316483296499535909e-020 
4.7999999999999376499 0.31100621734566485932 -1.5758879463484773975 -2.5148946906549261016 5.8981225175287216364e-021 
4.8249999999999459988 0.31100621733146704972 -1.5758879467131021723 -2.5148946906549265456 7.0889882353782223878e-021 
4.8499999999999543476 0.31100621732939504049 -1.575887946681893359 -2.5148946906549261016 6.5590620646606702517e-021 
4.8749999999999626965 0.31100621733846717243 -1.5758879464119708302 -2.5148946906549261016 4.6197498223837461651e-021 
4.8999999999999710454 0.31100621735973771331 -1.5758879465002322284 -2.5148946906549261016 2.4622645064696015566e-021 
4.9249999999999793943 0.31100621735410260982 -1.5758879465874482406 -2.5148946906549256575 3.0455105897240284177e-021 
4.9499999999999877431 0.31100621734230843307 -1.575887946680569307 -2.5148946906549252134 2.7400323250681942911e-021 
4.974999999999996092 0.31100621734008992991 -1.5758879468046229633 -2.5148946906549256575 9.0384105114588454208e-022 
