0.025000000000000015266 0.59134126697070577006 0.0004556354118172463441 -2.2510463088593808401 0.03716325923144897514 
0.05000000000000003747 0.57011736355486453132 0.015893134284193310979 -2.2628055370211792585 0.048967719961130112827 
0.075000000000000052736 0.44501486869678158476 -0.0014267386418720939822 -2.2917491934020381983 0.076119632711011644965 
0.10000000000000007494 0.41769989192235101871 -0.048671847424954561845 -2.3407416089042643037 0.091605260375533889561 
0.12500000000000008327 0.27014320139471093007 -0.40427952354176655003 -2.3731552430137070608 0.044407640150613242325 
0.15000000000000010547 0.24936835767367115935 -1.6554779785216913179 -2.3896772640247312403 0.030816460179166033084 
0.17500000000000012768 0.30960480702895570859 -2.0384811665247575263 -2.4057689547925908968 0.035386835901666857662 
0.20000000000000014988 0.27924469733703721763 -1.2890799524455465175 -2.4211424007271955539 0.022305134396569722272 
0.22500000000000017208 0.28004491275611442802 -1.4500793523497923498 -2.4307487172640964701 0.021186428238079910158 
0.25000000000000016653 0.30591418319789043245 -1.1064795871165584717 -2.4429783766025439107 0.026147912043435354856 
0.27500000000000018874 0.31138690878861957634 -0.48145527053322723088 -2.4530749897064825227 0.015711382013091659132 
0.30000000000000021094 0.33105516580480121025 -0.64642983341826310006 -2.4609715363772703967 0.017325132994237258527 
0.32500000000000023315 0.3392235881448689705 -0.78710159825868264427 -2.4705021232920985064 0.019457256973184334364 
0.35000000000000025535 0.34646374947047603454 -1.2900497445921017547 -2.4782301075319574934 0.012335296981963565083 
0.37500000000000027756 0.33263210375409241193 -1.8026271226575407702 -2.48350533555152575 0.010713120521733975055 
0.40000000000000029976 0.28801706578018682059 -1.5469569092240895714 -2.4898007274992086657 0.013876875104871781719 
0.42500000000000032196 0.28068089243586064052 -1.5116132444229370968 -2.496382789476362607 0.012202515385322800293 
0.45000000000000034417 0.29190331051784118577 -1.628696248554014403 -2.501186638220894487 0.0074154048530140183673 
0.47500000000000036637 0.30558983033376790894 -1.6107274460347527079 -2.503964296038322157 0.004565168435574137179 
0.50000000000000033307 0.32341759180570989196 -1.7690220190816474677 -2.5062599236575877626 0.0044417536980220877207 
0.52500000000000035527 0.31238197026604347384 -1.7758277984925698867 -2.5082541928728852021 0.0037552954776336874496 
0.55000000000000037748 0.29995072374244369229 -1.7365258532380984935 -2.5096516066475147433 0.0019202857423259015769 
0.57500000000000039968 0.30596695050256811355 -1.6271220176311658179 -2.5105139898134392062 0.0019476889253367561574 
0.60000000000000042188 0.30968112984082879491 -1.3472083412136943714 -2.5116253137203732315 0.0022090924113841877395 
0.62500000000000044409 0.31953905939371635148 -1.3476593886517496124 -2.5124701404855294129 0.0012557037353734040383 
0.65000000000000046629 0.32258387529803378424 -1.458875700183358326 -2.5128973203743170117 0.00063981047323031137088 
0.6750000000000004885 0.3080828762382773478 -1.5366706518058148578 -2.5132978296645189786 0.00098943398079589573758 
0.7000000000000005107 0.30114019661188956567 -1.7534005398724938907 -2.5137372341807617815 0.0006622056308617487114 
0.72500000000000053291 0.30293692115667786302 -1.8251805631129704999 -2.5139463438759692693 0.00029143357967229878164 
0.75000000000000055511 0.30618549526359134516 -1.6997726704257098973 -2.5141038178876979892 0.00039484228024356838064 
0.77500000000000057732 0.31414158970659683545 -1.5719399621111957988 -2.5143219289029783425 0.00040692004935345287052 
0.80000000000000059952 0.31709763984628891453 -1.4660877768062676729 -2.5144663411303693756 0.00020026071238658029209 
0.82500000000000062172 0.31438710633469024724 -1.4678319271936208779 -2.5145372668775980429 0.00011262918288242881404 
0.85000000000000064393 0.3117441055549751705 -1.5295417735918372948 -2.5146017816860557481 0.00015361740840231548214 
0.87500000000000066613 0.30846247343115396067 -1.5582568809680927835 -2.5146775483192111977 0.00013891810441151009156 
0.90000000000000068834 0.30859454865925034506 -1.6081259991279162058 -2.5147318651820871338 7.929227931611083479e-005 
0.92500000000000071054 0.31107522280065236231 -1.6316288909888889691 -2.5147593633761511356 4.9675510907825040272e-005 
0.95000000000000073275 0.31163056904602787212 -1.5937312813993538274 -2.5147898540173798665 6.6575379049054383886e-005 
0.97500000000000075495 0.31140275943281670035 -1.5747767102710104048 -2.5148169768161148241 3.8649411037185938734e-005 
1.0000000000000006661 0.3102990453226311951 -1.5714945530022106368 -2.5148294983022090321 2.1047589497805316782e-005 
1.0249999999999979128 0.31003333098695456949 -1.5638811759433131066 -2.51484260721197872 3.1318004756714845551e-005 
1.0499999999999951594 0.31144666357905043119 -1.5730468370519261612 -2.5148571515909261542 2.4425928735686325326e-005 
1.0749999999999924061 0.31159645613895869953 -1.5827795727501268175 -2.5148660372294178167 1.1685619314142072783e-005 
1.0999999999999896527 0.31130099516016002115 -1.5822155339130496987 -2.514870146216337865 8.9587360990646329153e-006 
1.1249999999999868994 0.31132072455415565893 -1.5755625341688666019 -2.5148756361336896958 1.1252984806438583312e-005 
1.149999999999984146 0.31064968887536054121 -1.5674207221196831963 -2.5148804380033880079 7.9827819354791219056e-006 
1.1749999999999813927 0.31067052068508971274 -1.5684969566880040404 -2.5148834722117152651 4.8793956693349851094e-006 
1.1999999999999786393 0.31113696926472367288 -1.5700195837983332847 -2.5148856458654273993 4.3026050296596866557e-006 
1.224999999999975886 0.31106050363638909628 -1.5732290095706937816 -2.5148877711982886574 4.1401907137660272259e-006 
1.2499999999999731326 0.31110356995741189623 -1.5859631596578056545 -2.5148895260884129854 2.5522711929367902821e-006 
1.2749999999999703792 0.3109140942095326432 -1.5870193007384889583 -2.5148903527152106641 1.4865653383146271384e-006 
1.2999999999999676259 0.31064970610923120509 -1.5771030014533793384 -2.5148912320906826601 1.9801018976250928468e-006 
1.3249999999999648725 0.31098819677073968881 -1.5748109299051062937 -2.5148921837464230933 1.6070423040833518164e-006 
1.3499999999999621192 0.31124174635437001912 -1.572917962490679944 -2.5148926972259530999 6.5002484864123226716e-007 
1.3749999999999593658 0.3111741636793579624 -1.5709213879566916727 -2.5148930588838656064 9.5423616085646105303e-007 
1.3999999999999566125 0.31105760554389444428 -1.5741194490543162221 -2.5148935097660496396 6.8498341812556680538e-007 
1.4249999999999538591 0.31090867782168812861 -1.5762523780982919952 -2.5148937330455565231 2.8824621269664989774e-007 
1.4499999999999511058 0.31093619735618444055 -1.5777177481857687091 -2.514893876114304927 3.8513064603140424522e-007 
1.4749999999999483524 0.31101246262406395671 -1.5776573126053914375 -2.5148940960880969975 4.3885726636495318044e-007 
1.4999999999999455991 0.31099059740522960738 -1.5748905718915371388 -2.514894265849393129 2.2219318621098722132e-007 
1.5249999999999428457 0.31101147321529837297 -1.5749007564501360523 -2.5148943341645679794 1.0481221119041402253e-007 
1.5499999999999400924 0.31100490591789614614 -1.5760026996324212334 -2.5148943941499339871 1.4037297485463993247e-007 
1.574999999999937339 0.31100108170041063094 -1.5762789221156778829 -2.5148944624617368682 1.3318743166001433443e-007 
1.5999999999999345857 0.31103227853521875357 -1.5771832025428684787 -2.5148945231250516841 9.9835178291752694182e-008 
1.6249999999999318323 0.31099177084879364719 -1.5765594351490022085 -2.5148945589324287475 5.5319152217107345217e-008 
1.649999999999929079 0.31099396819962765726 -1.5755427602554998856 -2.5148945833529072758 5.0330066420183467695e-008 
1.6749999999999263256 0.31103467925444078235 -1.5755920465401036523 -2.5148946091383108659 4.7641971904446393602e-008 
1.6999999999999235722 0.31100358984952253261 -1.5751254112172177191 -2.5148946271416896536 2.550311383550767079e-008 
1.7249999999999208189 0.31099883788024135223 -1.5749945072174180716 -2.514894637578726222 2.2604836095134052428e-008 
1.7499999999999180655 0.31101473136242341333 -1.5756362834931798567 -2.5148946508349272477 2.8890368815137803305e-008 
1.7749999999999153122 0.31099792344392407362 -1.5762961171431317808 -2.5148946620117764716 1.3330960847316396455e-008 
1.7999999999999125588 0.31100220200891404154 -1.5766590117954133454 -2.5148946662539888308 8.2692391912810378487e-009 
1.8249999999999098055 0.31100366912092120009 -1.5761911151400982423 -2.5148946712658108993 1.1139283241057077245e-008 
1.8499999999999070521 0.31100025294870792258 -1.5758162092931089493 -2.5148946761765400559 8.0760337173043436021e-009 
1.8749999999999042988 0.31101909737755023544 -1.5759262911344997793 -2.5148946790781274707 4.274870519261223472e-009 
1.8999999999999015454 0.31101708246604592434 -1.575674858186337346 -2.5148946813349208895 5.2270515778140301283e-009 
1.9249999999998987921 0.3110017173935876178 -1.5756487893950872348 -2.5148946838566774709 4.5593447387393417114e-009 
1.9499999999998960387 0.31099864019236567181 -1.5759994319404140306 -2.514894685430815624 1.8918023721019499289e-009 
1.9749999999998932854 0.31099680528772777333 -1.5760040031171715924 -2.5148946862208125808 1.5974441772518417474e-009 
1.999999999999890532 0.31100368537663614088 -1.5758921470397737608 -2.5148946870951762733 2.0311997556641098344e-009 
2.0249999999998880007 0.31101176023019760919 -1.5758061870731956411 -2.5148946880734630582 1.7087050723806975054e-009 
2.0499999999998852473 0.31101327375350146243 -1.5757006809028459848 -2.5148946886909997467 8.6067117354896695436e-010 
2.074999999999882494 0.31101538533740213932 -1.5758054075472240907 -2.5148946890498122819 6.5575168938212060416e-010 
2.0999999999998797406 0.31100735936988682662 -1.5759735529488829719 -2.5148946893674271053 6.8647272857848253829e-010 
2.1249999999998769873 0.31099736017235463104 -1.5760365329425867209 -2.514894689685880369 5.2697148028436160315e-010 
2.1499999999998742339 0.31099949136168208996 -1.5760315589625948363 -2.5148946898780337733 2.9773620741426532314e-010 
2.1749999999998714806 0.31100398901761483472 -1.5759442502778495676 -2.5148946900372179947 3.6290718271545273804e-010 
2.1999999999998687272 0.31100865076789607766 -1.5758532338323585353 -2.5148946902024964523 2.81726434809451097e-010 
2.2249999999998659739 0.3110103743182640601 -1.5757999660366381889 -2.5148946903028828181 1.3791477052765028539e-010 
2.2499999999998632205 0.31100600972965797286 -1.575770141852965267 -2.5148946903597586555 9.9151028294142233725e-011 
2.2749999999998604672 0.31100595300748956618 -1.5758249566372506401 -2.5148946904184983353 1.5282607396005684327e-010 
2.2999999999998577138 0.31100798887250502567 -1.5759104153067167164 -2.5148946904865008278 1.0246606869078068905e-010 
2.3249999999998549605 0.3110065275812571306 -1.5759367206204342171 -2.5148946905214080161 4.6588443352277899163e-011 
2.3499999999998522071 0.31100622461334181956 -1.5759340745614225376 -2.5148946905439739652 5.3712536020924165055e-011 
2.3749999999998494538 0.31100546555765984369 -1.5759214840999731244 -2.5148946905724840484 5.4886445055064851345e-011 
2.3999999999998467004 0.31100411321036813828 -1.5759005418756590888 -2.5148946905914222327 2.312891708349142691e-011 
2.4249999999998439471 0.31100543240949057866 -1.57588004499612655 -2.5148946906014169045 2.1380435235942788272e-011 
2.4499999999998411937 0.31100671762284115562 -1.5758598299429811274 -2.5148946906141564916 2.8349542735041980253e-011 
2.4749999999998384403 0.3110071815518626881 -1.5758670661515239431 -2.5148946906251437028 1.5277570927906254278e-011 
2.499999999999835687 0.31100732488118054686 -1.5758882446062048022 -2.5148946906305722493 8.5566388703880851268e-012 
2.5249999999998329336 0.31100627519484763672 -1.5758884486392628066 -2.5148946906352049879 1.0485975246266614616e-011 
2.5499999999998301803 0.31100563903216377204 -1.5758898584050244907 -2.5148946906402769308 9.0373484762315269193e-012 
2.5749999999998274269 0.31100580336155192462 -1.5758935021554094646 -2.514894690643314501 4.2567816644578417084e-012 
2.5999999999998246736 0.3110060863536247 -1.5758874259720134781 -2.5148946906454914263 4.4286493463979525038e-012 
2.6249999999998219202 0.31100659073354319784 -1.5758897839952838993 -2.514894690647705211 4.5991109210598240139e-012 
2.6499999999998191669 0.31100644292364842958 -1.5758919659462660157 -2.514894690649616571 3.0411357536008832837e-012 
2.6749999999998164135 0.31100599378420340502 -1.5758878979208865712 -2.5148946906507183563 1.3886308353240109156e-012 
2.6999999999998136602 0.3110060619644895441 -1.5758895830431898233 -2.5148946906512628097 1.2880398183894725717e-012 
2.7249999999998109068 0.31100610356796604128 -1.575887931440811851 -2.514894690652160314 2.100257899343496251e-012 
2.7499999999998081535 0.31100624269947746425 -1.5758832483861353602 -2.5148946906529898726 1.1590800788818487423e-012 
2.7749999999998054001 0.31100645414246991249 -1.5758845016219289459 -2.5148946906533296008 3.5474587645071588096e-013 
2.7999999999998026468 0.31100629156249959273 -1.575887647475297193 -2.5148946906535756263 7.4598467443300231486e-013 
2.8249999999997998934 0.31100617115780215816 -1.5758907986737971108 -2.5148946906539557666 6.4552751574015163597e-013 
2.84999999999979714 0.31100613142379246456 -1.575890953055008481 -2.5148946906541604918 2.5568070123205768102e-013 
2.8749999999997943867 0.3110060660834589874 -1.5758881127380379716 -2.5148946906542883895 2.9962856636594974643e-013 
2.8999999999997916333 0.31100626210325049703 -1.5758871398203861958 -2.5148946906544540347 3.2625319047003487365e-013 
2.92499999999978888 0.31100640121707134877 -1.5758862050941344624 -2.5148946906545703861 1.5610022260248574775e-013 
2.9499999999997861266 0.31100627589189111522 -1.5758862606678780693 -2.5148946906546281177 1.0578622028487310483e-013 
2.9749999999997833733 0.31100616559226418323 -1.5758885378554914336 -2.5148946906546938429 1.4851691770046579772e-013 
2.9999999999997806199 0.31100610923535843 -1.5758891941894019872 -2.5148946906547520186 8.0887116017477962715e-014 
3.0249999999997778666 0.31100613745018057532 -1.5758890927488582445 -2.5148946906547862135 6.4230442377197215525e-014 
3.0499999999997751132 0.31100624261154713457 -1.5758888783831275227 -2.5148946906548146352 5.5605279919118766831e-014 
3.0749999999997723599 0.31100627514078155178 -1.5758875012971444995 -2.5148946906548412805 5.1846998798502488379e-014 
3.0999999999997696065 0.31100626074564385881 -1.575886882768446462 -2.514894690654863485 3.2190843053907257375e-014 
3.1249999999997668532 0.31100623231038698746 -1.5758869960628190121 -2.514894690654873699 1.4959068058128630121e-014 
3.1499999999997640998 0.3110061949826834482 -1.5758874061017120738 -2.5148946906548825808 2.2049766484347705111e-014 
3.1749999999997613465 0.31100620330148548431 -1.5758884041967813339 -2.5148946906548945712 2.3692335511438881066e-014 
3.1999999999997585931 0.31100621517761439794 -1.5758886066476573973 -2.5148946906549030089 1.0709665695096877174e-014 
3.2249999999997558398 0.31100621247582121986 -1.5758883209989642538 -2.5148946906549065616 6.4007449343487667773e-015 
3.2499999999997530864 0.31100621852713578042 -1.5758883004351038615 -2.5148946906549101143 8.6693869799213687101e-015 
3.274999999999750333 0.31100621208436846077 -1.5758878417904451652 -2.5148946906549149993 6.409500308323893493e-015 
3.2999999999997475797 0.3110062150474303122 -1.5758874902573385413 -2.5148946906549163316 3.7216480182003728001e-015 
3.3249999999997448263 0.31100622690344553734 -1.5758877136855493628 -2.5148946906549194402 4.5538846818514909586e-015 
3.349999999999742073 0.31100621949881979145 -1.5758879010128445941 -2.5148946906549198843 3.2843502066981790708e-015 
3.3749999999997393196 0.3110062180080352956 -1.575888023321231568 -2.5148946906549216607 1.3684698855113671993e-015 
3.3999999999997365663 0.31100621891026591914 -1.5758881192379843306 -2.5148946906549229929 1.539014727853267367e-015 
3.4249999999997338129 0.31100621090450919493 -1.5758880494139857475 -2.5148946906549238811 1.6661294665172000227e-015 
3.4499999999997310596 0.3110062153481739089 -1.5758879293637138019 -2.5148946906549243252 1.3037468492861991205e-015 
3.4749999999997283062 0.31100622098313746022 -1.5758878374616580587 -2.5148946906549243252 6.2831508917735229901e-016 
3.4999999999997255529 0.31100621886093338109 -1.5758878672167546675 -2.5148946906549247693 6.088845604671876984e-016 
3.5249999999997227995 0.31100621943069384212 -1.5758879714043292353 -2.5148946906549252134 5.6836406752028317901e-016 
3.5499999999997200462 0.3110062171521747465 -1.5758879862672490191 -2.5148946906549252134 3.5173276820842287167e-016 
3.5749999999997172928 0.31100621440599029999 -1.575887994372838552 -2.5148946906549247693 2.8527770003851104852e-016 
3.5999999999997145395 0.31100621553364676819 -1.5758879931927585183 -2.5148946906549261016 3.0894044686553457176e-016 
3.6249999999997117861 0.31100621603374445368 -1.5758879103890504059 -2.5148946906549261016 1.9224358149280102297e-016 
3.6499999999997090327 0.31100621807290224075 -1.5758878915260168263 -2.5148946906549265456 1.0473813531967585345e-016 
3.6749999999997062794 0.31100621964611913084 -1.5758879392939415531 -2.5148946906549261016 1.1858762915899918824e-016 
3.699999999999703526 0.31100621837838660078 -1.5758879512611998486 -2.5148946906549261016 1.0855823184388401591e-016 
3.7249999999997007727 0.31100621759356106288 -1.5758879641376275504 -2.5148946906549261016 6.2640814472201290643e-017 
3.7499999999996980193 0.31100621667800132375 -1.5758879649010983925 -2.5148946906549265456 5.0719423874985649137e-017 
3.774999999999695266 0.31100621672424327846 -1.5758879454524055141 -2.5148946906549261016 5.2164909193567363117e-017 
3.7999999999996925126 0.31100621787143134522 -1.5758879416230320292 -2.5148946906549265456 3.6782265028570294511e-017 
3.8249999999996897593 0.31100621712861287183 -1.5758879290231209147 -2.5148946906549252134 1.6023034367803729015e-017 
3.8499999999996870059 0.31100621673557221625 -1.5758879306702719969 -2.5148946906549265456 1.7868579341312728558e-017 
3.8749999999996842526 0.31100621732572919509 -1.5758879574992941119 -2.5148946906549265456 2.5145513490783677502e-017 
3.8999999999996814992 0.31100621707741282762 -1.5758879623103578815 -2.5148946906549265456 1.3295312508480328407e-017 
3.9249999999996787459 0.31100621739541522981 -1.5758879590216474664 -2.5148946906549261016 5.3524284472190548599e-018 
3.9499999999996759925 0.31100621773451636587 -1.5758879537109811153 -2.5148946906549261016 7.5679904831564647025e-018 
3.9749999999996732392 0.3110062174167564919 -1.5758879355734460859 -2.5148946906549261016 7.809232631066472554e-018 
3.9999999999996704858 0.31100621769702879726 -1.5758879327459180963 -2.5148946906549252134 3.7493031621296443758e-018 
4.0249999999996788347 0.31100621769350811352 -1.5758879406142562996 -2.5148946906549269897 4.1760872833094954645e-018 
4.0499999999996871836 0.31100621715809301238 -1.5758879440494357738 -2.5148946906549256575 3.2750650707270787396e-018 
4.0749999999996955324 0.31100621701720687629 -1.5758879505519476361 -2.5148946906549252134 1.6752031198224271653e-018 
4.0999999999997038813 0.31100621696941493921 -1.575887954432071858 -2.5148946906549261016 1.5233578858683698001e-018 
4.1249999999997122302 0.31100621715956866531 -1.5758879527145195354 -2.5148946906549261016 1.6950406981244440634e-018 
4.1499999999997205791 0.31100621755155394288 -1.575887946862784883 -2.5148946906549261016 1.2559904027913424112e-018 
4.1749999999997289279 0.31100621757411811563 -1.5758879410430748358 -2.5148946906549261016 6.2948918863269619898e-019 
4.1999999999997372768 0.31100621748896423169 -1.5758879440658299931 -2.5148946906549252134 5.9454703156725564882e-019 
4.2249999999997456257 0.31100621738338568578 -1.5758879475425664474 -2.5148946906549261016 6.5314528020194552572e-019 
4.2499999999997539746 0.31100621722199478514 -1.5758879466789699197 -2.5148946906549265456 4.0224245422200711393e-019 
4.2749999999997623235 0.31100621725982741106 -1.5758879480495633363 -2.5148946906549265456 2.0417787515962555761e-019 
4.2999999999997706723 0.31100621733982330985 -1.57588794766174356 -2.5148946906549265456 2.7033470049030096946e-019 
4.3249999999997790212 0.31100621738543288153 -1.5758879450688372259 -2.5148946906549265456 2.7604735136416621457e-019 
4.3499999999997873701 0.31100621740512057745 -1.5758879449268987649 -2.5148946906549265456 1.0752796018344558961e-019 
4.374999999999795719 0.31100621729983463082 -1.5758879455054248808 -2.5148946906549261016 8.3695344567651892978e-020 
4.3999999999998040678 0.3110062172927408608 -1.5758879467075384007 -2.5148946906549261016 1.2395925150253438042e-019 
4.4249999999998124167 0.31100621737989747606 -1.5758879481789467292 -2.5148946906549261016 6.6963411176284456501e-020 
4.4499999999998207656 0.31100621735414774038 -1.5758879480969798514 -2.5148946906549265456 4.8031981037612641973e-020 
4.4749999999998291145 0.31100621733964267657 -1.5758879474874483151 -2.5148946906549261016 4.9062908296394747921e-020 
4.4999999999998374633 0.31100621735286076985 -1.5758879464552917327 -2.5148946906549269897 4.2763985287918854853e-020 
4.5249999999998458122 0.31100621733075511921 -1.5758879454439245205 -2.5148946906549256575 1.7381101390212803658e-020 
4.5499999999998541611 0.31100621734789019035 -1.5758879456293224397 -2.5148946906549265456 1.6552791117519248089e-020 
4.57499999999986251 0.31100621735717903782 -1.5758879459752694885 -2.5148946906549261016 2.3226387653167816151e-020 
4.5999999999998708589 0.3110062173470003466 -1.5758879462896220325 -2.5148946906549261016 1.3955726897110911692e-020 
4.6249999999998792077 0.3110062173618050041 -1.5758879470577382698 -2.5148946906549252134 7.0910150762635568111e-021 
4.6499999999998875566 0.3110062173455955814 -1.5758879473431464113 -2.5148946906549261016 7.6957492722692996263e-021 
4.6749999999998959055 0.31100621731965083505 -1.5758879469604449852 -2.5148946906549265456 7.6024314984350467613e-021 
4.6999999999999042544 0.31100621732959654597 -1.5758879465672359643 -2.5148946906549265456 3.5466431186448661282e-021 
4.7249999999999126032 0.31100621734553984821 -1.5758879464026023243 -2.5148946906549261016 3.6140962032548912152e-021 
4.7499999999999209521 0.31100621736022421304 -1.5758879464381652102 -2.5148946906549261016 3.8891786065488275991e-021 
4.774999999999929301 0.31100621736109951287 -1.5758879464496597933 -2.5148946906549261016 2.2188745151139392555e-021 
4.7999999999999376499 0.31100621734471051161 -1.5758879464912955992 -2.5148946906549252134 1.2132685999547485214e-021 
4.8249999999999459988 0.3110062173383614792 -1.575887946650352589 -2.5148946906549256575 1.437048107169951029e-021 
4.8499999999999543476 0.31100621733850802864 -1.5758879466233937094 -2.5148946906549261016 1.3121158886205593435e-021 
4.8749999999999626965 0.31100621734276784336 -1.5758879465084940641 -2.5148946906549256575 9.1828800623181835559e-022 
4.8999999999999710454 0.31100621735142425228 -1.5758879465452182433 -2.5148946906549265456 4.4683918102799791632e-022 
4.9249999999999793943 0.31100621734898664661 -1.5758879465781250317 -2.5148946906549261016 6.4394609069003865069e-022 
4.9499999999999877431 0.31100621734396738383 -1.5758879466213389087 -2.5148946906549261016 4.9104189035787210906e-022 
4.974999999999996092 0.31100621734325079037 -1.5758879466753936693 -2.5148946906549261016 1.7272874879808088406e-022 
