0.025000000000000015266 0.59170204804025172685 0.00045802943579571764321 -2.2506414170952560028 0.037403231769122635697 
0.05000000000000003747 0.57023307417402313568 0.015984380953277144144 -2.2621939865045108675 0.049610477168731605124 
0.075000000000000052736 0.44402706155096732799 -0.0018329349540705530686 -2.2907654964997190561 0.07731221003782996759 
0.10000000000000007494 0.41605286419912784757 -0.049156809540535140179 -2.3391041800117839955 0.092726454093220625485 
0.12500000000000008327 0.26735238121436710745 -0.40558267467346231783 -2.3710200864958586031 0.045137956057129315079 
0.15000000000000010547 0.24752714877963113982 -1.6798700633283631944 -2.3875085975874257294 0.031903640331641891503 
0.17500000000000012768 0.30888285916797264541 -2.0724663463108119466 -2.4036347890743128275 0.03631694305697438091 
0.20000000000000014988 0.27644288353661622404 -1.3036018953191781389 -2.4189135236575038945 0.022554162890402913721 
0.22500000000000017208 0.27623968366399137553 -1.476479323716165748 -2.4283983276858127631 0.021807355584059020387 
0.25000000000000016653 0.30275997432004930765 -1.1172659991229707543 -2.4407058134581527398 0.027037091449206750865 
0.27500000000000018874 0.30888680272700336227 -0.45731333749417135692 -2.4507414465405683579 0.015709299182679662549 
0.30000000000000021094 0.32932840114671274589 -0.63179003062353400466 -2.458372521134482902 0.017451089713263184117 
0.32500000000000023315 0.33872210385295958845 -0.7710314904207293818 -2.4681083068571241235 0.021035680076017380935 
0.35000000000000025535 0.34979535708512443648 -1.2819247345874331678 -2.4762672042929096961 0.013232811734654398653 
0.37500000000000027756 0.33664786616231140437 -1.8007636930383772444 -2.4815294536147418647 0.010644827476126260749 
0.40000000000000029976 0.2891860423552305992 -1.5361840076334809524 -2.4876855848398276017 0.014079897795305020697 
0.42500000000000032196 0.28130440761287256457 -1.4952442739007714145 -2.4943369616761712493 0.0130652252468598188 
0.45000000000000034417 0.29087289037579672213 -1.5777666448026288482 -2.4995536826991857637 0.0088121297295025973612 
0.47500000000000036637 0.30268937825146174925 -1.5644089862722181383 -2.5028006949145331639 0.0052576745433101290325 
0.50000000000000033307 0.32348669790506101585 -1.7700230625455941613 -2.505248155780790853 0.0047654065555924485925 
0.52500000000000035527 0.31380362802328437555 -1.8041315541893228058 -2.5073995523873420233 0.0043519983501908044571 
0.55000000000000037748 0.29911443461233461205 -1.7860042949531989009 -2.5090017919622145115 0.002257473726265712792 
0.57500000000000039968 0.30384655190053622142 -1.6785478418473145368 -2.5099152155922106466 0.0020080919177187443563 
0.60000000000000042188 0.30780657978682673948 -1.3490808308257022929 -2.5110966447305336224 0.0025532129301211025502 
0.62500000000000044409 0.32033098449386077089 -1.3223320261116500163 -2.5120716554422810596 0.0015313244988066270023 
0.65000000000000046629 0.32524723931479121442 -1.4356419364851495946 -2.5125871456206598786 0.00077095691516122235275 
0.6750000000000004885 0.3092490364499602129 -1.502817681546994244 -2.5130240438030364558 0.0010970797627943170132 
0.7000000000000005107 0.30033332395818390648 -1.7335897470956005417 -2.51352070743843381 0.00081715331045333127 
0.72500000000000053291 0.30165962639534438239 -1.8452647137084539075 -2.5137788033777663799 0.00036045022288070874142 
0.75000000000000055511 0.30522505694416196542 -1.7421158665444540503 -2.5139487364935244607 0.00042375171749257098744 
0.77500000000000057732 0.31364538416664655696 -1.5968225418142609762 -2.5141951742683503745 0.00050644205923874798143 
0.80000000000000059952 0.31704679384286293953 -1.4584164502055805279 -2.5143741182283121383 0.00025955180693744054178 
0.82500000000000062172 0.3149805719712647778 -1.4559525353701141537 -2.5144651820007783982 0.00014216753370489064825 
0.85000000000000064393 0.31256231707944709397 -1.52388989299231703 -2.5145354237290469257 0.00016956673186954951101 
0.87500000000000066613 0.30863632139182917147 -1.5465017429764666979 -2.5146233143924545672 0.0001739025129420918264 
0.90000000000000068834 0.30828655910105762228 -1.6006194600487884117 -2.5146911614330043072 0.00010671424659018621296 
0.92500000000000071054 0.31071493987459714026 -1.6374040810684677982 -2.5147259789755982418 5.801036183875487673e-005 
0.95000000000000073275 0.31151673237074345435 -1.6020928804414307223 -2.514761399196647762 8.3903425146876660368e-005 
0.97500000000000075495 0.31162907354673097249 -1.5776268498614305358 -2.5147962031069130973 5.3092695245096688304e-005 
1.0000000000000006661 0.31025825877356305593 -1.5704553341219695817 -2.514812231812914245 2.4007059698034278789e-005 
1.0249999999999979128 0.30979761705900110691 -1.562828816271633281 -2.5148270098022020846 3.9426468137243100289e-005 
1.0499999999999951594 0.31151904582845540981 -1.5726074662559197392 -2.514845557881593141 3.1871742682609334072e-005 
1.0749999999999924061 0.31168439637504830042 -1.5821736717326961852 -2.5148571561412849107 1.7279395930223429879e-005 
1.0999999999999896527 0.31128840287166464895 -1.5833930492512096055 -2.5148628893041506949 1.0925377353466139962e-005 
1.1249999999999868994 0.3113772401841349291 -1.5770989114534346154 -2.5148693951005371972 1.4478806589042943141e-005 
1.149999999999984146 0.3106442394153912101 -1.5667022552682261516 -2.5148755887397471476 1.0667083403172224611e-005 
1.1749999999999813927 0.31062231364447817628 -1.5680719079280205364 -2.5148796318491890567 6.8395817128014476069e-006 
1.1999999999999786393 0.31111578862990030281 -1.5691661280578115267 -2.514882497705418718 5.6809910642932556101e-006 
1.224999999999975886 0.31105294049515119781 -1.5704630550307046022 -2.51488522325874575 5.5004740730867331802e-006 
1.2499999999999731326 0.31116990183541443082 -1.585836970827107173 -2.514887612496446323 3.8148145743125670365e-006 
1.2749999999999703792 0.31095181224034984524 -1.5896615263297608767 -2.5148887707092510979 1.9177865698057248088e-006 
1.2999999999999676259 0.31057679515810482362 -1.578315593084070656 -2.5148898804064652168 2.6345834952892762534e-006 
1.3249999999999648725 0.31093098924054168863 -1.5747011952341058993 -2.5148911508567803885 2.3270389183344783325e-006 
1.3499999999999621192 0.31125805847438164919 -1.5727587543860148678 -2.5148919076111595494 9.3509024667504569642e-007 
1.3749999999999593658 0.31122083513770415486 -1.570793928664877992 -2.5148923589587801608 1.2757659965958565787e-006 
1.3999999999999566125 0.31106980708841647232 -1.5737487245393912971 -2.5148930047664825871 1.0799766328515647571e-006 
1.4249999999999538591 0.3108776240031413951 -1.5755918513703828232 -2.5148933358621676781 3.9283290313267987616e-007 
1.4499999999999511058 0.31093444045090040673 -1.5778316043344646769 -2.514893515311849459 5.0939513174249231464e-007 
1.4749999999999483524 0.31103456131495749171 -1.5781663590623040694 -2.5148938113386734017 6.3097217479785372748e-007 
1.4999999999999455991 0.31099633156311295989 -1.5746724198087007629 -2.5148940611152301727 3.6713761993161224035e-007 
1.5249999999999428457 0.31100950785301056944 -1.57460619730192386 -2.5148941735634857686 1.5574860059587908111e-007 
1.5499999999999400924 0.3109871123307721974 -1.5759784253742896709 -2.5148942529615743169 1.9678512020494638139e-007 
1.574999999999937339 0.31098923804573708196 -1.576376519119547126 -2.514894348395311674 1.9079222368717336578e-007 
1.5999999999999345857 0.31104720027916749059 -1.5775258817739874484 -2.5148944353591282663 1.548627649936266822e-007 
1.6249999999999318323 0.310994621853353026 -1.5767601929467713884 -2.5148944910819168719 8.8510488587624514492e-008 
1.649999999999929079 0.31098690324491612413 -1.5755446190449691191 -2.51489452772389388 7.5278971817316605494e-008 
1.6749999999999263256 0.31103920926083133969 -1.5755722707603387889 -2.5148945651318284078 7.2210174210985814192e-008 
1.6999999999999235722 0.31100352570750317005 -1.574958570869250174 -2.5148945926226722314 4.1235788999131468661e-008 
1.7249999999999208189 0.31099764149968600613 -1.5748029753012753318 -2.5148946084714633997 3.3400520724038920963e-008 
1.7499999999999180655 0.31101909624479312511 -1.5754916236797842366 -2.5148946275605261746 4.4442245298074484627e-008 
1.7749999999999153122 0.31099858172946504009 -1.5762748378567814633 -2.5148946452379457028 2.2998083927265875241e-008 
1.7999999999999125588 0.31100091973331184247 -1.5768606912635281248 -2.5148946520753363565 1.2645388334741386977e-008 
1.8249999999999098055 0.31099968254595039552 -1.576310343092032884 -2.5148946596999461889 1.7785260860639813827e-008 
1.8499999999999070521 0.31099631946734795918 -1.5757910277674009869 -2.5148946672944383351 1.2975927492822669539e-008 
1.8749999999999042988 0.31102290799207854555 -1.5759533633847417899 -2.5148946719632396807 7.0610843831452643771e-009 
1.8999999999999015454 0.31102190744749780293 -1.5756524867235470744 -2.5148946753876129101 7.9586863515557236817e-009 
1.9249999999998987921 0.31100244547185662558 -1.5755764422245446266 -2.5148946792995978683 7.8659840662698913746e-009 
1.9499999999998960387 0.31099661153018909321 -1.5760063165042850208 -2.5148946820903534949 3.4522850006192856563e-009 
1.9749999999998932854 0.31099283486741913229 -1.5760521060002066207 -2.5148946833455387839 2.4578214800978423078e-009 
1.999999999999890532 0.31100212819364758676 -1.5759264936859822548 -2.514894684671730829 3.2164529424123360397e-009 
2.0249999999998880007 0.31101250601135965734 -1.575786456401099489 -2.514894686250333411 2.9971999703382246614e-009 
2.0499999999998852473 0.31101499900473872362 -1.5756275903141609973 -2.514894687305650578 1.4662282186138834628e-009 
2.074999999999882494 0.31101931640170105142 -1.5757562904277206961 -2.5148946879102314078 1.1709753571520420002e-009 
2.0999999999998797406 0.31100889321515623465 -1.5759768573215888754 -2.5148946884486789166 1.1593514599265850562e-009 
2.1249999999998769873 0.31099494857292253602 -1.5760786969816107383 -2.5148946889714003383 9.0679456225237690252e-010 
2.1499999999998742339 0.3109970495911818511 -1.5760870892933223075 -2.5148946893002084302 5.2326965886370315946e-010 
2.1749999999998714806 0.31100237309091666171 -1.575973484776022282 -2.5148946895645338806 6.1346416093832648474e-010 
2.1999999999998687272 0.31100908466330895452 -1.5758568263465400072 -2.5148946898454798138 5.1854158144937041893e-010 
2.2249999999998659739 0.31101223313447146079 -1.5757841614041689926 -2.5148946900283468686 2.5864460546564420104e-010 
2.2499999999998632205 0.31100608079456404376 -1.5757315136509122411 -2.5148946901330382353 1.80722905263705839e-010 
2.2749999999998604672 0.3110054563464610955 -1.5757948462579607352 -2.5148946902261202219 2.471127138772121626e-010 
2.2999999999998577138 0.31100839156220200232 -1.5759072568677023884 -2.5148946903438371692 2.0325514844822288025e-010 
2.3249999999998549605 0.31100689337956616276 -1.5759465687968545744 -2.5148946904121043389 8.9255581488445988957e-011 
2.3499999999998522071 0.31100663698444175331 -1.5759493341727490723 -2.5148946904505966593 9.0874558201939964557e-011 
2.3749999999998494538 0.31100540418704841761 -1.5759344075554149178 -2.5148946905007920627 1.0650769001348895069e-010 
2.3999999999998467004 0.31100325240094062185 -1.5759073324140611128 -2.5148946905370159755 4.4359064469868177507e-011 
2.4249999999998439471 0.31100482727328609966 -1.5758823782712367834 -2.5148946905545170871 3.6828448461052339591e-011 
2.4499999999998411937 0.31100668772508327509 -1.5758532122791606422 -2.5148946905769764548 5.4478290129792700393e-011 
2.4749999999998384403 0.3110076293313397966 -1.5758591986683003761 -2.5148946905981297562 3.0158707888989278948e-011 
2.499999999999835687 0.31100787157093850999 -1.5758866857000102257 -2.5148946906081728336 1.6298211878223597721e-011 
2.5249999999998329336 0.31100632477140005561 -1.5758866405338860517 -2.5148946906168792026 1.975316721583617808e-011 
2.5499999999998301803 0.31100544718836886648 -1.5758896518095690809 -2.5148946906262503731 1.8071585196772243707e-011 
2.5749999999998274269 0.31100562685799715279 -1.5758958674896359486 -2.5148946906323135231 8.351171070068520907e-012 
2.5999999999998246736 0.31100598567878329215 -1.5758869688977443779 -2.514894690636310326 8.4776881019236126662e-012 
2.6249999999998219202 0.3110067458146864583 -1.5758900511272346812 -2.5148946906404963109 8.9858222349637465603e-012 
2.6499999999998191669 0.31100654464799393217 -1.5758939766401787175 -2.5148946906441982385 6.2495222597347419825e-012 
2.6749999999998164135 0.31100590624113616522 -1.5758888195779636732 -2.5148946906465194928 3.2906700357400365016e-012 
2.6999999999998136602 0.3110060080326028098 -1.5758905769661477603 -2.5148946906476132845 2.0987973890615893749e-012 
2.7249999999998109068 0.31100603831841439062 -1.5758877091592631281 -2.5148946906491951303 4.247219205230872588e-012 
2.7499999999998081535 0.31100624585957209467 -1.5758813598271022016 -2.5148946906509022092 2.5286603898319736816e-012 
2.7749999999998054001 0.31100657694571570699 -1.57588277368993257 -2.5148946906516491673 8.1381817284485686315e-013 
2.7999999999998026468 0.3110063270015644421 -1.5758868787066544481 -2.5148946906521238986 1.4411122514716177134e-012 
2.8249999999997998934 0.31100614118315678125 -1.5758921172128939059 -2.514894690652882403 1.3961586533905384166e-012 
2.84999999999979714 0.3110060931926045269 -1.575892681186500166 -2.5148946906533078405 5.2962012027528529149e-013 
2.8749999999997943867 0.31100599332699763178 -1.5758884378813924343 -2.5148946906535716295 6.3277941223216828791e-013 
2.8999999999997916333 0.3110062657708738687 -1.5758870340530775067 -2.5148946906539109136 6.9646122022318922307e-013 
2.92499999999978888 0.31100647950316612222 -1.575885259608003075 -2.5148946906541591595 3.5303887064139298151e-013 
2.9499999999997861266 0.31100632416711815331 -1.5758850194320006555 -2.5148946906542857249 2.2075125462015070184e-013 
2.9749999999997833733 0.31100616621993942834 -1.5758886289597877628 -2.5148946906544171753 3.1992707814455775308e-013 
2.9999999999997806199 0.31100606054760748798 -1.5758898332858093383 -2.514894690654545073 1.865208485299936831e-013 
3.0249999999997778666 0.3110060854247678197 -1.5758897001620371103 -2.514894690654614795 1.3770357031951654546e-013 
3.0499999999997751132 0.31100623867288013091 -1.5758894308472293222 -2.5148946906546774116 1.2175911876680796207e-013 
3.0749999999997723599 0.31100629760266218504 -1.5758875118925486092 -2.5148946906547360314 1.1791283946974715526e-013 
3.0999999999997696065 0.3110062883212610374 -1.5758865484677184732 -2.5148946906547848812 7.5968441945311094368e-014 
3.1249999999997668532 0.31100624243415747605 -1.5758864294182008958 -2.5148946906548079738 3.3003364620527048893e-014 
3.1499999999997640998 0.31100618305749794246 -1.5758869102733767953 -2.5148946906548261815 4.8624832909644054511e-014 
3.1749999999997613465 0.31100620144088597652 -1.5758885436142344716 -2.5148946906548528268 5.4180950482077053487e-014 
3.1999999999997585931 0.311006218585747507 -1.575888941436640156 -2.5148946906548719227 2.6601790476644344491e-014 
3.2249999999997558398 0.31100620899875003333 -1.5758885053791333863 -2.5148946906548799163 1.469549280813592363e-014 
3.2499999999997530864 0.31100621569643621678 -1.5758885123615873347 -2.5148946906548901303 2.0414119636694046209e-014 
3.274999999999750333 0.31100620549044433183 -1.5758878835218221859 -2.5148946906548981239 1.4792724955866224681e-014 
3.2999999999997475797 0.31100621361751717986 -1.5758873175512799758 -2.5148946906549030089 9.2964915674766416657e-015 
3.3249999999997448263 0.31100623435959684482 -1.5758875550771975771 -2.514894690654908338 1.0279761736461376764e-014 
3.349999999999742073 0.31100622074609013401 -1.575887824535575632 -2.514894690654913223 8.3736777434042854871e-015 
3.3749999999997393196 0.31100621779004683498 -1.5758880566273316681 -2.5148946906549149993 3.6071296809336515534e-015 
3.3999999999997365663 0.31100622057212101712 -1.5758882086623109409 -2.5148946906549172198 3.4460840699656126027e-015 
3.4249999999997338129 0.31100620783520149804 -1.5758881062534437767 -2.5148946906549189961 4.1251468062896063105e-015 
3.4499999999997310596 0.31100621392593524872 -1.5758879326033594648 -2.5148946906549203284 3.2183355373957151178e-015 
3.4749999999997283062 0.31100622293512741878 -1.5758877725504154554 -2.5148946906549221048 1.6458782118920861953e-015 
3.4999999999997255529 0.31100621986716275869 -1.5758878198684511673 -2.5148946906549225488 1.526448076988952373e-015 
3.5249999999997227995 0.31100622000999733618 -1.5758879984605216329 -2.5148946906549247693 1.446443353504192795e-015 
3.5499999999997200462 0.31100621630776831283 -1.5758880042097169749 -2.5148946906549243252 8.8392430687026435713e-016 
3.5749999999997172928 0.31100621335628780839 -1.5758880085766706625 -2.5148946906549238811 7.2119861886946639386e-016 
3.5999999999997145395 0.3110062155155466912 -1.575888029450972283 -2.5148946906549256575 8.021136071772213625e-016 
3.6249999999997117861 0.31100621531465838521 -1.5758879007698309849 -2.5148946906549252134 5.1408655051140320863e-016 
3.6499999999997090327 0.31100621790197963135 -1.5758878520662618072 -2.5148946906549261016 2.7169335913445907315e-016 
3.6749999999997062794 0.31100622033568209313 -1.575887926125107974 -2.5148946906549256575 3.158157681550651112e-016 
3.699999999999703526 0.31100621896448571446 -1.5758879578536859611 -2.5148946906549261016 2.7571200379867008653e-016 
3.7249999999997007727 0.31100621834445885128 -1.5758879808895343011 -2.5148946906549252134 1.8303038622835239221e-016 
3.7499999999996980193 0.31100621644026615886 -1.5758879724557508517 -2.5148946906549247693 1.2660145336325612008e-016 
3.774999999999695266 0.31100621613436529866 -1.5758879401239607176 -2.5148946906549265456 1.4190585134209248982e-016 
3.7999999999996925126 0.31100621823258378651 -1.5758879417857456495 -2.5148946906549256575 1.0494091675001112087e-016 
3.8249999999996897593 0.31100621704798675493 -1.5758879212818233118 -2.5148946906549261016 4.4072790983431109076e-017 
3.8499999999996870059 0.31100621627449476225 -1.5758879191714156853 -2.5148946906549265456 4.8375361256951701096e-017 
3.8749999999996842526 0.31100621724840227245 -1.5758879620135832766 -2.5148946906549265456 6.6812149444901090545e-017 
3.8999999999996814992 0.3110062169124567788 -1.5758879718888834098 -2.5148946906549261016 4.0275574224005397603e-017 
3.9249999999996787459 0.31100621751869311771 -1.5758879687117623991 -2.5148946906549265456 1.5599269710154971955e-017 
3.9499999999996759925 0.31100621799513833432 -1.5758879595288943776 -2.5148946906549265456 2.0925257798185729618e-017 
3.9749999999996732392 0.31100621733024697013 -1.5758879283804119176 -2.5148946906549261016 2.2045332366556348996e-017 
3.9999999999996704858 0.3110062178755381157 -1.5758879233640203932 -2.5148946906549261016 1.0879538638834504433e-017 
4.0249999999996788347 0.31100621803250311226 -1.5758879357354727002 -2.5148946906549261016 1.2089089178339216811e-017 
4.0499999999996871836 0.31100621715226961506 -1.5758879420589435583 -2.5148946906549265456 9.7263147989776747317e-018 
4.0749999999996955324 0.31100621678929607494 -1.5758879533983436438 -2.5148946906549261016 5.0347749040481112026e-018 
4.0999999999997038813 0.3110062166235404435 -1.5758879593656207607 -2.5148946906549256575 4.4441382284308899371e-018 
4.1249999999997122302 0.31100621698342856281 -1.575887957677512663 -2.5148946906549261016 4.8263241046579437551e-018 
4.1499999999997205791 0.31100621769117198223 -1.5758879480777088222 -2.5148946906549256575 4.0383997175969965036e-018 
4.1749999999997289279 0.31100621775942127734 -1.5758879363554134656 -2.5148946906549261016 1.7893157041228709588e-018 
4.1999999999997372768 0.31100621764602665031 -1.5758879414262780827 -2.5148946906549261016 1.8270155153027287918e-018 
4.2249999999997456257 0.31100621742520428992 -1.5758879485527539366 -2.5148946906549265456 1.9955415978752714103e-018 
4.2499999999997539746 0.31100621709495118727 -1.5758879471257896121 -2.5148946906549261016 1.2667071097800219497e-018 
4.2749999999997623235 0.31100621716390469684 -1.5758879490834560855 -2.5148946906549269897 6.3346565516097058754e-019 
4.2999999999997706723 0.31100621732534000641 -1.5758879484966761275 -2.5148946906549261016 8.1171530164683733693e-019 
4.3249999999997790212 0.31100621744089840259 -1.5758879442286544137 -2.5148946906549256575 8.8088540164779811009e-019 
4.3499999999997873701 0.31100621748534096334 -1.5758879437005195445 -2.5148946906549261016 3.5689719844101564228e-019 
4.374999999999795719 0.31100621725812255258 -1.575887944353679071 -2.5148946906549265456 2.6813779647200749441e-019 
4.3999999999998040678 0.31100621722748217346 -1.5758879465993096414 -2.5148946906549252134 3.7858844248658922519e-019 
4.4249999999998124167 0.31100621740470035803 -1.5758879493884818679 -2.5148946906549265456 2.3092435153184793632e-019 
4.4499999999998207656 0.31100621737166961323 -1.5758879493444677422 -2.5148946906549261016 1.5352535058006221682e-019 
4.4749999999998291145 0.31100621734089012316 -1.5758879483307723923 -2.5148946906549265456 1.5821064074588490202e-019 
4.4999999999998374633 0.3110062173550040554 -1.5758879464123471958 -2.5148946906549265456 1.420157339646737821e-019 
4.5249999999998458122 0.31100621731187172436 -1.575887944590026013 -2.5148946906549261016 6.2475911265803168382e-020 
4.5499999999998541611 0.31100621734768962856 -1.5758879449660696537 -2.5148946906549265456 5.0717742585975293732e-020 
4.57499999999986251 0.31100621736807976259 -1.5758879454732803715 -2.5148946906549256575 7.8760488442952646708e-020 
4.5999999999998708589 0.31100621735090766551 -1.5758879459177901339 -2.5148946906549269897 4.8268867883685636211e-020 
4.6249999999998792077 0.31100621737842037984 -1.5758879473339710842 -2.5148946906549256575 2.397403560714022647e-020 
4.6499999999998875566 0.31100621734878974856 -1.5758879479729839268 -2.5148946906549265456 2.6470276602484108631e-020 
4.6749999999998959055 0.31100621729977118157 -1.5758879473616871358 -2.5148946906549261016 2.6610049205162620729e-020 
4.6999999999999042544 0.31100621731242283907 -1.5758879465972133183 -2.5148946906549261016 1.1855235758706249093e-020 
4.7249999999999126032 0.31100621734050909462 -1.57588794624215911 -2.5148946906549265456 1.3019398856573212018e-020 
4.7499999999999209521 0.3110062173733441071 -1.5758879463420272238 -2.5148946906549256575 1.3467481819022336911e-020 
4.774999999999929301 0.31100621737685779644 -1.5758879463575055091 -2.5148946906549261016 8.1309799535842568319e-021 
4.7999999999999376499 0.31100621734517769346 -1.5758879463892212502 -2.5148946906549269897 4.2970513638304474454e-021 
4.8249999999999459988 0.31100621733308314587 -1.575887946700197606 -2.5148946906549261016 5.1578126162044510717e-021 
4.8499999999999543476 0.31100621733185890294 -1.5758879466671693592 -2.5148946906549265456 4.7485979866772036096e-021 
4.8749999999999626965 0.3110062173397658003 -1.5758879464384580871 -2.5148946906549265456 3.3399996325756314461e-021 
4.8999999999999710454 0.31100621735750472174 -1.5758879465132185071 -2.5148946906549252134 1.7368322570402730593e-021 
4.9249999999999793943 0.31100621735269184942 -1.5758879465850019752 -2.5148946906549252134 2.2425433777377545431e-021 
4.9499999999999877431 0.31100621734272387853 -1.5758879466642627953 -2.5148946906549269897 1.9371428504587787655e-021 
4.974999999999996092 0.31100621734094019422 -1.5758879467692057386 -2.5148946906549265456 6.4401920011481559819e-022 
