0.025000000000000015266 0.59131125757216429495 0.00045543653386764110236 -2.2510798895190111679 0.037143351884735317792 
0.05000000000000003747 0.57010776183241462789 0.015885557036559500022 -2.2628561034505421112 0.048914544995913300518 
0.075000000000000052736 0.44509667857752838183 -0.0013933043666435329655 -2.2918300118916064001 0.076021162574267914236 
0.10000000000000007494 0.4178359985070602689 -0.048630896244734711509 -2.3408757015768490994 0.091512847531427438108 
0.12500000000000008327 0.27037404836133271946 -0.40416588698756261699 -2.3733302974761381066 0.044347932381949228819 
0.15000000000000010547 0.24952109726024279679 -1.653460697465240381 -2.3898548853357191035 0.0307281445457195726 
0.17500000000000012768 0.30966549474462162772 -2.0356837877848574792 -2.4059434104666226339 0.035310969382411475093 
0.20000000000000014988 0.2794753256603909608 -1.2878912586438986398 -2.4213245922599591076 0.022284829571164697926 
0.22500000000000017208 0.28035442401807819657 -1.4479503759933383122 -2.4309407244074154875 0.021135185891716316148 
0.25000000000000016653 0.30616690748274139056 -1.1056411255586238163 -2.4431634448583259278 0.026075193327070183419 
0.27500000000000018874 0.31158346649914303583 -0.48339617838658455184 -2.4532643551662567383 0.015708132750303371167 
0.30000000000000021094 0.33117422953824082743 -0.64762624956998982029 -2.4611786341368082631 0.017300688109346151755 
0.32500000000000023315 0.33922532303973429446 -0.78848576690622618202 -2.4706876528628138878 0.019329920312103066049 
0.35000000000000025535 0.34619623514898500982 -1.2907704704835412102 -2.4783818845256475605 0.012267510705563089424 
0.37500000000000027756 0.33235095364985028921 -1.8025601011379728256 -2.4836577779369215513 0.010711712073879428586 
0.40000000000000029976 0.28797162956280569768 -1.5475100751318791037 -2.4899605337784893599 0.013852246686621470101 
0.42500000000000032196 0.28068137317413527354 -1.5128002981764305801 -2.4965341991907399333 0.012130552634999581738 
0.45000000000000034417 0.29200332795191508151 -1.6321679660876144968 -2.5013052648576219461 0.0073138406561568426734 
0.47500000000000036637 0.30577584927050799335 -1.6135716597654383708 -2.5040509424465806632 0.0045202489218389031028 
0.50000000000000033307 0.32336955391610239241 -1.7684835178599453975 -2.5063359706455754505 0.0044150362950408778007 
0.52500000000000035527 0.31228518640298347231 -1.7737118288009710021 -2.5083175433991078407 0.0037108455357573602931 
0.55000000000000037748 0.30003715000097391785 -1.733068292239277719 -2.5097002022059440307 0.0018976330401878781142 
0.57500000000000039968 0.30612382201533328008 -1.6236590382424358481 -2.5105593263671859283 0.0019410286344583582707 
0.60000000000000042188 0.30980074304181848266 -1.347512864660746601 -2.511664144842949753 0.0021827713975076600515 
0.62500000000000044409 0.31946306663896789635 -1.3496827449900088425 -2.5124994262446898041 0.0012357808506941823229 
0.65000000000000046629 0.32239004518898922713 -1.4605615246988010725 -2.5129203896766090232 0.00063140570606171173181 
0.6750000000000004885 0.30801659461000219231 -1.5389910927445589195 -2.5133182269178271362 0.00098019927162476083553 
0.7000000000000005107 0.30121074474343095817 -1.7543405932477045273 -2.5137529408416283694 0.00065095565275345788469 
0.72500000000000053291 0.30303168324439494485 -1.8232900506305935728 -2.5139587953366082651 0.0002872807463805417366 
0.75000000000000055511 0.30625730192478745062 -1.6968121363883572617 -2.5141153441417372072 0.00039177380053557076672 
0.77500000000000057732 0.31416759416815370765 -1.5704886618312965396 -2.5143310323324645772 0.00039969204392798022554 
0.80000000000000059952 0.31708539226526971655 -1.4668078542502736017 -2.5144730295122275088 0.00019614979635739740634 
0.82500000000000062172 0.31434096077595952146 -1.4687246375206930438 -2.5145425871479023527 0.00011079527778365958531 
0.85000000000000064393 0.31169254271110030663 -1.5300053333906220576 -2.5146066438057599335 0.00015204968020958887099 
0.87500000000000066613 0.30846043451940341473 -1.5590773362687491144 -2.514681435741861204 0.0001364238697745457805 
0.90000000000000068834 0.30862185936769248595 -1.6085024651711288257 -2.5147347809714712952 7.7415865041837860373e-005 
0.92500000000000071054 0.31109606496004904574 -1.6310936252812104907 -2.5147617905936812122 4.9046920773970589965e-005 
0.95000000000000073275 0.3116325731176198266 -1.5931866878556557587 -2.5147918735057919193 6.5281977481475373716e-005 
0.97500000000000075495 0.3113872869823021694 -1.5746423658189074857 -2.5148184592587896624 3.7708183733127350809e-005 
1.0000000000000006661 0.31030446914990983398 -1.5715519012245071639 -2.5148307525844337817 2.0811577990295864295e-005 
1.0249999999999979128 0.31005016917012950817 -1.5639604950916732307 -2.5148437059057617837 3.0696852952188654967e-005 
1.0499999999999951594 0.31144119891495641861 -1.5731032142426206732 -2.5148579667067725296 2.3907360783243480196e-005 
1.0749999999999924061 0.31159017216092521618 -1.5828037111090842437 -2.5148666566027029212 1.1318414685596607375e-005 
1.0999999999999896527 0.31130085716825078856 -1.5821122239899301221 -2.5148706666500730833 8.8227523872007542372e-006 
1.1249999999999868994 0.31131601738136416291 -1.5754723371674050902 -2.5148760727015160299 1.1010925523242221191e-005 
1.149999999999984146 0.31065124647598363339 -1.5674939041193125533 -2.514880775572756022 7.7945300957952623824e-006 
1.1749999999999813927 0.31067490027972560762 -1.5685362513100939985 -2.514883738377410527 4.7492865366582003652e-006 
1.1999999999999786393 0.31113784251281945137 -1.5700893076001645188 -2.5148858650679364324 4.2061207449828310945e-006 
1.224999999999975886 0.31106025096918471506 -1.5734100445000982482 -2.5148879469034874923 4.0422234431973167918e-006 
1.2499999999999731326 0.31109889680959612601 -1.5859303671536264524 -2.5148896570795646888 2.4705528632383473552e-006 
1.2749999999999703792 0.31091234969144665445 -1.5868195667279794137 -2.5148904626203965051 1.4562535155362173563e-006 
1.2999999999999676259 0.31065558771699386398 -1.577037275403125216 -2.5148913245405690731 1.932788272970045176e-006 
1.3249999999999648725 0.31099159204311493943 -1.5748262690883167991 -2.5148922533875799346 1.5583428531269879101e-006 
1.3499999999999621192 0.3112398043473276199 -1.5729317435312930584 -2.5148927513215477703 6.3280370703921021625e-007 
1.3749999999999593658 0.31117097229388956947 -1.5709468738888876516 -2.5148931059923831377 9.2934993321387805808e-007 
1.3999999999999566125 0.31105680301571081436 -1.574152974565978802 -2.5148935435395225468 6.6098882721255267246e-007 
1.4249999999999538591 0.31091070286815997159 -1.5762874596478437805 -2.5148937601954064469 2.8112490257794885688e-007 
1.4499999999999511058 0.31093648303769599872 -1.5776987587469140095 -2.5148939004026935606 3.7574798555497604915e-007 
1.4749999999999483524 0.31101119349943151526 -1.5776209272943437778 -2.5148941148234102982 4.2564961353344247942e-007 
1.4999999999999455991 0.31099039213170970308 -1.5749089353530192348 -2.5148942792603810048 2.1335174812279270142e-007 
1.5249999999999428457 0.31101164576952983198 -1.5749210671701638908 -2.5148943449704530551 1.0169905718629187157e-007 
1.5499999999999400924 0.31100589375794612801 -1.5760030958386932465 -2.5148944035335469849 1.363239875889364259e-007 
1.574999999999937339 0.31100165161695436655 -1.5762730355244731761 -2.5148944699602844288 1.2926844015901068725e-007 
1.5999999999999345857 0.31103130465415051997 -1.5771594270807567373 -2.514894528806431051 9.6226653166524709304e-008 
1.6249999999999318323 0.31099175193564104758 -1.5765451127714018575 -2.5148945633497361563 5.3298068749751868763e-008 
1.649999999999929079 0.31099445345273035723 -1.5755441520381412435 -2.5148945869918573059 4.8701921470613662359e-008 
1.6749999999999263256 0.3110342869787837139 -1.5755945132984865431 -2.5148946119886201878 4.6000545130667994204e-008 
1.6999999999999235722 0.31100360126062143173 -1.5751374137557423438 -2.5148946293689697917 2.4528431433069077691e-008 
1.7249999999999208189 0.31099892173335941248 -1.575008889477248486 -2.5148946394623190592 2.1887744514987291915e-008 
1.7499999999999180655 0.31101442800250339582 -1.575645835248634441 -2.5148946523126851638 2.7854380158486006585e-008 
1.7749999999999153122 0.31099793814474435694 -1.5762950365410675069 -2.5148946630757915699 1.2769091362256906116e-008 
1.7999999999999125588 0.31100231511430348474 -1.5766437352238757974 -2.5148946671621659199 7.9789672420993433585e-009 
1.8249999999999098055 0.3110039057895800374 -1.5761836435374521059 -2.5148946719991722709 1.071523617796171928e-008 
1.8499999999999070521 0.31100048630514720571 -1.5758184578885208182 -2.5148946767360254029 7.7644422699098076386e-009 
1.8749999999999042988 0.31101880483944011058 -1.5759243955241966084 -2.5148946795265185727 4.1063652154800476939e-009 
1.8999999999999015454 0.31101676168771913433 -1.5756771616349902754 -2.5148946817076622828 5.0433669421138622722e-009 
1.9249999999998987921 0.31100171909919782642 -1.5756542316028188111 -2.5148946841367449956 4.3568407459956503485e-009 
1.9499999999998960387 0.31099879976590344421 -1.5759982366787372854 -2.5148946856399168048 1.8054614405098502366e-009 
1.9749999999998932854 0.31099706747383998318 -1.5760004271906722373 -2.5148946864006926916 1.538836786060186722e-009 
1.999999999999890532 0.31100377894768843623 -1.5758904010914118743 -2.5148946872445083756 1.9538528934370608463e-009 
2.0249999999998880007 0.31101168136799395292 -1.5758079106972961991 -2.5148946881844138623 1.6317474339118363816e-009 
2.0499999999998852473 0.31101313385721446325 -1.5757056289954749495 -2.514894688775697329 8.2387645360878289775e-010 
2.074999999999882494 0.31101512619195775811 -1.5758084215540195672 -2.514894689119321125 6.2531791920952243174e-010 
2.0999999999998797406 0.31100728101780839019 -1.5759728064514764156 -2.5148946894235360006 6.5726713362711448476e-010 
2.1249999999998769873 0.31099754777024651853 -1.5760333753849573579 -2.5148946897290409552 5.0371670550469401217e-010 
2.1499999999998742339 0.31099966184763144783 -1.576027788104563232 -2.5148946899129254184 2.8440996532993489672e-010 
2.1749999999998714806 0.31100408056547218516 -1.5759424353331428215 -2.5148946900655535508 3.4717787205230154078e-010 
2.1999999999998687272 0.31100860390853457549 -1.5758533335857387581 -2.514894690223651974 2.6797392510009957242e-010 
2.2249999999998659739 0.31101025119835928878 -1.5758013905477694649 -2.5148946903192523905 1.3096820748686568085e-010 
2.2499999999998632205 0.31100601377153552773 -1.5757729126321824431 -2.5148946903733766511 9.4568379404867496889e-011 
2.2749999999998604672 0.31100598211131097459 -1.5758268914663740023 -2.5148946904298821181 1.464531566683569283e-010 
2.2999999999998577138 0.31100795391104618659 -1.575910356755915398 -2.5148946904947688807 9.6888280465305279528e-011 
2.3249999999998549605 0.31100650584709110813 -1.575935832206777798 -2.5148946905278553032 4.4239564818509279051e-011 
2.3499999999998522071 0.31100620413344726156 -1.5759329790591878329 -2.5148946905494482529 5.1347771351035426762e-011 
2.3749999999998494538 0.31100547549923190926 -1.5759206171932444995 -2.5148946905766291771 5.1958279203710243673e-011 
2.3999999999998467004 0.31100417351555370571 -1.5759001224569946231 -2.5148946905945939179 2.1944507726635750532e-011 
2.4249999999998439471 0.31100546793646710597 -1.5758800032290611881 -2.5148946906041347304 2.0409885551005887815e-011 
2.4499999999998411937 0.311006713015040126 -1.5758604042001029821 -2.5148946906162774617 2.6847457787889609665e-011 
2.4749999999998384403 0.31100715058121769507 -1.575867626204209504 -2.5148946906266904655 1.4467374995417622603e-011 
2.499999999999835687 0.31100728944500732887 -1.5758882984171871389 -2.5148946906318530026 8.1033036218977831969e-012 
2.5249999999998329336 0.31100627336024005976 -1.5758885181650588159 -2.5148946906362485976 9.9483242186213192671e-012 
2.5499999999998301803 0.31100565422560905171 -1.5758898434191661586 -2.5148946906410674096 8.5324610409908746174e-012 
2.5749999999998274269 0.31100581570529883813 -1.5758933322875154914 -2.5148946906439397786 4.0329374659831324814e-012 
2.5999999999998246736 0.31100609187533284627 -1.5758874546717112075 -2.5148946906460070139 4.1917990035972923629e-012 
2.6249999999998219202 0.31100657955344790384 -1.5758897606431048199 -2.5148946906481062236 4.3506428799015566367e-012 
2.6499999999998191669 0.31100643586951742803 -1.5758918370019801003 -2.5148946906499158871 2.8652452894174969905e-012 
2.6749999999998164135 0.3110060000364263666 -1.5758878600066950071 -2.514894690650950615 1.2948754721341510239e-012 
2.6999999999998136602 0.31100606619762044547 -1.575889526419369524 -2.5148946906514675348 1.2331061338805989072e-012 
2.7249999999998109068 0.3110061077207956215 -1.5758879419730096316 -2.5148946906523206302 1.9791361196462311775e-012 
2.7499999999998081535 0.31100624204060989264 -1.5758833797805920085 -2.5148946906531026713 1.0875721221076866461e-012 
2.7749999999998054001 0.31100644606682731341 -1.575884614826567276 -2.5148946906534219714 3.3230935274956512095e-013 
2.7999999999998026468 0.31100628934546237225 -1.5758876822448462107 -2.5148946906536551182 7.0501844555791134097e-013 
2.8249999999997998934 0.31100617307861239125 -1.5758907048770374182 -2.5148946906540134982 6.0596004941202170739e-013 
2.84999999999979714 0.31100613411721550472 -1.5758908435476264298 -2.5148946906542062329 2.4067951268530952209e-013 
2.8749999999997943867 0.31100607103553812305 -1.5758880980625975532 -2.5148946906543265811 2.8161754621853182886e-013 
2.8999999999997916333 0.31100626137339154598 -1.5758871544365775641 -2.5148946906544829005 3.0626697920789416787e-013 
2.92499999999978888 0.31100639556698617127 -1.5758862681981131715 -2.5148946906545921465 1.4610833725100207079e-013 
2.9499999999997861266 0.31100627307494488338 -1.5758863349860630088 -2.5148946906546472135 9.9533004643445196903e-014 
2.9749999999997833733 0.31100616623194071719 -1.5758885261410826573 -2.5148946906547089419 1.3917403238793160977e-013 
2.9999999999997806199 0.31100611268664263287 -1.5758891515800788063 -2.5148946906547644531 7.5665082277456437569e-014 
3.0249999999997778666 0.31100614064543502524 -1.575889053439104126 -2.5148946906547942071 6.0194733080353807347e-014 
3.0499999999997751132 0.31100624241567803585 -1.575888843444564813 -2.5148946906548221847 5.2129774751801233485e-014 
3.0749999999997723599 0.31100627343018183435 -1.575887505488154261 -2.5148946906548474978 4.8431290130882755579e-014 
3.0999999999997696065 0.31100625905789319736 -1.5758869097486642996 -2.5148946906548670377 3.0003482694744355504e-014 
3.1249999999997668532 0.31100623174894498346 -1.5758870321754625543 -2.5148946906548768077 1.4010589198080164686e-014 
3.1499999999997640998 0.31100619578929511455 -1.5758874336110735292 -2.5148946906548852454 2.0626686861884427462e-014 
3.1749999999997613465 0.31100620354066210727 -1.5758883921042667886 -2.5148946906548967917 2.2122420642642713361e-014 
3.1999999999997585931 0.31100621503901870746 -1.5758885845311869645 -2.5148946906549056735 9.9437627712546004191e-015 
3.2249999999997558398 0.31100621267491823652 -1.5758883091657671649 -2.5148946906549074498 5.9754871665955943541e-015 
3.2499999999997530864 0.31100621863898425534 -1.5758882870350818806 -2.5148946906549118907 8.072944628646083297e-015 
3.274999999999750333 0.31100621243600329313 -1.5758878411490373495 -2.5148946906549158875 5.9759718461848008609e-015 
3.2999999999997475797 0.31100621513171006205 -1.57588750357286278 -2.5148946906549172198 3.454790577652137911e-015 
3.3249999999997448263 0.31100622646763259604 -1.5758877233682930807 -2.5148946906549189961 4.2510057990181549165e-015 
3.349999999999742073 0.31100621942267470121 -1.5758879044100915223 -2.5148946906549216607 3.0410370281225898833e-015 
3.3749999999997393196 0.31100621800079769619 -1.5758880207993648526 -2.5148946906549216607 1.2656859775292884308e-015 
3.3999999999997365663 0.31100621881739204388 -1.5758881133728650514 -2.5148946906549225488 1.4360532264991168951e-015 
3.4249999999997338129 0.31100621112559978521 -1.5758880457090342908 -2.5148946906549238811 1.5457423683988852247e-015 
3.4499999999997310596 0.31100621543473833119 -1.575887929523244857 -2.5148946906549243252 1.2090965230153240761e-015 
3.4749999999997283062 0.31100622084989126837 -1.5758878417498642932 -2.5148946906549247693 5.8134826048124645659e-016 
3.4999999999997255529 0.31100621880123158203 -1.5758878702073881861 -2.5148946906549243252 5.6376690223951729469e-016 
3.5249999999997227995 0.31100621938076944417 -1.5758879698468086783 -2.5148946906549256575 5.2612766450280923073e-016 
3.5499999999997200462 0.31100621718830895324 -1.5758879850003206791 -2.5148946906549252134 3.257930099129045447e-016 
3.5749999999997172928 0.31100621448837778571 -1.5758879931144131881 -2.5148946906549247693 2.6398931362213393182e-016 
3.5999999999997145395 0.31100621555966179166 -1.5758879910012473236 -2.5148946906549252134 2.8547602071662745921e-016 
3.6249999999997117861 0.31100621608196521439 -1.5758879113565051888 -2.5148946906549265456 1.7738132687797274121e-016 
3.6499999999997090327 0.31100621806854467088 -1.5758878939901439509 -2.5148946906549265456 9.6726830044094403139e-017 
3.6749999999997062794 0.31100621958268176437 -1.5758879398909733105 -2.5148946906549256575 1.0931130240480447649e-016 
3.699999999999703526 0.31100621833879926736 -1.5758879508796821423 -2.5148946906549261016 1.0040237950816938931e-016 
3.7249999999997007727 0.31100621756216467739 -1.5758879632259339409 -2.5148946906549265456 5.7385960334921664628e-017 
3.7499999999996980193 0.31100621670023187448 -1.575887964352541637 -2.5148946906549261016 4.697139157418644842e-017 
3.774999999999695266 0.31100621675724665627 -1.575887945663483336 -2.5148946906549252134 4.7992873412720718775e-017 
3.7999999999996925126 0.31100621784829307614 -1.5758879416687010533 -2.5148946906549261016 3.3744985089409676747e-017 
3.8249999999996897593 0.31100621713495496534 -1.5758879296141459214 -2.5148946906549265456 1.4736346107287920971e-017 
3.8499999999996870059 0.31100621676276091199 -1.5758879313794096344 -2.5148946906549261016 1.6447769570049056391e-017 
3.8749999999996842526 0.31100621732830802113 -1.5758879571325949964 -2.5148946906549256575 2.3153859295622969241e-017 
3.8999999999996814992 0.31100621708749898175 -1.575887961683700933 -2.5148946906549269897 1.215371183275921608e-017 
3.9249999999996787459 0.31100621738964967511 -1.5758879584621341419 -2.5148946906549256575 4.9011192202869942361e-018 
3.9499999999996759925 0.31100621771871322929 -1.5758879533799681205 -2.5148946906549256575 6.9487505331827820988e-018 
3.9749999999996732392 0.31100621741946771204 -1.5758879360315922735 -2.5148946906549265456 7.1608008798345924325e-018 
3.9999999999996704858 0.31100621768423131197 -1.5758879333346271778 -2.5148946906549265456 3.4365640829378481929e-018 
4.0249999999996788347 0.31100621767479719182 -1.5758879408940229538 -2.5148946906549269897 3.8210594323425126178e-018 
4.0499999999996871836 0.3110062171619725202 -1.5758879441560527113 -2.5148946906549261016 2.9945312164994515364e-018 
4.0749999999996955324 0.31100621703161057674 -1.5758879503738638661 -2.5148946906549261016 1.5300083864296593812e-018 
4.0999999999997038813 0.31100621698866087739 -1.5758879541138408609 -2.5148946906549261016 1.3926102612977020885e-018 
4.1249999999997122302 0.311006217169010446 -1.5758879524212945356 -2.5148946906549256575 1.5526390070490607072e-018 
4.1499999999997205791 0.31100621754233409577 -1.5758879468182800387 -2.5148946906549261016 1.1411382023561087696e-018 
4.1749999999997289279 0.31100621756301083387 -1.5758879413231652311 -2.5148946906549261016 5.7732793085543734369e-019 
4.1999999999997372768 0.31100621748076762163 -1.5758879442050406361 -2.5148946906549256575 5.412615657126656452e-019 
4.2249999999997456257 0.3110062173815085762 -1.5758879474823661582 -2.5148946906549265456 5.9528476233687480013e-019 
4.2499999999997539746 0.31100621722914090217 -1.5758879466619231113 -2.5148946906549252134 3.6589662782352406366e-019 
4.2749999999997623235 0.31100621726491162189 -1.5758879479863074913 -2.5148946906549265456 1.8594533922029254865e-019 
4.2999999999997706723 0.311006217340277058 -1.5758879476104148409 -2.5148946906549265456 2.4652705647527742317e-019 
4.3249999999997790212 0.31100621738249412118 -1.5758879451278593464 -2.5148946906549256575 2.5070885432213282324e-019 
4.3499999999997873701 0.31100621740111844549 -1.5758879450033731473 -2.5148946906549261016 9.7500138785441263187e-020 
4.374999999999795719 0.31100621730232985707 -1.57588794556597378 -2.5148946906549261016 7.6002680545827596459e-020 
4.3999999999998040678 0.3110062172960875726 -1.5758879467064916824 -2.5148946906549256575 1.1279376134978587353e-019 
4.4249999999998124167 0.31100621737826766866 -1.5758879481041438986 -2.5148946906549265456 6.0554293202109543362e-020 
4.4499999999998207656 0.31100621735333350282 -1.5758879480240484128 -2.5148946906549256575 4.3567043042706984501e-020 
4.4749999999998291145 0.31100621733972472205 -1.575887947441162229 -2.5148946906549256575 4.4528877011171184091e-020 
4.4999999999998374633 0.31100621735266459345 -1.5758879464605244358 -2.5148946906549252134 3.8692103736017219244e-020 
4.5249999999998458122 0.31100621733173050565 -1.5758879454972654077 -2.5148946906549261016 1.5674955215592658989e-020 
4.5499999999998541611 0.31100621734783506778 -1.5758879456714054434 -2.5148946906549256575 1.5045952373615848468e-020 
4.57499999999986251 0.31100621735655098465 -1.5758879460041756992 -2.5148946906549261016 2.0975646144366192345e-020 
4.5999999999998708589 0.31100621734682543096 -1.5758879463076487237 -2.5148946906549256575 1.2609275902812755007e-020 
4.6249999999998792077 0.31100621736087685765 -1.5758879470376263576 -2.5148946906549261016 6.4048748534198228827e-021 
4.6499999999998875566 0.31100621734549221964 -1.5758879473050551034 -2.5148946906549261016 6.9474241560819838918e-021 
4.6749999999998959055 0.31100621732090094618 -1.5758879469388746841 -2.5148946906549256575 6.8499998555006693069e-021 
4.6999999999999042544 0.31100621733051869722 -1.575887946567164688 -2.5148946906549261016 3.2086836334006761459e-021 
4.7249999999999126032 0.31100621734568012489 -1.5758879464121817726 -2.5148946906549261016 3.247897033136426731e-021 
4.7499999999999209521 0.3110062173594369539 -1.5758879464444230933 -2.5148946906549265456 3.5077096219435019048e-021 
4.774999999999929301 0.31100621736022732167 -1.5758879464556603267 -2.5148946906549265456 1.9948158028082401416e-021 
4.7999999999999376499 0.31100621734472333468 -1.5758879464966533135 -2.5148946906549265456 1.0917047346547872513e-021 
4.8249999999999459988 0.31100621733870481567 -1.5758879466468187491 -2.5148946906549265456 1.2915452490776966997e-021 
4.8499999999999543476 0.31100621733888511589 -1.5758879466207755815 -2.5148946906549256575 1.1791442957281026314e-021 
4.8749999999999626965 0.3110062173429168908 -1.5758879465124007169 -2.5148946906549265456 8.2503747610900386902e-022 
4.8999999999999710454 0.31100621735107730759 -1.575887946546899343 -2.5148946906549256575 4.0001148011840828135e-022 
4.9249999999999793943 0.31100621734878086677 -1.5758879465777684281 -2.5148946906549274338 5.7947938600102323447e-022 
4.9499999999999877431 0.31100621734404398921 -1.5758879466189350538 -2.5148946906549261016 4.3861254849672632619e-022 
4.974999999999996092 0.31100621734338002033 -1.5758879466701043448 -2.5148946906549261016 1.550153890166677336e-022 
