0.025000000000000015266 0.59203385097136129733 0.00046023615204134060708 -2.2502671280774997342 0.037624976447264160684 
0.05000000000000003747 0.57033994671078569461 0.016068544723919539474 -2.2616256149802604902 0.050207293290915749884 
0.075000000000000052736 0.44311162077373072998 -0.0022134773432610499455 -2.2898409221317321816 0.07842336313498016187 
0.10000000000000007494 0.41452054485523248673 -0.049590476431794150436 -2.3375564915025930368 0.093774522828899101179 
0.12500000000000008327 0.26476021440198482804 -0.40667560697790439139 -2.3690058250518397642 0.04583044382560549912 
0.15000000000000010547 0.24582581395199579188 -1.7025281253474704446 -2.385458823048560717 0.032946308346345216933 
0.17500000000000012768 0.30823265817791845045 -2.1043041011341201418 -2.4016107460441569188 0.037203258758864182765 
0.20000000000000014988 0.27382076655296988532 -1.3173349823464328701 -2.4168000465490990791 0.022793718277003188755 
0.22500000000000017208 0.27260655033062480834 -1.5021043105742479806 -2.4261683188613436535 0.022387834117810184037 
0.25000000000000016653 0.29967606944953678605 -1.1284296495858372467 -2.4385389517259983272 0.027884940445405084763 
0.27500000000000018874 0.30637700980424309449 -0.43358445213599133838 -2.4485077119617861818 0.015650386749268399567 
0.30000000000000021094 0.32724708591056733686 -0.61738863112908504149 -2.4558092554144002051 0.017238142363283619901 
0.32500000000000023315 0.3372408651088915077 -0.75701183228042490114 -2.4656073195923524644 0.022501942380273538824 
0.35000000000000025535 0.35276765666153409029 -1.2763690649137142685 -2.4742050010003833194 0.014239366806419601064 
0.37500000000000027756 0.34150301965965584872 -1.7950244920737552512 -2.4794637280586502293 0.010450390434563250341 
0.40000000000000029976 0.2915122847198379219 -1.5171994618477191441 -2.4853917524565014574 0.014030017186618445185 
0.42500000000000032196 0.28330611553655926649 -1.4769493885469424654 -2.4920147741181435386 0.013753634717419955732 
0.45000000000000034417 0.29076794120119081599 -1.5154571429074286115 -2.4975988769813128876 0.010360313670487945881 
0.47500000000000036637 0.29894409452555470441 -1.4948985020202156804 -2.5014526783751893646 0.0063033297854718506326 
0.50000000000000033307 0.32206472601762142771 -1.7519952848542725832 -2.5041186018657555223 0.0050836713145227131055 
0.52500000000000035527 0.31537892689620500297 -1.8306930032668160546 -2.5064185238304812486 0.005010495479761216224 
0.55000000000000037748 0.29901073922656645765 -1.8472315723388132991 -2.5082634463052526641 0.002709284650076295483 
0.57500000000000039968 0.30162660100344440561 -1.746919799910272797 -2.5092639049047105182 0.002055595878876939446 
0.60000000000000042188 0.30513032483023949659 -1.3659232497162179243 -2.510482590594439678 0.00288122345403636149 
0.62500000000000044409 0.32052722359632235261 -1.3004345220806761141 -2.5116082420424667987 0.0018726246138961004373 
0.65000000000000046629 0.32822492162537292293 -1.4097982792377294903 -2.5122300912822619345 0.00095475098894434371182 
0.6750000000000004885 0.31121352363951637621 -1.460833840268395134 -2.5127173809702121332 0.0012002911671552803172 
0.7000000000000005107 0.29984079720018858017 -1.6955763390634732701 -2.5132638727749574414 0.00098020168622221120515 
0.72500000000000053291 0.30021782413388514721 -1.8520144089412173827 -2.5135856684653288262 0.00047957848435632965652 
0.75000000000000055511 0.3042121918043406148 -1.791823774351405163 -2.5137759410437916507 0.00043252991716637802016 
0.77500000000000057732 0.31286290313162490317 -1.6377969344402432128 -2.5140418200994836262 0.00061454346697610465027 
0.80000000000000059952 0.31644989891656932768 -1.4563126057236104316 -2.5142640199207093588 0.00033807154029947910322 
0.82500000000000062172 0.31546261367394934361 -1.442743669507923876 -2.5143817428581174411 0.00018976459369550831768 
0.85000000000000064393 0.31370407482595535908 -1.5190376144986932339 -2.5144597991800248238 0.00017525656344836640496 
0.87500000000000066613 0.30917617556931509259 -1.5327086279026769233 -2.5145574004583277627 0.00021512392914108140933 
0.90000000000000068834 0.30816342412789565763 -1.5867078639020448794 -2.5146416894957948074 0.00014217169492624173212 
0.92500000000000071054 0.31019010307162114826 -1.6393822897872825095 -2.5146869210172702047 6.9612138684358631016e-005 
0.95000000000000073275 0.31114825982439425767 -1.6130547577176295171 -2.5147265848901572127 0.0001006217856234995346 
0.97500000000000075495 0.31188432955028122517 -1.584116960337284219 -2.5147705354916163323 7.4061567310709376763e-005 
1.0000000000000006661 0.3102951941595124552 -1.5691655456478263986 -2.5147921438508147318 2.8302518006959122466e-005 
1.0249999999999979128 0.30950636310156015574 -1.5611911438083270198 -2.5148077536710626845 4.6413899079003213799e-005 
1.0499999999999951594 0.31159419370003882399 -1.5729161344350490737 -2.5148310699661191592 4.1973595144757090854e-005 
1.0749999999999924061 0.31181107001150615288 -1.581068992010613794 -2.514845838738716477 2.4357524536549067301e-005 
1.0999999999999896527 0.31124856581997722982 -1.5839106098539090794 -2.5148541593558784157 1.4348684904167913085e-005 
1.1249999999999868994 0.31141103869178277108 -1.5793329909726034899 -2.5148616134640340292 1.7506033968344878946e-005 
1.149999999999984146 0.31066444821742733584 -1.5666156270899396219 -2.5148694612854352037 1.4208642510495879394e-005 
1.1749999999999813927 0.31060132237150928081 -1.5679558685192285239 -2.5148747137683753472 9.3592610754710153819e-006 
1.1999999999999786393 0.31107931479442180178 -1.5685778205974840738 -2.5148785104229047782 7.5260074499188061201e-006 
1.224999999999975886 0.31101442955431374271 -1.5668554401652246 -2.5148819601132825774 7.0906473646477987299e-006 
1.2499999999999731326 0.3112406412367667019 -1.5842871328074112913 -2.5148851056958942962 5.5565568207940763874e-006 
1.2749999999999703792 0.31102466466411743395 -1.5921659531113196984 -2.5148867685350717593 2.5440671589307380172e-006 
1.2999999999999676259 0.31052134160343036751 -1.5804162027165959969 -2.514888127574099741 3.3648862169675188726e-006 
1.3249999999999648725 0.3108466824128275352 -1.5749462436194687776 -2.5148897687130644663 3.2426545211952410719e-006 
1.3499999999999621192 0.31124613889097607622 -1.5725373880359612144 -2.5148908769184012968 1.4508131195085037271e-006 
1.3749999999999593658 0.31127973071682252248 -1.571094443414688957 -2.5148914340155363867 1.5483221252593127469e-006 
1.3999999999999566125 0.31109137477626874757 -1.5736979015120988734 -2.514892308685507949 1.6963775233362130674e-006 
1.4249999999999538591 0.31083157890428037007 -1.5745076524727554812 -2.5148928214252093127 5.6033378264475448813e-007 
1.4499999999999511058 0.31093319416557846369 -1.5775403182301199756 -2.5148930378405500718 6.3115716762253548243e-007 
1.4749999999999483524 0.31107086456456456425 -1.5787209305909015722 -2.5148934165429404075 8.6639408074325637112e-007 
1.4999999999999455991 0.31101109740756183175 -1.5745287417919708872 -2.5148937707606187075 5.899481406687088889e-007 
1.5249999999999428457 0.31101197978949218781 -1.5742444914627888863 -2.5148939583680207654 2.4853458772636291877e-007 
1.5499999999999400924 0.31095871131597235815 -1.5758735016969918075 -2.51489406178071917 2.582509570907941535e-007 
1.574999999999937339 0.31096293383196055293 -1.5765104098357187734 -2.5148941902152395222 2.677547431956374514e-007 
1.5999999999999345857 0.31106567001321644428 -1.5779765402676173558 -2.5148943103140273259 2.2731815243812315301e-007 
1.6249999999999318323 0.31100499958809363354 -1.5770062411109679879 -2.5148943943751955743 1.4213069501585542051e-007 
1.649999999999929079 0.31097875509712047393 -1.5755945339431800534 -2.5148944498333305475 1.1169132817772221898e-007 
1.6749999999999263256 0.31104238746784967917 -1.5755963286301766235 -2.5148945027061260227 1.0489717985323111452e-007 
1.6999999999999235722 0.311003714881754878 -1.5747614314396138901 -2.5148945430256186562 6.467724736235893464e-008 
1.7249999999999208189 0.31099604519231582866 -1.5745918522989792443 -2.5148945670416407161 4.9255381830944991436e-008 
1.7499999999999180655 0.31102401762399412011 -1.5753040259590891381 -2.5148945934424409288 6.4217608220718383431e-008 
1.7749999999999153122 0.31100139009140320701 -1.5761588784807731844 -2.5148946202528703608 3.9611128956102551815e-008 
1.7999999999999125588 0.31100088741257397862 -1.5770530968403662087 -2.5148946316096894016 1.8896031559447089381e-008 
1.8249999999999098055 0.31099369858839354119 -1.5764886664796100568 -2.5148946426373619545 2.7305152780851223164e-008 
1.8499999999999070521 0.31098975687747881791 -1.5757886830757041885 -2.5148946540752832313 2.0181349039695857546e-008 
1.8749999999999042988 0.31102619929965336087 -1.5759860234159817072 -2.5148946613437836994 1.1487016222936097867e-008 
1.8999999999999015454 0.31102797829023171028 -1.5756461645879602518 -2.5148946665082094754 1.1682758516048536618e-008 
1.9249999999998987921 0.31100543027518701145 -1.5755070251851295282 -2.5148946721899085865 1.2662788129995631256e-008 
1.9499999999998960387 0.31099525521324999922 -1.5759913840901627058 -2.514894677021356717 6.6002309690656689388e-009 
1.9749999999998932854 0.31098742556763520062 -1.5760928310746753489 -2.5148946790538766471 3.5040271272614479571e-009 
1.999999999999890532 0.310999677309721001 -1.5759891879677088156 -2.5148946809429344462 4.8330626183147418672e-009 
2.0249999999998880007 0.3110124920096790091 -1.5757817653675663117 -2.5148946833614758134 5.0398304831319208921e-009 
2.0499999999998852473 0.31101613339903100286 -1.5755353439599568688 -2.5148946851366797972 2.4759394322699314358e-009 
2.074999999999882494 0.31102455059097255941 -1.5756809736613495154 -2.5148946861187275736 2.002794137214081034e-009 
2.0999999999998797406 0.31101189339983476012 -1.5759611495371590451 -2.5148946870124775366 1.9086682800908111718e-009 
2.1249999999998769873 0.31099277905670863476 -1.5761208703247304719 -2.5148946878324047738 1.4774912832617985074e-009 
2.1499999999998742339 0.310994248014368313 -1.5761587475466034558 -2.5148946883773302119 9.1027260401055170172e-010 
2.1749999999998714806 0.31099966358614322681 -1.5760168855307312707 -2.5148946888046253001 9.797768001151990815e-010 
2.1999999999998687272 0.31100878554643524021 -1.5758735665247480817 -2.5148946892551919952 9.1485191821453909698e-010 
2.2249999999998659739 0.31101464496232600343 -1.5757777516338060675 -2.5148946895805432966 4.6931456602274572697e-010 
2.2499999999998632205 0.31100662639676562859 -1.5756880679991391858 -2.5148946897674795409 3.3682605970219470257e-010 
2.2749999999998604672 0.31100474192733812417 -1.5757525698810512793 -2.5148946899133206578 3.6060118653662460808e-010 
2.2999999999998577138 0.31100858069485237678 -1.5758929001442734119 -2.5148946900983073505 3.795939911837117617e-010 
2.3249999999998549605 0.31100740653372260791 -1.5759499064931041801 -2.514894690230601082 1.7562800712854974638e-010 
2.3499999999998522071 0.31100744034132482563 -1.5759664156336048446 -2.5148946902952271643 1.4293403808248555479e-010 
2.3749999999998494538 0.31100556776633792033 -1.5759518502441580701 -2.5148946903777655848 1.9546198118996860887e-010 
2.3999999999998467004 0.31100226427483035341 -1.5759174564091125159 -2.5148946904450788509 8.5118618822662748661e-011 
2.4249999999998439471 0.31100387049745209511 -1.5758894195849748598 -2.5148946904750593134 5.9138281749254600931e-011 
2.4499999999998411937 0.31100635562649309174 -1.5758498351545644489 -2.5148946905117797179 9.7678092143759676241e-011 
2.4749999999998384403 0.31100814224699546706 -1.5758508260598307338 -2.5148946905510074501 5.9806363866641663279e-011 
2.499999999999835687 0.31100863895621233546 -1.5758827649440894092 -2.514894690569360769 2.8797314721867328187e-011 
2.5249999999998329336 0.31100644807894639587 -1.5758818793134325986 -2.5148946905848243993 3.5725872379045018286e-011 
2.5499999999998301803 0.31100530147733934649 -1.5758881110083993171 -2.5148946906011144797 3.363263253339402013e-011 
2.5749999999998274269 0.31100543666527591391 -1.5758984691763862074 -2.5148946906129125978 1.6895351192358853846e-011 
2.5999999999998246736 0.31100579985075060829 -1.5758862340776271793 -2.5148946906199567408 1.4793303126011749497e-011 
2.6249999999998219202 0.31100691205621122659 -1.5758902081432388798 -2.5148946906274010082 1.6764226419916672924e-011 
2.6499999999998191669 0.31100666564419543469 -1.5758967672006336525 -2.5148946906342324326 1.2146784436746658388e-011 
2.6749999999998164135 0.31100579855634252757 -1.575891030951413363 -2.5148946906388589539 7.4868453941651159433e-012 
2.6999999999998136602 0.31100596626650189869 -1.5758925222408193267 -2.5148946906411433488 3.2232313534221554089e-012 
2.7249999999998109068 0.311005948708766633 -1.5758872464372437605 -2.5148946906436178139 7.7798978283529373906e-012 
2.7499999999998081535 0.31100622627585017277 -1.5758789886811364056 -2.5148946906469356044 5.3380985303531627463e-012 
2.7749999999998054001 0.31100674432701291838 -1.5758804785063225129 -2.5148946906485281083 1.8830421235893388219e-012 
2.7999999999998026468 0.31100638510147082805 -1.5758851558639603851 -2.5148946906494296094 2.5538046031099689961e-012 
2.8249999999997998934 0.31100609725578709508 -1.575893475766446894 -2.51489469065082627 2.862397663851441328e-012 
2.84999999999979714 0.3110060459782407194 -1.5758951701593986172 -2.514894690651692688 1.0585327049218242837e-012 
2.8749999999997943867 0.31100590500990538123 -1.5758891858972181588 -2.5148946906521958411 1.2566002709370060364e-012 
2.8999999999997916333 0.31100625367283135647 -1.575887264479808092 -2.5148946906528539813 1.3948287752253769544e-012 
2.92499999999978888 0.31100655951247480058 -1.5758840926936215077 -2.5148946906533544698 7.7281509224416346431e-013 
2.9499999999997861266 0.31100639892234532846 -1.5758830339129796805 -2.5148946906536226997 4.4812020999629107948e-013 
2.9749999999997833733 0.31100619738568746619 -1.5758884629181213466 -2.5148946906538660606 6.1957757082360818812e-013 
2.9999999999997806199 0.31100600976134834541 -1.5758906503988190373 -2.5148946906541351787 4.3221841209085603438e-013 
3.0249999999997778666 0.31100600864295058212 -1.5758905543334567056 -2.5148946906542768431 2.6669724108981096864e-013 
3.0499999999997751132 0.31100621306662029619 -1.5758902309462490265 -2.5148946906544020763 2.5480916432201774285e-013 
3.0749999999997723599 0.31100631412528828568 -1.5758877164215807642 -2.5148946906545224245 2.4997159346313029539e-013 
3.0999999999997696065 0.3110063302491593018 -1.575886335021338347 -2.5148946906546219004 1.7261919559289687577e-013 
3.1249999999997668532 0.31100626196058089867 -1.5758856545565511631 -2.5148946906546756352 7.0072904858916921479e-014 
3.1499999999997640998 0.31100616762366734003 -1.5758860111525638814 -2.5148946906547107183 9.7494826966798149263e-014 
3.1749999999997613465 0.31100620411463836268 -1.5758885739251295988 -2.5148946906547653413 1.164365908233124195e-013 
3.1999999999997585931 0.31100622781080200507 -1.5758893815726577881 -2.5148946906548075297 6.3178534556760697996e-014 
3.2249999999997558398 0.31100620319059352203 -1.5758887785314970031 -2.5148946906548270697 3.2358631656624581619e-014 
3.2499999999997530864 0.3110062086263759018 -1.5758888210500725524 -2.5148946906548461655 4.4674854548983592706e-014 
3.274999999999750333 0.31100619261151973838 -1.5758880205832306309 -2.514894690654863485 3.171691001776980866e-014 
3.2999999999997475797 0.31100621057064636865 -1.5758871863963361815 -2.5148946906548759195 2.2158407468685497349e-014 
3.3249999999997448263 0.31100624699140766438 -1.5758873283303507229 -2.5148946906548852454 2.1464876330062634074e-014 
3.349999999999742073 0.31100622317301784836 -1.5758876361066573857 -2.5148946906548959035 1.9781397736628130365e-014 
3.3749999999997393196 0.31100621635319036784 -1.5758880736612335127 -2.5148946906549030089 9.4676419300418883159e-015 
3.3999999999997365663 0.31100622328883742451 -1.5758883334934836729 -2.5148946906549056735 6.8593051530362908283e-015 
3.4249999999997338129 0.31100620480967250403 -1.5758881836959264255 -2.5148946906549101143 9.5541730264957227239e-015 
3.4499999999997310596 0.31100621184760302018 -1.5758879527149223243 -2.5148946906549145552 7.3088637469022508264e-015 
3.4749999999997283062 0.31100622516916742732 -1.5758876893443787282 -2.5148946906549163316 4.2192195771288145496e-015 
3.4999999999997255529 0.31100622162735641618 -1.5758877507176538568 -2.514894690654918552 3.5158448683766688786e-015 
3.5249999999997227995 0.31100622044369202746 -1.5758880454749379929 -2.5148946906549203284 3.453154190287345098e-015 
3.5499999999997200462 0.31100621401795913723 -1.5758880271717830013 -2.5148946906549216607 2.0841340871313497778e-015 
3.5749999999997172928 0.31100621229166980353 -1.5758880110310882205 -2.5148946906549229929 1.6659679413388946716e-015 
3.5999999999997145395 0.31100621673913358967 -1.5758880824178569391 -2.514894690654923437 1.9366269122849354537e-015 
3.6249999999997117861 0.3110062146192680288 -1.5758879046280962477 -2.5148946906549238811 1.312938431907135805e-015 
3.6499999999997090327 0.31100621710576975554 -1.5758877971732465628 -2.5148946906549243252 6.578192764752352109e-016 
3.6749999999997062794 0.31100622031234342879 -1.5758878944032017611 -2.5148946906549238811 7.7233407889469900493e-016 
3.699999999999703526 0.31100621944183654 -1.5758879660684672608 -2.5148946906549265456 6.4479121782532441216e-016 
3.7249999999997007727 0.31100622019400780971 -1.5758880138284774297 -2.5148946906549252134 4.9844741040503581653e-016 
3.7499999999996980193 0.31100621659766675142 -1.5758879824596476737 -2.5148946906549252134 2.9931114662078219436e-016 
3.774999999999695266 0.31100621509732723213 -1.5758879254804620818 -2.5148946906549265456 3.4777827767549701537e-016 
3.7999999999996925126 0.31100621870953043535 -1.5758879429160388419 -2.5148946906549256575 2.8362332192384607516e-016 
3.8249999999996897593 0.31100621699910274698 -1.575887915353763491 -2.5148946906549265456 1.1302252568012466259e-016 
3.8499999999996870059 0.31100621551501339557 -1.5758879029415160389 -2.5148946906549261016 1.2281516246505378255e-016 
3.8749999999996842526 0.31100621700572206318 -1.5758879641639085278 -2.5148946906549256575 1.5753751910484215351e-016 
3.8999999999996814992 0.31100621662650707044 -1.5758879836558130627 -2.5148946906549269897 1.163609919525715035e-016 
3.9249999999996787459 0.31100621779250692267 -1.5758879856228689142 -2.5148946906549256575 4.3350162823400756957e-017 
3.9499999999996759925 0.3110062184418561082 -1.5758879703374133463 -2.5148946906549256575 5.3037617991914443145e-017 
3.9749999999996732392 0.31100621708721359893 -1.5758879181558134164 -2.5148946906549274338 5.5919906367234255135e-017 
3.9999999999996704858 0.31100621802360889356 -1.5758879097975078132 -2.5148946906549261016 3.0461554198884248618e-017 
4.0249999999996788347 0.31100621862837030118 -1.5758879273617862893 -2.5148946906549265456 3.164204825769008571e-017 
4.0499999999996871836 0.31100621734800165674 -1.5758879378039574171 -2.5148946906549261016 2.6969579966813936643e-017 
4.0749999999996955324 0.31100621649645970868 -1.5758879574287187886 -2.5148946906549256575 1.4316988400813290912e-017 
4.0999999999997038813 0.31100621599095362724 -1.5758879661552984697 -2.5148946906549256575 1.1719547730761960621e-017 
4.1249999999997122302 0.31100621663219729651 -1.5758879656471433961 -2.5148946906549269897 1.2416211411459008513e-017 
4.1499999999997205791 0.31100621785785309559 -1.5758879516853920855 -2.5148946906549265456 1.1946204138941706089e-017 
4.1749999999997289279 0.31100621803587025216 -1.5758879292916407877 -2.5148946906549265456 4.9898828011835999718e-018 
4.1999999999997372768 0.31100621796119931606 -1.5758879361391304741 -2.5148946906549261016 4.9094816720789013023e-018 
4.2249999999997456257 0.3110062175447734778 -1.5758879498362023952 -2.5148946906549256575 5.6570319501752207053e-018 
4.2499999999997539746 0.31100621688017893174 -1.5758879483558621004 -2.5148946906549265456 3.6792366098625662611e-018 
4.2749999999997623235 0.31100621697775293617 -1.5758879507803675857 -2.5148946906549265456 1.8348820182866294047e-018 
4.2999999999997706723 0.31100621727059851729 -1.5758879496684574661 -2.5148946906549256575 2.2030609096369821154e-018 
4.3249999999997790212 0.31100621753649521084 -1.5758879433176957718 -2.5148946906549261016 2.5499027982984630678e-018 
4.3499999999997873701 0.31100621765886860004 -1.5758879420578948416 -2.5148946906549265456 1.1262057850226264992e-018 
4.374999999999795719 0.31100621720247495494 -1.5758879421179614599 -2.5148946906549261016 8.0709235389188031097e-019 
4.3999999999998040678 0.31100621709367065604 -1.5758879459245882515 -2.5148946906549261016 1.0064949889387764416e-018 
4.4249999999998124167 0.31100621743029877031 -1.5758879511113654814 -2.5148946906549256575 7.544930887644182055e-019 
4.4499999999998207656 0.31100621741020584299 -1.5758879514185215598 -2.5148946906549261016 4.4081784016423670357e-019 
4.4749999999998291145 0.31100621735336547724 -1.5758879499415798797 -2.5148946906549265456 4.7243365037395901741e-019 
4.4999999999998374633 0.31100621735724715 -1.5758879465173005752 -2.5148946906549269897 4.1997093229733763852e-019 
4.5249999999998458122 0.31100621727422389506 -1.5758879433566836958 -2.5148946906549256575 2.1877433263561438738e-019 
4.5499999999998541611 0.31100621734248440342 -1.5758879440682556083 -2.5148946906549252134 1.3522574510453576043e-019 
4.57499999999986251 0.31100621738560463303 -1.5758879446304057126 -2.5148946906549265456 2.3709874560037680152e-019 
4.5999999999998708589 0.31100621736028249975 -1.5758879450798513044 -2.5148946906549256575 1.591063703167121367e-019 
4.6249999999998792077 0.31100621740776285273 -1.5758879475452907126 -2.5148946906549252134 7.1749994751406121445e-020 
4.6499999999998875566 0.31100621735841643689 -1.5758879489077182168 -2.5148946906549269897 8.4073789767150448796e-020 
4.6749999999998959055 0.31100621727382821158 -1.5758879481241199194 -2.5148946906549261016 8.3673036718965962905e-020 
4.6999999999999042544 0.31100621728097305185 -1.5758879467766688798 -2.5148946906549261016 3.7072815221864759837e-020 
4.7249999999999126032 0.31100621732203898029 -1.575887946005304574 -2.5148946906549256575 4.1401381893666395577e-020 
4.7499999999999209521 0.31100621739218919926 -1.5758879462125716664 -2.5148946906549261016 4.265239990922851899e-020 
4.774999999999929301 0.31100621740553158201 -1.5758879462469355115 -2.5148946906549265456 2.757872522555740245e-020 
4.7999999999999376499 0.31100621734866140677 -1.5758879461950316969 -2.5148946906549265456 1.3860577464077669189e-020 
4.8249999999999459988 0.31100621732712002698 -1.5758879467369819594 -2.5148946906549265456 1.644435411202998432e-020 
4.8499999999999543476 0.31100621732071526138 -1.5758879467253601447 -2.5148946906549274338 1.5583420865662154225e-020 
4.8749999999999626965 0.31100621733298600136 -1.5758879463148800504 -2.5148946906549265456 1.0999383465182038485e-020 
4.8999999999999710454 0.31100621736760020175 -1.5758879464495905154 -2.5148946906549261016 6.3643109509167765569e-021 
4.9249999999999793943 0.31100621735928618561 -1.5758879465939104048 -2.5148946906549261016 6.827022520736024416e-021 
4.9499999999999877431 0.31100621734096173254 -1.5758879467406403663 -2.5148946906549265456 6.8942238847783929208e-021 
4.974999999999996092 0.31100621733718125661 -1.5758879469351350089 -2.5148946906549252134 2.3284973122015918719e-021 
