0.025000000000000015266 0.59155157251448842182 0.00045703024340379427848 -2.2508105544638499218 0.037302999406669222482 
0.05000000000000003747 0.57018475103864152409 0.015946289665571669603 -2.2624498691018586349 0.049341613549672973249 
0.075000000000000052736 0.44444001740508831677 -0.0016625629693489685224 -2.2911784992022616869 0.076812839146035066795 
0.10000000000000007494 0.41674222170925728781 -0.048956208634214570807 -2.339792831181437549 0.092256523159744641127 
0.12500000000000008327 0.26851987654540493411 -0.40505342617231898661 -2.3719175252206277094 0.044830528685374411435 
0.15000000000000010547 0.24829619118404661071 -1.6696652896702977031 -2.388420624478716725 0.03144442791180736968 
0.17500000000000012768 0.30918219534921659308 -2.0582119674521002217 -2.4045332336611418 0.035924898281576078674 
0.20000000000000014988 0.27761791829062842929 -1.2974931180658857421 -2.4198518336784240468 0.022449085316133914753 
0.22500000000000017208 0.27784553250178983808 -1.465286138269275007 -2.4293880660514362013 0.021547228107250016027 
0.25000000000000016653 0.30410134862462717686 -1.1126046861234037966 -2.4416643205071140166 0.026662642575068767198 
0.27500000000000018874 0.30995988806044372232 -0.46757323015133422928 -2.4517273052780361731 0.01571907737915569786 
0.30000000000000021094 0.33011589929635520857 -0.6379741222610346707 -2.4594809504975549963 0.017438889476501125836 
0.32500000000000023315 0.33904952097437440761 -0.77760738786871574924 -2.4691448545845502416 0.020368549295960464152 
0.35000000000000025535 0.34838920257967675997 -1.2851491827776635457 -2.4771182227510695206 0.012838226614588152397 
0.37500000000000027756 0.3348237348866373031 -1.802139971761926418 -2.4823864582308590165 0.010692771851249211965 
0.40000000000000029976 0.28854838102681767964 -1.5416938591313991136 -2.4886129739504450065 0.014019478768693180437 
0.42500000000000032196 0.2808859706040144899 -1.5025274811571500688 -2.4952440387798304755 0.012709306795182626418 
0.45000000000000034417 0.29124511276164788409 -1.6011289324647797194 -2.5002856117156402327 0.0081896604331677027439 
0.47500000000000036637 0.30405383232548549577 -1.5867504815686230835 -2.5033161160767671838 0.0049289793259405020182 
0.50000000000000033307 0.32359613684387633636 -1.7711746841812350262 -2.5056935142907268421 0.0046296274977936351797 
0.52500000000000035527 0.31315435625331528025 -1.7917760585330455569 -2.5077785428624008723 0.0040886309091085907066 
0.55000000000000037748 0.29940553894486399145 -1.7634647063463861905 -2.5092887623046338241 0.0021007031888922119735 
0.57500000000000039968 0.30478152248751250175 -1.6547024325933148425 -2.5101775251574944825 0.0019871189144694675552 
0.60000000000000042188 0.30869674953003728435 -1.3468401565812770926 -2.5113320979604929484 0.0024040679380501438211 
0.62500000000000044409 0.32003898532844055058 -1.3330326922500048692 -2.5122490680698081889 0.0014075500313500588674 
0.65000000000000046629 0.32405996499753653151 -1.4459989869011633523 -2.5127245473526373942 0.00070862913055596285852 
0.6750000000000004885 0.3086688709088875604 -1.5183395758610895854 -2.5131449581045401942 0.0010529397608892460559 
0.7000000000000005107 0.30065519360703785168 -1.7439991771605756199 -2.5136177519478821729 0.00074828849513708611905 
0.72500000000000053291 0.30222503053561894371 -1.8377238577336529879 -2.51385301691173213 0.00032650049245329745449 
0.75000000000000055511 0.30564658254426702033 -1.7228983562574271549 -2.5140172784787746529 0.00041379471922914666049 
0.77500000000000057732 0.31389597556978604542 -1.5845504827009875282 -2.5142522598673799905 0.00046209559517511111315 
0.80000000000000059952 0.31712085115234900368 -1.4612975319488448189 -2.5144154537095069202 0.00023235794057596686904 
0.82500000000000062172 0.31472768895431108005 -1.4611846226346323352 -2.5144972071310163209 0.00012785252732323894331 
0.85000000000000064393 0.31217318916070796453 -1.5262458377780601104 -2.5145649593217687112 0.00016376666807780963005 
0.87500000000000066613 0.3085249829962555812 -1.5518369812585663947 -2.5146477596806904309 0.00015810564049059411956 
0.90000000000000068834 0.30840654420704854966 -1.6045040976691804513 -2.5147095121952030006 9.4098416052594969876e-005 
0.92500000000000071054 0.31089143831129201212 -1.6352159203619311967 -2.5147409042301887006 5.4294969465668393603e-005 
0.95000000000000073275 0.31158849281552242205 -1.5981719508750349412 -2.5147742809051134572 7.6323159556995065424e-005 
0.97500000000000075495 0.31152572056821903335 -1.5760982406740211559 -2.5148055905027066892 4.6267165836538196207e-005 
1.0000000000000006661 0.31026858397410056467 -1.5709685992782267405 -2.5148199503171628777 2.2720223843161721408e-005 
1.0249999999999979128 0.30990414009954697638 -1.5633038574305655466 -2.5148340938328122007 3.5935345844203400918e-005 
1.0499999999999951594 0.31148730548331743373 -1.5727231591435548719 -2.514850829519712061 2.8456160826850067402e-005 
1.0749999999999924061 0.31164418265309118405 -1.5825018388924232404 -2.5148612133704641991 1.4669001024917446775e-005 
1.0999999999999896527 0.31129719254155302499 -1.5829312300994813345 -2.5148661556790372629 1.0002683745510673383e-005 
1.1249999999999868994 0.31135422300448784005 -1.5763503310756505904 -2.5148722384811317276 1.3072480228217390634e-005 
1.149999999999984146 0.31064324355607003669 -1.5669547867908466543 -2.5148778032925362957 9.4422461121654970831e-006 
1.1749999999999813927 0.31064087865176676084 -1.568232848351234443 -2.5148813905872229313 5.9266283329962843906e-006 
1.1999999999999786393 0.31112714381175060607 -1.5695192443568442009 -2.5148839354333172302 5.0506459515939427935e-006 
1.224999999999975886 0.31105901451216894094 -1.5717559879824136715 -2.5148863919805819478 4.8903971004107329187e-006 
1.2499999999999731326 0.31114008181763375127 -1.5860280660516230533 -2.5148884940062523619 3.2195246570376660978e-006 
1.2749999999999703792 0.31093182676195085801 -1.5885127339440163752 -2.5148894937273689187 1.7197914612256276359e-006 
1.2999999999999676259 0.3106072496357287771 -1.5777023828462066746 -2.5148905027679462343 2.3421924425706995675e-006 
1.3249999999999648725 0.31095884288935166095 -1.574723930922334203 -2.514891629907699766 1.9947101333191378263e-006 
1.3499999999999621192 0.31125332625440027545 -1.5728264278970360834 -2.5148922710147529891 7.9464401066736959775e-007 
1.3749999999999593658 0.31119934538054938589 -1.5708009148801738153 -2.514892683528817674 1.1385935173839793905e-006 
1.3999999999999566125 0.31106398333919077492 -1.573888981217670624 -2.5148932400985302138 8.8787916800980115698e-007 
1.4249999999999538591 0.31089232693514129435 -1.5759259918795465172 -2.5148935187066254748 3.440723080815581996e-007 
1.4499999999999511058 0.31093482865057031628 -1.5778169576292340182 -2.5148936825985415133 4.5525499621965504022e-007 
1.4749999999999483524 0.3110236175269663339 -1.577938035625439106 -2.5148939448492080295 5.4303771449840926402e-007 
1.4999999999999455991 0.31099305500527163471 -1.5747610230868409609 -2.5148941573968119911 2.9690319915671748238e-007 
1.5249999999999428457 0.31101019149208669612 -1.5747411243325051267 -2.5148942480816018907 1.307930398307201063e-007 
1.5499999999999400924 0.31099599766717539451 -1.5759945117650020485 -2.5148943188189520903 1.7157118707890743037e-007 
1.574999999999937339 0.31099553946032015839 -1.5763293175855497275 -2.5148944018827559255 1.6416648518305851213e-007 
1.5999999999999345857 0.31104023026363641913 -1.5773686448281565298 -2.5148944768168042252 1.2913190043493651831e-007 
1.6249999999999318323 0.31099272034439784385 -1.5766695957374523562 -2.5148945230640369353 7.2358432572894794221e-008 
1.649999999999929079 0.31099012765132200142 -1.5755390041465737738 -2.5148945538695288704 6.3512612897692190948e-008 
1.6749999999999263256 0.31103738771235128757 -1.5755775281933834808 -2.5148945859049876006 6.0795107891629602966e-008 
1.6999999999999235722 0.31100353306630718064 -1.5750335917890903037 -2.514894608953950339 3.3665477245540459008e-008 
1.7249999999999208189 0.31099819081349705518 -1.5748871850070309542 -2.5148946222167793962 2.834046078523624118e-008 
1.7499999999999180655 0.31101711657948610812 -1.5755590171303581748 -2.5148946386474988479 3.7226372461493696841e-008 
1.7749999999999153122 0.31099808504434917067 -1.5762928853290589792 -2.5148946532375688889 1.8203298699162087747e-008 
1.7999999999999125588 0.31100140828850036945 -1.5767730311641288132 -2.514894658801064331 1.0600405906330147844e-008 
1.8249999999999098055 0.31100162533013470112 -1.5762531557084975553 -2.5148946652133550295 1.4628363761454594969e-008 
1.8499999999999070521 0.31099825287195553836 -1.5758006321259698801 -2.5148946715403917018 1.0644516041727877011e-008 
1.8749999999999042988 0.31102127115022043524 -1.5759411136311822776 -2.5148946753644141339 5.7033759487623770798e-009 
1.8999999999999015454 0.31101966644650286264 -1.5756603725378033332 -2.5148946782357746166 6.6921123453006478573e-009 
1.9249999999998987921 0.3110019351800218379 -1.5756079630957740001 -2.5148946815030703839 6.2715298615410709307e-009 
1.9499999999998960387 0.31099746640177400314 -1.5760055070028511359 -2.5148946836921584058 2.658564211766893261e-009 
1.9749999999998932854 0.31099469263618417791 -1.5760311753501021759 -2.5148946847234432411 2.0632774511895121358e-009 
1.999999999999890532 0.31100288629584438294 -1.575908744578950138 -2.5148946858412681848 2.6599947086463943306e-009 
2.0249999999998880007 0.31101225440397972655 -1.5757941301169919868 -2.5148946871354636023 2.3673578869478816845e-009 
2.0499999999998852473 0.31101428384729729038 -1.5756613281696574269 -2.5148946879766116425 1.1714197210531248598e-009 
2.074999999999882494 0.31101747835919746343 -1.575780028953607248 -2.5148946884628018417 9.1791889386251179306e-010 
2.0999999999998797406 0.31100809806946616565 -1.5759770711668086296 -2.5148946888937673272 9.3106400646208551454e-010 
2.1249999999998769873 0.31099598093756858352 -1.5760602339513418713 -2.5148946893192607455 7.2330897289103038251e-010 
2.1499999999998742339 0.31099815731209096148 -1.5760614606483001054 -2.5148946895815638136 4.1213757962119895553e-010 
2.1749999999998714806 0.31100317922322845421 -1.5759594449950102835 -2.5148946897953625701 4.9378376393378698506e-010 
2.1999999999998687272 0.31100894724445832251 -1.5758540401131286846 -2.5148946900207880262 4.0134521230342325569e-010 
2.2249999999998659739 0.31101136640568494141 -1.5757902724488517254 -2.5148946901627589057 1.9863185060175958641e-010 
2.2499999999998632205 0.31100601519411330553 -1.5757488353588167129 -2.5148946902436803974 1.395339914261865014e-010 
2.2749999999998604672 0.31100569891493956565 -1.5758090939533757613 -2.5148946903205295911 2.0383862869175212137e-010 
2.2999999999998577138 0.31100823235630442598 -1.5759096265916379132 -2.5148946904145721426 1.5243857374325030772e-010 
2.3249999999998549605 0.31100671589623729574 -1.5759427775951730943 -2.5148946904658564527 6.7546779006748537389e-011 
2.3499999999998522071 0.31100642183098359261 -1.5759424928535317179 -2.514894690496622065 7.325101118816894676e-011 
2.3749999999998494538 0.31100541260620023776 -1.5759283992028725319 -2.5148946905363560589 8.0733439207861405091e-011 
2.3999999999998467004 0.31100364223423321297 -1.5759040654440381601 -2.514894690563905133 3.3631598573446335678e-011 
2.4249999999998439471 0.31100512452707068656 -1.5758809199653385225 -2.5148946905777473937 2.9461083313961337949e-011 
2.4499999999998411937 0.31100672476885615758 -1.5758558374374445066 -2.514894690595525617 4.1517412505174898383e-011 
2.4749999999998384403 0.31100742550354032456 -1.575862726702292882 -2.5148946906115781097 2.2564442211463139596e-011 
2.499999999999835687 0.31100761366223561577 -1.5758875810339496581 -2.5148946906193296869 1.2491168026310359152e-011 
2.5249999999998329336 0.31100629662435869127 -1.5758876617058903413 -2.5148946906260243317 1.5160988419404844015e-011 
2.5499999999998301803 0.31100552793399199869 -1.5758898473050384492 -2.5148946906332882989 1.3538665581835643248e-011 
2.5749999999998274269 0.31100570665543941784 -1.5758948097136271649 -2.5148946906378113475 6.2592762469157159428e-012 
2.5999999999998246736 0.31100603673126492321 -1.5758871883843261763 -2.5148946906409168633 6.4883104389238218858e-012 
2.6249999999998219202 0.31100667664389863853 -1.5758899447003178462 -2.5148946906441254079 6.7912529218137699917e-012 
2.6499999999998191669 0.31100649832942434125 -1.5758930249498450671 -2.5148946906469356044 4.6245979391396225523e-012 
2.6749999999998164135 0.31100594571033840507 -1.5758883090331812227 -2.5148946906486338015 2.2849974383347857795e-012 
2.6999999999998136602 0.31100603083443278951 -1.5758900769361012806 -2.5148946906494420439 1.7252093422358457893e-012 
2.7249999999998109068 0.31100606927259089041 -1.5758878275515955103 -2.5148946906507028132 3.1760272306423392739e-012 
2.7499999999998081535 0.31100624605323240468 -1.5758822215722902982 -2.5148946906519653588 1.8200167202757734925e-012 
2.7749999999998054001 0.31100651941396811884 -1.5758835830867270467 -2.5148946906524995981 5.6954459585766078584e-013 
2.7999999999998026468 0.31100630990583078006 -1.575887293943163403 -2.5148946906528588663 1.100398467348720662e-012 
2.8249999999997998934 0.31100615541509646356 -1.5758915270613891302 -2.5148946906534304091 1.0097077807996196219e-012 
2.84999999999979714 0.31100611051288618025 -1.5758918580213026051 -2.5148946906537421597 3.9064942213832649169e-013 
2.8749999999997943867 0.31100602674024313554 -1.5758882617273632931 -2.5148946906539371149 4.6301375280597476332e-013 
2.8999999999997916333 0.31100626569995770687 -1.5758870559917468324 -2.5148946906541898016 5.0788254817104278892e-013 
2.92499999999978888 0.31100644470244476203 -1.5758856975778932075 -2.514894690654370546 2.4996839798665605028e-013 
2.9499999999997861266 0.31100630042915866635 -1.575885625824045011 -2.5148946906544615842 1.6219046646782396893e-013 
2.9749999999997833733 0.31100616352286514221 -1.5758886070967577098 -2.514894690654560172 2.3320457860072878962e-013 
2.9999999999997806199 0.31100608238197635647 -1.5758895365300964464 -2.5148946906546520985 1.3052871714358795476e-013 
3.0249999999997778666 0.31100611050946586067 -1.5758894134834096068 -2.5148946906547031688 1.0065022328966936771e-013 
3.0499999999997751132 0.31100624212717986605 -1.5758891675603350357 -2.51489469065474891 8.7622430103705195438e-014 
3.0749999999997723599 0.31100628797159896033 -1.575887490341460806 -2.5148946906547928748 8.368435838389196595e-014 
3.0999999999997696065 0.31100627498060878784 -1.5758866870915873015 -2.5148946906548248492 5.2926645517261049196e-014 
3.1249999999997668532 0.31100623730477955364 -1.5758866979202501568 -2.5148946906548426128 2.3694104003218101916e-014 
3.1499999999997640998 0.31100618856581124794 -1.5758871603631825487 -2.5148946906548554914 3.5066123608612511678e-014 
3.1749999999997613465 0.31100620190199018689 -1.5758884891418252217 -2.5148946906548741431 3.8346532666271524504e-014 
3.1999999999997585931 0.31100621667938627146 -1.5758887851366591981 -2.5148946906548887981 1.812923386257365224e-014 
3.2249999999997558398 0.31100621072775447296 -1.5758884177869267873 -2.5148946906548950153 1.0374070494085125744e-014 
3.2499999999997530864 0.31100621727977700859 -1.5758884113654780812 -2.5148946906549007885 1.4285139082776698293e-014 
3.274999999999750333 0.3110062088702111871 -1.5758878568617338267 -2.5148946906549056735 1.0450358413080414236e-014 
3.2999999999997475797 0.31100621433275915662 -1.5758873911772719456 -2.5148946906549105584 6.3155462476386724069e-015 
3.3249999999997448263 0.31100623067468102789 -1.5758876316028453957 -2.5148946906549141111 7.3417054271904852681e-015 
3.349999999999742073 0.31100622013389767062 -1.5758878663583719693 -2.5148946906549172198 5.6569372595540913205e-015 
3.3749999999997393196 0.31100621797334471186 -1.5758880424063526071 -2.5148946906549194402 2.388805956891071756e-015 
3.3999999999997365663 0.31100621974090647548 -1.5758881666629616092 -2.5148946906549194402 2.478057965243130334e-015 
3.4249999999997338129 0.31100620919765858963 -1.5758880795597685065 -2.5148946906549216607 2.8230444794380208143e-015 
3.4499999999997310596 0.31100621461363570086 -1.5758879297854919699 -2.514894690654923437 2.2097622975776351728e-015 
3.4749999999997283062 0.31100622204210820465 -1.5758878027882459172 -2.514894690654923437 1.0936239650658632647e-015 
3.4999999999997255529 0.31100621937066313949 -1.5758878424636484361 -2.514894690654923437 1.0421383484331888365e-015 
3.5249999999997227995 0.31100621977804848717 -1.5758879850182676563 -2.5148946906549247693 9.7828018635527206674e-016 
3.5499999999997200462 0.31100621677694928469 -1.5758879960764278216 -2.5148946906549252134 6.0167449128494491381e-016 
3.5749999999997172928 0.31100621380421777928 -1.5758880031166730973 -2.5148946906549252134 4.9049172516927534458e-016 
3.5999999999997145395 0.31100621543369189048 -1.5758880118832416795 -2.5148946906549261016 5.383057120520578064e-016 
3.6249999999997117861 0.31100621564374386629 -1.5758879040389484061 -2.5148946906549243252 3.3971646520162749457e-016 
3.6499999999997090327 0.31100621803523148534 -1.5758878709143382402 -2.5148946906549265456 1.826764079159970699e-016 
3.6749999999997062794 0.31100622008022910103 -1.5758879332834854203 -2.5148946906549256575 2.0990407718422349036e-016 
3.699999999999703526 0.31100621869822930865 -1.5758879546378530279 -2.5148946906549265456 1.8720238225572505929e-016 
3.7249999999997007727 0.31100621792810817512 -1.5758879723421674868 -2.5148946906549252134 1.1657402820537280092e-016 
3.7499999999996980193 0.31100621652485233026 -1.5758879690703264664 -2.5148946906549256575 8.6546448197495399897e-017 
3.774999999999695266 0.31100621643075221368 -1.5758879431375572011 -2.5148946906549256575 9.3568028963548894408e-017 
3.7999999999996925126 0.31100621806223088806 -1.5758879415381716882 -2.5148946906549265456 6.7562654221402530191e-017 
3.8249999999996897593 0.3110062170818436722 -1.5758879245917536416 -2.5148946906549265456 2.8861260710014951225e-017 
3.8499999999996870059 0.31100621650131893281 -1.5758879246928714224 -2.5148946906549252134 3.1913631295960771174e-017 
3.8749999999996842526 0.31100621729403182814 -1.5758879601685860106 -2.5148946906549256575 4.4625260953033805432e-017 
3.8999999999996814992 0.31100621699284458632 -1.5758879674173456031 -2.5148946906549256575 2.5202811956837919272e-017 
3.9249999999996787459 0.31100621745257228667 -1.5758879638933678269 -2.5148946906549265456 9.9549729193228754028e-018 
3.9499999999996759925 0.31100621786780335842 -1.5758879566142360851 -2.5148946906549265456 1.3716938860204984474e-017 
3.9749999999996732392 0.31100621738118439108 -1.5758879317958953692 -2.5148946906549261016 1.4320868426781249321e-017 
3.9999999999996704858 0.31100621779662401822 -1.5758879278462860629 -2.5148946906549265456 6.942491258104591959e-018 
4.0249999999996788347 0.31100621786150361991 -1.5758879381639494532 -2.5148946906549269897 7.7716747479241368185e-018 
4.0499999999996871836 0.31100621714166609699 -1.5758879430854979553 -2.5148946906549269897 6.1597730141607737803e-018 
4.0749999999996955324 0.31100621689734392339 -1.575887952037923867 -2.5148946906549261016 3.1727460912605108473e-018 
4.0999999999997038813 0.31100621679797707531 -1.5758879570384705104 -2.5148946906549265456 2.8487761906872744112e-018 
4.1249999999997122302 0.31100621707375242231 -1.5758879552419142733 -2.5148946906549265456 3.1261309025703962982e-018 
4.1499999999997205791 0.31100621762641061929 -1.5758879473758162781 -2.5148946906549256575 2.47356726679014659e-018 
4.1749999999997289279 0.31100621766926994649 -1.5758879386388242594 -2.5148946906549261016 1.1543935596889251339e-018 
4.1999999999997372768 0.31100621756477264679 -1.5758879427874474821 -2.5148946906549265456 1.1466031956296193595e-018 
4.2249999999997456257 0.31100621740210843136 -1.575887948064396582 -2.5148946906549261016 1.2514977271390384048e-018 
4.2499999999997539746 0.31100621715848436599 -1.5758879468708837379 -2.5148946906549274338 7.8356257793492189515e-019 
4.2749999999997623235 0.31100621721317828205 -1.5758879485817600674 -2.5148946906549265456 3.9422147509033230884e-019 
4.2999999999997706723 0.31100621733414129944 -1.5758879480956990982 -2.5148946906549269897 5.1417793710928149965e-019 
4.3249999999997790212 0.31100621741260908726 -1.5758879446067317609 -2.5148946906549261016 5.4271830669628659646e-019 
4.3499999999997873701 0.31100621744312423322 -1.5758879442854385466 -2.5148946906549265456 2.1520644569479886468e-019 
4.374999999999795719 0.31100621727831778696 -1.5758879449469693768 -2.5148946906549261016 1.6466266774321055314e-019 
4.3999999999998040678 0.3110062172614405096 -1.575887946682117402 -2.5148946906549265456 2.3879828121903490202e-019 
4.4249999999998124167 0.31100621739323408566 -1.5758879488079868825 -2.5148946906549269897 1.3688135211816346828e-019 
4.4499999999998207656 0.31100621736226508052 -1.575887948728699417 -2.5148946906549265456 9.4804212717382664379e-020 
4.4749999999998291145 0.31100621733966044014 -1.5758879479025380554 -2.5148946906549265456 9.6932389523785704547e-020 
4.4999999999998374633 0.31100621735417299796 -1.575887946422831476 -2.5148946906549261016 8.6191637545423607768e-020 
4.5249999999998458122 0.31100621732165745215 -1.5758879449983491661 -2.5148946906549261016 3.6298545023339614396e-020 
4.5499999999998541611 0.31100621734806005447 -1.5758879452805143462 -2.5148946906549265456 3.2008402065861756961e-020 
4.57499999999986251 0.31100621736268380113 -1.5758879457225536402 -2.5148946906549269897 4.7391253676626824845e-020 
4.5999999999998708589 0.31100621734878231006 -1.5758879461155532731 -2.5148946906549256575 2.8610825820890981668e-020 
4.6249999999998792077 0.31100621737007572154 -1.5758879472131621657 -2.5148946906549261016 1.4450632753719320347e-020 
4.6499999999998875566 0.31100621734689826159 -1.5758879476677583042 -2.5148946906549269897 1.5785913592560877303e-020 
4.6749999999998959055 0.31100621730920496866 -1.575887947156662694 -2.5148946906549269897 1.5783946160254262567e-020 
4.6999999999999042544 0.31100621732118299834 -1.5758879465754154214 -2.5148946906549256575 7.1570314022201890576e-021 
4.7249999999999126032 0.31100621734360084369 -1.5758879463202473126 -2.5148946906549265456 7.6371967220773717366e-021 
4.7499999999999209521 0.31100621736697781072 -1.5758879463871049431 -2.5148946906549256575 8.0184628163720997007e-021 
4.774999999999929301 0.31100621736890143865 -1.5758879464004782456 -2.5148946906549261016 4.7105690372068010742e-021 
4.7999999999999376499 0.31100621734478456348 -1.5758879464417461236 -2.5148946906549261016 2.5376451774168783742e-021 
4.8249999999999459988 0.31100621733554034698 -1.575887946678204532 -2.5148946906549261016 3.0309586992044501793e-021 
4.8499999999999543476 0.31100621733517563872 -1.5758879466459829732 -2.5148946906549256575 2.7758228617243899347e-021 
4.8749999999999626965 0.31100621734135225349 -1.5758879464736348375 -2.5148946906549252134 1.9477055405235062819e-021 
4.8999999999999710454 0.31100621735448413796 -1.5758879465297366274 -2.5148946906549265456 9.7952576599482914769e-022 
4.9249999999999793943 0.31100621735082600861 -1.5758879465815280874 -2.5148946906549256575 1.339271779602620634e-021 
4.9499999999999877431 0.31100621734331940216 -1.5758879466426973792 -2.5148946906549261016 1.0895944037105854496e-021 
4.974999999999996092 0.31100621734209388247 -1.57588794672220045 -2.5148946906549256575 3.7016742507370351459e-022 
