0.025000000000000015266 0.59119130548127607483 0.00045464197939622946754 -2.2512139665208703576 0.037063860896426589764 
0.05000000000000003747 0.57006941720908343996 0.015855288893244307014 -2.2630577639028470749 0.048702438471001682774 
0.075000000000000052736 0.44542314177478525838 -0.0012602002196961947789 -2.292151526326313693 0.075628671775973960179 
0.10000000000000007494 0.4183786758851414378 -0.048466287311349720568 -2.3414084853155578969 0.091144740301662460769 
0.12500000000000008327 0.27129481113150694105 -0.40370377845213956114 -2.3740261510023192848 0.044110840068764041455 
0.15000000000000010547 0.25013099009150180363 -1.6454152943470417014 -2.3905606808106378836 0.030378304371830377323 
0.17500000000000012768 0.30990898154392809705 -2.0245471899565883334 -2.4066361090146894952 0.035009937358748514924 
0.20000000000000014988 0.28039335586605840245 -1.2831692994516605832 -2.422047969631580866 0.022204170943845233377 
0.22500000000000017208 0.28158068871865787886 -1.4395413147972901946 -2.4317028441385506454 0.020930929234622770024 
0.25000000000000016653 0.30716210552960809821 -1.1023751731134929788 -2.4438970862829156871 0.025786170547559602445 
0.27500000000000018874 0.31235127272040486002 -0.49106226974838462773 -2.4540137983234511232 0.015689606025228394065 
0.30000000000000021094 0.331613989785613128 -0.65239792246478067739 -2.4619924887985153994 0.017184744657627693681 
0.32500000000000023315 0.33918283376308816512 -0.79408906250093491686 -2.4714101047937733213 0.018828655640594670756 
0.35000000000000025535 0.34515058862492953295 -1.293672790344335688 -2.478972405252353628 0.012005281283754385899 
0.37500000000000027756 0.33130020565161905077 -1.8019597425414872749 -2.4842498081567789825 0.010695962970817174745 
0.40000000000000029976 0.28785755189974115975 -1.5492926311682229112 -2.4905766205381829614 0.013745476941041679872 
0.42500000000000032196 0.28074462479502837464 -1.5172613351328780862 -2.4971142213940198396 0.011845824157377121341 
0.45000000000000034417 0.29240682439267651205 -1.6449583027500076504 -2.5017577624786020429 0.0069290867157659743678 
0.47500000000000036637 0.30644360501058087731 -1.6237252016519081455 -2.5043845182304194097 0.0043544475958057077269 
0.50000000000000033307 0.32313722249141296761 -1.7659669797234043287 -2.5066290830952895341 0.004308505949837995383 
0.52500000000000035527 0.31193091371454428895 -1.7656855813158438551 -2.5085606693213082785 0.0035404558938777618178 
0.55000000000000037748 0.30039612343829580343 -1.7201135013614785585 -2.5098873520885103261 0.0018135968420443168703 
0.57500000000000039968 0.30672003241925654971 -1.61085174611686055 -2.5107342759511510621 0.001912019003059059561 
0.60000000000000042188 0.31023461640386951199 -1.3492132391122473312 -2.511812634132741362 0.0020814142532075878902 
0.62500000000000044409 0.31915440640621484114 -1.357564343766207271 -2.5126114279415023844 0.0011601128073303252405 
0.65000000000000046629 0.3216548778209560866 -1.4669313055194652673 -2.5130090940631562013 0.00060061757677061511362 
0.6750000000000004885 0.30778738927277043969 -1.5475890212421308245 -2.5133964668676833654 0.00094302098343336429164 
0.7000000000000005107 0.30149299358125353221 -1.7572674201843847541 -2.5138127553947158255 0.00060853166924649008604 
0.72500000000000053291 0.30339467770876338282 -1.815629241233246205 -2.5140066213713816445 0.00027225051775663143636 
0.75000000000000055511 0.30653133953813110901 -1.6857700858884119288 -2.5141594976885408563 0.00037885475957019144107 
0.77500000000000057732 0.31425140391955141972 -1.5654007050840679227 -2.5143655692920128253 0.00037233356729508159831 
0.80000000000000059952 0.31701975757907790987 -1.4697234189160528484 -2.5144984887896959513 0.00018073070973421954152 
0.82500000000000062172 0.31416417002212249088 -1.4721688069944098842 -2.5145629582692490267 0.00010410158401379814887 
0.85000000000000064393 0.31150774558418276028 -1.5318287220161117546 -2.5146251729554354171 0.00014562636341353780642 
0.87500000000000066613 0.308465730360005852 -1.5621304814181766751 -2.5146961681856594417 0.00012699055840280324705 
0.90000000000000068834 0.3087300566950166858 -1.6097179340832104 -2.5147458282447865408 7.0438142051038092834e-005 
0.92500000000000071054 0.31116754155166298501 -1.6289384106620117265 -2.5147710201709974065 4.6584589600275869191e-005 
0.95000000000000073275 0.31163327458492484645 -1.5912069721469395134 -2.5147994969099456419 6.0366834080025862693e-005 
0.97500000000000075495 0.31133038404993962356 -1.5742019776862465896 -2.5148240706006825818 3.4243326215544835653e-005 
1.0000000000000006661 0.31032804905221667013 -1.571741956643043725 -2.5148355170374778744 1.9867789132673480693e-005 
1.0249999999999979128 0.3101139934245188412 -1.5642766089199899859 -2.5148478397567974874 2.8320732461622045404e-005 
1.0499999999999951594 0.31142011342937070406 -1.5733441891791830614 -2.5148610318015358622 2.1953791113186653063e-005 
1.0749999999999924061 0.31156595603778597381 -1.5828663902067425795 -2.5148689821996246252 9.9812680942898776858e-006 
1.0999999999999896527 0.3112989031973316667 -1.5817048965193150067 -2.5148726356255748371 8.2987662199413488208e-006 
1.1249999999999868994 0.31129766984191020729 -1.5751611087657133581 -2.5148777105759556605 1.0090043046137746655e-005 
1.149999999999984146 0.31065879352574998773 -1.5677961291630302387 -2.5148820397733202547 7.0859726244936942238e-006 
1.1749999999999813927 0.31069245161526803933 -1.5686943074210242255 -2.5148847347236875649 4.2711658784091101037e-006 
1.1999999999999786393 0.31114016643845165966 -1.5703605632882760013 -2.5148866861362346725 3.8424234625288725795e-006 
1.224999999999975886 0.31105844147144939837 -1.574067575347047665 -2.5148886026663817006 3.6718022057531804212e-006 
1.2499999999999731326 0.31108156458570346281 -1.5857552657027951248 -2.514890145260929355 2.1729158471917720455e-006 
1.2749999999999703792 0.310906960863190307 -1.586057115028547404 -2.5148908737567032823 1.3409555835081669113e-006 
1.2999999999999676259 0.31067842354578772968 -1.576814704599885264 -2.5148916685388309489 1.7540573714458022452e-006 
1.3249999999999648725 0.31100345770917831034 -1.5748915378880368188 -2.5148925114325431096 1.3785339526180646278e-006 
1.3499999999999621192 0.31123161068834193088 -1.572989980287631262 -2.5148929527673491435 5.7017429117958133871e-007 
1.3749999999999593658 0.31115908472605963153 -1.5710647825610575268 -2.5148932802110004481 8.343726184503277071e-007 
1.3999999999999566125 0.31105378311061981922 -1.5742847451947103998 -2.5148936684788725238 5.7501758225967778919e-007 
1.4249999999999538591 0.3109181895981994459 -1.576403332218913933 -2.5148938611137752197 2.5436626509539711006e-007 
1.4499999999999511058 0.31093784547161007481 -1.5776152703974646307 -2.5148939902069349372 3.3989965081810478078e-007 
1.4749999999999483524 0.31100678778140544711 -1.5774841803452537281 -2.5148941836111844417 3.7665708870520173779e-007 
1.4999999999999455991 0.31098983505623212231 -1.5749809835725820939 -2.5148943284874212267 1.817534741860164806e-007 
1.5249999999999428457 0.31101225765120871225 -1.574996815244847026 -2.5148943849382896509 9.0364381991697128667e-008 
1.5499999999999400924 0.31100924793381817812 -1.5760036296505957054 -2.5148944380771065532 1.2113207224540847233e-007 
1.574999999999937339 0.31100352685608023684 -1.5762522545116595118 -2.5148944974658729024 1.1469385200485827691e-007 
1.5999999999999345857 0.31102777629098254941 -1.5770700689205230383 -2.5148945495484151813 8.3073802065258478525e-008 
1.6249999999999318323 0.31099188680485295722 -1.5764910504168834215 -2.5148945795161590233 4.6039095868523900309e-008 
1.649999999999929079 0.31099624493799449265 -1.5755513808171197621 -2.5148946003174916797 4.2725211038258650013e-008 
1.6749999999999263256 0.31103272191994046914 -1.5756049232704105734 -2.5148946223889714346 3.9963581324142662712e-008 
1.6999999999999235722 0.31100365353410791558 -1.5751829518916400374 -2.5148946374913863089 2.1026128860341158593e-008 
1.7249999999999208189 0.31099924127534506191 -1.5750641565591361193 -2.5148946463320887013 1.9234814144753619541e-008 
1.7499999999999180655 0.31101330451392467102 -1.5756806816396879967 -2.5148946576692168264 2.4060004125149845543e-008 
1.7749999999999153122 0.31099806660181239515 -1.5762878631053747203 -2.5148946669347567173 1.07846816900899955e-008 
1.7999999999999125588 0.31100275229067159133 -1.5765853197827690568 -2.5148946704621510939 6.9112856904543637511e-009 
1.8249999999999098055 0.31100473433516728772 -1.576156606200375343 -2.5148946746562121923 9.176902427982145722e-009 
1.8499999999999070521 0.31100131558452354108 -1.5758272691761390227 -2.5148946787581585305 6.6357298037523159782e-009 
1.8749999999999042988 0.31101768771255400292 -1.5759173632648688645 -2.5148946811478145591 3.5038164369926586e-009 
1.8999999999999015454 0.31101558691527519951 -1.5756867684058772916 -2.5148946830516010209 4.3660117258267869091e-009 
1.9249999999998987921 0.31100178314041782013 -1.575674951541787383 -2.514894685141372932 3.6354535910815539126e-009 
1.9499999999998960387 0.31099941128219649178 -1.575992909660801633 -2.5148946863942081009 1.5032540938940567262e-009 
1.9749999999998932854 0.3109980309586106717 -1.5759869884394177575 -2.5148946870487463023 1.3229540541440587692e-009 
1.999999999999890532 0.31100411027419033738 -1.5758846579716141445 -2.5148946877799853716 1.6718123923176429645e-009 
2.0249999999998880007 0.31101135462845153068 -1.5758146397563834729 -2.5148946885809153606 1.3588465183379953405e-009 
2.0499999999998852473 0.31101259208548864832 -1.5757239243650609239 -2.5148946890786429975 6.9216819378553882494e-010 
2.074999999999882494 0.31101417622458438217 -1.5758192109106328171 -2.514894689367804137 5.1777743126838073159e-010 
2.0999999999998797406 0.31100702024178300542 -1.5759694131719408361 -2.5148946896240937932 5.5232948061636035103e-010 
2.1249999999998769873 0.31099827050398187733 -1.5760213289278843796 -2.5148946898827966301 4.2070295482935443459e-010 
2.1499999999998742339 0.31100029688695840502 -1.5760138106693188931 -2.5148946900371842439 2.3710974801342892095e-010 
2.1749999999998714806 0.31100439856453870879 -1.5759359248978854762 -2.5148946901661881626 2.9061069516441536788e-010 
2.1999999999998687272 0.31100841319025029907 -1.575854123841590404 -2.5148946902985542806 2.1964557339525353044e-010 
2.2249999999998659739 0.31100979929912891953 -1.5758070818122209555 -2.5148946903773174988 1.0662536711397682115e-010 
2.2499999999998632205 0.31100603667990445178 -1.5757833504833353988 -2.5148946904217766019 7.8470461093297691005e-011 
2.2749999999998604672 0.31100608305487842387 -1.5758339226194544302 -2.5148946904700970606 1.2314923516740376584e-010 
2.2999999999998577138 0.3110078162954425518 -1.5759098180490545005 -2.5148946905238460658 7.7625922793023319293e-011 
2.3249999999998549605 0.31100643021205082173 -1.5759322931207271345 -2.514894690550638412 3.6062759359110503591e-011 
2.3499999999998522071 0.31100613732615006723 -1.5759288489750307161 -2.5148946905687372677 4.2818764197174930621e-011 
2.3749999999998494538 0.31100551868194686866 -1.5759174101011008684 -2.5148946905911802041 4.1765252948713161892e-011 
2.3999999999998467004 0.31100439826844478164 -1.5758986218828434644 -2.5148946906057512152 1.7812564141944818014e-011 
2.4249999999998439471 0.31100559266408439596 -1.5758799918095873771 -2.5148946906136711021 1.6925485501735975675e-011 
2.4499999999998411937 0.31100668893852995156 -1.5758626704984326494 -2.5148946906236848697 2.1602791329192167337e-011 
2.4749999999998384403 0.31100703581770383632 -1.5758697210293841628 -2.5148946906321083539 1.1662501037709242594e-011 
2.499999999999835687 0.31100716010776735532 -1.5758884393199994456 -2.5148946906363276454 6.5136300867335105681e-012 
2.5249999999998329336 0.31100626819500448716 -1.5758887192777155661 -2.5148946906398910173 8.0587186025768382711e-012 
2.5499999999998301803 0.31100571264589693676 -1.5758897559511879649 -2.5148946906438105486 6.7864032182013860722e-012 
2.5749999999998274269 0.31100586156819198802 -1.5758926942873945354 -2.5148946906461153716 3.2542587190749319097e-012 
2.5999999999998246736 0.31100611095718849741 -1.5758875585184395351 -2.5148946906477989138 3.3627506662601933909e-012 
2.6249999999998219202 0.31100653753823037651 -1.5758896673224676022 -2.5148946906494984432 3.484805202178128543e-012 
2.6499999999998191669 0.31100640966505344043 -1.5758913690180968992 -2.5148946906509523913 2.2597042521259056549e-012 
2.6749999999998164135 0.3110060236160056002 -1.5758877462972733507 -2.5148946906517632982 9.8205753657622176662e-013 
2.6999999999998136602 0.31100608241233290707 -1.575889325944404451 -2.5148946906521771893 1.0312229458794084713e-012 
2.7249999999998109068 0.3110061227305632725 -1.5758879761507325057 -2.5148946906528761858 1.5601523644870123547e-012 
2.7499999999998081535 0.3110062392049243174 -1.5758838707821032354 -2.5148946906534934698 8.4453242711179586364e-013 
2.7749999999998054001 0.31100641646821536312 -1.5758850282554075495 -2.5148946906537408275 2.571815173791358346e-013 
2.7999999999998026468 0.31100628127603968665 -1.575887792403683374 -2.5148946906539273449 5.6129057162379816392e-013 
2.8249999999997998934 0.31100618006770858193 -1.5758903552962924 -2.5148946906542120061 4.7125751629713941295e-013 
2.84999999999979714 0.31100614420114225389 -1.5758904472782668815 -2.5148946906543634405 1.890129798767297556e-013 
2.8749999999997943867 0.31100608930822104536 -1.5758880513009674296 -2.5148946906544598079 2.1983882663565262871e-013 
2.8999999999997916333 0.31100625813208926385 -1.5758872158415113685 -2.5148946906545814883 2.3787981289720298691e-013 
2.92499999999978888 0.31100637439710782095 -1.5758864992795662552 -2.5148946906546671975 1.1242191190739270137e-013 
2.9499999999997861266 0.31100626322603547314 -1.5758865988648946832 -2.5148946906547098301 7.7998334769577540324e-014 
2.9749999999997833733 0.31100616930334129551 -1.5758884774859294176 -2.514894690654759124 1.0723966765829259485e-013 
2.9999999999997806199 0.31100612553789996895 -1.5758889952015218139 -2.5148946906548004243 5.8123214580324046329e-014 
3.0249999999997778666 0.31100615205832216059 -1.5758889101392326015 -2.5148946906548248492 4.6374008570063971712e-014 
3.0499999999997751132 0.31100624121646941456 -1.5758887172212026062 -2.5148946906548457214 4.0299486792578579814e-014 
3.0749999999997723599 0.31100626695458960524 -1.5758875265606826499 -2.5148946906548670377 3.6905180510484589949e-014 
3.0999999999997696065 0.31100625301920281629 -1.575887013757092614 -2.5148946906548812485 2.2673345613652512688e-014 
3.1249999999997668532 0.3110062297900619277 -1.5758871626095487528 -2.5148946906548896862 1.0783443090967756602e-014 
3.1499999999997640998 0.31100619876821322674 -1.5758875288362415024 -2.5148946906548954594 1.5782113450673762701e-014 
3.1749999999997613465 0.31100620454452571062 -1.5758883449924678821 -2.5148946906549038971 1.6825636742812206294e-014 
3.1999999999997585931 0.31100621462023814168 -1.5758885034679388504 -2.5148946906549105584 7.4083453766269568039e-015 
3.2249999999997558398 0.31100621337056044702 -1.5758882659723241204 -2.5148946906549127789 4.5401321610970012984e-015 
3.2499999999997530864 0.31100621896514046849 -1.5758882386471144699 -2.5148946906549145552 6.0713917888509293379e-015 
3.274999999999750333 0.3110062136366569252 -1.5758878412622836507 -2.5148946906549176639 4.514213986768816773e-015 
3.2999999999997475797 0.31100621543672191116 -1.5758875542062216191 -2.5148946906549194402 2.5720876149163444431e-015 
3.3249999999997448263 0.31100622492951612852 -1.5758877577971830419 -2.5148946906549203284 3.2236891755335668589e-015 
3.349999999999742073 0.31100621914584458683 -1.5758879152806566371 -2.514894690654923437 2.2396368414569484084e-015 
3.3749999999997393196 0.3110062179551193462 -1.5758880113267608181 -2.5148946906549229929 9.2898606538077749208e-016 
3.3999999999997365663 0.31100621849787091211 -1.5758880918591136044 -2.5148946906549247693 1.0858291390183319169e-015 
3.4249999999997338129 0.31100621195081473713 -1.5758880322045212274 -2.5148946906549243252 1.145966058964532776e-015 
3.4499999999997310596 0.31100621574253611845 -1.5758879305110280455 -2.5148946906549247693 8.9464429375905128612e-016 
3.4749999999997283062 0.31100622035924152531 -1.5758878574098194036 -2.5148946906549243252 4.2739921001049229109e-016 
3.4999999999997255529 0.31100621858781007933 -1.5758878810226795153 -2.5148946906549256575 4.1420033657655221998e-016 
3.5249999999997227995 0.31100621918397958199 -1.5758879643956378303 -2.5148946906549247693 3.8660525497519540403e-016 
3.5499999999997200462 0.31100621730323069203 -1.5758879802455938446 -2.5148946906549265456 2.3983373501329660768e-016 
3.5749999999997172928 0.3110062148063194587 -1.5758879881897480679 -2.5148946906549269897 1.9353771753341181124e-016 
3.5999999999997145395 0.31100621567974306991 -1.5758879832413104083 -2.5148946906549256575 2.0832211988845823704e-016 
3.6249999999997117861 0.3110062162568752453 -1.5758879152161524573 -2.5148946906549269897 1.2881137453337264293e-016 
3.6499999999997090327 0.31100621803504396867 -1.5758879028121994814 -2.5148946906549261016 7.0340712471610099062e-017 
3.6749999999997062794 0.31100621933358602034 -1.5758879418200439915 -2.5148946906549261016 7.8938208059592987428e-017 
3.699999999999703526 0.31100621819535412271 -1.5758879495731150655 -2.5148946906549269897 7.3423459371707626149e-017 
3.7249999999997007727 0.31100621746532863821 -1.5758879600698663115 -2.5148946906549269897 4.0534745180412826535e-017 
3.7499999999996980193 0.31100621678644108092 -1.575887962271666165 -2.5148946906549269897 3.4507380572903905311e-017 
3.774999999999695266 0.31100621687179058616 -1.5758879463060488924 -2.5148946906549256575 3.4405199854712321718e-017 
3.7999999999996925126 0.31100621776488429626 -1.5758879419126916588 -2.5148946906549261016 2.3941239717720336e-017 
3.8249999999996897593 0.31100621715916038079 -1.5758879318462477581 -2.5148946906549256575 1.0551302144456852258e-017 
3.8499999999996870059 0.31100621685888657497 -1.575887933907086591 -2.5148946906549261016 1.1803626668938318692e-017 
3.8749999999996842526 0.31100621733548777792 -1.5758879557319414033 -2.5148946906549261016 1.6628268607506901242e-017 
3.8999999999996814992 0.31100621712388881734 -1.5758879594083823328 -2.5148946906549261016 8.5193491125210916663e-018 
3.9249999999996787459 0.31100621737093153696 -1.5758879564918220062 -2.5148946906549261016 3.4493829326312961566e-018 
3.9499999999996759925 0.31100621766192254603 -1.5758879522185522681 -2.5148946906549252134 4.9333074498143871103e-018 
3.9749999999996732392 0.31100621742617190479 -1.5758879376891008484 -2.5148946906549261016 5.0631858219077512409e-018 
3.9999999999996704858 0.31100621763685487586 -1.5758879354523018801 -2.5148946906549256575 2.4298325452496549884e-018 
4.0249999999996788347 0.31100621761032087864 -1.5758879418742315348 -2.5148946906549256575 2.6780647158736737619e-018 
4.0499999999996871836 0.31100621717924087362 -1.5758879445263018759 -2.5148946906549265456 2.0962923567048983489e-018 
4.0749999999996955324 0.31100621708327663706 -1.5758879497345859022 -2.5148946906549261016 1.0659093840035438536e-018 
4.0999999999997038813 0.31100621705547720763 -1.5758879529590106294 -2.5148946906549261016 9.7186313221516460254e-019 
4.1249999999997122302 0.31100621720148158289 -1.5758879513866859146 -2.5148946906549261016 1.0923745314184522537e-018 
4.1499999999997205791 0.31100621750887769146 -1.5758879466874851083 -2.5148946906549256575 7.7943193976889384626e-019 
4.1749999999997289279 0.31100621752376117479 -1.5758879423112159834 -2.5148946906549261016 4.0834866181258517781e-019 
4.1999999999997372768 0.31100621745289919184 -1.5758879446807645408 -2.5148946906549261016 3.7189662735679531494e-019 
4.2249999999997456257 0.31100621737529393629 -1.575887947272839984 -2.5148946906549265456 4.108271895139431892e-019 
4.2499999999997539746 0.31100621725387272987 -1.5758879466110671252 -2.5148946906549261016 2.5085821638346238119e-019 
4.2749999999997623235 0.31100621728224819851 -1.5758879477594458507 -2.5148946906549265456 1.2802163837114799855e-019 
4.2999999999997706723 0.31100621734158112597 -1.575887947428080027 -2.5148946906549261016 1.7035870594716321154e-019 
4.3249999999997790212 0.31100621737259859234 -1.5758879453463421338 -2.5148946906549256575 1.7072418334458076066e-019 
4.3499999999997873701 0.31100621738771899727 -1.5758879452762752926 -2.5148946906549265456 6.6091106353420846787e-020 
4.374999999999795719 0.31100621731106997681 -1.5758879457718908412 -2.5148946906549265456 5.168956859636229761e-020 
4.3999999999998040678 0.31100621730737870729 -1.5758879466961919213 -2.5148946906549265456 7.7221194607082035335e-020 
4.4249999999998124167 0.3110062173724017498 -1.5758879478370713123 -2.5148946906549261016 4.0633265511697358535e-020 
4.4499999999998207656 0.31100621735070338447 -1.5758879477670673097 -2.5148946906549265456 2.9463801348483770571e-020 
4.4749999999998291145 0.31100621734015515552 -1.5758879472808389188 -2.5148946906549261016 3.0226710767973416729e-020 
4.4999999999998374633 0.31100621735187544692 -1.5758879464814463667 -2.5148946906549261016 2.5944491896511689476e-020 
4.5249999999998458122 0.31100621733502131772 -1.575887945688422942 -2.5148946906549261016 1.0408621436670349257e-020 
4.5499999999998541611 0.31100621734758282511 -1.5758879458228127746 -2.5148946906549261016 1.0243900903875518797e-020 
4.57499999999986251 0.31100621735435801662 -1.5758879461055177451 -2.5148946906549256575 1.3953547063106659461e-020 
4.5999999999998708589 0.31100621734626571202 -1.5758879463674668742 -2.5148946906549265456 8.4220010894136529703e-021 
4.6249999999998792077 0.31100621735766587062 -1.5758879469630904246 -2.5148946906549252134 4.2641211501430141225e-021 
4.6499999999998875566 0.31100621734521410877 -1.5758879471701245922 -2.5148946906549269897 4.6170003311976762533e-021 
4.6749999999998959055 0.31100621732536520847 -1.5758879468648980815 -2.5148946906549269897 4.5169212140232871355e-021 
4.6999999999999042544 0.31100621733366712318 -1.5758879465682169574 -2.5148946906549256575 2.1497820777205188369e-021 
4.7249999999999126032 0.31100621734603456359 -1.5758879464459045749 -2.5148946906549261016 2.1191227628197985755e-021 
4.7499999999999209521 0.31100621735666417189 -1.5758879464671324833 -2.5148946906549265456 2.3214406093939542085e-021 
4.774999999999929301 0.31100621735721156735 -1.5758879464773005719 -2.5148946906549261016 1.3065282261880624602e-021 
4.7999999999999376499 0.31100621734480393688 -1.575887946514810789 -2.5148946906549261016 7.1538996736932350668e-022 
4.8249999999999459988 0.31100621733993788487 -1.5758879466339146269 -2.5148946906549265456 8.4243639673212865585e-022 
4.8499999999999543476 0.3110062173401944019 -1.5758879466116164636 -2.5148946906549256575 7.6933130547137900659e-022 
4.8749999999999626965 0.31100621734341921121 -1.5758879465259141295 -2.5148946906549256575 5.3809027107097297118e-022 
4.8999999999999710454 0.31100621734986805267 -1.5758879465526525188 -2.5148946906549261016 2.5764748427062899204e-022 
4.9249999999999793943 0.31100621734806943586 -1.5758879465766122419 -2.5148946906549265456 3.7931424806152389107e-022 
4.9499999999999877431 0.31100621734431538323 -1.5758879466105768508 -2.5148946906549265456 2.7989173251235135095e-022 
4.974999999999996092 0.31100621734382571937 -1.5758879466517103918 -2.5148946906549269897 1.0066206053003573111e-022 
