0.025000000000000015266 0.59221527413322661015 0.00046144475582376304201 -2.2500616963229411738 0.037746647126003028683 
0.05000000000000003747 0.57039857001020133342 0.016114663507010559829 -2.2613124194618499097 0.050535935812405854972 
0.075000000000000052736 0.44260824017143379772 -0.0024244049429076319768 -2.2893272228680796587 0.07903679582415076843 
0.10000000000000007494 0.41367552451838041083 -0.049822427381416956038 -2.3366930746459191326 0.094354612737861595639 
0.12500000000000008327 0.26333243028909458783 -0.4072290178873294586 -2.3678836059998533692 0.046217758647786412463 
0.15000000000000010547 0.24489232924279311088 -1.7150069189058148034 -2.3843150937342194595 0.033534459830197108077 
0.17500000000000012768 0.30788337187740089096 -2.1219506083523689277 -2.4004785519216005341 0.037701204919818785688 
0.20000000000000014988 0.2723698247737304512 -1.324997170051446016 -2.4156182353142545693 0.022930343592314487988 
0.22500000000000017208 0.27056822832154192593 -1.5166766742516739619 -2.4249213821638311295 0.022710054964911467051 
0.25000000000000016653 0.29791994123523868332 -1.1350887037774493038 -2.4373235622260960298 0.028364119403404011721 
0.27500000000000018874 0.3049293391271853948 -0.41988765050977389093 -2.4472541221879993145 0.015603026662708073188 
0.30000000000000021094 0.32591446456894146433 -0.60881454695440839764 -2.4543432800960589546 0.016966315941555041441 
0.32500000000000023315 0.33589928837389670946 -0.74940807318689339755 -2.464102060647940462 0.023252729457737427582 
0.35000000000000025535 0.3541316973447994898 -1.2746582393606300521 -2.472953903805234166 0.014896738624439929966 
0.37500000000000027756 0.34465779741423258065 -1.790838297539354862 -2.4782274619279101024 0.010312289258414949686 
0.40000000000000029976 0.29341487449531228338 -1.5016635026307283418 -2.4839876837189511782 0.013860474640319041945 
0.42500000000000032196 0.28517911424700409517 -1.4652945569332449516 -2.490531459785923829 0.014007782063237694467 
0.45000000000000034417 0.29148051219074311291 -1.4758830629049182193 -2.4962711310860017377 0.011248670131669509173 
0.47500000000000036637 0.29667605425750209758 -1.4424625493291078904 -2.500538433101811453 0.0071597749645820321293 
0.50000000000000033307 0.32025922955484864563 -1.7266922677212197534 -2.5033902201406399435 0.005290656840379454745 
0.52500000000000035527 0.31608638909043901277 -1.8402061357091266114 -2.5057733231290106879 0.0054161189804078115062 
0.55000000000000037748 0.29944592300041861233 -1.8880334606167443745 -2.5077774934816421393 0.003030272996977289874 
0.57500000000000039968 0.30045682148965913161 -1.7962093503678944195 -2.5088565672780620552 0.0021200574989157965414 
0.60000000000000042188 0.30317254605849963678 -1.3858500959945705411 -2.5100793319425176442 0.0030189470362255725784 
0.62500000000000044409 0.3201431980586840198 -1.2920535292010444373 -2.5112988207650288608 0.0021291250482426424609 
0.65000000000000046629 0.3299718521304356722 -1.394592115849386138 -2.5119931970551947487 0.0010777468921048414738 
0.6750000000000004885 0.31283971514903113897 -1.4334374928080677591 -2.5125202506792523316 0.001276832894693557402 
0.7000000000000005107 0.29985609916388261675 -1.6633553281597404094 -2.513093322428492371 0.0010647191257717283138 
0.72500000000000053291 0.29930102291482957311 -1.8447794135135278104 -2.5134555076697782106 0.00058196882518592564851 
0.75000000000000055511 0.30362027137094454998 -1.8212710281818460523 -2.5136676068001215789 0.00043365596929972801419 
0.77500000000000057732 0.31233467195964048635 -1.6713950587634465172 -2.5139376343745869491 0.00067166271306686711664 
0.80000000000000059952 0.31575112313278330678 -1.4605515752007889319 -2.5141888903242799458 0.00039811757197224232523 
0.82500000000000062172 0.31556220940527740515 -1.4345854426898643208 -2.5143260183776003913 0.00022875397892096297771 
0.85000000000000064393 0.31449845118643987574 -1.5167261784971906025 -2.5144118498813208262 0.00017468539414493042369 
0.87500000000000066613 0.30970844097735639178 -1.5244188687586686104 -2.5145122372302268765 0.00023924363865547641729 
0.90000000000000068834 0.30827227611442542532 -1.5749705403263289938 -2.5146076761516567011 0.00016774655660873024677 
0.92500000000000071054 0.30985769497289528118 -1.6371927986580616654 -2.5146610440836814071 8.0449719040183014515e-005 
0.95000000000000073275 0.31075543402562028072 -1.6200312519130779521 -2.5147030715062870243 0.00010787036297533893583 
0.97500000000000075495 0.31200512445129047201 -1.5906555521594243352 -2.5147524123510223149 8.9923708053884241018e-005 
1.0000000000000006661 0.31037220017821925966 -1.5689337253859454435 -2.5147789672717131282 3.3373733228770953451e-005 
1.0249999999999979128 0.30930372433199143645 -1.5595328294114454426 -2.5147947083991151196 4.8294199130642411009e-005 
1.0499999999999951594 0.3116299969254374691 -1.5734551430950420858 -2.5148209091462243592 4.996309458707930113e-005 
1.0749999999999924061 0.31192317474797370824 -1.5803399634659738293 -2.5148378458792395307 2.8673415281433340827e-005 
1.0999999999999896527 0.31121865387833930194 -1.5835894161581671735 -2.5148481870831402851 1.7964138964723066263e-005 
1.1249999999999868994 0.31140566588920276514 -1.580832871204252088 -2.5148562973594938974 1.8705224826276849463e-005 
1.149999999999984146 0.31068194435989388014 -1.5670346601720761548 -2.5148651602381524306 1.6957479729588641637e-005 
1.1749999999999813927 0.31061123616168967443 -1.5681971957627083292 -2.514871244780593873 1.096142740563832401e-005 
1.1999999999999786393 0.31105813192553533053 -1.5685641549837485709 -2.5148756964219778354 8.9716002018696766672e-006 
1.224999999999975886 0.31097213325738920497 -1.5644911623959321112 -2.5148796655882854623 8.1346431807115715702e-006 
1.2499999999999731326 0.31127453442123936833 -1.5824575525339410476 -2.5148832967840610841 6.7875129334175152788e-006 
1.2749999999999703792 0.31108344525412706671 -1.5931844069443907852 -2.5148853641967008343 3.1135814787434980718e-006 
1.2999999999999676259 0.31050927214076634586 -1.5820871719749027839 -2.5148868872310639055 3.787394912143756009e-006 
1.3249999999999648725 0.31078976649806794308 -1.5754535925343802205 -2.5148887613350772163 3.8589759531887190861e-006 
1.3499999999999621192 0.31121557410422540091 -1.5723328849753683834 -2.5148901292682142028 1.9328022668171668934e-006 
1.3749999999999593658 0.31131648145971985153 -1.5714579974994902223 -2.5148907791397729916 1.6579592283408684613e-006 
1.3999999999999566125 0.31111422722637410709 -1.5740025095989986781 -2.5148917805697625916 2.1583199651313371686e-006 
1.4249999999999538591 0.31079564960663780271 -1.5737345152269788251 -2.5148924543666097975 7.3829570675446630284e-007 
1.4499999999999511058 0.31092884750481325495 -1.5770607838127870259 -2.5148926979135413085 6.8818924672992925403e-007 
1.4749999999999483524 0.31110003910408834393 -1.5789972594636254577 -2.5148931231466540304 1.0176699270948110246e-006 
1.4999999999999455991 0.31102585247866521012 -1.5745085398019258438 -2.5148935473290552345 7.5997217767947289381e-007 
1.5249999999999428457 0.31101907109541476748 -1.5740212169511411666 -2.5148937999252209963 3.4280460224886679357e-007 
1.5499999999999400924 0.31093873374426300726 -1.5757410650138496955 -2.5148939229908213733 2.929643791687316105e-007 
1.574999999999937339 0.31093646779581579631 -1.5765815122173383322 -2.5148940721966432932 3.2385871772390330891e-007 
1.5999999999999345857 0.31107549702878145581 -1.5783057747370268231 -2.5148942155762656903 2.7681834422058044369e-007 
1.6249999999999318323 0.31101629899434629634 -1.5771816474047604117 -2.514894319900238262 1.8622878308449452741e-007 
1.649999999999929079 0.31097443899823218327 -1.5756546957368602335 -2.5148943911221892655 1.4141792470930389952e-007 
1.6749999999999263256 0.3110433172555249759 -1.575652699623993902 -2.514894455491564873 1.2865284203807197692e-007 
1.6999999999999235722 0.31100411433015628937 -1.5746368589991348585 -2.514894505050908613 8.2231235525188811915e-008 
1.7249999999999208189 0.3109949177015349786 -1.5744572868297885826 -2.5148945354465794821 6.2539012173418407702e-008 
1.7499999999999180655 0.31102664550840131152 -1.5751793273104777171 -2.5148945671609412855 7.7272365439508038005e-008 
1.7749999999999153122 0.3110042083966522708 -1.5760281121206010102 -2.5148946003562366869 5.3582814218118360097e-008 
1.7999999999999125588 0.31100232221677681643 -1.5771332234236403735 -2.5148946159304874648 2.4340671765114852759e-008 
1.8249999999999098055 0.31098945451820120267 -1.5766234052778007602 -2.5148946293207816716 3.4247243186065659819e-008 
1.8499999999999070521 0.31098416369291559391 -1.5758146218060189447 -2.5148946437045092139 2.5936777083738124801e-008 
1.8749999999999042988 0.31102720310717851815 -1.5760102855953055379 -2.5148946529752649326 1.4977796008726644294e-008 
1.8999999999999015454 0.31103164862376819766 -1.5756508100074233525 -2.5148946595495731415 1.4666230389974409935e-008 
1.9249999999998987921 0.31100875940607353165 -1.5754768516398454103 -2.5148946664160232167 1.5937681522876281592e-008 
1.9499999999998960387 0.31099558689068113049 -1.5759709641565242677 -2.5148946729138548228 9.8324047034800943495e-009 
1.9749999999998932854 0.31098358683284732518 -1.5761001363853948121 -2.5148946757187329304 4.2081742213258623037e-009 
1.999999999999890532 0.31099767248583226609 -1.5760384417866917239 -2.5148946779616379033 5.9785294293511762535e-009 
2.0249999999998880007 0.31101198074845587405 -1.5757962670535108352 -2.5148946809793741863 6.6344509395796657184e-009 
2.0499999999998852473 0.31101603067137628678 -1.5754766163071343144 -2.5148946833622338737 3.4053284022508210775e-009 
2.074999999999882494 0.31102806611943267789 -1.5756222865786884135 -2.5148946846569693037 2.6667932078821840362e-009 
2.0999999999998797406 0.31101462765746157313 -1.5759372885198610348 -2.5148946858443963492 2.5531695180347050113e-009 
2.1249999999998769873 0.31099190804447396363 -1.5761404085965018407 -2.5148946868958863554 1.9046579719527800428e-009 
2.1499999999998742339 0.3109927039054468656 -1.5762078024440715485 -2.514894687612725388 1.2552799600850108605e-009 
2.1749999999998714806 0.31099754428898573888 -1.5760499530907459143 -2.5148946881779696838 1.2646755616097634633e-009 
2.1999999999998687272 0.31100788681858715368 -1.5758917702227441815 -2.514894688753400942 1.2389357458181548648e-009 
2.2249999999998659739 0.31101615704931118156 -1.5757829513773997654 -2.5148946892043726464 6.617094590324335577e-010 
2.2499999999998632205 0.3110073527826099915 -1.5756633644868278665 -2.5148946894617179026 4.8436282013752717246e-010 
2.2749999999998604672 0.31100431166999054078 -1.5757221118549264993 -2.5148946896560433473 4.3699549308305130444e-010 
2.2999999999998577138 0.31100848604258313213 -1.5758767448911088493 -2.5148946898833806074 5.1937340407924903313e-010 
2.3249999999998549605 0.31100771469324495211 -1.5759451678035185651 -2.514894690075306638 2.6783924800670208371e-010 
2.3499999999998522071 0.31100814602787585361 -1.5759757958328965977 -2.5148946901640387708 1.8064733050254302273e-010 
2.3749999999998494538 0.31100584920129459299 -1.5759646321821034753 -2.5148946902706650341 2.7037866107354237645e-010 
2.3999999999998467004 0.31100170460960480101 -1.57592520094750288 -2.5148946903657782848 1.2524543522479270522e-010 
2.4249999999998439471 0.31100314635081000025 -1.5758964240072814711 -2.5148946904071847186 7.6498758003583606049e-011 
2.4499999999998411937 0.31100591492719598108 -1.5758510105140273172 -2.5148946904542852643 1.3175285487235203163e-010 
2.4749999999998384403 0.3110084099724311768 -1.5758469704508359932 -2.5148946905091591475 8.9506394911679305022e-011 
2.499999999999835687 0.31100920219317546023 -1.5758791683446931042 -2.5148946905356290848 3.9255788000039866575e-011 
2.5249999999998329336 0.31100656538801080275 -1.5758767070298203006 -2.5148946905566300636 4.974639017905620023e-011 
2.5499999999998301803 0.31100527464558819224 -1.5758860112802908215 -2.5148946905786084827 4.6355400886459208346e-011 
2.5749999999998274269 0.31100535605233697867 -1.5758999200408472241 -2.514894690595609994 2.6139168690894965756e-011 
2.5999999999998246736 0.31100563650957657735 -1.5758855623977849891 -2.5148946906054985284 1.9575314681772760171e-011 
2.6249999999998219202 0.31100699699890732575 -1.5758901875416360117 -2.5148946906155389414 2.3619585443226514958e-011 
2.6499999999998191669 0.31100674042213655168 -1.5758987026609676541 -2.5148946906251241629 1.7481137927915411784e-011 
2.6749999999998164135 0.31100571985190178514 -1.5758932032865520245 -2.5148946906318525585 1.1756641302635633125e-011 
2.6999999999998136602 0.31100595744211223526 -1.5758945394799792616 -2.514894690635444352 4.3179837120779026853e-012 
2.7249999999998109068 0.3110058903325738644 -1.5758868684272895333 -2.5148946906384801459 1.0413962249233299571e-011 
2.7499999999998081535 0.31100619274425633787 -1.5758773194453752353 -2.5148946906432030346 8.1479867301206074869e-012 
2.7749999999998054001 0.31100686309780817274 -1.575878951349585666 -2.5148946906456486339 3.0486964093391183873e-012 
2.7999999999998026468 0.31100643814040523916 -1.5758834955005762701 -2.5148946906469746843 3.484846468907211391e-012 
2.8249999999997998934 0.31100606325897689475 -1.5758940291739009787 -2.514894690648890041 4.1978557197400913702e-012 
2.84999999999979714 0.31100601131864069604 -1.5758969842522660976 -2.5148946906501881138 1.6056622712743794771e-012 
2.8749999999997943867 0.31100585137117653378 -1.5758899278453624149 -2.5148946906509026533 1.8040090729114832313e-012 
2.8999999999997916333 0.31100623904429414157 -1.5758877194399691923 -2.5148946906518503397 2.0482649207935818237e-012 
2.92499999999978888 0.31100659576925165917 -1.575883418792500823 -2.51489469065258886 1.1930725828289017545e-012 
2.9499999999997861266 0.31100645160502921049 -1.5758814360991770798 -2.5148946906529974221 6.8318803314223534157e-013 
2.9749999999997833733 0.31100624000785814793 -1.5758881063878640294 -2.5148946906533398149 8.6123569136865315223e-013 
2.9999999999997806199 0.31100598803781437374 -1.5758911701413973461 -2.5148946906537354984 7.0262564041046619835e-013 
3.0249999999997778666 0.31100595375758810501 -1.5758911857176924887 -2.5148946906539539903 3.7954011540580191625e-013 
3.0499999999997751132 0.31100618152691317242 -1.5758908307614265532 -2.5148946906541338464 3.8217219875947806739e-013 
3.0749999999997723599 0.31100631234874520636 -1.5758879722153102954 -2.5148946906543092616 3.7524478329815393271e-013 
3.0999999999997696065 0.31100636140750015368 -1.5758863671393177341 -2.5148946906544629165 2.7464542424397911475e-013 
3.1249999999997668532 0.31100628117539486084 -1.5758851443317249963 -2.5148946906545464053 1.0926223029144463196e-013 
3.1499999999997640998 0.31100615695064054433 -1.5758852148641511182 -2.5148946906545983637 1.3911325020825095666e-013 
3.1749999999997613465 0.31100620958014013606 -1.5758884523489382623 -2.5148946906546769675 1.7694515440113154943e-013 
3.1999999999997585931 0.31100623877037758547 -1.5758896687908108269 -2.5148946906547422486 1.0246522035297897393e-013 
3.2249999999997558398 0.31100619865404871556 -1.5758889964225906155 -2.5148946906547733349 5.1066024448862271515e-014 
3.2499999999997530864 0.31100620125922789905 -1.5758890589975640406 -2.5148946906548026448 6.8151739246943062497e-014 
3.274999999999750333 0.31100618032603766228 -1.5758881641320052758 -2.5148946906548292901 4.8394708885932348042e-014 
3.2999999999997475797 0.31100620681936413936 -1.5758871773485561008 -2.5148946906548479419 3.5450750272153030561e-014 
3.3249999999997448263 0.31100625775793794281 -1.5758871840486832205 -2.5148946906548630409 3.2532706149569599025e-014 
3.349999999999742073 0.31100622602132826922 -1.5758874346125253396 -2.514894690654878584 3.1121968701496431043e-014 
3.3749999999997393196 0.31100621452349586082 -1.5758880479225041427 -2.5148946906548887981 1.6671193465824563561e-014 
3.3999999999997365663 0.3110062252459349641 -1.5758884251098141949 -2.514894690654893683 9.8160943382794759567e-015 
3.4249999999997338129 0.31100620361316472229 -1.5758882392466622147 -2.5148946906549007885 1.505349913501312499e-014 
3.4499999999997310596 0.31100621045642562468 -1.5758879770273916954 -2.5148946906549070057 1.1413682912149571798e-014 
3.4749999999997283062 0.31100622626611623689 -1.5758876373333703391 -2.5148946906549114466 7.1705184106635368411e-015 
3.4999999999997255529 0.31100622319392384751 -1.5758876989395873558 -2.5148946906549127789 5.5760939261653167052e-015 
3.5249999999997227995 0.31100622076969586249 -1.5758880872604619228 -2.5148946906549172198 5.5600192444431613376e-015 
3.5499999999997200462 0.31100621135492217961 -1.5758880458853028461 -2.514894690654918108 3.3878307214372508656e-015 
3.5749999999997172928 0.31100621146114054705 -1.5758879989915857145 -2.5148946906549189961 2.5941158821541546896e-015 
3.5999999999997145395 0.3110062185958917258 -1.5758881173914771612 -2.5148946906549207725 3.1368673327337865387e-015 
3.6249999999997117861 0.31100621457375698942 -1.5758879197900301783 -2.5148946906549225488 2.2179240746869212351e-015 
3.6499999999997090327 0.31100621633069724936 -1.5758877615815283235 -2.514894690654923437 1.0948207269371676397e-015 
3.6749999999997062794 0.31100621954632762245 -1.5758878611882867204 -2.5148946906549238811 1.2423204245193679181e-015 
3.699999999999703526 0.31100621923619048426 -1.5758879678825228332 -2.5148946906549247693 1.031398154522452296e-015 
3.7249999999997007727 0.31100622203716155045 -1.575888045794587411 -2.5148946906549247693 8.5369664967508373331e-016 
3.7499999999996980193 0.31100621724177324179 -1.575887992241181923 -2.5148946906549252134 5.0108915709743666479e-016 
3.774999999999695266 0.31100621424116675628 -1.5758879092001003563 -2.5148946906549247693 5.506825745625010319e-016 
3.7999999999996925126 0.31100621900596175928 -1.5758879425255272189 -2.5148946906549265456 4.9765519666232730242e-016 
3.8249999999996897593 0.31100621702479552821 -1.5758879145826285573 -2.5148946906549256575 1.9078944673328731711e-016 
3.8499999999996870059 0.31100621488824303773 -1.5758878923599031197 -2.5148946906549265456 2.0726109458231687575e-016 
3.8749999999996842526 0.31100621671690742431 -1.5758879625676898151 -2.5148946906549252134 2.457276086331095374e-016 
3.8999999999996814992 0.31100621634686087535 -1.5758879896426782885 -2.5148946906549256575 2.0904060137240641854e-016 
3.9249999999996787459 0.31100621805224010208 -1.5758880003323452179 -2.5148946906549261016 7.8521910986472860208e-017 
3.9499999999996759925 0.31100621885939128131 -1.575887980933778465 -2.5148946906549261016 8.8962465339304218887e-017 
3.9749999999996732392 0.31100621684196139149 -1.5758879107671392994 -2.5148946906549261016 9.0819153548963673579e-017 
3.9999999999996704858 0.31100621802056926946 -1.575887899857134844 -2.5148946906549261016 5.5005249271182599432e-017 
4.0249999999996788347 0.31100621911357007043 -1.5758879203388245216 -2.5148946906549265456 5.326655018138180752e-017 
4.0499999999996871836 0.31100621766880620633 -1.5758879332078912228 -2.5148946906549269897 4.7133844038367049384e-017 
4.0749999999996955324 0.31100621635175046409 -1.575887960122451581 -2.5148946906549261016 2.6112112264466726475e-017 
4.0999999999997038813 0.31100621542380918472 -1.5758879709412809689 -2.5148946906549256575 1.9742303021276339916e-017 
4.1249999999997122302 0.31100621628443086975 -1.5758879719516145634 -2.5148946906549265456 2.0698699473875751125e-017 
4.1499999999997205791 0.31100621794411964505 -1.5758879559237231049 -2.5148946906549261016 2.1355927427776801428e-017 
4.1749999999997289279 0.31100621822396462557 -1.575887924346463187 -2.5148946906549269897 9.4509378165891472109e-018 
4.1999999999997372768 0.31100621825657803754 -1.5758879311041393834 -2.5148946906549261016 8.0197554076393613691e-018 
4.2249999999997456257 0.31100621769955089091 -1.5758879502841729447 -2.5148946906549256575 1.0139680853154436213e-017 
4.2499999999997539746 0.31100621671152023362 -1.5758879496575655121 -2.5148946906549265456 6.6095547875047670257e-018 
4.2749999999997623235 0.31100621680674772618 -1.5758879523247417698 -2.5148946906549256575 3.3353815728126632823e-018 
4.2999999999997706723 0.31100621719645876739 -1.5758879504379366132 -2.5148946906549261016 3.7982177404344734816e-018 
4.3249999999997790212 0.31100621760403807103 -1.5758879428252190458 -2.5148946906549265456 4.5137546713743660327e-018 
4.3499999999997873701 0.31100621783277865307 -1.5758879411101838208 -2.5148946906549265456 2.161843815971201198e-018 
4.374999999999795719 0.31100621717770238206 -1.5758879401130525544 -2.5148946906549269897 1.5129256496720208447e-018 
4.3999999999998040678 0.31100621696543362393 -1.5758879449272100715 -2.5148946906549265456 1.6671811630809282693e-018 
4.4249999999998124167 0.31100621743418538356 -1.575887952258191671 -2.5148946906549265456 1.4522540404398067287e-018 
4.4499999999998207656 0.3110062174461044604 -1.5758879531221579029 -2.5148946906549252134 7.928507810954516686e-019 
4.4749999999998291145 0.31100621737296291203 -1.5758879514728336702 -2.5148946906549252134 8.6525337927450942118e-019 
4.4999999999998374633 0.31100621736116967897 -1.5758879467671400576 -2.5148946906549265456 7.4972173011565628496e-019 
4.5249999999998458122 0.31100621723936600072 -1.5758879424511302858 -2.5148946906549261016 4.4513145451721760932e-019 
4.5499999999998541611 0.31100621733346345277 -1.5758879434891364113 -2.5148946906549269897 2.3101180847636432507e-019 
4.57499999999986251 0.31100621739841655122 -1.5758879439556672253 -2.5148946906549265456 4.2295943704915164104e-019 
4.5999999999998708589 0.31100621737017764001 -1.575887944212726488 -2.5148946906549252134 3.1436986800652905948e-019 
4.6249999999998792077 0.31100621743329642799 -1.5758879475152478555 -2.5148946906549256575 1.2882406463409604825e-019 
4.6499999999998875566 0.31100621736876316037 -1.5758879495649411595 -2.5148946906549256575 1.5998754248405299231e-019 
4.6749999999998959055 0.31100621725901839154 -1.5758879488095196564 -2.5148946906549265456 1.5544188622321637771e-019 
4.6999999999999042544 0.31100621725488830638 -1.5758879470530973155 -2.5148946906549256575 7.1605059007216522403e-020 
4.7249999999999126032 0.31100621729805533189 -1.57588794585204095 -2.5148946906549265456 7.6123831767570652271e-020 
4.7499999999999209521 0.31100621740372524915 -1.5758879461192674132 -2.5148946906549256575 8.0924534749404431681e-020 
4.774999999999929301 0.31100621743096890093 -1.5758879461905286323 -2.5148946906549261016 5.4149040531322103688e-020 
4.7999999999999376499 0.31100621735381317468 -1.5758879460267936068 -2.5148946906549261016 2.6867756584793397605e-020 
4.8249999999999459988 0.31100621732496941396 -1.575887946727989597 -2.5148946906549265456 3.0577191956788876301e-020 
4.8499999999999543476 0.31100621731208366594 -1.5758879467518513984 -2.5148946906549269897 2.9953397437750593647e-020 
4.8749999999999626965 0.31100621732575484124 -1.5758879462071666566 -2.5148946906549261016 2.1152235462408682295e-020 
4.8999999999999710454 0.31100621737560868452 -1.5758879463908739282 -2.5148946906549256575 1.3141830337033806431e-020 
4.9249999999999793943 0.31100621736495775993 -1.5758879465949136023 -2.5148946906549261016 1.2538773873739151393e-020 
4.9499999999999877431 0.31100621733964750604 -1.5758879468059761031 -2.5148946906549269897 1.3572869942793152608e-020 
4.974999999999996092 0.31100621733443772898 -1.5758879470801581135 -2.5148946906549252134 5.0373602482897014094e-021 
