0.025000000000000015266 0.59149144237223394427 0.00045663123997414373223 -2.2508780362157487787 0.037263004112729515571 
0.05000000000000003747 0.57016546604886708671 0.01593108191623655856 -2.2625517933308976204 0.049234488133671247545 
0.075000000000000052736 0.44460465104933954983 -0.0015948648595581205178 -2.2913424446730261685 0.076614078803344962121 
0.10000000000000007494 0.41701672349709345555 -0.048875376829559336045 -2.3400657269660727344 0.092069662772168089915 
0.12500000000000008327 0.26898500846643780271 -0.40483619404851789447 -2.3722733723053233135 0.044708816370130230466 
0.15000000000000010547 0.24860305878859853546 -1.6655999325070078854 -2.3887820519602045444 0.031263250104584500155 
0.17500000000000012768 0.30930253538453028606 -2.0525478739159241925 -2.4048889083233095931 0.035769900224681905332 
0.20000000000000014988 0.27808490709907690563 -1.2950728358103287263 -2.4202232985223077755 0.022407608954796591483 
0.22500000000000017208 0.27847976483029251993 -1.4608866387609329429 -2.4297797927278188546 0.021443755687012570205 
0.25000000000000016653 0.30462709158557282896 -1.110808061768778332 -2.4420430825923560292 0.026514509469936744374 
0.27500000000000018874 0.31037667512887101573 -0.47159439902491445684 -2.4521162754812628748 0.015719512422965750686 
0.30000000000000021094 0.33040344040040764417 -0.64040860139943156515 -2.459914139851493875 0.017417216274889461142 
0.32500000000000023315 0.33913037831622461216 -0.78028497735370916377 -2.4695434277949619428 0.020104942281084007411 
0.35000000000000025535 0.34783134392135717228 -1.2865147323068064633 -2.4774450167978505633 0.012689111492317288812 
0.37500000000000027756 0.33415613193622756283 -1.8024512111360353472 -2.4827155676952545882 0.010704104844432854246 
0.40000000000000029976 0.28835627406906333414 -1.5434644890679094509 -2.4889650596627506118 0.013984730031727517219 
0.42500000000000032196 0.28078659696765340126 -1.5052591296501722784 -2.4955841613743463547 0.012564584663734510231 
0.45000000000000034417 0.29142215480572092323 -1.6096038494776341299 -2.5005565600820682803 0.0079569337515718804865 
0.47500000000000036637 0.30453603386817940102 -1.5943898407927235006 -2.5035092858823833062 0.0048151235797757509921 
0.50000000000000033307 0.32357798484194338906 -1.7709127317226429632 -2.5058617339535329549 0.0045757773518683214284 
0.52500000000000035527 0.3129167404608791947 -1.7870300956951559179 -2.5079205302892089158 0.0039893073461269535837 
0.55000000000000037748 0.29954826899609982016 -1.7552521938776617372 -2.5093967259524694313 0.0020449225467876700618 
0.57500000000000039968 0.30513559581322641234 -1.6461853080262680571 -2.510277181520619294 0.0019771472850003660345 
0.60000000000000042188 0.30900642260282817908 -1.3465879720521676255 -2.5114199167012221103 0.0023465155288354489285 
0.62500000000000044409 0.31990391544625546016 -1.3372791913357531257 -2.5123152652148270647 0.0013618284879939300275 
0.65000000000000046629 0.3236164104113584683 -1.4498717757019652375 -2.5127760583623692803 0.00068699062201636989632 
0.6750000000000004885 0.30847748670404923077 -1.5239651265492901722 -2.5131905042487359125 0.0010350223715563176396 
0.7000000000000005107 0.30079121743532516442 -1.747237211762878939 -2.5136537000707810385 0.000722396573993864307 
0.72500000000000053291 0.30243744954522383539 -1.8343083584449566548 -2.5138808472527487403 0.00031524279928503613508 
0.75000000000000055511 0.30580690968282647768 -1.7158497584130345537 -2.514043084804407524 0.00040889864884077617912 
0.77500000000000057732 0.31397809951337735113 -1.580464894694101563 -2.5142732949896346994 0.00044550117743963129572 
0.80000000000000059952 0.31712702493882632959 -1.4626041784978940363 -2.51443076380635544 0.00022254684524805850958 
0.82500000000000062172 0.31462778927762707903 -1.4631592122882599583 -2.5145091831893533474 0.00012301555893809204534 
0.85000000000000064393 0.3120376847855889646 -1.5271929463283715478 -2.5145759969731771299 0.00016105486408590977804 
0.87500000000000066613 0.3084974459952649628 -1.5537946882083231159 -2.5146567595761464275 0.00015229581975456876904 
0.90000000000000068834 0.30845899492876116543 -1.6057323071234426148 -2.5147162671761220665 8.9551407331964514658e-005 
0.92500000000000071054 0.31095110692184108059 -1.6342328981791931497 -2.5147464526216158909 5.2925800437972108021e-005 
0.95000000000000073275 0.31160631817213485517 -1.5967846807791026276 -2.51477900283526834 7.3420307984247952862e-005 
0.97500000000000075495 0.31148794493745224354 -1.5756408010778859552 -2.5148090359067278854 4.3887328165048935971e-005 
1.0000000000000006661 0.31027571494001543462 -1.5711419917384534806 -2.5148228210839409513 2.2235240236972570854e-005 
1.0249999999999979128 0.30994322076864982973 -1.5634751008091551938 -2.5148366819884193646 3.4573184807552096993e-005 
1.0499999999999951594 0.31147524959454081506 -1.5728001514615634893 -2.514852752675495573 2.7226260686858238781e-005 
1.0749999999999924061 0.31162974477780408522 -1.5826017740226934194 -2.5148626850787620945 1.3739368807368849116e-005 
1.0999999999999896527 0.311299207134014988 -1.5827307789040399033 -2.5148673609855980438 9.6833548633651387141e-006 
1.1249999999999868994 0.3113446483522063768 -1.5760957989758352937 -2.5148732739323178542 1.2531662651193371645e-005 
1.149999999999984146 0.31064422130242336229 -1.567077549826285221 -2.5148786075740692247 8.9980292842959024924e-006 
1.1749999999999813927 0.31064906548974302591 -1.5683053522701906335 -2.5148820270412350908 5.6014799484622523147e-006 
1.1999999999999786393 0.31113064852760624612 -1.5696633070165528778 -2.5148844575141731106 4.8227889368880288195e-006 
1.224999999999975886 0.31106012740855071286 -1.5722152596585563522 -2.5148868144045057882 4.6641508564565674748e-006 
1.2499999999999731326 0.31112898443826070283 -1.5860431794233362801 -2.5148888109335145735 3.0106208377420920374e-006 
1.2749999999999703792 0.31092567076392135794 -1.5880700988062819157 -2.5148897561244409893 1.6488642830093505369e-006 
1.2999999999999676259 0.31061953173208628476 -1.5775036600353193883 -2.5148907267856031034 2.2331300232489277531e-006 
1.3249999999999648725 0.31096829856204705189 -1.5747440528709801821 -2.5148918008761089737 1.8751725381939313403e-006 
1.3499999999999621192 0.31125046793691252267 -1.5728521705789744178 -2.5148924018457647911 7.4828957689967803964e-007 
1.3749999999999593658 0.31119160743415352766 -1.5708237228266179741 -2.5148927994725140955 1.0844400749048324029e-006 
1.3999999999999566125 0.31106199792776184632 -1.5739528225058594391 -2.5148933235754116211 8.2297341507908758882e-007 
1.4249999999999538591 0.31089743490358351385 -1.576034803735239187 -2.5148935845526998456 3.2691255430986212938e-007 
1.4499999999999511058 0.31093510939584273478 -1.5777959852911187522 -2.5148937423670316704 4.3446464430567597815e-007 
1.4749999999999483524 0.31101998600366181913 -1.5778531159671367323 -2.5148939919307338187 5.1109659904135713983e-007 
1.4999999999999455991 0.31099214113949807947 -1.5747978870301486687 -2.5148941912093860651 2.7304276673749903063e-007 
1.5249999999999428457 0.31101055231274837842 -1.5747900328816788473 -2.5148942746721618668 1.2250131463171166012e-007 
1.5499999999999400924 0.31099892869537565376 -1.5759981020591533607 -2.5148943421884095706 1.6215066660318855975e-007 
1.574999999999937339 0.31099744554324532109 -1.5763131562121017737 -2.5148944207460610656 1.5463428056869065823e-007 
1.5999999999999345857 0.31103774779049842003 -1.5773119624155162999 -2.5148944913131359158 1.2000152562847061614e-007 
1.6249999999999318323 0.31099227933282652669 -1.5766362647860014956 -2.5148945342699549066 6.691308869836503303e-008 
1.649999999999929079 0.31099130560642040955 -1.575538875088622115 -2.5148945630656101002 5.9397674084826401245e-008 
1.6749999999999263256 0.31103662562967820948 -1.5755810465925010888 -2.5148945931762707318 5.6722771743586058374e-008 
1.6999999999999235722 0.31100354465107815649 -1.575061301308452677 -2.5148946146535520185 3.1071780879017471759e-008 
1.7249999999999208189 0.31099838803249590935 -1.5749190653561258024 -2.5148946270258938362 2.6561343002279053543e-008 
1.7499999999999180655 0.31101638807035170142 -1.5755830369717609418 -2.5148946424876670314 3.4642396972887538386e-008 
1.7749999999999153122 0.31099798465068045905 -1.5762960260265355128 -2.5148946560029905584 1.6622310733250016619e-008 
1.7999999999999125588 0.31100163047263512661 -1.5767392619257334374 -2.514894661142375476 9.8770167242339601006e-009 
1.8249999999999098055 0.31100228362421655781 -1.5762335155491682404 -2.5148946671212333293 1.3530763128648422245e-008 
1.8499999999999070521 0.31099889752010145827 -1.575804971549448652 -2.5148946730050698584 9.8357436306837739973e-009 
1.8749999999999042988 0.31102063055736339781 -1.575936601500991241 -2.5148946765374571299 5.2457933158241493258e-009 
1.8999999999999015454 0.31101886481431206821 -1.575664166582540382 -2.514894679216513218 6.2396438706919492447e-009 
1.9249999999998987921 0.31100182455983321761 -1.5756200841394294443 -2.5148946822527831202 5.7253918949532974651e-009 
1.9499999999998960387 0.31099780941506993681 -1.5760042574143293681 -2.5148946842425679016 2.4058616795877379813e-009 
1.9749999999998932854 0.31099534953273172411 -1.5760230717948715551 -2.514894685197584856 1.9200073018609192237e-009 
1.999999999999890532 0.31100314267971690407 -1.5759031326661614436 -2.5148946862403271929 2.4637197083093069327e-009 
2.0249999999998880007 0.31101212627671170896 -1.5757975163389095208 -2.5148946874352144931 2.1555420518968628857e-009 
2.0499999999998852473 0.31101399211860603078 -1.5756734604667173016 -2.5148946882045546403 1.0720891460602273587e-009 
2.074999999999882494 0.31101682714673345442 -1.5757881174333339125 -2.5148946886502496767 8.3330059565058176048e-010 
2.0999999999998797406 0.31100784863181535345 -1.5759764312186033131 -2.5148946890449530578 8.5329714973790282006e-010 
2.1249999999998769873 0.31099638536757434615 -1.5760531852056205437 -2.5148946894367063543 6.6068403196156286964e-010 
2.1499999999998742339 0.31099856418367366473 -1.576052252844573065 -2.5148946896765469461 3.7522472254330328638e-010 
2.1749999999998714806 0.31100344413829505985 -1.5759546211276469485 -2.5148946898730373256 4.523940384830913583e-010 
2.1999999999998687272 0.31100887074302024926 -1.5758534992290602617 -2.5148946900793660575 3.6252606424084934224e-010 
2.2249999999998659739 0.31101105820012192593 -1.5757929590771491135 -2.5148946902078375132 1.7887217892594486833e-010 
2.2499999999998632205 0.31100600594142818744 -1.5757552711790725475 -2.5148946902809323767 1.2628722952991005384e-010 
2.2749999999998604672 0.31100578111327592534 -1.5758140723049218757 -2.5148946903521269824 1.881100439554906358e-010 
2.2999999999998577138 0.31100816387143143116 -1.5759101019317252046 -2.5148946904379263501 1.3596659089338430301e-010 
2.3249999999998549605 0.31100665525707493764 -1.5759410990337923142 -2.5148946904837905514 6.0630160410899620442e-011 
2.3499999999998522071 0.3110063546977585025 -1.575939950664844158 -2.5148946905119387019 6.7100136675237622353e-011 
2.3749999999998494538 0.31100542399478264821 -1.5759262607006938595 -2.5148946905480964453 7.2282171162297141052e-011 
2.3999999999998467004 0.31100378568912245836 -1.5759029449513923815 -2.5148946905728242207 3.0179765962171117799e-011 
2.4249999999998439471 0.3110052240859778605 -1.5758805511391009713 -2.5148946905854336897 2.6906402191058440712e-011 
2.4499999999998411937 0.31100672822226804737 -1.5758569604838947864 -2.5148946906016065306 3.7230131737488276498e-011 
2.4749999999998384403 0.31100735085744918296 -1.575864041205079058 -2.5148946906159985737 2.0150903457008093129e-011 
2.499999999999835687 0.31100752329874209456 -1.575887829901636783 -2.5148946906229951992 1.1217950070223774647e-011 
2.5249999999998329336 0.31100628871195629133 -1.5758879492850976778 -2.5148946906290210457 1.3643709144426464854e-011 
2.5499999999998301803 0.31100556029643977585 -1.5758898753838266327 -2.5148946906355780229 1.2059711840226743098e-011 
2.5749999999998274269 0.311005736137032196 -1.5758944149855689254 -2.5148946906396090206 5.5970656733190757226e-012 
2.5999999999998246736 0.3110060531338187384 -1.5758872634856968542 -2.5148946906424161085 5.8214472301755859026e-012 
2.6249999999998219202 0.31100665074335825944 -1.5758898996212331589 -2.5148946906453035766 6.0742473446969814206e-012 
2.6499999999998191669 0.31100648139424147409 -1.5758926923395186748 -2.514894690647819786 4.1012445378228837676e-012 
2.6749999999998164135 0.31100596024767257486 -1.5758881614015409767 -2.5148946906493185871 1.9788601610164394588e-012 
2.6999999999998136602 0.31100603993261199953 -1.5758899156621308801 -2.514894690650039788 1.5906422715414329298e-012 
2.7249999999998109068 0.31100608007213004225 -1.5758878634460418144 -2.5148946906511850941 2.8236313780844871769e-012 
2.7499999999998081535 0.31100624539912230526 -1.5758825350434011447 -2.514894690652304643 1.5982394561934968117e-012 
2.7749999999998054001 0.31100649909086658385 -1.5758838694756045484 -2.5148946906527736012 4.9598810209420139296e-013 
2.7999999999998026468 0.31100630409699436818 -1.5758874176806689782 -2.5148946906530977863 9.8596731514445295081e-013 
2.8249999999997998934 0.31100616035949274485 -1.575891306382724677 -2.514894690653604048 8.8784410129141182605e-013 
2.84999999999979714 0.31100611686676893353 -1.5758915726576159244 -2.5148946906538807156 3.4603961527959412295e-013 
2.8749999999997943867 0.31100603884561134338 -1.575888209533740314 -2.5148946906540543544 4.087733151361653179e-013 
2.8999999999997916333 0.31100626500495820448 -1.5758870754788869561 -2.5148946906542777313 4.4756722302358813427e-013 
2.92499999999978888 0.31100643159680385619 -1.5758858548063614524 -2.5148946906544384916 2.1818878425958556747e-013 
2.9499999999997861266 0.31100629247817995759 -1.5758858298021154454 -2.5148946906545170954 1.4350829537419948654e-013 
2.9749999999997833733 0.31100616357805682677 -1.5758885904771569031 -2.5148946906546050251 2.0516075558245917569e-013 
2.9999999999997806199 0.31100609052797406617 -1.5758894304371426909 -2.5148946906546854052 1.1359154350308287e-013 
3.0249999999997778666 0.31100611909427178237 -1.5758893130726288057 -2.5148946906547302582 8.8620944861189276283e-014 
3.0499999999997751132 0.31100624267179127758 -1.575889076321375537 -2.5148946906547697822 7.6899443345107648803e-014 
3.0749999999997723599 0.31100628417739267784 -1.5758874895254790793 -2.514894690654808862 7.296815206507116261e-014 
3.0999999999997696065 0.3110062704391976518 -1.5758867437037031856 -2.5148946906548377278 4.587513816996868433e-014 
3.1249999999997668532 0.31100623565974044871 -1.5758867917545944515 -2.5148946906548528268 2.0769595289732637446e-014 
3.1499999999997640998 0.31100619054411043907 -1.5758872412813886843 -2.5148946906548639291 3.0732206797053729818e-014 
3.1749999999997613465 0.31100620223687225341 -1.5758884652134341753 -2.5148946906548812485 3.3408210754499197219e-014 
3.1999999999997585931 0.31100621613844731117 -1.575888729642926922 -2.5148946906548927949 1.5578389028088129013e-014 
3.2249999999997558398 0.31100621129770722462 -1.5758883873988038804 -2.514894690654898568 9.0335516252574265489e-015 
3.2499999999997530864 0.3110062177322863719 -1.5758883763659730093 -2.514894690654903453 1.2384632054131514503e-014 
3.274999999999750333 0.31100620994163397093 -1.5758878503485842515 -2.5148946906549092262 9.0905475636779249505e-015 
3.2999999999997475797 0.31100621456344695881 -1.5758874203350110577 -2.5148946906549127789 5.4218376373725111959e-015 
3.3249999999997448263 0.31100622945340672398 -1.5758876578146794323 -2.5148946906549158875 6.4101924548757769787e-015 
3.349999999999742073 0.31100621993129612397 -1.575887878558315025 -2.5148946906549189961 4.839168062587678e-015 
3.3749999999997393196 0.31100621800284844465 -1.5758880367449799031 -2.5148946906549198843 2.0330398154770589307e-015 
3.3999999999997365663 0.31100621946799000828 -1.5758881518836882485 -2.5148946906549203284 2.1662275943665310241e-015 
3.4249999999997338129 0.31100620971242537438 -1.5758880701456936535 -2.5148946906549221048 2.4271633653355928343e-015 
3.4499999999997310596 0.31100621484841883824 -1.5758879293310519287 -2.514894690654923437 1.9006391548840309492e-015 
3.4749999999997283062 0.31100622171657305026 -1.575887813566986928 -2.5148946906549247693 9.3160618643969310442e-016 
3.4999999999997255529 0.31100621920637666618 -1.5758878502773656649 -2.5148946906549243252 8.9408971154532147127e-016 
3.5249999999997227995 0.31100621968022407193 -1.5758879805891601311 -2.5148946906549247693 8.3727709960496843426e-016 
3.5499999999997200462 0.31100621691046115291 -1.5758879930987554907 -2.5148946906549252134 5.1604663245087831058e-016 
3.5749999999997172928 0.3110062139799044667 -1.5758880006743383184 -2.5148946906549243252 4.2021707381851837466e-016 
3.5999999999997145395 0.31100621544337758717 -1.5758880058957314141 -2.5148946906549252134 4.5914984246843038315e-016 
3.6249999999997117861 0.31100621576445003358 -1.5758879057258843304 -2.5148946906549252134 2.8837700043531727298e-016 
3.6499999999997090327 0.31100621806053940777 -1.5758878774458129346 -2.5148946906549261016 1.5585240115317175609e-016 
3.6749999999997062794 0.31100621996071364794 -1.5758879353874239992 -2.5148946906549256575 1.782817169518080301e-016 
3.699999999999703526 0.31100621859943250458 -1.5758879535405729833 -2.5148946906549256575 1.6026756323503762489e-016 
3.7249999999997007727 0.31100621780835630004 -1.5758879696239467272 -2.5148946906549265456 9.7486703679993743813e-017 
3.7499999999996980193 0.31100621656687860161 -1.5758879678180592876 -2.5148946906549261016 7.4324894783600562921e-017 
3.774999999999695266 0.31100621652715021437 -1.5758879439786774856 -2.5148946906549256575 7.9179515657786033198e-017 
3.7999999999996925126 0.31100621800229577563 -1.5758879415151589853 -2.5148946906549261016 5.6736671087406738706e-017 
3.8249999999996897593 0.31100621709551101723 -1.5758879259003437667 -2.5148946906549261016 2.4383113135873672619e-017 
3.8499999999996870059 0.31100621657696553291 -1.5758879265950322957 -2.5148946906549269897 2.7037024591311869915e-017 
3.8749999999996842526 0.31100621730606808901 -1.5758879593980266165 -2.5148946906549261016 3.7911444360026946695e-017 
3.8999999999996814992 0.31100621701982150702 -1.5758879658240565469 -2.5148946906549261016 2.0951768352875808438e-017 
3.9249999999996787459 0.31100621743274775577 -1.575887962309374668 -2.5148946906549256575 8.330912863880620138e-018 
3.9499999999996759925 0.31100621782516185698 -1.575887955666005924 -2.5148946906549261016 1.1579019326572051816e-017 
3.9749999999996732392 0.31100621739484057837 -1.5758879329848314299 -2.5148946906549265456 1.2044521993913347407e-017 
3.9999999999996704858 0.31100621776651971029 -1.575887929396200704 -2.5148946906549265456 5.8143613404906586165e-018 
4.0249999999996788347 0.31100621780608822542 -1.575887938962444057 -2.5148946906549265456 6.5093584899387544293e-018 
4.0499999999996871836 0.31100621714376347482 -1.5758879434065016234 -2.5148946906549261016 5.1379364722363795212e-018 
4.0749999999996955324 0.31100621693518337718 -1.575887951567350953 -2.5148946906549265456 2.6414362918840309673e-018 
4.0999999999997038813 0.31100621685437884745 -1.5758879562216487891 -2.5148946906549269897 2.3831775291699889193e-018 
4.1249999999997122302 0.3110062171023192934 -1.575887954426302473 -2.5148946906549261016 2.6256956138532927929e-018 
4.1499999999997205791 0.31100621760313662545 -1.5758879471855080645 -2.5148946906549265456 2.0358443582774577543e-018 
4.1749999999997289279 0.31100621763870406333 -1.5758879394118820993 -2.5148946906549269897 9.703581526875668576e-019 
4.1999999999997372768 0.31100621753932372604 -1.5758879432151906563 -2.5148946906549269897 9.5067381109108676854e-019 
4.2249999999997456257 0.31100621739553097056 -1.5758879478964182841 -2.5148946906549261016 1.0390468946361167421e-018 
4.2499999999997539746 0.31100621717930654331 -1.5758879468004434177 -2.5148946906549261016 6.4719503773248777387e-019 
4.2749999999997623235 0.31100621722876164998 -1.5758879484120289494 -2.5148946906549261016 3.2645913999207821918e-019 
4.2999999999997706723 0.3110062173363384308 -1.5758879479574674498 -2.5148946906549265456 4.2808488909536379092e-019 
4.3249999999997790212 0.31100621740352990541 -1.5758879447473110869 -2.5148946906549274338 4.4725147204466329376e-019 
4.3499999999997873701 0.3110062174301921889 -1.5758879444888189703 -2.5148946906549261016 1.7622238993279270572e-019 
4.374999999999795719 0.31100621728523542009 -1.5758879451340166433 -2.5148946906549261016 1.3564930972771169151e-019 
4.3999999999998040678 0.31100621727200222777 -1.5758879466970672212 -2.5148946906549261016 1.982116617511759527e-019 
4.4249999999998124167 0.31100621738907824332 -1.575887948608011957 -2.5148946906549256575 1.1136855853366108097e-019 
4.4499999999998207656 0.3110062173594444479 -1.5758879485241363838 -2.5148946906549256575 7.8110510328242862958e-020 
4.4749999999998291145 0.31100621733951416825 -1.5758879477653886525 -2.5148946906549261016 7.9757640270730905097e-020 
4.4999999999998374633 0.31100621735381356325 -1.5758879464308588325 -2.5148946906549265456 7.0553072979083969065e-020 
4.5249999999998458122 0.31100621732472011338 -1.5758879451394953719 -2.5148946906549261016 2.933559587779779883e-020 
4.5499999999998541611 0.3110062173480656611 -1.5758879453904475199 -2.5148946906549265456 2.6555933243074374519e-020 
4.57499999999986251 0.31100621736089295588 -1.5758879458048007383 -2.5148946906549256575 3.8659975243708354025e-020 
4.5999999999998708589 0.3110062173481567549 -1.5758879461753028117 -2.5148946906549265456 2.3269830478244329106e-020 
4.6249999999998792077 0.3110062173673585062 -1.575887947166449754 -2.5148946906549252134 1.1793439177012914473e-020 
4.6499999999998875566 0.31100621734639938287 -1.5758879475638023493 -2.5148946906549261016 1.2849970366669332971e-020 
4.6749999999998959055 0.3110062173125076046 -1.575887947091400676 -2.5148946906549269897 1.2808810594690282047e-020 
4.6999999999999042544 0.31100621732398275876 -1.5758879465712372081 -2.5148946906549265456 5.854304402140397705e-021 
4.7249999999999126032 0.31100621734436884047 -1.5758879463467341253 -2.5148946906549265456 6.1674490049675717074e-021 
4.7499999999999209521 0.31100621736480943413 -1.5758879464030515205 -2.5148946906549256575 6.5195980192355939883e-021 
4.774999999999929301 0.31100621736633027314 -1.5758879464158455086 -2.5148946906549252134 3.7937248407867418975e-021 
4.7999999999999376499 0.31100621734472350122 -1.575887946458350175 -2.5148946906549252134 2.0555917841999170205e-021 
4.8249999999999459988 0.31100621733642214162 -1.5758879466697530702 -2.5148946906549265456 2.4493972689389074329e-021 
4.8499999999999543476 0.31100621733626537813 -1.5758879466387196722 -2.5148946906549256575 2.2402846694944541874e-021 
4.8749999999999626965 0.31100621734183425682 -1.5758879464850896746 -2.5148946906549261016 1.5705428653798996882e-021 
4.8999999999999710454 0.31100621735348649155 -1.575887946534922035 -2.5148946906549256575 7.8127633191481377952e-022 
4.9249999999999793943 0.3110062173502206595 -1.5758879465803854458 -2.5148946906549261016 1.0877268177714402978e-021 
4.9499999999999877431 0.31100621734352557057 -1.5758879466356876531 -2.5148946906549256575 8.6671026650861341106e-022 
4.974999999999996092 0.31100621734247402284 -1.5758879467068660496 -2.5148946906549256575 2.9739028350422881819e-022 
