0.025000000000000015266 0.59140131144031260479 0.0004560334552521604079 -2.2509790737245243264 0.037203115521374993668 
0.05000000000000003747 0.57013658574712344773 0.015908301050842357793 -2.262704222072961624 0.049074248359920039086 
0.075000000000000052736 0.44485101551213179771 -0.0014937978350617608925 -2.2915870261898021454 0.076316991417048923863 
0.10000000000000007494 0.41742715237757005431 -0.048753505702293531421 -2.3404723421421689267 0.091790552373835834765 
0.12500000000000008327 0.26968071706986485037 -0.40450450438758378535 -2.3728038175401042764 0.044527581396287603532 
0.15000000000000010547 0.24906255846521344055 -1.6595196524943227612 -2.3893206045800328141 0.030994129059703372925 
0.17500000000000012768 0.30948366115387770936 -2.044091860401011207 -2.4054184947740142597 0.035539310377165046761 
0.20000000000000014988 0.2787821062564735386 -1.2914672117040277843 -2.4207763924608012296 0.022345927368664954271 
0.22500000000000017208 0.27942236654515767436 -1.4543696578802918218 -2.4303629266727275748 0.021289132969460378836 
0.25000000000000016653 0.30540403430951468255 -1.1081834771791307936 -2.4426062496681648639 0.026293935956966565937 
0.27500000000000018874 0.31098828895795771476 -0.47754280176985736128 -2.4526938720086284285 0.01571624360052331984 
0.30000000000000021094 0.33080584861529305218 -0.64403034684258697595 -2.4605529626936979426 0.017368169959158994559 
0.32500000000000023315 0.33920385825090981768 -0.78435394999496976798 -2.4701249501910051976 0.019714213730057123658 
0.35000000000000025535 0.34700524261851078967 -1.288619488139703062 -2.4779213949319256471 0.012473748556546714744 
0.37500000000000027756 0.33321760814931195016 -1.8026595238521117004 -2.4831949955351899639 0.010712770937325520951 
0.40000000000000029976 0.28812969153213968676 -1.545710520713203362 -2.4894739039932853863 0.013923264745492274982 
0.42500000000000032196 0.28070052665736971997 -1.50915454071010946 -2.4960718519117550684 0.012347059665980108373 
0.45000000000000034417 0.29170610815555303441 -1.6214110421786904759 -2.500942250503625619 0.0076252000041224119939 
0.47500000000000036637 0.30519356998418306626 -1.6046336799546496721 -2.5037867971074745377 0.0046597761394604501548 
0.50000000000000033307 0.32349901184577439794 -1.7699562324767050825 -2.5061043248150216556 0.0044952750800039478762 
0.52500000000000035527 0.31258566304401746994 -1.7801873213788041994 -2.5081242060492807688 0.0038465097578664476756 
0.55000000000000037748 0.29978315294248769618 -1.7437207924411568527 -2.5095521037351655735 0.0019677699036798790462 
0.57500000000000039968 0.30564377711644630242 -1.6343860373967600275 -2.5104213242728943278 0.0019602513846704388255 
0.60000000000000042188 0.30942719696756043612 -1.3467679091289688209 -2.5115454665546939061 0.0022629107185645931655 
0.62500000000000044409 0.31968857819208101878 -1.3435560280377614184 -2.5124099264997852288 0.0012968187955581327551 
0.65000000000000046629 0.32298403969168060224 -1.4553897575203991188 -2.5128500353844374082 0.00065759417158678184438 
0.6750000000000004885 0.30822747022818519635 -1.5318137410337300253 -2.5132559868070480924 0.0010077970608125864666 
0.7000000000000005107 0.30099959469332182582 -1.7512415528561184885 -2.513704851558139719 0.00068549345503566357259 
0.72500000000000053291 0.30274236525221021044 -1.8289088091636869216 -2.5139208109124733248 0.00030030241396207448413 
0.75000000000000055511 0.30603794462112643426 -1.7059445194920734856 -2.5140801555568250691 0.00040074200522060134198 
0.77500000000000057732 0.31408307242223354461 -1.5750836396395624384 -2.5143031180864112706 0.00042185907522281621733 
0.80000000000000059952 0.31711622160305835694 -1.4646664305606666989 -2.5144525498191079294 0.0002088158377676969837 
0.82500000000000062172 0.3144815238793551293 -1.4660058951922039228 -2.5145263375145563423 0.00011652333798398459936 
0.85000000000000064393 0.31185416413401334523 -1.5286074216084633015 -2.5145917683844007939 0.00015668408961566832657 
0.87500000000000066613 0.30847120650503695449 -1.5565448861492008348 -2.5146695112818884255 0.00014408219401440016099 
0.90000000000000068834 0.30853994331665951512 -1.6072756873386684351 -2.514725835918583563 8.3215206991111759617e-005 
0.92500000000000071054 0.3110296795704585171 -1.6326885238462152117 -2.514754357506448823 5.0951743818802219734e-005 
0.95000000000000073275 0.31162393389687870204 -1.5948846231964148856 -2.5147856688721859086 6.9239000892971357972e-005 
0.97500000000000075495 0.31143525449898701307 -1.5750806638954744088 -2.5148139095347685767 4.0632782143985422157e-005 
1.0000000000000006661 0.31028889121879182911 -1.5713670372454648927 -2.5148269102290821131 2.1520409537577302932e-005 
1.0249999999999979128 0.30999851189093674542 -1.5637212326599043699 -2.5148403260348124455 3.2591375476743420251e-005 
1.0499999999999951594 0.3114578396142205774 -1.572940330010082377 -2.5148554586313451864 2.5502720995246542314e-005 
1.0749999999999924061 0.31160936273564066035 -1.5827202409690079854 -2.5148647492040616669 1.2462431689463400255e-005 
1.0999999999999896527 0.31130079854408004847 -1.5824226115048092289 -2.5148690696217084195 9.2384996842331219494e-006 
1.1249999999999868994 0.31133024092955957629 -1.5757589155571420925 -2.5148747281876504545 1.1751068144838936673e-005 
1.149999999999984146 0.31064701702728586552 -1.567278331819659698 -2.5148797352045364484 8.373575318218203528e-006 
1.1749999999999813927 0.31066182277800291622 -1.5684190821234940127 -2.5148829177773088794 5.1534380514988411406e-006 
1.1999999999999786393 0.31113484316925904549 -1.5698783252239090213 -2.5148851895506538767 4.502819395391577037e-006 
1.224999999999975886 0.31106071047532452001 -1.5728457364896488713 -2.5148874046234377388 4.3428319768048228658e-006 
1.2499999999999731326 0.31111332780395090092 -1.586013147200148854 -2.5148892524876669263 2.7252909608670659204e-006 
1.2749999999999703792 0.3109181240752462716 -1.58742943725951835 -2.5148901237678886744 1.5492018283184458374e-006 
1.2999999999999676259 0.31063776961061662085 -1.5772481167252339063 -2.5148910388570477892 2.0779872425411887676e-006 
1.3249999999999648725 0.31098084320798374813 -1.5747819303749164277 -2.5148920377815731086 1.7092391115658785475e-006 
1.3499999999999621192 0.31124545698462657839 -1.5728911425363101273 -2.5148925842150826604 6.8670332136982358908e-007 
1.3749999999999593658 0.31118083324149353741 -1.570876000291010488 -2.51489296005422025 1.0052471337197530197e-006 
1.3999999999999566125 0.3110592795638586483 -1.5740522713608222638 -2.5148934388917507654 7.363788773887996467e-007 
1.4249999999999538591 0.31090441742629576494 -1.5761741184712698693 -2.5148936762745330853 3.0306555771361493801e-007 
1.4499999999999511058 0.31093569410834820399 -1.5777527540996061362 -2.5148938251577912517 4.0438915582600544897e-007 
1.4749999999999483524 0.31101522535571901606 -1.5777328278188935684 -2.5148940566018032072 4.66487213181286642e-007 
1.4999999999999455991 0.31099110328303786188 -1.5748535835846473319 -2.5148942375731317966 2.4114036456689903215e-007 
1.5249999999999428457 0.31101111185975766071 -1.5748583567937100014 -2.514894311497419821 1.1143150139272402475e-007 
1.5499999999999400924 0.31100273147247797789 -1.5760014585558543843 -2.514894374409554878 1.4877721985610875612e-007 
1.574999999999937339 0.31099979685750622771 -1.5762916171025596057 -2.5148944466515423812 1.4138254370741838532e-007 
1.5999999999999345857 0.31103434357102860419 -1.5772326457205907424 -2.5148945111090590387 1.0746499816246161657e-007 
1.6249999999999318323 0.31099188487936502145 -1.5765890989598485561 -2.5148945496035755021 5.9642262069047528289e-008 
1.649999999999929079 0.31099295100383522739 -1.575540553725240045 -2.5148945756724301326 5.3763542726548046456e-008 
1.6749999999999263256 0.31103546221493816315 -1.575587343078622693 -2.5148946031090551045 5.1094534145012264517e-008 
1.6999999999999235722 0.31100356926456246276 -1.5751006109352023721 -2.514894622427921167 2.7585085116963546214e-008 
1.7249999999999208189 0.31099866450903640436 -1.5749650451694607867 -2.5148946335934563301 2.4109905438695897947e-008 
1.7499999999999180655 0.31101536587277123225 -1.5756161088291140704 -2.5148946476959217478 3.1074014566380745047e-008 
1.7749999999999153122 0.31099791900707346448 -1.5762972602219840201 -2.5148946597520924762 1.4545246913278968438e-008 
1.7999999999999125588 0.31100197333455498194 -1.5766903545605215342 -2.5148946643281080426 8.879993410093203559e-009 
1.8249999999999098055 0.31100315689930091434 -1.5762070170059416796 -2.5148946697076373091 1.2039413944884018515e-008 
1.8499999999999070521 0.310999750658870866 -1.5758116922628375711 -2.5148946749860234817 8.7379374537078628761e-009 
1.8749999999999042988 0.31101969728156036998 -1.5759302487333171072 -2.5148946781242260684 4.6361626715287277386e-009 
1.8999999999999015454 0.31101775879215620702 -1.5756704013487947691 -2.5148946805407033089 5.6127343583574814142e-009 
1.9249999999998987921 0.31100173509853795695 -1.5756375989479218802 -2.5148946832578067401 4.993776951285012628e-009 
1.9499999999998960387 0.3109983138680392778 -1.5760016140520460848 -2.5148946849853435204 2.0797237931885480571e-009 
1.9749999999998932854 0.31099625303048072933 -1.576011402482945023 -2.5148946858373641966 1.7204757234136381084e-009 
1.999999999999890532 0.31100348393450594209 -1.5758960647318205339 -2.5148946867758765755 2.1947532549166526803e-009 
2.0249999999998880007 0.3110119130604740989 -1.5758027147166595583 -2.5148946878356852608 1.8744027964269136485e-009 
2.0499999999998852473 0.3110135579199315714 -1.5756903028552911028 -2.5148946885096123971 9.3946399086474616242e-010 
2.074999999999882494 0.31101593184344261678 -1.5757989562580809739 -2.514894688900894959 7.2142884696434166254e-010 
2.0999999999998797406 0.31100753434535532982 -1.5759748916064202362 -2.5148946892472179293 7.4884612525298560031e-010 
2.1249999999998769873 0.31099697725341818311 -1.5760430225616397504 -2.5148946895932167145 5.7681382671986801096e-010 
2.1499999999998742339 0.31099913566332826331 -1.5760394573386093953 -2.5148946898031110386 3.2643541252172548257e-010 
2.1749999999998714806 0.31100378945582590751 -1.5759481284676644108 -2.5148946899762720797 3.9645081326547320918e-010 
2.1999999999998687272 0.3110087422968618176 -1.5758531754450124662 -2.5148946901568978163 3.1150631907591832001e-010 
2.2249999999998659739 0.31101063376318177633 -1.5757971312754905924 -2.5148946902676381221 1.5298259218094981238e-010 
2.2499999999998632205 0.31100600448669823983 -1.5757643994652204 -2.5148946903304825184 1.0910031695510400852e-010 
2.2749999999998604672 0.31100588971310083597 -1.5758208542652170081 -2.5148946903939370934 1.6625028066642268867e-010 
2.2999999999998577138 0.31100805905999578949 -1.5759104211549168628 -2.5148946904685982595 1.1467560912270751681e-010 
2.3249999999998549605 0.31100657473156884114 -1.5759384908008053916 -2.5148946905074920366 5.1713111556740684763e-011 
2.3499999999998522071 0.31100627078143627813 -1.5759363441921996341 -2.5148946905321420964 5.8744388560862920957e-011 
2.3749999999998494538 0.31100544709543131994 -1.5759233030340606962 -2.5148946905635023441 6.1262535630387520523e-011 
2.3999999999998467004 0.31100398746523211235 -1.5759014393576424862 -2.5148946905845614985 2.5708373704521148657e-011 
2.4249999999998439471 0.31100535551256658362 -1.5758801838162157516 -2.5148946905955291697 2.3451438126923462519e-011 
2.4499999999998411937 0.31100672462405670737 -1.57585867839816407 -2.5148946906095477338 3.1613171669711883661e-011 
2.4749999999998384403 0.31100724634568677196 -1.5758659012829716595 -2.5148946906217823916 1.7050834909438769713e-011 
2.499999999999835687 0.31100739983352337914 -1.5758881101113733081 -2.5148946906277895863 9.5384589995636823801e-012 
2.5249999999998329336 0.31100627966106259015 -1.5758882817187298553 -2.5148946906329348039 1.1649977708122982974e-011 
2.5499999999998301803 0.31100560803389376563 -1.5758898779244259192 -2.5148946906385574174 1.0140990370551179321e-011 
2.5749999999998274269 0.31100577758202885281 -1.5758938545552854116 -2.5148946906419560321 4.7454467619787214093e-012 
2.5999999999998246736 0.31100607426165211011 -1.5758873649524614002 -2.5148946906443661042 4.9421084773283003283e-012 
2.6249999999998219202 0.31100661391583878101 -1.5758898305630246739 -2.5148946906468281348 5.1398913618705618021e-012 
2.6499999999998191669 0.31100645766213463883 -1.5758922395473733413 -2.5148946906489624276 3.4268134336330634995e-012 
2.6749999999998164135 0.3110059808334420528 -1.5758879873875020206 -2.5148946906502072096 1.5984962797886307337e-012 
2.6999999999998136602 0.31100605330888975164 -1.5758897054602793997 -2.5148946906508147237 1.4034245224623909058e-012 
2.7249999999998109068 0.31100609473622919943 -1.5758879075384795154 -2.5148946906518059308 2.3648042771100232629e-012 
2.7499999999998081535 0.31100624391921549705 -1.5758829746057649857 -2.5148946906527402945 1.3172521172967134143e-012 
2.7749999999998054001 0.31100647117515745066 -1.5758842624177122893 -2.514894690653126208 4.0493175841207712845e-013 
2.7999999999998026468 0.31100629626925141435 -1.5758875675912031866 -2.5148946906534010992 8.3463363552600367396e-013 
2.8249999999997998934 0.31100616708743650252 -1.5758909940416554463 -2.5148946906538287571 7.3294253619365467711e-013 
2.84999999999979714 0.31100612582237624482 -1.5758911858819923957 -2.5148946906540587953 2.8856267315781042648e-013 
2.8749999999997943867 0.31100605569342926193 -1.5758881463990097593 -2.5148946906542035684 3.3922091540479089546e-013 
2.8999999999997916333 0.31100626343103537907 -1.5758871120286523926 -2.5148946906543900859 3.7023301277915669592e-013 
2.92499999999978888 0.31100641294689534977 -1.5758860720884020346 -2.5148946906545228686 1.7832382269889708463e-013 
2.9499999999997861266 0.31100628200265417744 -1.5758861007763393935 -2.5148946906545881497 1.1949959906747216782e-013 
2.9749999999997833733 0.31100616452108709176 -1.5758885603267356323 -2.5148946906546618685 1.6907357573455640143e-013 
2.9999999999997806199 0.31100610204205386689 -1.5758892839222737869 -2.5148946906547289259 9.2539549609444932206e-014 
3.0249999999997778666 0.31100613060437953816 -1.5758891759407143152 -2.5148946906547648972 7.3097210189784556933e-014 
3.0499999999997751132 0.31100624283978139939 -1.5758889527217248006 -2.514894690654798648 6.3284560600010364536e-014 
3.0749999999997723599 0.3110062786644455235 -1.5758874945686300872 -2.5148946906548301783 5.9430645156476628044e-014 
3.0999999999997696065 0.31100626436009387588 -1.5758868278458186829 -2.5148946906548532709 3.7072439289649330319e-014 
3.1249999999997668532 0.31100623353408402005 -1.5758869192545446047 -2.5148946906548670377 1.7054829868647469884e-014 
3.1499999999997640998 0.31100619329048578843 -1.5758873459647790849 -2.5148946906548768077 2.5189852388617083497e-014 
3.1749999999997613465 0.31100620284514041147 -1.5758884285926559876 -2.5148946906548901303 2.7178888129589278488e-014 
3.1999999999997585931 0.31100621550387608227 -1.5758886532827360849 -2.5148946906548999003 1.2432253927549670333e-014 
3.2249999999997558398 0.31100621204315120893 -1.5758883460445280988 -2.514894690654903453 7.3451738706613394603e-015 
3.2499999999997530864 0.31100621825994045899 -1.5758883289505489778 -2.5148946906549078939 9.9982685198336096395e-015 
3.274999999999750333 0.31100621130930161673 -1.5758878440549133337 -2.5148946906549123348 7.372191665804133338e-015 
3.2999999999997475797 0.31100621486742185962 -1.575887462908937886 -2.5148946906549163316 4.3223793149085094551e-015 
3.3249999999997448263 0.31100622784505199681 -1.5758876928903466919 -2.5148946906549172198 5.2236591837233291184e-015 
3.349999999999742073 0.3110062196607180085 -1.5758878932208211232 -2.514894690654918552 3.8331052318474062861e-015 
3.3749999999997393196 0.31100621801538930189 -1.575888028538096286 -2.5148946906549207725 1.6014056295862074704e-015 
3.3999999999997365663 0.31100621911370684991 -1.5758881316062645084 -2.5148946906549216607 1.7661244483095016278e-015 
3.4249999999997338129 0.31100621044473358845 -1.5758880572508187079 -2.5148946906549229929 1.9362246809936981846e-015 
3.4499999999997310596 0.31100621516223569962 -1.5758879291813734369 -2.5148946906549238811 1.5159177011287984326e-015 
3.4749999999997283062 0.3110062212628931233 -1.5758878284071362597 -2.5148946906549243252 7.3470108657087142998e-016 
3.4999999999997255529 0.31100621898911434693 -1.5758878608552717715 -2.5148946906549252134 7.1014358392219520494e-016 
3.5249999999997227995 0.31100621953082036031 -1.5758879747835599083 -2.5148946906549252134 6.6344547540630595388e-016 
3.5499999999997200462 0.31100621706887482398 -1.5758879888986272455 -2.5148946906549238811 4.0999240547292708549e-016 
3.5749999999997172928 0.31100621423817215172 -1.5758879969029426782 -2.5148946906549256575 3.3311541018874114981e-016 
3.5999999999997145395 0.31100621548846402176 -1.5758879979102318192 -2.5148946906549256575 3.6190780306018018586e-016 
3.6249999999997117861 0.31100621593169097689 -1.5758879084753245614 -2.5148946906549261016 2.2594752034005388209e-016 
3.6499999999997090327 0.31100621807545364428 -1.5758878862585112834 -2.5148946906549265456 1.2279601011444510231e-016 
3.6749999999997062794 0.31100621977318154698 -1.575887937931688132 -2.5148946906549256575 1.3958122026153312111e-016 
3.699999999999703526 0.31100621846219006494 -1.5758879520962927323 -2.5148946906549256575 1.2688819734665010525e-016 
3.7249999999997007727 0.3110062176669143863 -1.575887966133436624 -2.5148946906549261016 7.4701594794048627026e-017 
3.7499999999996980193 0.31100621663322775001 -1.5758879660326201577 -2.5148946906549261016 5.9115056912930049251e-017 
3.774999999999695266 0.31100621665220956613 -1.575887944954661446 -2.5148946906549261016 6.1636590914437946462e-017 
3.7999999999996925126 0.31100621792065680227 -1.575887941554095617 -2.5148946906549256575 4.3722585329917550984e-017 
3.8249999999996897593 0.31100621711562120852 -1.5758879278050841322 -2.5148946906549256575 1.8948060181610990222e-017 
3.8499999999996870059 0.31100621667690753203 -1.5758879291501215469 -2.5148946906549261016 2.1087908195194610745e-017 
3.8749999999996842526 0.31100621731936289871 -1.5758879582483458215 -2.5148946906549265456 2.9646621549414433674e-017 
3.8999999999996814992 0.31100621705589365229 -1.5758879636378988476 -2.5148946906549265456 1.5928996872133377621e-017 
3.9249999999996787459 0.31100621740851219776 -1.5758879602327733327 -2.5148946906549256575 6.3859085495215843213e-018 
3.9499999999996759925 0.31100621776831083309 -1.5758879544291852781 -2.5148946906549261016 8.9740742057689015851e-018 
3.9749999999996732392 0.31100621740980743946 -1.5758879345998164645 -2.5148946906549247693 9.2875393834297968286e-018 
3.9999999999996704858 0.31100621772375175444 -1.5758879314904548075 -2.5148946906549256575 4.4654752181556635641e-018 
4.0249999999996788347 0.31100621773450776164 -1.5758879400070799903 -2.5148946906549269897 4.9878979358962989353e-018 
4.0499999999996871836 0.31100621715117043875 -1.5758879438160176001 -2.5148946906549265456 3.9194014290654226358e-018 
4.0749999999996955324 0.31100621698646030433 -1.5758879509321483958 -2.5148946906549265456 2.0090314647667293421e-018 
4.0999999999997038813 0.3110062169273998256 -1.5758879551068927238 -2.5148946906549261016 1.8224074239730717182e-018 
4.1249999999997122302 0.31100621713881987374 -1.5758879533476264356 -2.5148946906549265456 2.0197997977759470516e-018 
4.1499999999997205791 0.31100621757107321796 -1.575887946969772635 -2.5148946906549256575 1.5226124058802850555e-018 
4.1749999999997289279 0.31100621759806218458 -1.575887940438778223 -2.5148946906549265456 7.4837292548569311462e-019 
4.1999999999997372768 0.31100621750709617208 -1.575887943758735199 -2.5148946906549265456 7.1738529402275347032e-019 
4.2249999999997456257 0.3110062173876320113 -1.5758879476732055025 -2.5148946906549261016 7.8634446015945420684e-019 
4.2499999999997539746 0.31100621720638688128 -1.5758879467195994195 -2.5148946906549256575 4.8632462595889132301e-019 
4.2749999999997623235 0.31100621724860749717 -1.5758879481848464543 -2.5148946906549261016 2.462564551899180904e-019 
4.2999999999997706723 0.31100621733870459362 -1.5758879477719314188 -2.5148946906549269897 3.249871440055076482e-019 
4.3249999999997790212 0.31100621739195211113 -1.5758879449454794575 -2.5148946906549269897 3.3474661512599743612e-019 
4.3499999999997873701 0.31100621741405842791 -1.5758879447631728432 -2.5148946906549261016 1.3089883834578193039e-019 
4.374999999999795719 0.31100621729443461705 -1.5758879453715475272 -2.5148946906549261016 1.0150752605381469082e-019 
4.3999999999998040678 0.31100621728530442045 -1.5758879467069670799 -2.5148946906549252134 1.4964420436315014619e-019 
4.4249999999998124167 0.31100621738336159394 -1.5758879483391394771 -2.5148946906549256575 8.1979310016137662161e-020 
4.4499999999998207656 0.31100621735600209039 -1.5758879482546634954 -2.5148946906549265456 5.8363952058868750822e-020 
4.4749999999998291145 0.31100621733952615866 -1.575887947588700877 -2.5148946906549265456 5.9574075610104364707e-020 
4.4999999999998374633 0.31100621735324923689 -1.5758879464450421537 -2.5148946906549256575 5.2244061977972137495e-020 
4.5249999999998458122 0.31100621732858824142 -1.5758879453299763362 -2.5148946906549265456 2.1398406208812464345e-020 
4.5499999999998541611 0.31100621734798422624 -1.5758879455396428426 -2.5148946906549261016 2.0016835045220994196e-020 
4.57499999999986251 0.31100621735854416805 -1.5758879459125618716 -2.5148946906549261016 2.8478079574307893893e-020 
4.5999999999998708589 0.31100621734740202529 -1.5758879462491295342 -2.5148946906549265456 1.7108266574105043588e-020 
4.6249999999998792077 0.31100621736383338156 -1.5758879470996625116 -2.5148946906549261016 8.6917651299807446396e-021 
4.6499999999998875566 0.31100621734585320866 -1.5758879474251168418 -2.5148946906549261016 9.4449270082656293082e-021 
4.6749999999998959055 0.31100621731697725147 -1.5758879470078981377 -2.5148946906549256575 9.3654936141216070345e-021 
4.6999999999999042544 0.31100621732756500437 -1.5758879465679900278 -2.5148946906549252134 4.3333781567267883953e-021 
4.7249999999999126032 0.31100621734517669426 -1.5758879463819135403 -2.5148946906549261016 4.4753636747706468631e-021 
4.7499999999999209521 0.31100621736192329836 -1.5758879464249011537 -2.5148946906549265456 4.7814739982416200638e-021 
4.774999999999929301 0.31100621736300659848 -1.5758879464369086598 -2.5148946906549265456 2.7475899326894996291e-021 
4.7999999999999376499 0.31100621734469735546 -1.5758879464794315339 -2.5148946906549265456 1.4983030806377008179e-021 
4.8249999999999459988 0.31100621733763117449 -1.5758879466577819795 -2.5148946906549261016 1.7788972510209565752e-021 
4.8499999999999543476 0.31100621733768613053 -1.5758879466290611759 -2.5148946906549265456 1.6249594986675570256e-021 
4.8749999999999626965 0.31100621734243477645 -1.5758879464999471232 -2.5148946906549261016 1.1378866396454582383e-021 
4.8999999999999710454 0.31100621735218092478 -1.5758879465415023269 -2.5148946906549265456 5.5815101665925333415e-022 
4.9249999999999793943 0.31100621734943689756 -1.5758879465789303875 -2.5148946906549261016 7.9470404925104293525e-022 
4.9499999999999877431 0.31100621734380290428 -1.5758879466265864888 -2.5148946906549265456 6.1590390495828792999e-022 
4.974999999999996092 0.31100621734296729493 -1.5758879466869171182 -2.5148946906549247693 2.1454675570765093498e-022 
