0.025000000000000015266 0.5918225831255694569 0.00045883052485867770187 -2.2505056606555973175 0.037483669494105469056 
0.05000000000000003747 0.57027184715006640214 0.016014928116183879681 -2.2619881729007280668 0.049826652607088975366 
0.075000000000000052736 0.44369528093904625488 -0.0019703987077385187732 -2.2904318427509258171 0.077714261861100655815 
0.10000000000000007494 0.41549817040079684016 -0.049315742060307865557 -2.3385466126118665819 0.093105288232278080041 
0.12500000000000008327 0.26641355909987590733 -0.40599161540321626607 -2.3702940204446836248 0.04538717472921000029 
0.15000000000000010547 0.24690998516549728103 -1.6880763829459204395 -2.3867701790265378747 0.032277566451310704676 
0.17500000000000012768 0.3086450369867840271 -2.0839672709612084844 -2.4029063979955789243 0.036635374214596339026 
0.20000000000000014988 0.2754951970361052549 -1.3085488725404110788 -2.4181528677406012307 0.022639822720892415625 
0.22500000000000017208 0.27493434795094007228 -1.4856366527350244322 -2.4275957935705481106 0.02201705169048548405 
0.25000000000000016653 0.30165941356699654818 -1.1211763475570739601 -2.4399270939726589447 0.02734128523463765989 
0.27500000000000018874 0.30799714637460495759 -0.44887808661376993324 -2.4499392566535216353 0.015693229321552194105 
0.30000000000000021094 0.32862700042686854296 -0.62670621041803142859 -2.4574599043049927261 0.017413949443880232665 
0.32500000000000023315 0.33831510480656828976 -0.76587899044973051232 -2.4672354684300357164 0.021573274827009776555 
0.35000000000000025535 0.35091247208138948155 -1.2796112938068999743 -2.4755491523551209632 0.013574159872064048282 
0.37500000000000027756 0.33827536224694398914 -1.7990715710898241841 -2.4808075739255799341 0.010586942238756424581 
0.40000000000000029976 0.28987426955510098292 -1.530496375629870176 -2.4868928978088744586 0.014095040040319513006 
0.42500000000000032196 0.28184195784404580953 -1.4889632271895043569 -2.4935477947936006693 0.013336777624679175755 
0.45000000000000034417 0.29068738605703531297 -1.5568115809916691639 -2.4989038803227425767 0.0093502627048251737291 
0.47500000000000036637 0.30143513165577923152 -1.5427010305699029313 -2.5023493754837464742 0.0055772217441545247213 
0.50000000000000033307 0.32319347636385259426 -1.7665355710839096837 -2.5048635412507915809 0.0048764481770174374076 
0.52500000000000035527 0.31436891507861280948 -1.8142280581979735032 -2.5070686107213324689 0.0045787127360345219323 
0.55000000000000037748 0.29897278060814241885 -1.8063015644430300277 -2.5087522861168674027 0.0024032006230667347924 
0.57500000000000039968 0.30305537936256743414 -1.7006063656206484858 -2.509690925675299944 0.0020225484849200284915 
0.60000000000000042188 0.30695831496829317775 -1.3529563898020593449 -2.5108900127003552782 0.0026755478637606154579 
0.62500000000000044409 0.32049408872329787634 -1.3138974339001698866 -2.511915994439757327 0.0016421208678680746657 
0.65000000000000046629 0.32627658349038790586 -1.4266878758008769701 -2.5124670534159876389 0.00083025792077758302136 
0.6750000000000004885 0.30983815980998824502 -1.4888230329314549039 -2.5129194949595228259 0.0011324535190044724906 
0.7000000000000005107 0.30010728722311402761 -1.722467622087545891 -2.5134348110222695105 0.00087561835013008734903 
0.72500000000000053291 0.30116893177859521691 -1.8497484217445654409 -2.5137139614389232278 0.00039534678225645284323 
0.75000000000000055511 0.3048687120000768136 -1.7591123679684597114 -2.5138895393052012039 0.00042902104296185350051 
0.77500000000000057732 0.3133966021721218409 -1.6091768913287982645 -2.5141442785864551723 0.00054457423906411174877 
0.80000000000000059952 0.31691122993360304472 -1.4567434216650123613 -2.5143374816960304408 0.00028460311692860191819 
0.82500000000000062172 0.31517711560484706901 -1.4514326304230369402 -2.5144371428830751825 0.00015649167087496672086 
0.85000000000000064393 0.31292997440609504611 -1.5220510147952768243 -2.5145096817991867688 0.00017288766555265003364 
0.87500000000000066613 0.30877866551270188866 -1.5417881446364787301 -2.5146014886949750178 0.00018792111233197558175 
0.90000000000000068834 0.30821106219049682062 -1.5965242105668120409 -2.5146747785188434676 0.00011824591801315995944 
0.92500000000000071054 0.31054464705737017116 -1.6387179204645820896 -2.5147128505109188623 6.147685143620783949e-005 
0.95000000000000073275 0.31142304612221283211 -1.6057164644989245783 -2.514749857293602453 9.0143615582508043933e-005 
0.97500000000000075495 0.31171960894909911399 -1.5793774623227023746 -2.5147877743206135115 5.9640432744596421418e-005 
1.0000000000000006661 0.31026014302017446145 -1.5699791427385068054 -2.5148054561158468267 2.5209043032434459919e-005 
1.0249999999999979128 0.30970188860596603586 -1.562363886969558191 -2.5148206400066110966 4.2199042732300554319e-005 
1.0499999999999951594 0.31154594057701856524 -1.5726172342089568268 -2.5148408010376610555 3.5046225436949133799e-005 
1.0749999999999924061 0.3117226244786314715 -1.581828625828203938 -2.5148534646299962603 1.9660762289612076782e-005 
1.0999999999999896527 0.31127715916421927478 -1.5836893683107540198 -2.5148599864233940337 1.1868914507579835755e-005 
1.1249999999999868994 0.31139342223545862787 -1.5778187630964355392 -2.5148668287429170043 1.5626385708858745127e-005 
1.149999999999984146 0.31064881515771247678 -1.5665780259123436302 -2.5148735812320666128 1.1792098331398938242e-005 
1.1749999999999813927 0.31061056272794151933 -1.5679780954624877864 -2.5148780284346292646 7.677381322241934818e-006 
1.1999999999999786393 0.31110407648564752936 -1.5689064738473139649 -2.514881193433462947 6.2635343869271430467e-006 
1.224999999999975886 0.31104368496264606092 -1.569272939719699167 -2.5148841577987508522 6.0370374053755100567e-006 
1.2499999999999731326 0.31119539717937949597 -1.5854853771330614798 -2.5148868019420129727 4.3747067569935943839e-006 
1.2749999999999703792 0.31097328822168979201 -1.5906012781336240636 -2.5148881148672845853 2.1060345207850679386e-006 
1.2999999999999676259 0.31055377607134826423 -1.5789468105246584617 -2.5148893101977454201 2.8879591361176995919e-006 
1.3249999999999648725 0.31090402467586286672 -1.5747271953024486457 -2.5148907065984333897 2.6295640015178085562e-006 
1.3499999999999621192 0.31125826693735197948 -1.5726948732903980321 -2.5148915741361652643 1.0818147356246971162e-006 
1.3749999999999593658 0.3112404123784147103 -1.5708485910843341671 -2.5148920591925985057 1.3828741162864500747e-006 
1.3999999999999566125 0.31107578847216099671 -1.5736733396311675115 -2.5148927841628050395 1.2700750806661248628e-006 
1.4249999999999538591 0.31086340413711782693 -1.5752546133780285231 -2.5148931685117617008 4.4065333708762719964e-007 
1.4499999999999511058 0.31093428320258681419 -1.5777896522663117373 -2.5148933607750589836 5.5413881099201934732e-007 
1.4749999999999483524 0.31104557200041088594 -1.5783633135711534479 -2.5148936857676789103 7.0990339898238406286e-007 
1.4999999999999455991 0.31100026743730502243 -1.5746089838899657298 -2.5148939698242038787 4.3608549084420727941e-007 
1.5249999999999428457 0.31100948094450608927 -1.5744846459660104543 -2.5148941044664065991 1.8174507073248082657e-007 
1.5499999999999400924 0.31097823389753020962 -1.5759545929446101553 -2.5148941915804807756 2.1843105427465005227e-007 
1.574999999999937339 0.31098210166433210011 -1.5764213051139406296 -2.5148942981013826525 2.154631777460910601e-007 
1.5999999999999345857 0.31105352704048905288 -1.5776706987150923567 -2.5148943959473761822 1.7861517708343184051e-007 
1.6249999999999318323 0.31099721030996158033 -1.5768411742908563511 -2.5148944606982972516 1.0465686224278190152e-007 
1.649999999999929079 0.31098406211031259794 -1.5755557911591258069 -2.5148945030497547037 8.6540913997791533189e-008 
1.6749999999999263256 0.31104053226130851106 -1.5755735420986349826 -2.5148945454216131701 8.276232218940387294e-008 
1.6999999999999235722 0.3110035507201182603 -1.5748921448529968892 -2.514894577050131641 4.8578132976938150925e-008 
1.7249999999999208189 0.31099713050913424528 -1.5747306480553784347 -2.5148945954169308337 3.8248204315116504057e-008 
1.7499999999999180655 0.31102082333259289948 -1.5754297658641032154 -2.5148946169011612284 5.1015693591812036856e-008 
1.7749999999999153122 0.31099929123333680536 -1.5762470690616190439 -2.5148946375069569648 2.7913244437129555265e-008 
1.7999999999999125588 0.31100067061529912404 -1.5769325546393908599 -2.5148946456505627545 1.4576528289971322423e-008 
1.8249999999999098055 0.31099779102406066578 -1.5763658773475384134 -2.5148946543886050442 2.0798197418918741022e-008 
1.8499999999999070521 0.31099436405036939846 -1.5757858854339001908 -2.5148946631896955672 1.5215492530179407462e-008 
1.8749999999999042988 0.31102420429550614589 -1.5759641981132626043 -2.5148946686719284571 8.411579226570622198e-009 
1.8999999999999015454 0.3110239471706457981 -1.5756482070521342642 -2.5148946726305627664 9.1354204598568244014e-009 
1.9249999999998987921 0.31100317188650111744 -1.5755505775995968243 -2.5148946771295968006 9.4005645873822624892e-009 
1.9499999999998960387 0.31099597889557650809 -1.5760039420957288048 -2.5148946805315608444 4.3147514758547222833e-009 
1.9749999999998932854 0.31099109700158816816 -1.5760686912675665461 -2.5148946820113082801 2.810290509567460039e-009 
1.999999999999890532 0.3110013796670448305 -1.5759451799261157134 -2.5148946835260606036 3.7369292822081527893e-009 
2.0249999999998880007 0.31101261044545608359 -1.575781976139869256 -2.5148946853735916207 3.6229850098756375501e-009 
2.0499999999998852473 0.31101551933860349664 -1.5755968982046528737 -2.5148946866442374315 1.7628299300619741292e-009 
2.074999999999882494 0.31102102314290885898 -1.5757330397482547379 -2.5148946873644737465 1.4241628331456921454e-009 
2.0999999999998797406 0.31100974962119304346 -1.5759741516954000051 -2.5148946880101021861 1.384885444227073789e-009 
2.1249999999998769873 0.31099412236069645665 -1.5760940895517936422 -2.5148946886259131439 1.0853138442610072981e-009 
2.1499999999998742339 0.31099607653672678431 -1.5761105518820071048 -2.5148946890206733684 6.3671897726153530061e-010 
2.1749999999998714806 0.31100155306143090206 -1.5759870585046669156 -2.5148946893344943376 7.282884971670410383e-010 
2.1999999999998687272 0.31100910461879055502 -1.5758609255303301921 -2.5148946896689259312 6.3741966076958070986e-010 
2.2249999999998659739 0.31101303155121567956 -1.5757803171190380986 -2.5148946898936834771 3.2025711018458017081e-010 
2.2499999999998632205 0.31100619728805606323 -1.5757164431149748296 -2.5148946900227273638 2.2469623672588403144e-010 
2.2749999999998604672 0.31100522288231929879 -1.5757813572425900528 -2.5148946901315691882 2.8555741569032622444e-010 
2.2999999999998577138 0.31100849567473004553 -1.5759037833428459763 -2.5148946902714746088 2.5588448972564972348e-010 
2.3249999999998549605 0.31100706237005848465 -1.5759488776910743901 -2.5148946903578934808 1.1280753401371219316e-010 
2.3499999999998522071 0.31100686854877257481 -1.5759552825019524924 -2.5148946904041080685 1.0753154255742018764e-010 
2.3749999999998494538 0.31100542692332594497 -1.5759399983526525268 -2.5148946904644455813 1.3293883717500311508e-010 
2.3999999999998467004 0.3110029103263303174 -1.575910495714465398 -2.5148946905097062654 5.5790997197213224544e-011 
2.4249999999998439471 0.31100453200601951842 -1.5758842301367024241 -2.5148946905308839916 4.3858039574355472163e-011 
2.4499999999998411937 0.31100661715581595645 -1.5758514588101750764 -2.514894690557856638 6.7578753728086092451e-011 
2.4749999999998384403 0.31100780853690440653 -1.5758561787778337937 -2.5148946905843021504 3.8373076350320512513e-011 
2.499999999999835687 0.31100811554401980308 -1.5758856171260831047 -2.5148946905967224374 2.0096176136664173062e-011 
2.5249999999998329336 0.31100635821117283975 -1.5758854061830538384 -2.5148946906074640673 2.4451373217222001808e-011 
2.5499999999998301803 0.31100538604386801511 -1.57588931649600128 -2.5148946906189348915 2.2727316547806874963e-011 
2.5749999999998274269 0.31100555801975887649 -1.5758967792764198013 -2.5148946906266367307 1.0648512384767683088e-011 
2.5999999999998246736 0.31100593185479424863 -1.5758867514324808035 -2.5148946906315297056 1.0443452307855512144e-011 
2.6249999999998219202 0.31100680497931632029 -1.5758901251708126168 -2.5148946906367033449 1.1258191903012212129e-011 
2.6499999999998191669 0.31100658576348899631 -1.5758948748322560984 -2.5148946906413254254 7.956325273916522629e-012 
2.6749999999998164135 0.31100587096469500814 -1.5758894164016483685 -2.5148946906443065963 4.4262759425409392989e-012 
2.6999999999998136602 0.31100599065784778618 -1.575891113105964525 -2.5148946906457165795 2.4440305900771546806e-012 
2.7249999999998109068 0.31100600915965798121 -1.5758875774087082178 -2.5148946906475977414 5.3304914908519918007e-012 
2.7499999999998081535 0.31100624278035743364 -1.5758805812055349804 -2.5148946906497742226 3.3046273965099730692e-012 
2.7749999999998054001 0.31100663076784973438 -1.5758820226667662467 -2.5148946906507529953 1.0952635389718058793e-012 
2.7999999999998026468 0.311006344108194277 -1.575886406170134979 -2.5148946906513480748 1.7794715734842512943e-012 
2.8249999999997998934 0.31100612750717870902 -1.5758926170994942417 -2.5148946906522979816 1.8127962401101195101e-012 
2.84999999999979714 0.3110060776939118643 -1.5758934686834120686 -2.5148946906528464318 6.774741154250308974e-013 
2.8749999999997943867 0.31100596338356190085 -1.5758886404246847945 -2.5148946906531812751 8.1284174601394304613e-013 
2.8999999999997916333 0.31100626359837973967 -1.5758870591905920211 -2.5148946906536129298 8.9632865440919225507e-013 
2.92499999999978888 0.31100650879174823737 -1.5758848636135309729 -2.514894690653932674 4.6783754864000153061e-013 
2.9499999999997861266 0.31100634761300277598 -1.5758844156290490179 -2.5148946906540974311 2.837131063058765811e-013 
2.9749999999997833733 0.31100617250309520179 -1.5758886142800698771 -2.5148946906542621882 4.0960352754934430044e-013 
2.9999999999997806199 0.31100604198072601125 -1.5758901046599846918 -2.514894690654430498 2.509138327281432077e-013 
3.0249999999997778666 0.3110060611579836265 -1.5758899714408274306 -2.5148946906545197599 1.7593005425616950681e-013 
3.0499999999997751132 0.31100623292246232232 -1.5758896829459618782 -2.5148946906546001401 1.5891258402370090627e-013 
3.0749999999997723599 0.31100630494613545896 -1.5758875559427836244 -2.5148946906546769675 1.5509069069132153646e-013 
3.0999999999997696065 0.3110063013714813307 -1.5758864484128896066 -2.5148946906547382518 1.0192891545895292648e-013 
3.1249999999997668532 0.31100624791324094076 -1.5758861771123067186 -2.5148946906547711144 4.3169394195949384633e-014 
3.1499999999997640998 0.31100617801390967321 -1.5758866487909326537 -2.5148946906547933189 6.2911048653046996561e-014 
3.1749999999997613465 0.31100620165345366219 -1.5758885754748162 -2.5148946906548275138 7.1512132009616388705e-014 
3.1999999999997585931 0.31100622090779023177 -1.57588908595165611 -2.5148946906548541591 3.6312701837373394367e-014 
3.2249999999997558398 0.31100620724254252059 -1.5758885898569476858 -2.5148946906548657054 1.9487306990126256864e-014 
3.2499999999997530864 0.31100621382146187432 -1.5758886091596369106 -2.5148946906548772517 2.7157943991035983178e-014 
3.274999999999750333 0.31100620185752753111 -1.575887918559559564 -2.5148946906548892422 1.9517332355171255327e-014 
3.2999999999997475797 0.31100621282982437998 -1.5758872613522729722 -2.5148946906548963476 1.272600395167137359e-014 
3.3249999999997448263 0.3110062381098012696 -1.5758874816830896748 -2.5148946906549016767 1.3429439594727057313e-014 
3.349999999999742073 0.31100622139554306989 -1.5758877751786095622 -2.5148946906549087821 1.1466799673197303085e-014 
3.3749999999997393196 0.3110062174774376742 -1.5758880668040271544 -2.5148946906549127789 5.0709862172769096237e-015 
3.3999999999997365663 0.31100622141152306499 -1.575888248294465166 -2.5148946906549127789 4.4533691851225181578e-015 
3.4249999999997338129 0.31100620670159528913 -1.575888131202270559 -2.5148946906549172198 5.5956807944190040389e-015 
3.4499999999997310596 0.3110062132615584729 -1.5758879372024152676 -2.5148946906549198843 4.3421533460957411613e-015 
3.4749999999997283062 0.31100622372161945695 -1.5758877448565864476 -2.5148946906549212166 2.3025935305158822602e-015 
3.4999999999997255529 0.3110062203787498647 -1.5758877981512851019 -2.5148946906549212166 2.0684646561117066087e-015 
3.5249999999997227995 0.31100622017719775636 -1.5758880122510179334 -2.5148946906549229929 1.9819998529647182432e-015 
3.5499999999997200462 0.31100621573319564561 -1.5758880115605304884 -2.5148946906549225488 1.2042805792986028754e-015 
3.5749999999997172928 0.31100621298959119088 -1.5758880116342957045 -2.514894690654923437 9.8011201716983182978e-016 
3.5999999999997145395 0.31100621574402670388 -1.5758880464251712183 -2.5148946906549247693 1.1046625804939020818e-015 
3.6249999999997117861 0.31100621503689390712 -1.5758878998045926512 -2.5148946906549252134 7.1988500505491217466e-016 
3.6499999999997090327 0.31100621770363429119 -1.5758878342168574083 -2.5148946906549252134 3.7356878396556023207e-016 
3.6749999999997062794 0.31100622045688569584 -1.5758879177457536525 -2.5148946906549265456 4.3779836686942776523e-016 
3.699999999999703526 0.31100621918060389337 -1.5758879608377491799 -2.5148946906549256575 3.7545031025490714902e-016 
3.7249999999997007727 0.31100621883720125371 -1.5758879901018785219 -2.5148946906549256575 2.6339530243468730482e-016 
3.7499999999996980193 0.31100621641668113604 -1.5758879755247598986 -2.5148946906549261016 1.7199578021219826348e-016 
3.774999999999695266 0.3110062158274406463 -1.5758879364064455331 -2.5148946906549261016 1.975148537041888184e-016 
3.7999999999996925126 0.31100621839059505724 -1.575887942168349376 -2.5148946906549265456 1.4994674910518175765e-016 
3.8249999999996897593 0.31100621702348590913 -1.5758879187565881796 -2.5148946906549256575 6.1960888129316881431e-017 
3.8499999999996870059 0.31100621604605016568 -1.5758879139105304024 -2.5148946906549261016 6.7650064244139057384e-017 
3.8749999999996842526 0.31100621718911675151 -1.5758879632487401423 -2.5148946906549261016 9.1781160351741895661e-017 
3.8999999999996814992 0.3110062168304322805 -1.575887975942527941 -2.5148946906549261016 5.8998494135090694249e-017 
3.9249999999996787459 0.31100621759381963383 -1.5758879736741631117 -2.5148946906549261016 2.2467262237833601042e-017 
3.9499999999996759925 0.31100621812478496109 -1.5758879625914987699 -2.5148946906549261016 2.9318611271539438753e-017 
3.9749999999996732392 0.3110062172668192626 -1.5758879251314552583 -2.5148946906549256575 3.1049756621227601679e-017 
3.9999999999996704858 0.31100621793841337626 -1.5758879190713437346 -2.5148946906549256575 1.5702072435670899354e-017 
4.0249999999996788347 0.31100621820966828368 -1.5758879332479511781 -2.5148946906549261016 1.7183010807931734607e-017 
4.0499999999996871836 0.31100621718659604564 -1.5758879409181112408 -2.5148946906549261016 1.4064489818487638224e-017 
4.0749999999996955324 0.31100621668938160935 -1.5758879546948056927 -2.5148946906549261016 7.3199602574380609528e-018 
4.0999999999997038813 0.3110062164405739682 -1.5758879615514040928 -2.5148946906549261016 6.3327864519838859413e-018 
4.1249999999997122302 0.31100621688561513878 -1.5758879601084396782 -2.5148946906549256575 6.8167374363930962444e-018 
4.1499999999997205791 0.31100621774910497397 -1.5758879489696506759 -2.5148946906549265456 5.9917714186069403471e-018 
4.1749999999997289279 0.31100621784721421692 -1.5758879341254896644 -2.5148946906549261016 2.5621334659355457512e-018 
4.1999999999997372768 0.3110062177345224721 -1.5758879399460592463 -2.5148946906549256575 2.6387327051442502182e-018 
4.2249999999997456257 0.31100621745400747198 -1.5758879490061659112 -2.5148946906549256575 2.9054757539308834512e-018 
4.2499999999997539746 0.31100621703012470975 -1.5758879474412994526 -2.5148946906549265456 1.8642240576994716715e-018 
4.2749999999997623235 0.31100621711095993716 -1.5758879495851858543 -2.5148946906549265456 9.2906589748483750682e-019 
4.2999999999997706723 0.31100621731299665784 -1.575887948877617184 -2.5148946906549269897 1.1678901705838379994e-018 
4.3249999999997790212 0.31100621747013579288 -1.5758879439045292425 -2.5148946906549261016 1.2978324649150444126e-018 
4.3499999999997873701 0.31100621753264506841 -1.5758879431529804194 -2.5148946906549269897 5.3868461680142183116e-019 
4.374999999999795719 0.31100621723909488425 -1.5758879437152444325 -2.5148946906549265456 3.9795475906185862186e-019 
4.3999999999998040678 0.31100621719021070977 -1.5758879464595976216 -2.5148946906549252134 5.4387605787036898609e-019 
4.4249999999998124167 0.31100621741458339686 -1.5758879499431579507 -2.5148946906549256575 3.5349845129729734178e-019 
4.4499999999998207656 0.3110062173823169851 -1.5758879499672235891 -2.5148946906549265456 2.2532277468260548457e-019 
4.4749999999998291145 0.31100621734330707868 -1.5758879487870149916 -2.5148946906549256575 2.3484557630302247394e-019 
4.4999999999998374633 0.31100621735563632742 -1.5758879464216186683 -2.5148946906549256575 2.1127270245816868635e-019 
4.5249999999998458122 0.31100621730124244912 -1.5758879441993667303 -2.5148946906549261016 9.7625870832510945105e-020 
4.5499999999998541611 0.31100621734677225128 -1.5758879446716713701 -2.5148946906549256575 7.2773925441784634386e-020 
4.57499999999986251 0.31100621737348727036 -1.5758879452197394055 -2.5148946906549256575 1.1799705325036885937e-019 
4.5999999999998708589 0.31100621735338779272 -1.5758879456926428997 -2.5148946906549261016 7.3922271603512223392e-020 
4.6249999999998792077 0.3110062173870520863 -1.5758879474277338595 -2.5148946906549265456 3.5839435064537371967e-020 
4.6499999999998875566 0.31100621735121886102 -1.5758879482690675289 -2.5148946906549261016 4.0159277370800227351e-020 
4.6749999999998959055 0.31100621729103478108 -1.5758879475802811676 -2.5148946906549265456 4.0399188078794247803e-020 
4.6999999999999042544 0.31100621730319299996 -1.5758879466337014641 -2.5148946906549265456 1.7828937727604315e-020 
4.7249999999999126032 0.31100621733623573517 -1.5758879461663406474 -2.5148946906549261016 1.9904347591444275619e-020 
4.7499999999999209521 0.31100621737946793077 -1.5758879463001584931 -2.5148946906549261016 2.0429943383943499592e-020 
4.774999999999929301 0.3110062173851877998 -1.5758879463189465753 -2.5148946906549261016 1.2640660667995979725e-020 
4.7999999999999376499 0.31100621734588501655 -1.5758879463330888182 -2.5148946906549265456 6.5565416422115774004e-021 
4.8249999999999459988 0.31100621733091371457 -1.5758879467171609257 -2.5148946906549261016 7.879959813920953767e-021 
4.8499999999999543476 0.31100621732848438006 -1.5758879466870934216 -2.5148946906549269897 7.3058281295100977289e-021 
4.8749999999999626965 0.31100621733796007806 -1.5758879464020894012 -2.5148946906549269897 5.1478169234334955351e-021 
4.8999999999999710454 0.31100621736056160982 -1.5758879464952757488 -2.5148946906549261016 2.7685497940677109511e-021 
4.9249999999999793943 0.31100621735462963269 -1.5758879465883022242 -2.5148946906549261016 3.3708856981832983511e-021 
4.9499999999999877431 0.31100621734215966319 -1.5758879466866684282 -2.5148946906549269897 3.0760369930356979417e-021 
4.974999999999996092 0.31100621733977801275 -1.5758879468178563776 -2.5148946906549252134 1.0134917657591640071e-021 
