0.025000000000000015266 0.59167193576044130321 0.00045782940468544475188 -2.250675294125152881 0.037383157351998132223 
0.05000000000000003747 0.57022339686095269151 0.015976754467040082952 -2.2622452858359167749 0.049556584165842097744 
0.075000000000000052736 0.44410980979478686947 -0.0017987313509114088994 -2.2908484571690697074 0.077212052692803900822 
0.10000000000000007494 0.41619109130834364141 -0.049116859995189776633 -2.3392426461283974959 0.092632148385771467813 
0.12500000000000008327 0.26758641512144581975 -0.40547841969316533728 -2.3712004723340496248 0.04507610854441079784 
0.15000000000000010547 0.24768117153654248264 -1.6778243830034083039 -2.3876919754786745109 0.031811074943290010286 
0.17500000000000012768 0.30894254800411607986 -2.0696046756191259774 -2.4038155428498995114 0.036238007201746275099 
0.20000000000000014988 0.27667874767112032863 -1.3023734892999578872 -2.4191022933645123238 0.022532978716894622173 
0.22500000000000017208 0.27656315891440730326 -1.4742182959504244177 -2.4285974679344799476 0.021755158712378909469 
0.25000000000000016653 0.30303131881279299353 -1.1163139386252582952 -2.4408988398173283585 0.026961707778046933859 
0.27500000000000018874 0.30910493121577276021 -0.45938983987622183935 -2.4509401354861934941 0.015712210024538729447 
0.30000000000000021094 0.32949380749590911899 -0.63304011711409757801 -2.4585971014972831661 0.017453676970211919051 
0.32500000000000023315 0.33880287481576393249 -0.77233378524518714325 -2.4683203412420731127 0.020901565809646732025 
0.35000000000000025535 0.3495138961880251971 -1.2825437707191884584 -2.4764414282158524472 0.013151218998911643615 
0.37500000000000027756 0.33626476252663922706 -1.8011063069238057999 -2.4817048331673525752 0.010656639478010326502 
0.40000000000000029976 0.28903955369002948261 -1.5374193172677399488 -2.4878765968411675757 0.014071185484943163693 
0.42500000000000032196 0.28119963083477139687 -1.4967517888793500092 -2.494525170603494324 0.012995107362548738092 
0.45000000000000034417 0.29093708022359154874 -1.5826904765485534377 -2.499706770905001374 0.0086830410902550992508 
0.47500000000000036637 0.30298057806410194637 -1.5692774862360143739 -2.5029078023642394868 0.0051862691947723487187 
0.50000000000000033307 0.32352891718400372811 -1.7704991421000644269 -2.5053402219693272635 0.004738060929136737702 
0.52500000000000035527 0.31366795116494383677 -1.80161903359944775 -2.5074782700362616694 0.0042975672839163795227 
0.55000000000000037748 0.29916380648931434338 -1.7812547569327730201 -2.5090612701157612996 0.0022239902790622237579 
0.57500000000000039968 0.3040388482207238563 -1.6734665030951161313 -2.5099692340518688916 0.0020042731903750629283 
0.60000000000000042188 0.30799887272081266643 -1.3484246884680464174 -2.5111456640783154093 0.0025228967430110634321 
0.62500000000000044409 0.32027909777859159268 -1.3244704941594673819 -2.5121085837602721291 0.0015053843962519162809 
0.65000000000000046629 0.3250008170666697227 -1.4377894634347354597 -2.5126156851524132918 0.00075748313814216164819 
0.6750000000000004885 0.30912021670512973559 -1.5060938211721861535 -2.513049064324788695 0.0010882967655488243013 
0.7000000000000005107 0.30039493918456616761 -1.7359602330242771551 -2.5135409881221755235 0.00080295002670225691654 
0.72500000000000053291 0.3017768097931522453 -1.8438992754330556512 -2.5137942145718623621 0.00035289712385620309112 
0.75000000000000055511 0.30531160940774093593 -1.7380894202060339637 -2.5139629186772238789 0.00042204552413182709397 
0.77500000000000057732 0.31370082226968748484 -1.5941089184792409661 -2.5142071400587839847 0.00049725719415864616437 
0.80000000000000059952 0.31706921590921738341 -1.4589361035940564548 -2.5143827587872369378 0.00025377836116733613198 
0.82500000000000062172 0.3149301039144356551 -1.4570346100335767048 -2.5144718406120580845 0.00013901675770700369248 
0.85000000000000064393 0.31247844773794725137 -1.5243577546607971485 -2.5145415600089000563 0.00016853801752723989111 
0.87500000000000066613 0.30860864468808585359 -1.5476190892385273123 -2.5146284410591137615 0.00017059184804120241337 
0.90000000000000068834 0.30830879433991748018 -1.6014981305395048494 -2.5146950100453238086 0.00010403962719991736638 
0.92500000000000071054 0.31075345366190831875 -1.6370059596271104851 -2.5147290904529522315 5.7223986206830119181e-005 
0.95000000000000073275 0.31153465824315024202 -1.6012552722191650822 -2.5147641062060737127 8.2358308576977189196e-005 
0.97500000000000075495 0.31160743924580114328 -1.5772698254014270169 -2.5147981758583148881 5.1616737681132069141e-005 
1.0000000000000006661 0.31025933102631769733 -1.5705665062208464811 -2.5148138399565858059 2.3736609165857335392e-005 
1.0249999999999979128 0.30982001117587548711 -1.5629311137292372091 -2.5148285009491622155 3.8723909345270831012e-005 
1.0499999999999951594 0.311512518299642438 -1.5726204274869526323 -2.5148466687531181307 3.1144787134067600503e-005 
1.0749999999999924061 0.31167578565492454201 -1.5822484781802188536 -2.5148580140524781079 1.6724278542515029483e-005 
1.0999999999999896527 0.31129061482038600239 -1.5833069694512342807 -2.5148635731504853652 1.0722606477283967941e-005 
1.1249999999999868994 0.31137281083780204982 -1.5769359503298718828 -2.514869994633909922 1.4193009855128683956e-005 
1.149999999999984146 0.31064362826223307357 -1.5667453219908327178 -2.5148760564462837586 1.0407610396280955018e-005 
1.1749999999999813927 0.31062574574432894048 -1.5681010272226427738 -2.5148800041349792522 6.6451666246151309717e-006 
1.1999999999999786393 0.31111835834483986263 -1.5692351226577752055 -2.5148828014070012671 5.5471459143247389977e-006 
1.224999999999975886 0.31105458946335012849 -1.5707386759244759133 -2.5148854707226395711 5.3732138239845795847e-006 
1.2499999999999731326 0.3111637247039386045 -1.5858950435419036928 -2.5148877997684073726 3.6868846329534202436e-006 
1.2749999999999703792 0.31094724356338870885 -1.5894280912110263504 -2.5148889234585665164 1.8753804493969575334e-006 
1.2999999999999676259 0.31058279913539871275 -1.5781784026776546348 -2.5148900124769268949 2.5738780304107848973e-006 
1.3249999999999648725 0.31093706566512685496 -1.5747017589471237198 -2.5148912530213212158 2.2566024753042130495e-006 
1.3499999999999621192 0.31125744752483847089 -1.5727730164543320956 -2.5148919847467476885 9.0369645093204663882e-007 
1.3749999999999593658 0.3112162794858702175 -1.5707890630575183089 -2.5148924281000901715 1.2483751192480400873e-006 
1.3999999999999566125 0.31106852140321555877 -1.5737736557948149851 -2.5148930551540136236 1.0378034952681679985e-006 
1.4249999999999538591 0.31088081234239273165 -1.5756661806185201513 -2.5148933746476158646 3.8227400625379433229e-007 
1.4499999999999511058 0.31093449004739459607 -1.5778338164245158115 -2.5148935509470895511 4.9835982357195509688e-007 
1.4749999999999483524 0.31103213984008354354 -1.5781189526487893193 -2.5148938399913705055 6.1244133606148376508e-007 
1.4999999999999455991 0.31099554619941921496 -1.5746895225798311913 -2.5148940818372653716 3.5177037800562490831e-007 
1.5249999999999428457 0.31100960410320988014 -1.5746346775306192534 -2.5148941894547656162 1.501856071111026079e-007 
1.5499999999999400924 0.31098907855220914165 -1.5759826536048080481 -2.5148942670435379121 1.9156382762588425347e-007 
1.574999999999937339 0.31099070227903347075 -1.5763662845330586038 -2.5148943598729975868 1.8511980148877482878e-007 
1.5999999999999345857 0.31104571953427584408 -1.5774924868627344665 -2.5148944442973837354 1.4937252483447734218e-007 
1.6249999999999318323 0.31099413644796453093 -1.5767411879591586299 -2.5148944979722234194 8.4955208840502755532e-008 
1.649999999999929079 0.31098757907155055724 -1.5755428209229278558 -2.5148945333428316395 7.2738742600153221367e-008 
1.6749999999999263256 0.31103885728409380595 -1.5755728197604987884 -2.5148945696072595446 6.9777584813335373585e-008 
1.6999999999999235722 0.3110035242789992993 -1.57497426407570007 -2.5148945961477537914 3.9587392138851267135e-008 
1.7249999999999208189 0.31099775860992245891 -1.5748203497793187289 -2.5148946114336983015 3.2309531838397091187e-008 
1.7499999999999180655 0.31101868307549324077 -1.5755059682445105018 -2.514894629962785455 4.2910773904639720867e-008 
1.7749999999999153122 0.31099845080777316353 -1.5762797736557605521 -2.5148946469740236509 2.1930770735862267561e-008 
1.7999999999999125588 0.31100100593720853004 -1.5768428692862492824 -2.5148946535285903181 1.2206702873347940538e-008 
1.8249999999999098055 0.31100010708392994419 -1.5762978948927557354 -2.5148946608953384185 1.7102968710028260598e-008 
1.8499999999999070521 0.31099674729890708358 -1.5757927404858804721 -2.5148946682164976529 1.247115046532980125e-008 
1.8749999999999042988 0.31102257917316245006 -1.5759508017437473537 -2.5148946727020375924 6.7625151061568351874e-009 
1.8999999999999015454 0.31102143168646440019 -1.5756538578015488739 -2.5148946760065880035 7.6886535531446460174e-009 
1.9249999999998987921 0.31100231233509256779 -1.575582854482853401 -2.5148946797817948173 7.5193360236639703246e-009 
1.9499999999998960387 0.31099677975693723608 -1.5760064572372569636 -2.5148946824390456811 3.2717798881006590757e-009 
1.9749999999998932854 0.31099323283379820548 -1.5760478863321663034 -2.5148946836450698505 2.3747682453080238609e-009 
1.999999999999890532 0.3110022944221569885 -1.5759224784465368785 -2.5148946849271744952 3.0971883375225425541e-009 
2.0249999999998880007 0.31101246504653956571 -1.5757878560240414778 -2.514894686444506533 2.8586658057895941877e-009 
2.0499999999998852473 0.31101485953991503397 -1.5756347415704876624 -2.5148946874525628381 1.4012644576538425993e-009 
2.074999999999882494 0.31101892348413034961 -1.57576147735157579 -2.5148946880313216568 1.1151479558906442978e-009 
2.0999999999998797406 0.31100871210682423662 -1.5759771443509109634 -2.5148946885461302969 1.1093848938329564523e-009 
2.1249999999998769873 0.3109951563356185833 -1.5760749200461550146 -2.5148946890478169891 8.6677666342680205815e-010 
2.1499999999998742339 0.31099728126922543403 -1.5760816486763205013 -2.5148946893620207632 4.9860623844695919606e-010 
2.1749999999998714806 0.31100255238087448628 -1.5759704326054180257 -2.5148946896153234754 5.8753742782861371796e-010 
2.1999999999998687272 0.31100906518528670386 -1.5758560825826180007 -2.514894689884210166 4.9254661751423949774e-010 
2.2249999999998659739 0.31101204833688844698 -1.5757852916243428876 -2.5148946900579813857 2.4528115528805156651e-010 
2.2499999999998632205 0.31100606171064015815 -1.5757351171747013829 -2.5148946901573800972 1.7141380899649022182e-010 
2.2749999999998604672 0.31100550922957409528 -1.575797916031529855 -2.5148946902469453413 2.3801860518427868785e-010 
2.2999999999998577138 0.31100836168687606698 -1.5759078862817994526 -2.5148946903595676972 1.9186780304358697427e-010 
2.3249999999998549605 0.31100685486288282 -1.5759458732883007137 -2.5148946904239881661 8.4322493668861174605e-011 
2.3499999999998522071 0.31100658792693813837 -1.5759479110786154266 -2.5148946904607827335 8.7078159199696458796e-011 
2.3749999999998494538 0.31100540309235341629 -1.5759331243045497928 -2.514894690508698627 1.0076263524552642364e-010 
2.3999999999998467004 0.31100333386579831485 -1.5759066216459087784 -2.5148946905429796495 4.1936509832908586694e-011 
2.4249999999998439471 0.31100489271746967201 -1.5758820176105667876 -2.5148946905596729628 3.5235599986359564536e-011 
2.4499999999998411937 0.3110066990242765228 -1.5758537078033598711 -2.5148946905811158103 5.1604643676566622951e-011 
2.4749999999998384403 0.31100758665656524915 -1.5758599295946211782 -2.514894690601125582 2.8432748917054356861e-011 
2.499999999999835687 0.31100781605374910876 -1.575886900167284832 -2.5148946906106584009 1.5459112053966796652e-011 
2.5249999999998329336 0.31100631805119455242 -1.5758868851266032429 -2.5148946906189193484 1.8732213188469258204e-011 
2.5499999999998301803 0.3110054631434577832 -1.5758897079339542202 -2.5148946906278264457 1.7059488846809345653e-011 
2.5749999999998274269 0.31100564345966857926 -1.5758956481723829235 -2.5148946906335405416 7.8737646599340494204e-012 
2.5999999999998246736 0.31100599718764099233 -1.5758870169061380828 -2.5148946906373406129 8.0402952036380756762e-012 
2.6249999999998219202 0.31100673150913188403 -1.5758900308057217643 -2.5148946906413107705 8.4952104963915271612e-012 
2.6499999999998191669 0.31100653492825969249 -1.5758937717291026104 -2.5148946906448150784 5.883798241449636189e-012 
2.6749999999998164135 0.31100591451692916056 -1.5758886988862315093 -2.5148946906469928919 3.0574752176464500652e-012 
2.6999999999998136602 0.31100601254986048883 -1.5758904639546567061 -2.5148946906480227348 2.0194895244426596371e-012 
2.7249999999998109068 0.31100604498420408861 -1.5758877365584922359 -2.5148946906495357467 4.0093368780495598298e-012 
2.7499999999998081535 0.31100624616331751238 -1.5758815415978908447 -2.5148946906511433497 2.3665628205990901403e-012 
2.7749999999998054001 0.31100656461837339339 -1.5758829467444837036 -2.5148946906518405697 7.567753095731592854e-013 
2.7999999999998026468 0.31100632324620008928 -1.5758869756263347295 -2.514894690652289988 1.3661825498976489186e-012 
2.8249999999997998934 0.31100614426399181278 -1.5758919953446053341 -2.5148946906530071921 1.3082066128753422905e-012 
2.84999999999979714 0.3110060968289480865 -1.575892503045406734 -2.5148946906534064283 4.9824033637363617564e-013 
2.8749999999997943867 0.31100600037146308718 -1.5758883966132299914 -2.5148946906536546742 5.944055538561343072e-013 
2.8999999999997916333 0.31100626597822500496 -1.5758870345657851608 -2.5148946906539748625 6.5386396872848216832e-013 
2.92499999999978888 0.31100647234220346604 -1.5758853523653444384 -2.5148946906542071211 3.2928423799345837997e-013 
2.9499999999997861266 0.3110063189468951772 -1.5758851528532522579 -2.5148946906543243607 2.0747603031572819654e-013 
2.9749999999997833733 0.311006165289671066 -1.5758886274733003852 -2.5148946906544491497 3.0049159338427673957e-013 
2.9999999999997806199 0.31100606506301109455 -1.5758897702151057896 -2.5148946906545694979 1.7346654243127424137e-013 
3.0249999999997778666 0.31100609088531266933 -1.5758896384441918315 -2.514894690654634779 1.2941390479795858414e-013 
3.0499999999997751132 0.3110062396493015191 -1.5758893738582748778 -2.5148946906546933988 1.1396734065376136141e-013 
3.0749999999997723599 0.31100629568543075587 -1.5758875049712974814 -2.5148946906547493541 1.1009728866349813561e-013 
3.0999999999997696065 0.31100628540601993333 -1.5758865754471382825 -2.514894690654793763 7.0635879054491071593e-014 
3.1249999999997668532 0.31100624127417031417 -1.5758864871776081529 -2.5148946906548150793 3.0877625882460427128e-014 
3.1499999999997640998 0.31100618422685943898 -1.5758869664433643454 -2.5148946906548328428 4.5564921367605446853e-014 
3.1749999999997613465 0.31100620147950180927 -1.5758885336540060518 -2.5148946906548581559 5.0556020466086795294e-014 
3.1999999999997585931 0.3110062181291408101 -1.5758889080738311961 -2.5148946906548768077 2.4625761764056572948e-014 
3.2249999999997558398 0.31100620938287854012 -1.5758884863951849731 -2.514894690654883469 1.3702265032875658523e-014 
3.2499999999997530864 0.31100621607270306779 -1.5758884904981322883 -2.5148946906548919067 1.9007380810881920344e-014 
3.274999999999750333 0.31100620625798519603 -1.5758878768302861939 -2.5148946906548999003 1.3801050089188092206e-014 
3.2999999999997475797 0.31100621378008480589 -1.5758873321811908141 -2.5148946906549056735 8.5998440301954787416e-015 
3.3249999999997448263 0.31100623354182732605 -1.5758875717034446229 -2.5148946906549096703 9.6131020275236263665e-015 
3.349999999999742073 0.31100622060901178534 -1.5758878344264217741 -2.5148946906549141111 7.7408269847447756426e-015 
3.3749999999997393196 0.31100621784215071175 -1.5758880538359951728 -2.5148946906549167757 3.3179988120777591372e-015 
3.3999999999997365663 0.31100622038749137221 -1.5758881996369127343 -2.5148946906549176639 3.2286740770150175039e-015 
3.4249999999997338129 0.31100620811462093007 -1.5758881005330138692 -2.5148946906549198843 3.8231335425485086504e-015 
3.4499999999997310596 0.31100621407570600008 -1.5758879318130034619 -2.5148946906549212166 2.9855585798453329744e-015 
3.4749999999997283062 0.31100622274783545906 -1.5758877789841425621 -2.5148946906549225488 1.5152324020718350275e-015 
3.4999999999997255529 0.31100621975661818519 -1.5758878247662599925 -2.514894690654923437 1.4145020446424022873e-015 
3.5249999999997227995 0.31100621996544991488 -1.575887995468199021 -2.514894690654923437 1.3373082530362859354e-015 
3.5499999999997200462 0.31100621642027975744 -1.5758880024978343393 -2.5148946906549238811 8.1836623593231753984e-016 
3.5749999999997172928 0.31100621344671652846 -1.575888007592606499 -2.5148946906549252134 6.6778447160674849972e-016 
3.5999999999997145395 0.3110062154841463089 -1.5758880256232696837 -2.5148946906549243252 7.4052741610332275e-016 
3.6249999999997117861 0.31100621538299250135 -1.5758879012787143648 -2.5148946906549256575 4.7294078247878832564e-016 
3.6499999999997090327 0.31100621793781335622 -1.5758878561369238369 -2.5148946906549252134 2.5094859098207105789e-016 
3.6749999999997062794 0.31100622029160490678 -1.5758879278121724621 -2.5148946906549247693 2.9103599533273889033e-016 
3.699999999999703526 0.31100621890977847572 -1.5758879571588018109 -2.5148946906549256575 2.5520088395211683724e-016 
3.7249999999997007727 0.31100621824561242024 -1.5758879789485886747 -2.5148946906549265456 1.6717057192062949793e-016 
3.7499999999996980193 0.31100621645367421131 -1.5758879717452105584 -2.5148946906549261016 1.1731704059768233024e-016 
3.774999999999695266 0.31100621620071600137 -1.575887940850913882 -2.5148946906549261016 1.305895933299637063e-016 
3.7999999999996925126 0.31100621819610868579 -1.57588794171421398 -2.5148946906549252134 9.6049025266388312422e-017 
3.8249999999996897593 0.31100621705460901323 -1.57588792193962135 -2.5148946906549261016 4.0486112538742786274e-017 
3.8499999999996870059 0.3110062163246377076 -1.5758879203673712421 -2.5148946906549261016 4.4503750888554192995e-017 
3.8749999999996842526 0.31100621725967225739 -1.5758879616622323283 -2.5148946906549256575 6.1663887343374998026e-017 
3.8999999999996814992 0.31100621693024488312 -1.5758879709391853119 -2.5148946906549265456 3.6642512549194179358e-017 
3.9249999999996787459 0.31100621750328316661 -1.5758879676373820367 -2.5148946906549265456 1.4251574077297314736e-017 
3.9499999999996759925 0.31100621796695626653 -1.575887958874579553 -2.5148946906549261016 1.9232491803010034296e-017 
3.9749999999996732392 0.31100621734266070684 -1.5758879291177714244 -2.5148946906549261016 2.0227568876738153808e-017 
3.9999999999996704858 0.311006217859532752 -1.5758879243348267174 -2.5148946906549261016 9.9371385633084955921e-018 
4.0249999999996788347 0.31100621799418326496 -1.5758879362763023035 -2.5148946906549261016 1.1068680464027335449e-017 
4.0499999999996871836 0.31100621714783155403 -1.5758879422946026061 -2.5148946906549256575 8.8737105087696660452e-018 
4.0749999999996955324 0.31100621681245360639 -1.5758879531039871047 -2.5148946906549269897 4.5884635827442297028e-018 
4.0999999999997038813 0.31100621666275352073 -1.5758879588657217496 -2.5148946906549261016 4.0666394141895907921e-018 
4.1249999999997122302 0.3110062170039872842 -1.575887957140711837 -2.5148946906549265456 4.4258133927932239807e-018 
4.1499999999997205791 0.31100621767749214719 -1.5758879479062060103 -2.5148946906549256575 3.660075120501625738e-018 
4.1749999999997289279 0.31100621773971837136 -1.5758879368549190136 -2.5148946906549265456 1.6380338276244730945e-018 
4.1999999999997372768 0.31100621762746161192 -1.5758879417369122677 -2.5148946906549261016 1.6651782707604877191e-018 
4.2249999999997456257 0.31100621741964346034 -1.5758879484474670463 -2.5148946906549261016 1.8173556427666659408e-018 
4.2499999999997539746 0.31100621710910014706 -1.5758879470641100617 -2.5148946906549261016 1.1503907640203464337e-018 
4.2749999999997623235 0.31100621717510190667 -1.5758879489731614232 -2.5148946906549256575 5.7593320496466546786e-019 
4.2999999999997706723 0.31100621732757866011 -1.5758879484099002077 -2.5148946906549265456 7.4100291614136783002e-019 
4.3249999999997790212 0.31100621743454603951 -1.5758879443070192838 -2.5148946906549265456 7.9952516923491508308e-019 
4.3499999999997873701 0.31100621747558315766 -1.5758879438264294937 -2.5148946906549252134 3.2231562415248012176e-019 
4.374999999999795719 0.31100621726249511045 -1.5758879444886610965 -2.5148946906549269897 2.4311650098553577892e-019 
4.3999999999998040678 0.31100621723526716833 -1.5758879466224711141 -2.5148946906549261016 3.4547489350856395738e-019 
4.4249999999998124167 0.31100621740230144363 -1.5758879492626718388 -2.5148946906549265456 2.0781667954937102387e-019 
4.4499999999998207656 0.31100621736947997586 -1.5758879492080795082 -2.5148946906549261016 1.3944891802371346443e-019 
4.4749999999998291145 0.31100621734051681067 -1.5758879482339505085 -2.5148946906549269897 1.4339940474383835036e-019 
4.4999999999998374633 0.3110062173548447384 -1.5758879464129462722 -2.5148946906549265456 1.2854269781343676571e-019 
4.5249999999998458122 0.31100621731410665882 -1.5758879446784475054 -2.5148946906549261016 5.5974457583216982852e-020 
4.5499999999998541611 0.31100621734781758176 -1.5758879450336487071 -2.5148946906549269897 4.6293725355428735273e-020 
4.57499999999986251 0.31100621736688666141 -1.5758879455286627369 -2.5148946906549261016 7.116452274704498118e-020 
4.5999999999998708589 0.31100621735040739901 -1.5758879459638106546 -2.5148946906549261016 4.3439952495566628333e-020 
4.6249999999998792077 0.31100621737655365084 -1.575887947309697612 -2.5148946906549265456 2.167132987154190143e-020 
4.6499999999998875566 0.31100621734832378795 -1.5758879479064193951 -2.5148946906549261016 2.3862635369320179515e-020 
4.6749999999998959055 0.3110062173017933973 -1.5758879473152487272 -2.5148946906549256575 2.3970844163905566801e-020 
4.6999999999999042544 0.31100621731439997975 -1.5758879465911732609 -2.5148946906549256575 1.0713058315938227347e-020 
4.7249999999999126032 0.31100621734129335616 -1.5758879462592154663 -2.5148946906549261016 1.1704042635082145677e-020 
4.7499999999999209521 0.31100621737195804917 -1.5758879463516648478 -2.5148946906549261016 1.2138672422419852314e-020 
4.774999999999929301 0.31100621737506961573 -1.5758879463665989018 -2.5148946906549261016 7.2861850236916697816e-021 
4.7999999999999376499 0.31100621734506411764 -1.5758879464011461558 -2.5148946906549265456 3.8672101514279868656e-021 
4.8249999999999459988 0.3110062173336010094 -1.5758879466957762538 -2.5148946906549261016 4.6381586980692997042e-021 
4.8499999999999543476 0.31100621733259620205 -1.575887946662583472 -2.5148946906549256575 4.2645496813103234892e-021 
4.8749999999999626965 0.31100621734013461639 -1.5758879464463257936 -2.5148946906549252134 2.9980843474173529631e-021 
4.8999999999999710454 0.31100621735683453561 -1.5758879465169897127 -2.5148946906549256575 1.5474773109066360701e-021 
4.9249999999999793943 0.3110062173522735729 -1.5758879465842419165 -2.5148946906549265456 2.0239513974225263907e-021 
4.9499999999999877431 0.31100621734285260889 -1.5758879466594311047 -2.5148946906549261016 1.7260323546272942496e-021 
4.974999999999996092 0.31100621734119621165 -1.5758879467586934808 -2.5148946906549256575 5.7595645818398013718e-022 
