0.025000000000000015266 0.59116133881900068126 0.000454443579867708225 -2.2512474244510287669 0.037044022694127452799 
0.05000000000000003747 0.57005984657183739195 0.015847732056940816436 -2.2631080280630073709 0.048649559840513521836 
0.075000000000000052736 0.44550456386744741177 -0.0012270818828440388515 -2.2922314667448464576 0.075530895440328274515 
0.10000000000000007494 0.41851390919199243923 -0.048424936028207077321 -2.3415407883029679681 0.091053097355492357279 
0.12500000000000008327 0.2715243475938657336 -0.403586377452999856 -2.3741990284528031729 0.044051998790810453777 
0.15000000000000010547 0.25028319720308445095 -1.6434098767734104385 -2.3907359642503669406 0.03029169221296058867 
0.17500000000000012768 0.30997003105198778217 -2.0217762261424176984 -2.406808010707354395 0.034935279981673804384 
0.20000000000000014988 0.2806217354307310452 -1.2819969940919078155 -2.422227472865825515 0.022184136028056928441 
0.22500000000000017208 0.28188430353038068654 -1.4374655462939305295 -2.4318918996091034579 0.020880039361248901864 
0.25000000000000016653 0.3074069764072398514 -1.1015802431249748228 -2.4440788397791126663 0.025714357204942681068 
0.27500000000000018874 0.31253860866502425342 -0.49295537647816695115 -2.4541991426997884496 0.015683581608216663056 
0.30000000000000021094 0.33171499218937972042 -0.65358894014656554461 -2.4621923355101502651 0.017151501233373424304 
0.32500000000000023315 0.3391608304905184279 -0.795505878237028341 -2.4715859488984155412 0.018705435782697680397 
0.35000000000000025535 0.34489578546398574899 -1.2943996855493695719 -2.4791160135534293651 0.011941818541703600257 
0.37500000000000027756 0.33105524141301800878 -1.8017282775977536691 -2.4843934773753293399 0.010689602163198246021 
0.40000000000000029976 0.28784495175780183684 -1.5496379708858298851 -2.4907250474040036892 0.013716970859890450715 
0.42500000000000032196 0.2807743120175139051 -1.5183039427721309877 -2.497253116076382895 0.011775613886215695325 
0.45000000000000034417 0.29250747463105231105 -1.6478913538811119643 -2.5018657324081976512 0.0068381039544686342269 
0.47500000000000036637 0.30659244593429108017 -1.6259831527495975934 -2.5044648539194169778 0.0043160842100404316415 
0.50000000000000033307 0.32307072850119095131 -1.7652680800700157882 -2.5066997132343717958 0.0042819756518359926648 
0.52500000000000035527 0.31185030634933291749 -1.7637895351372558927 -2.5086190156205794288 0.003499645346696924654 
0.55000000000000037748 0.30048836833168129923 -1.7170820957212982183 -2.5099324238482987326 0.0017940941973880119523 
0.57500000000000039968 0.30686135317917689891 -1.6078947210170928539 -2.5107764652244615178 0.0019042167834950466439 
0.60000000000000042188 0.31033282526852884464 -1.3497436619555531756 -2.5118481366035037006 0.0020570469204985960578 
0.62500000000000044409 0.31907671152551891902 -1.359477972709872029 -2.5126382097660915349 0.001142162383953657448 
0.65000000000000046629 0.3214807774782569294 -1.4684322756065060211 -2.5130304246915722288 0.00059354537838201334044 
0.6750000000000004885 0.30773825836638896147 -1.5495752587222604291 -2.5134152198791941402 0.00093369399313937085153 
0.7000000000000005107 0.30156328682516114759 -1.7578096980056585608 -2.5138269994817976638 0.00059855292757999558565 
0.72500000000000053291 0.30348155765694262431 -1.8137033250947860452 -2.5140181061482640423 0.00026883378406274079141 
0.75000000000000055511 0.30659655960000281594 -1.6832015122873760227 -2.5141700654054992548 0.00037549285830624639119 
0.77500000000000057732 0.31426762340872760326 -1.5642913343484039501 -2.5143737613338941195 0.00036586844194388273583 
0.80000000000000059952 0.31699977005024171373 -1.4704563463090754016 -2.5145045473299290073 0.00017711560625509206821 
0.82500000000000062172 0.31412202288992918664 -1.4729999076802475777 -2.5145678339128672008 0.00010256761676296883114 
0.85000000000000064393 0.31146656754923379706 -1.5322756129876615727 -2.5146295847092288156 0.00014399682190842038698 
0.87500000000000066613 0.30847001735293416713 -1.5628385228943140195 -2.5146996581608074273 0.00012475975424665173728 
0.90000000000000068834 0.3087566565006936159 -1.609955918421976051 -2.5147484446198742347 6.8817694848709971226e-005 
0.92500000000000071054 0.3111826443059225733 -1.6284000132103808589 -2.5147732129425097725 4.5980481822146291877e-005 
0.95000000000000073275 0.3116318909759924205 -1.5907584937152441373 -2.5148012956459098177 5.9202249011726535354e-005 
0.97500000000000075495 0.31131735853466740993 -1.5741123691509719684 -2.5148253982865971246 3.3445247035212214814e-005 
1.0000000000000006661 0.31033433435946278234 -1.5717804260839065567 -2.514836647545982462 1.963176726197204776e-005 
1.0249999999999979128 0.31012912168396095103 -1.564355837578069286 -2.5148488116740401743 2.7754327950632710242e-005 
1.0499999999999951594 0.31141502480898797245 -1.5734072842333604036 -2.5148617519687279653 2.1493492100276938962e-005 
1.0749999999999924061 0.31156009608781476405 -1.5828742322693361011 -2.5148695280489992143 9.677772696026077566e-006 
1.0999999999999896527 0.31129809978856054498 -1.5816053062913062455 -2.5148731009571436701 8.171836617149432283e-006 
1.1249999999999868994 0.31129322648628232617 -1.5750948926592460708 -2.5148780944805775306 9.8716498851499020372e-006 
1.149999999999984146 0.31066097565358163912 -1.5678733648870109008 -2.5148823355330476303 6.9193585923612382861e-006 
1.1749999999999813927 0.31069681703596979672 -1.5687337894649515668 -2.5148849677881695008 4.1614291532898790922e-006 
1.1999999999999786393 0.31114047643376957497 -1.5704262038274534596 -2.5148868782579323344 3.7567105633896739654e-006 
1.224999999999975886 0.31105782632303397017 -1.5742161785135262431 -2.5148887555411896244 3.5843664817842078791e-006 
1.2499999999999731326 0.31107756580779788447 -1.5857020488135971092 -2.5148902589405781605 2.1052659654307608076e-006 
1.2749999999999703792 0.3109059686670990752 -1.5858756914655400827 -2.5148909698154637837 1.3134932830159450664e-006 
1.2999999999999676259 0.31068394169809271377 -1.5767681224709932941 -2.5148917484837687297 1.7119246284683302859e-006 
1.3249999999999648725 0.31100602852088504724 -1.574908544218931894 -2.5148925711603364874 1.3371162876663182322e-006 
1.3499999999999621192 0.31122948324892030225 -1.5730054122577898923 -2.5148929996186089042 5.5586934833211932021e-007 
1.3749999999999593658 0.31115631654484976476 -1.5710977235614680403 -2.5148933204447216916 8.1183335435385794123e-007 
1.3999999999999566125 0.31105306910315638769 -1.574316785757179149 -2.5148936973564812725 5.5576818632197336031e-007 
1.4249999999999538591 0.31091992433038523336 -1.5764267088575611986 -2.514893884535312818 2.4807555083235072915e-007 
1.4499999999999511058 0.31093823852566299104 -1.5775929525587690794 -2.5148940109376702878 3.3136202307518317733e-007 
1.4749999999999483524 0.31100583881559745736 -1.5774521035033035599 -2.5148941993814206697 3.6532226535861538212e-007 
1.4999999999999455991 0.31098975174524384757 -1.5749985519870874917 -2.5148943397736824856 1.7470852804631408207e-007 
1.5249999999999428457 0.31101238746746961983 -1.5750144689155705091 -2.5148943941683903347 8.7776419525937728118e-008 
1.5499999999999400924 0.311009950457254436 -1.5760035762546402704 -2.5148944460157394154 1.1757956566244292992e-007 
1.574999999999937339 0.31100390903843144752 -1.5762476855975768864 -2.5148945037640504374 1.1130844581905639473e-007 
1.5999999999999345857 0.31102698066294853785 -1.5770490580850875517 -2.5148945542761311778 8.008573549914089682e-008 
1.6249999999999318323 0.31099196498909204012 -1.576478307860411654 -2.5148945832103137832 4.4409755817126043557e-008 
1.649999999999929079 0.31099665692155215035 -1.5755535522448482766 -2.5148946033634373975 4.1354547414615017542e-008 
1.6749999999999263256 0.31103233341279634683 -1.5756076221442243401 -2.5148946247575287849 3.8578929352766588974e-008 
1.6999999999999235722 0.31100366810809371154 -1.5751937547417815821 -2.5148946393404534305 2.0240678951723780002e-008 
1.7249999999999208189 0.31099931775664485523 -1.5750774210567981548 -2.5148946478956988315 1.8621619894533423918e-008 
1.7499999999999180655 0.31101304540579716162 -1.575688598156726794 -2.5148946588809306668 2.3193864062136833619e-008 
1.7749999999999153122 0.31099811352083261973 -1.5762854602718818775 -2.5148946678083268225 1.0347056645608497103e-008 
1.7999999999999125588 0.31100285665238175392 -1.5765713923409814257 -2.5148946712103481538 6.6662866500618949374e-009 
1.8249999999999098055 0.31100491428678667116 -1.5761504915739010801 -2.5148946752569401042 8.8287006845747439401e-009 
1.8499999999999070521 0.31100149961542522536 -1.5758294073317546946 -2.5148946792141742002 6.3807077027208862107e-009 
1.8749999999999042988 0.31101742217010591718 -1.5759157410783497522 -2.5148946815136072885 3.3692403610649931677e-009 
1.8999999999999015454 0.31101531867069692749 -1.57568924716646519 -2.5148946833538521339 4.2102769441509942278e-009 
1.9249999999998987921 0.31100181101711737996 -1.5756798668508249506 -2.5148946853662224044 3.4753514975573191702e-009 
1.9499999999998960387 0.31099955708592941228 -1.575991469887720875 -2.5148946865639620896 1.4371188601067542599e-009 
1.9749999999998932854 0.31099825204678427371 -1.5759838488091719721 -2.5148946871943711479 1.2734213247651784597e-009 
1.999999999999890532 0.3110041832992491706 -1.575883497331265648 -2.5148946878997424648 1.6076925734282361211e-009 
2.0249999999998880007 0.31101127105940634676 -1.5758162675261844221 -2.5148946886692979952 1.2985089002916646669e-009 
2.0499999999998852473 0.31101246159594730933 -1.5757281468447963402 -2.514894689146216944 6.6275461414972863482e-010 
2.074999999999882494 0.31101395886636767907 -1.5758216197870309472 -2.5148946894232024896 4.9408515532499318616e-010 
2.0999999999998797406 0.31100696662884286248 -1.5759684828792632771 -2.5148946896687931485 5.2881237309332137984e-010 
2.1249999999998769873 0.31099844398854459282 -1.5760184623525741454 -2.5148946899169519753 4.0223184535195538772e-010 
2.1499999999998742339 0.31100044443712204778 -1.5760105758894931149 -2.5148946900647768388 2.2663244014436365438e-010 
2.1749999999998714806 0.31100446731970221581 -1.5759344689574492637 -2.5148946901884685623 2.7793548589376789891e-010 
2.1999999999998687272 0.31100836537948811644 -1.5758544041199891161 -2.5148946903150894983 2.090608857382635436e-010 
2.2249999999998659739 0.31100969575873110839 -1.5758084933743372602 -2.514894690390157006 1.0131029299943064588e-010 
2.2499999999998632205 0.31100604361120520736 -1.5757858043207251253 -2.5148946904325009122 7.4935345038119477638e-011 
2.2749999999998604672 0.31100610473563106151 -1.575835516967892147 -2.5148946904789490908 1.1785033957116537669e-010 
2.2999999999998577138 0.31100778267867451587 -1.575909619754194857 -2.5148946905302196342 7.3483827624533234014e-011 
2.3249999999998549605 0.31100641391908817601 -1.5759314183705002144 -2.5148946905556543996 3.4286095603463314923e-011 
2.3499999999998522071 0.31100612396866295084 -1.5759278770846174567 -2.5148946905729725465 4.0903034367774377163e-011 
2.3749999999998494538 0.31100553009262638104 -1.575916668865106729 -2.5148946905943621033 3.955596780234374747e-011 
2.3999999999998467004 0.31100445049584890533 -1.5758982873229405719 -2.5148946906081972585 1.6913288412587670656e-011 
2.4249999999998439471 0.31100561991619868341 -1.575880022342093234 -2.514894690615756101 1.614659764078834801e-011 
2.4499999999998411937 0.31100668182305873932 -1.5758632258093228096 -2.5148946906252982458 2.0462852698114601875e-011 
2.4749999999998384403 0.31100700931267560856 -1.5758702095049108571 -2.514894690633288743 1.1056785338647539746e-011 
2.499999999999835687 0.31100713063778184786 -1.5758884588535746474 -2.5148946906373024213 6.1668102612697794747e-012 
2.5249999999998329336 0.31100626735546299528 -1.5758887532352872096 -2.5148946906406837165 7.6449689951343585605e-012 
2.5499999999998301803 0.31100572661375136541 -1.5758897285503088437 -2.51489469064440474 6.410651969513375097e-012 
2.5749999999998274269 0.31100587218966740943 -1.5758925449325884571 -2.5148946906465878826 3.0851987363730725382e-012 
2.5999999999998246736 0.31100611506885139645 -1.5758875819466080515 -2.5148946906481874919 3.1822376397361905245e-012 
2.6249999999998219202 0.31100652769834202793 -1.5758896441085634699 -2.5148946906497986475 3.2969146242322602494e-012 
2.6499999999998191669 0.31100640359644143862 -1.5758912630400025989 -2.51489469065117488 2.1299822717497107901e-012 
2.6749999999998164135 0.31100602916507430473 -1.5758877259544865623 -2.5148946906519382694 9.171599000761980004e-013 
2.6999999999998136602 0.31100608627343040435 -1.5758892815126825937 -2.5148946906523321765 9.8508782517364790206e-013 
2.7249999999998109068 0.3110061261137740396 -1.5758879829887355584 -2.5148946906529947576 1.4700453808797835039e-012 
2.7499999999998081535 0.31100623846789943183 -1.5758839853105723883 -2.5148946906535760704 7.9312981892009817226e-013 
2.7749999999998054001 0.311006409697694719 -1.5758851224405341362 -2.5148946906538092172 2.4150210737466688579e-013 
2.7999999999998026468 0.31100627943802816588 -1.5758878137543526066 -2.5148946906539864088 5.2994173686716084272e-013 
2.8249999999997998934 0.31100618165459581466 -1.575890274169510441 -2.5148946906542546387 4.427221235129301676e-013 
2.84999999999979714 0.31100614655514341456 -1.5758903578005036827 -2.5148946906543976354 1.7794282602260012603e-013 
2.8749999999997943867 0.31100609351136826453 -1.5758880421467609256 -2.5148946906544882296 2.0665331282648595291e-013 
2.8999999999997916333 0.31100625726342823185 -1.5758872316032612737 -2.5148946906546023605 2.2333078643202916977e-013 
2.92499999999978888 0.31100636945779397413 -1.5758865520090892254 -2.5148946906546827407 1.0535411271991071823e-013 
2.9499999999997861266 0.31100626108427026351 -1.5758866572851979448 -2.5148946906547235969 7.3382749715519019951e-014 
2.9749999999997833733 0.31100617016665227377 -1.5758884651136071398 -2.5148946906547693381 1.0046020964441631036e-013 
2.9999999999997806199 0.31100612851793635327 -1.5758889594121732181 -2.5148946906548084179 5.4452572122505531141e-014 
3.0249999999997778666 0.31100615459948616204 -1.5758888775393917747 -2.5148946906548310665 4.3435036271582759214e-014 
3.0499999999997751132 0.31100624083618638727 -1.5758886887805405586 -2.5148946906548519387 3.7794000699924166675e-014 
3.0749999999997723599 0.31100626543029624704 -1.5758875326819614671 -2.5148946906548701463 3.4488456218329719781e-014 
3.0999999999997696065 0.31100625167110645952 -1.5758870386716514744 -2.5148946906548848013 2.1146334734681086949e-014 
3.1249999999997668532 0.31100622936296928867 -1.5758871919745369716 -2.5148946906548914626 1.0100549140162495655e-014 
3.1499999999997640998 0.3110061994542969166 -1.5758875493656461231 -2.5148946906548976798 1.4757684080185198189e-014 
3.1749999999997613465 0.31100620480264501433 -1.575888333617974979 -2.5148946906549056735 1.5715023543418612023e-014 
3.1999999999997585931 0.31100621454441373936 -1.5758884849284240381 -2.5148946906549105584 6.8869887615585167371e-015 
3.2249999999997558398 0.31100621352203200454 -1.5758882561207787631 -2.5148946906549127789 4.2389870596770841432e-015 
3.2499999999997530864 0.31100621902080738401 -1.5758882277519155046 -2.5148946906549154434 5.6542230852427680382e-015 
3.274999999999750333 0.31100621389158911168 -1.5758878418481434558 -2.514894690654918552 4.2081544072020164217e-015 
3.2999999999997475797 0.31100621550596191378 -1.5758875661753060093 -2.5148946906549207725 2.3906254113325686851e-015 
3.3249999999997448263 0.31100622459091942229 -1.575887765423638287 -2.5148946906549207725 3.0073634358356137274e-015 
3.349999999999742073 0.31100621908284437067 -1.5758879174284881053 -2.5148946906549229929 2.0758217791026126898e-015 
3.3749999999997393196 0.311006217940736851 -1.5758880091154212622 -2.514894690654923437 8.6045380181051527037e-016 
3.3999999999997365663 0.31100621842959480512 -1.5758880869321283402 -2.514894690654923437 1.0119264833020856649e-015 
3.4249999999997338129 0.31100621214243406865 -1.5758880291350283454 -2.5148946906549247693 1.063543012268828031e-015 
3.4499999999997310596 0.31100621581072596111 -1.5758879308257927043 -2.5148946906549247693 8.2982899101725201411e-016 
3.4749999999997283062 0.31100622024670754318 -1.5758878609731785669 -2.5148946906549261016 3.9604523496228758386e-016 
3.4999999999997255529 0.31100621854009186107 -1.5758878834634137966 -2.5148946906549256575 3.8345272189268882709e-016 
3.5249999999997227995 0.3110062191358714534 -1.5758879632082318789 -2.5148946906549252134 3.5800029602234538776e-016 
3.5499999999997200462 0.31100621732581296142 -1.5758879791327633502 -2.5148946906549252134 2.221585877591594963e-016 
3.5749999999997172928 0.31100621488263302528 -1.5758879869964772524 -2.5148946906549265456 1.7907751700953985406e-016 
3.5999999999997145395 0.31100621571257480724 -1.5758879815307496042 -2.5148946906549269897 1.925859187001469094e-016 
3.6249999999997117861 0.31100621629632646536 -1.5758879161648349232 -2.5148946906549261016 1.1896182200260678756e-016 
3.6499999999997090327 0.31100621802349331935 -1.5758879047790539385 -2.5148946906549265456 6.4952923992582559249e-017 
3.6749999999997062794 0.3110062192731376518 -1.5758879422059173248 -2.5148946906549256575 7.2772850918269557215e-017 
3.699999999999703526 0.31100621816304524492 -1.5758879492967257097 -2.5148946906549261016 6.7889979362103944508e-017 
3.7249999999997007727 0.31100621744712442229 -1.5758879593881141012 -2.5148946906549261016 3.7186588038857921807e-017 
3.7499999999996980193 0.31100621680706008743 -1.5758879617796390793 -2.5148946906549256575 3.1936710044454674187e-017 
3.774999999999695266 0.31100621689655771895 -1.5758879464252175673 -2.5148946906549265456 3.1663578169690895508e-017 
3.7999999999996925126 0.31100621774617032145 -1.5758879419862465987 -2.5148946906549261016 2.1980483339907895193e-017 
3.8249999999996897593 0.31100621716490089996 -1.5758879323696657337 -2.5148946906549261016 9.7076122926209864904e-018 
3.8499999999996870059 0.31100621688008273091 -1.5758879344681182566 -2.5148946906549261016 1.086268998958878658e-017 
3.8749999999996842526 0.31100621733665778645 -1.5758879554004194823 -2.5148946906549261016 1.5304366152885530981e-017 
3.8999999999996814992 0.31100621713209442021 -1.5758879588938103922 -2.5148946906549261016 7.802485639307825398e-018 
3.9249999999996787459 0.31100621736717715127 -1.5758879560587999435 -2.5148946906549261016 3.160161487367088888e-018 
3.9499999999996759925 0.31100621764916880352 -1.5758879519642781109 -2.5148946906549256575 4.5271702779676639699e-018 
3.9749999999996732392 0.31100621742698808525 -1.5758879380629275957 -2.5148946906549256575 4.6431211918324918132e-018 
3.9999999999996704858 0.31100621762595620501 -1.5758879359270716591 -2.5148946906549269897 2.2289722056845583541e-018 
4.0249999999996788347 0.31100621759649482723 -1.575887942088377347 -2.5148946906549256575 2.4503964407166540867e-018 
4.0499999999996871836 0.31100621718381876724 -1.5758879446067859398 -2.5148946906549261016 1.9182094585703806429e-018 
4.0749999999996955324 0.31100621709481518495 -1.5758879495916002789 -2.5148946906549256575 9.7408765109506630054e-019 
4.0999999999997038813 0.31100621706993575311 -1.5758879526978182284 -2.5148946906549256575 8.8810703027679254912e-019 
4.1249999999997122302 0.31100621720844601192 -1.5758879511592409628 -2.5148946906549261016 1.0003221527002014251e-018 
4.1499999999997205791 0.31100621750132728671 -1.5758879466643336276 -2.5148946906549256575 7.0899736193313268035e-019 
4.1749999999997289279 0.31100621751512608215 -1.5758879425281269171 -2.5148946906549261016 3.7444132015079215386e-019 
4.1999999999997372768 0.31100621744699724625 -1.5758879447820914876 -2.5148946906549256575 3.3863006414786310275e-019 
4.2249999999997456257 0.31100621737400335753 -1.5758879472276365874 -2.5148946906549261016 3.7446012589060737576e-019 
4.2499999999997539746 0.31100621725919508354 -1.5758879466018851367 -2.5148946906549256575 2.2834387221840661144e-019 
4.2749999999997623235 0.31100621728592769966 -1.5758879477086882304 -2.5148946906549265456 1.1663946182736895111e-019 
4.2999999999997706723 0.31100621734181033151 -1.5758879473877855926 -2.5148946906549265456 1.5529410802483674567e-019 
4.3249999999997790212 0.31100621737053502081 -1.5758879453966332385 -2.5148946906549256575 1.5512308116109528023e-019 
4.3499999999997873701 0.3110062173849294509 -1.5758879453368757062 -2.5148946906549252134 6.0008639994251263085e-020 
4.374999999999795719 0.3110062173129710672 -1.5758879458154804176 -2.5148946906549265456 4.693972932104647509e-020 
4.3999999999998040678 0.31100621730974759016 -1.5758879466925566071 -2.5148946906549269897 7.0222792204338133699e-020 
4.4249999999998124167 0.31100621737109029885 -1.5758879477776943645 -2.5148946906549261016 3.6806320274441995177e-020 
4.4499999999998207656 0.31100621735017958125 -1.5758879477106186862 -2.5148946906549261016 2.6713941900689465222e-020 
4.4749999999998291145 0.31100621734028011112 -1.5758879472462115068 -2.5148946906549261016 2.7438634159747985534e-020 
4.4999999999998374633 0.31100621735167954807 -1.5758879464865551689 -2.5148946906549261016 2.3481779823624531992e-020 
4.5249999999998458122 0.31100621733571115479 -1.5758879457310714933 -2.5148946906549261016 9.4040649115705076473e-021 
4.5499999999998541611 0.31100621734751565661 -1.5758879458567274234 -2.5148946906549261016 9.2995405500117886184e-021 
4.57499999999986251 0.31100621735388167544 -1.5758879461276662504 -2.5148946906549261016 1.2602098564019484712e-020 
4.5999999999998708589 0.31100621734615618852 -1.5758879463798112219 -2.5148946906549261016 7.6176001630317443913e-021 
4.6249999999998792077 0.31100621735697459025 -1.5758879469459543543 -2.5148946906549261016 3.8521614382557353091e-021 
4.6499999999998875566 0.31100621734517081007 -1.5758879471403770545 -2.5148946906549261016 4.1691249700129010862e-021 
4.6749999999998959055 0.31100621732635602701 -1.5758879468490989417 -2.5148946906549261016 4.0708411031132128707e-021 
4.6999999999999042544 0.31100621733433597704 -1.5758879465687045673 -2.5148946906549261016 1.9449440712879836138e-021 
4.7249999999999126032 0.31100621734608324687 -1.5758879464532848935 -2.5148946906549265456 1.9047527161433162256e-021 
4.7499999999999209521 0.31100621735605649132 -1.5758879464722577168 -2.5148946906549265456 2.0939027524233335104e-021 
4.774999999999929301 0.31100621735656230893 -1.5758879464821493599 -2.5148946906549256575 1.1761145767438425794e-021 
4.7999999999999376499 0.31100621734482808423 -1.5758879465186370616 -2.5148946906549261016 6.4359149901432584314e-022 
4.8249999999999459988 0.31100621734021327569 -1.5758879466309974049 -2.5148946906549265456 7.5702050339537751067e-022 
4.8499999999999543476 0.31100621734047728673 -1.5758879466096247235 -2.5148946906549252134 6.9150011785027421604e-022 
4.8749999999999626965 0.31100621734352440484 -1.575887946528818917 -2.5148946906549256575 4.8366873585312868542e-022 
4.8999999999999710454 0.31100621734960648412 -1.5758879465538813136 -2.5148946906549261016 2.3096748111369004303e-022 
4.9249999999999793943 0.31100621734791628059 -1.5758879465763850902 -2.5148946906549269897 3.4104012778585964322e-022 
4.9499999999999877431 0.31100621734437505772 -1.5758879466087674093 -2.5148946906549265456 2.5031420276553362957e-022 
4.974999999999996092 0.31100621734392075446 -1.5758879466477269116 -2.5148946906549256575 9.0380896095648930639e-023 
