0.025000000000000015266 0.59164183207105025541 0.00045762946994028913528 -2.2507091463590080949 0.037363096918286625714 
0.05000000000000003747 0.57021372590065255714 0.015969132097631871803 -2.2622965236875400841 0.049502751370094362493 
0.075000000000000052736 0.44419247942646572502 -0.001764592460918146255 -2.2909312374274160007 0.077112037150842388522 
0.10000000000000007494 0.41632914037015494868 -0.049076824717430911349 -2.3393807435223976654 0.09253800289323914352 
0.12500000000000008327 0.26782018119867689876 -0.40537336385193545318 -2.3713804080559270915 0.045014442661288858738 
0.15000000000000010547 0.2478350871134208655 -1.6757810645304895836 -2.3878748656407742246 0.031718872661581840044 
0.17500000000000012768 0.30900232739786953617 -2.0667484112763578885 -2.4039957624848580231 0.036159336549700285546 
0.20000000000000014988 0.27691418503340375912 -1.3011484119684453287 -2.4192905079424651404 0.022511881470278393563 
0.22500000000000017208 0.27688548430665166356 -1.4719685057801163985 -2.4287960115319000565 0.021703049137866310681 
0.25000000000000016653 0.30330113344123460495 -1.1153718784773654082 -2.4410912039963101883 0.026886577127290495898 
0.27500000000000018874 0.30932131636499721195 -0.46145386113645531223 -2.4511380705890029041 0.015714653712508457051 
0.30000000000000021094 0.32965524825324199476 -0.63428302642520972832 -2.4588202392685323261 0.01745369402554711874 
0.32500000000000023315 0.3388757558478308618 -0.77364232522184162022 -2.468529977697688782 0.020767728673084007857 
0.35000000000000025535 0.34923225420859654866 -1.2831768164029015988 -2.4766136082866934132 0.013071013265979331691 
0.37500000000000027756 0.33589092968517547666 -1.8014155969740546226 -2.4818782072186320597 0.010667349185582979121 
0.40000000000000029976 0.2889027890022242695 -1.5385854515528789577 -2.488064807312498683 0.014060696466360133802 
0.42500000000000032196 0.2811058237213810429 -1.498234078635240607 -2.4947099050477063997 0.012924349188253882875 
0.45000000000000034417 0.29100699912026350979 -1.5874881657674193569 -2.4998563847674608596 0.0085562265515000384547 
0.47500000000000036637 0.3032626280318347356 -1.5739382956179215345 -2.5030128146364027941 0.0051178670197708680048 
0.50000000000000033307 0.32356026777122032234 -1.7708416710048857645 -2.5054307486100046987 0.00471082839096076747 
0.52500000000000035527 0.3135350259041393417 -1.7991228894056170429 -2.5075554819827963193 0.0042440231693385097739 
0.55000000000000037748 0.2992179603860693482 -1.7766290838207523528 -2.5091196703424047953 0.0021916095446206577783 
0.57500000000000039968 0.30422861199200335047 -1.6685466824250028139 -2.5100224607793171216 0.0020002919391464237843 
0.60000000000000042188 0.30818377984076023024 -1.3478789841366705105 -2.5111936901451801241 0.002492788902367276075 
0.62500000000000044409 0.32022360072443706303 -1.3266129778042901055 -2.5121447670724568191 0.0014800669485036032844 
0.65000000000000046629 0.32475886478490323395 -1.4398993093286356348 -2.5126436754389378514 0.00074452875547571198845 
0.6750000000000004885 0.30899809850675963308 -1.5092828873728405537 -2.5130736575384293729 0.0010795018700002847762 
0.7000000000000005107 0.30045812424159162868 -1.738180138322594992 -2.5135608195217198357 0.00078894877695883324463 
0.72500000000000053291 0.30189189585411546624 -1.8424546099025949086 -2.5138093310136810921 0.0003457523755301403017 
0.75000000000000055511 0.30539707151289785525 -1.7341542240275820141 -2.5139768605952372837 0.00042019120418857326509 
0.77500000000000057732 0.31375357248997576276 -1.5915312530792391499 -2.5142188224231252214 0.00048822599411400721377 
0.80000000000000059952 0.31708759024367166868 -1.4594875543717824584 -2.5143912062871218716 0.00024818053563702998201 
0.82500000000000062172 0.31487944755962443688 -1.4580983900801678388 -2.5144783683055389467 0.00013601877935197345735 
0.85000000000000064393 0.31239767009865815339 -1.5248277951005890785 -2.5145475799337382306 0.00016743881447253778564 
0.87500000000000066613 0.30858381745392465811 -1.5487113968147996346 -2.5146334448706744169 0.00016735803581576977599 
0.90000000000000068834 0.30833204618760629012 -1.6023236542895853418 -2.5146987664554925068 0.00010144305183143955567 
0.92500000000000071054 0.3107903439087414954 -1.636585682708537437 -2.5147321371551782931 5.646214144112076072e-005 
0.95000000000000073275 0.31155067184231988175 -1.6004447150634373287 -2.5147667459238696175 8.0825386292874626935e-005 
0.97500000000000075495 0.31158626782229081886 -1.5769404384720142609 -2.5148000991273904425 5.0199042687918790542e-005 
1.0000000000000006661 0.31026093624140427263 -1.5706736506862610803 -2.5148154152199007072 2.3474105442815448256e-005 
1.0249999999999979128 0.3098418388221177433 -1.5630292181946325858 -2.5148299538411955645 3.8021905819741128594e-005 
1.0499999999999951594 0.31150607861142104449 -1.5726388360041343439 -2.514847750411686178 3.0441120987775931964e-005 
1.0749999999999924061 0.31166748619343387361 -1.5823186642644573308 -2.514858847869184455 1.6185671811918739597e-005 
1.0999999999999896527 0.31129259419526178476 -1.5832172550126717425 -2.5148642412700370485 1.0530108765437324505e-005 
1.1249999999999868994 0.31136827514067194622 -1.5767796990295948056 -2.5148705782892384342 1.3908981917430870086e-005 
1.149999999999984146 0.31064322696490076492 -1.5667924384819051919 -2.5148765113602085108 1.0155801392573514359e-005 
1.1749999999999813927 0.31062933557811439611 -1.5681318911291941554 -2.5148803657880178797 6.4567368376497632682e-006 
1.1999999999999786393 0.31112077912227714682 -1.569305164630553806 -2.5148830967629218769 5.4174255409128837298e-006 
1.224999999999975886 0.31105600601582672482 -1.5710056722174288169 -2.5148857111061042602 5.2486175334421605112e-006 
1.2499999999999731326 0.31115764676292911872 -1.5859425692869562052 -2.5148879813499607216 3.5635212146515186179e-006 
1.2749999999999703792 0.31094297233001644276 -1.5891961570185326735 -2.5148890720071093163 1.8345056543151093241e-006 
1.2999999999999676259 0.31058886289848486317 -1.5780488056728740887 -2.514890140623985193 2.5142742759255166613e-006 
1.3249999999999648725 0.31094288379717988091 -1.5747045506056589481 -2.5148913518891311547 2.1881852136040040618e-006 
1.3499999999999621192 0.31125665237395444551 -1.5727868187001885492 -2.5148920595738792905 8.7409222639885149832e-007 
1.3749999999999593658 0.31121185553218666531 -1.5707874639020389385 -2.5148924950608644302 1.2208942460196921588e-006 
1.3999999999999566125 0.31106730269515209253 -1.5738004011336710342 -2.5148931038066320021 9.9759522211900984136e-007 
1.4249999999999538591 0.31088386967800396565 -1.5757366653714699467 -2.5148934122897839138 3.7215931766029471634e-007 
1.4499999999999511058 0.31093455118746921029 -1.5778332345039429718 -2.5148935854580645177 4.8741636159610805362e-007 
1.4749999999999483524 0.31102983983707871429 -1.5780723855514799947 -2.5148938676309153806 5.9438666750721221969e-007 
1.4999999999999455991 0.31099483031684155288 -1.5747069916976221826 -2.5148941017935899644 3.3709189792797208923e-007 
1.5249999999999428457 0.31100972501628232347 -1.5746624007225893394 -2.5148942048339879562 1.4493368987936472701e-007 
1.5499999999999400924 0.31099094758025719321 -1.5759863213953166916 -2.5148942806543828077 1.8642824832616846575e-007 
1.574999999999937339 0.31099205678176894407 -1.5763564483732437349 -2.5148943709455848783 1.7962850895757976179e-007 
1.5999999999999345857 0.31104428170101955375 -1.5774601118969764357 -2.5148944528989809477 1.4405706176197650637e-007 
1.6249999999999318323 0.31099370730094505477 -1.5767226409868824177 -2.5148945046047801455 8.1571655581148818736e-008 
1.649999999999929079 0.31098823979720829902 -1.5755413790143502073 -2.5148945387591417067 7.029689816861913799e-008 
1.6749999999999263256 0.31103849840921454772 -1.5755736474798975877 -2.5148945739159080937 6.7422039652736455793e-008 
1.6999999999999235722 0.31100352442759310323 -1.5749896050403213721 -2.5148945995378970686 3.8008743614353864073e-008 
1.7249999999999208189 0.310997871886642685 -1.5748374532164075568 -2.5148946142850281404 3.1260571083891714777e-008 
1.7499999999999180655 0.31101827823690186836 -1.5755198738687492543 -2.5148946322686707155 4.1423810840666276919e-008 
1.7749999999999153122 0.31099833658465697583 -1.5762840033341705137 -2.5148946486387981913 2.0920864824140345471e-008 
1.7999999999999125588 0.31100109898683536702 -1.5768251686291525626 -2.5148946549255737359 1.178362267992443771e-008 
1.8249999999999098055 0.31100051314130039426 -1.5762859743987855943 -2.5148946620423280329 1.6447090057064507621e-008 
1.8499999999999070521 0.31099715338253453023 -1.5757945761043781197 -2.5148946691005078513 1.198646129183414453e-008 
1.8749999999999042988 0.3110222503381221415 -1.5759482963991375826 -2.5148946734102213263 6.4781373602846303183e-009 
1.8999999999999015454 0.31102096976744775247 -1.5756553377875575084 -2.5148946765998214659 7.4273353158642672885e-009 
1.9249999999998987921 0.31100219591315875212 -1.5755892217449662951 -2.5148946802422056379 7.1869318000116854474e-009 
1.9499999999998960387 0.31099695007604133412 -1.5760064368502997301 -2.5148946827728910769 3.1030661929638889504e-009 
1.9749999999998932854 0.31099361713700279797 -1.5760436707712930371 -2.5148946839321166813 2.2937777264663244727e-009 
1.999999999999890532 0.31100245302263423985 -1.5759187060706192351 -2.5148946851713485096 2.9820265679602616474e-009 
2.0249999999998880007 0.31101241900589399192 -1.575789335845076522 -2.5148946866296695291 2.7266999798665257407e-009 
2.0499999999998852473 0.31101471773561972789 -1.5756416878643020318 -2.5148946875928044342 1.3394944965112537671e-009 
2.074999999999882494 0.31101854353504226891 -1.5757664349282860528 -2.5148946881468616787 1.0620510065276693097e-009 
2.0999999999998797406 0.31100854269975841682 -1.5759772991806459963 -2.5148946886391612132 1.0616934690343777159e-009 
2.1249999999998769873 0.3109953637769028445 -1.576071181692619394 -2.51489468912064007 8.2848082069304650356e-010 
2.1499999999998742339 0.31099750796925040852 -1.5760763697099025027 -2.5148946894209220915 4.7523876091653334735e-010 
2.1749999999998714806 0.31100272222365366037 -1.5759675071653209688 -2.5148946896636847903 5.6264224556774358705e-010 
2.1999999999998687272 0.31100904118558025946 -1.5758554380632037173 -2.5148946899210078421 4.6789622550313503071e-010 
2.2249999999998659739 0.31101186936260039051 -1.5757864741662519492 -2.5148946900861681719 2.3263836979588068568e-010 
2.2499999999998632205 0.31100604591468422599 -1.5757386518659539654 -2.5148946901805584453 1.6268134193301368607e-010 
2.2749999999998604672 0.31100555990573491849 -1.5758008720668947866 -2.5148946902667494996 2.291402772211991543e-010 
2.2999999999998577138 0.31100833066440436436 -1.5759084324835876956 -2.5148946903744597847 1.8112409653780078402e-010 
2.3249999999998549605 0.31100681786371470183 -1.5759451418148842095 -2.5148946904352751375 7.9709489561203863733e-011 
2.3499999999998522071 0.31100654204599104125 -1.5759465150640505904 -2.5148946904704514438 8.3421363910199728369e-011 
2.3749999999998494538 0.31100540352007288725 -1.5759318834008626542 -2.5148946905161864152 9.5328320960947719665e-011 
2.3999999999998467004 0.31100341360850358718 -1.5759059406346100918 -2.5148946905486337933 3.9662848084361163078e-011 
2.4249999999998439471 0.31100495504678554726 -1.575881693475427614 -2.5148946905645606087 3.3704335505408380662e-011 
2.4499999999998411937 0.31100670820199466382 -1.5758542204723209323 -2.5148946905850273481 4.8878215503891320073e-011 
2.4749999999998384403 0.31100754491419030368 -1.575860648610243997 -2.5148946906039615357 2.6818337976172145876e-011 
2.499999999999835687 0.31100776257611184583 -1.575887095845948549 -2.5148946906130089651 1.4660519875041315154e-011 
2.5249999999998329336 0.31100631191161842715 -1.5758871079404039861 -2.514894690620848916 1.7765565696451149342e-011 
2.5499999999998301803 0.31100547924497518038 -1.5758897547974579645 -2.5148946906293132564 1.6102737620922106964e-011 
2.5749999999998274269 0.31100565975855698486 -1.5758954326261487289 -2.5148946906347009467 7.4284764375845132126e-012 
2.5999999999998246736 0.31100600800721550643 -1.5758870627215886273 -2.5148946906383136124 7.623317536248699963e-012 
2.6249999999998219202 0.31100671742871904835 -1.5758900099328509992 -2.5148946906420803771 8.032002253015865972e-012 
2.6499999999998191669 0.31100652543608775513 -1.5758935743084721004 -2.5148946906453941708 5.5396685949375031512e-012 
2.6749999999998164135 0.31100592259458481603 -1.5758885881343878133 -2.514894690647441422 2.8415719377311067966e-012 
2.6999999999998136602 0.31100601710259218047 -1.5758903579905731984 -2.5148946906484095365 1.9425898149003400031e-012 
2.7249999999998109068 0.3110060514073547111 -1.5758877619811872961 -2.514894690649855935 3.7837495690319210265e-012 
2.7499999999998081535 0.31100624631892181959 -1.5758817185243194636 -2.514894690651368947 2.2154060579361116457e-012 
2.7749999999998054001 0.31100655271494892506 -1.5758831140962019646 -2.5148946906520208699 7.0418497169762698757e-013 
2.7999999999998026468 0.31100631967064717998 -1.5758870651347254288 -2.5148946906524454192 1.2947898470148284521e-012 
2.8249999999997998934 0.3110061472220705947 -1.5758918752219817083 -2.5148946906531226553 1.2259387869974936661e-012 
2.84999999999979714 0.31100610037674186747 -1.5758923319037185795 -2.5148946906534987988 4.6877868616145697641e-013 
2.8749999999997943867 0.31100600723531768299 -1.5758883585848524334 -2.5148946906537328339 5.5838015125138833072e-013 
2.8999999999997916333 0.3110062660668858614 -1.5758870372431150741 -2.5148946906540343704 6.1385966339172491254e-013 
2.92499999999978888 0.3110064652720302969 -1.5758854425466151117 -2.5148946906542519741 3.072209173889184306e-013 
2.9499999999997861266 0.31100631397051536897 -1.5758852799078788554 -2.5148946906543621083 1.9504064530220158004e-013 
2.9749999999997833733 0.31100616457306556883 -1.5758886243653216219 -2.514894690654480236 2.8215066774570327342e-013 
2.9999999999997806199 0.31100606951021519953 -1.5758897090287877774 -2.5148946906545930347 1.6142329867563791565e-013 
3.0249999999997778666 0.31100609611677720867 -1.5758895789971885115 -2.5148946906546525426 1.2158490849584633266e-013 
3.0499999999997751132 0.31100624047034364228 -1.5758893191150795676 -2.5148946906547084978 1.0669248346680004597e-013 
3.0749999999997723599 0.31100629375613941807 -1.5758874994575522432 -2.5148946906547613445 1.0279898740026460338e-013 
3.0999999999997696065 0.3110062826194416874 -1.5758866029167410971 -2.5148946906548017566 6.5694746389722656503e-014 
3.1249999999997668532 0.31100624018617772926 -1.575886542866369755 -2.5148946906548230729 2.8893715618258031493e-014 
3.1499999999997640998 0.31100618536148960658 -1.5758870193523837333 -2.5148946906548390601 4.2688780406123312841e-014 
3.1749999999997613465 0.31100620154784919258 -1.5758885231340844513 -2.5148946906548625968 4.7176287769558230066e-014 
3.1999999999997585931 0.31100621771358621936 -1.5758888757844493611 -2.5148946906548794722 2.2802140693572295928e-014 
3.2249999999997558398 0.31100620974692333442 -1.5758884681808993378 -2.5148946906548865776 1.2778537263141013848e-014 
3.2499999999997530864 0.31100621641701536868 -1.5758884694987007613 -2.5148946906548941271 1.769749349016115612e-014 
3.274999999999750333 0.31100620697660841252 -1.5758878708644858957 -2.5148946906549016767 1.2875188814022983433e-014 
3.2999999999997475797 0.31100621393181437924 -1.575887346910326281 -2.5148946906549074498 7.9575917777154016976e-015 
3.3249999999997448263 0.31100623276675370965 -1.575887587655275146 -2.5148946906549105584 8.9885430982350579792e-015 
3.349999999999742073 0.31100622048000475806 -1.5758878434902008348 -2.5148946906549149993 7.1561727512353679918e-015 
3.3749999999997393196 0.31100621788572796467 -1.5758880509996886499 -2.514894690654918108 3.0538432251618992556e-015 
3.3999999999997365663 0.31100622021238544246 -1.5758881909369817365 -2.514894690654918108 3.0237568726819699203e-015 
3.4249999999997338129 0.31100620839108394922 -1.5758880950086529005 -2.5148946906549194402 3.5435335294632104962e-015 
3.4499999999997310596 0.31100621421919499854 -1.575887931145330656 -2.5148946906549221048 2.7694324361550048512e-015 
3.4749999999997283062 0.31100622256475435323 -1.5758877852228514449 -2.5148946906549229929 1.3956328023866841232e-015 
3.4999999999997255529 0.31100621965209029884 -1.5758878294671971876 -2.514894690654923437 1.3106545705067785175e-015 
3.5249999999997227995 0.31100621991989219062 -1.575887992636821 -2.5148946906549238811 1.2365556512792623171e-015 
3.5499999999997200462 0.31100621652255533434 -1.5758880008305236053 -2.5148946906549238811 7.5772723851821648714e-016 
3.5749999999997172928 0.31100621353674207104 -1.5758880065449130115 -2.5148946906549252134 6.1827438998625852109e-016 
3.5999999999997145395 0.31100621546106949067 -1.5758880219565361003 -2.5148946906549252134 6.8370921775604754925e-016 
3.6249999999997117861 0.31100621545026568837 -1.5758879018702174335 -2.5148946906549247693 4.3521440042292629994e-016 
3.6499999999997090327 0.31100621796875227432 -1.5758878600542054471 -2.5148946906549252134 2.3179484389582210312e-016 
3.6749999999997062794 0.31100622024344187766 -1.5758879293610039696 -2.5148946906549256575 2.6819990542179758255e-016 
3.699999999999703526 0.31100621885555745916 -1.5758879564887575686 -2.5148946906549256575 2.3620149006534248301e-016 
3.7249999999997007727 0.31100621815514928326 -1.5758879771319818097 -2.5148946906549256575 1.5271396461809727144e-016 
3.7499999999996980193 0.31100621646917769869 -1.5758879710528090889 -2.5148946906549265456 1.0872229405401076036e-016 
3.774999999999695266 0.31100621626333552205 -1.5758879415101878507 -2.5148946906549256575 1.2016149809334596079e-016 
3.7999999999996925126 0.31100621816084661475 -1.5758879416535767071 -2.5148946906549252134 8.7932231912491056754e-017 
3.8249999999996897593 0.31100621706133851907 -1.575887922601952873 -2.5148946906549261016 3.7195380211296411013e-017 
3.8499999999996870059 0.31100621637226738558 -1.5758879215166072818 -2.5148946906549261016 4.0947341080543614534e-017 
3.8749999999996842526 0.31100621726976795944 -1.5758879612996947728 -2.5148946906549256575 5.689619550201543093e-017 
3.8999999999996814992 0.31100621694711255705 -1.5758879700168453297 -2.5148946906549261016 3.3349938896896131833e-017 
3.9249999999996787459 0.31100621748904472286 -1.5758879666217455728 -2.5148946906549261016 1.3024032134497874617e-017 
3.9499999999996759925 0.31100621794022831335 -1.5758879582585110235 -2.5148946906549256575 1.7675883380872914106e-017 
3.9749999999996732392 0.31100621735387939948 -1.575887929827074263 -2.5148946906549261016 1.8557295742467567043e-017 
3.9999999999996704858 0.31100621784357940225 -1.5758879252672071125 -2.5148946906549256575 9.0800236328241462987e-018 
4.0249999999996788347 0.31100621795802979586 -1.5758879367880469502 -2.5148946906549252134 1.01334116548540953e-017 
4.0499999999996871836 0.3110062171446947854 -1.5758879425137595209 -2.5148946906549261016 8.0973937873942434135e-018 
4.0749999999996955324 0.31100621683484058755 -1.5758879528210631982 -2.5148946906549269897 4.1827680168679739422e-018 
4.0999999999997038813 0.31100621669966771465 -1.5758879583835292415 -2.5148946906549265456 3.7208827347750888381e-018 
4.1249999999997122302 0.31100621702320752071 -1.5758879566298835684 -2.5148946906549265456 4.0580635850271532137e-018 
4.1499999999997205791 0.31100621766416675085 -1.5758879477517295786 -2.5148946906549261016 3.3176858319218685078e-018 
4.1749999999997289279 0.31100621772087605477 -1.5758879373323546602 -2.5148946906549261016 1.5001502918979321919e-018 
4.1999999999997372768 0.31100621761013474975 -1.5758879420269722438 -2.5148946906549261016 1.5172992993375848723e-018 
4.2249999999997456257 0.31100621741460554581 -1.5758879483458825277 -2.5148946906549265456 1.655283549994461165e-018 
4.2499999999997539746 0.31100621712249443274 -1.5758879470082423069 -2.5148946906549252134 1.0448846111551208695e-018 
4.2749999999997623235 0.31100621718558385531 -1.5758879488681576397 -2.5148946906549247693 5.2372454806450670428e-019 
4.2999999999997706723 0.31100621732954891741 -1.5758879483264689458 -2.5148946906549261016 6.7639430183359397584e-019 
4.3249999999997790212 0.31100621742855405483 -1.5758879443840960732 -2.5148946906549269897 7.2568813244835142226e-019 
4.3499999999997873701 0.31100621746653323019 -1.5758879439478530315 -2.5148946906549265456 2.9119603993694933737e-019 
4.374999999999795719 0.31100621726670191203 -1.5758879446149585135 -2.5148946906549261016 2.2048401576284658698e-019 
4.3999999999998040678 0.31100621724251981126 -1.5758879466419322135 -2.5148946906549261016 3.1515099415665792257e-019 
4.4249999999998124167 0.31100621739994932513 -1.5758879491418316121 -2.5148946906549256575 1.8709954605675388629e-019 
4.4499999999998207656 0.3110062173674550956 -1.5758879490786537048 -2.5148946906549256575 1.2664820457945059602e-019 
4.4749999999998291145 0.31100621734021538511 -1.5758879481431049552 -2.5148946906549265456 1.2999631045986241096e-019 
4.4999999999998374633 0.31100621735468236828 -1.5758879464144093241 -2.5148946906549269897 1.1633453875899078545e-019 
4.5249999999998458122 0.31100621731619315646 -1.5758879447633826754 -2.5148946906549274338 5.0182677439946476551e-020 
4.5499999999998541611 0.3110062173479148373 -1.5758879450988496629 -2.5148946906549265456 4.2238773688152227098e-020 
4.57499999999986251 0.31100621736575256859 -1.5758879455811403147 -2.5148946906549256575 6.4294511395992012239e-020 
4.5999999999998708589 0.3110062173499478777 -1.575887946006339968 -2.5148946906549265456 3.9110664916512784029e-020 
4.6249999999998792077 0.31100621737479183793 -1.5758879472853768444 -2.5148946906549265456 1.9586867292556326999e-020 
4.6499999999998875566 0.31100621734790523387 -1.5758879478426943699 -2.5148946906549265456 2.1515654543754219706e-020 
4.6749999999998959055 0.31100621730374855556 -1.5758879472717004511 -2.5148946906549261016 2.1593163078395227113e-020 
4.6999999999999042544 0.31100621731625838207 -1.5758879465860835545 -2.5148946906549256575 9.6830153676912556603e-021 
4.7249999999999126032 0.31100621734198513613 -1.57588794627553197 -2.5148946906549261016 1.0520445005974494033e-020 
4.7499999999999209521 0.31100621737062927874 -1.575887946360984504 -2.5148946906549265456 1.0942069083629954915e-020 
4.774999999999929301 0.31100621737338574047 -1.5758879463754529304 -2.5148946906549261016 6.5308527937695323507e-021 
4.7999999999999376499 0.31100621734496997073 -1.57588794641231833 -2.5148946906549274338 3.4805187360739882687e-021 
4.8249999999999459988 0.31100621733410666048 -1.5758879466913429113 -2.5148946906549278779 4.1705682204740833831e-021 
4.8499999999999543476 0.31100621733329514296 -1.575887946658173 -2.5148946906549261016 3.8301012030848287775e-021 
4.8749999999999626965 0.31100621734047539935 -1.5758879464537558501 -2.5148946906549261016 2.6913457427436912409e-021 
4.8999999999999710454 0.31100621735619898844 -1.5758879465205108961 -2.5148946906549256575 1.3793948181751723204e-021 
4.9249999999999793943 0.31100621735187938821 -1.5758879465835109457 -2.5148946906549261016 1.8261852492245618939e-021 
4.9499999999999877431 0.31100621734297650978 -1.5758879466548760817 -2.5148946906549261016 1.5381367881753677406e-021 
4.974999999999996092 0.31100621734143918395 -1.5758879467487689752 -2.5148946906549261016 5.153569890886637315e-022 
