0.025000000000000015266 0.59143134651753626052 0.00045623262083438823056 -2.2509454192136466588 0.037223064486606977086 
0.05000000000000003747 0.57014620623624756579 0.015915890574785526712 -2.2626534734080614442 0.049127601927376758628 
0.075000000000000052736 0.44476897205789145406 -0.0015274229698947205947 -2.2915056767856891717 0.076415880418735163127 
0.10000000000000007494 0.41729051893443419585 -0.04879421198967048845 -2.3403371665223451359 0.091883432409964674314 
0.12500000000000008327 0.26944907889341557228 -0.40461584189777466403 -2.3726274444449679812 0.044587816048756979959 
0.15000000000000010547 0.24890949873881373922 -1.6615440440250366372 -2.3891415635988675348 0.031083485456823541776 
0.17500000000000012768 0.3094232055387981517 -2.0469051930865256317 -2.4052424871369955106 0.03561592159225204085 
0.20000000000000014988 0.27855014661033916656 -1.2926657846773070837 -2.4205925732601714095 0.022366419986631341094 
0.22500000000000017208 0.27910933504958257423 -1.4565310725003266512 -2.4301691422376312524 0.021340597363292919397 
0.25000000000000016653 0.30514661358332306751 -1.1090490819462894834 -2.4424191908692214348 0.026367250534046787758 
0.27500000000000018874 0.31078623632589008619 -0.47557083409139799812 -2.452502125851560244 0.015717864486347057906 
0.30000000000000021094 0.33067553234544705409 -0.6428265093028419086 -2.4603414839406130277 0.017386645282292848003 
0.32500000000000023315 0.3391854362509204579 -0.78299059598744991106 -2.4699332434483052268 0.019843781876066210468 
0.35000000000000025535 0.34727892824035266894 -1.2879116126765084438 -2.4777644049132439008 0.012544477441611408958 
0.37500000000000027756 0.33352226357646713728 -1.8026244854769646331 -2.4830370604069296192 0.01071098098214345179 
0.40000000000000029976 0.28819731202497000933 -1.5450138671519844102 -2.4893068091889571924 0.013944902334483214035 
0.42500000000000032196 0.2807213143981747705 -1.5078834252677253414 -2.4959121938221393577 0.012419534072368539415 
0.45000000000000034417 0.29160953253039145761 -1.6175941416499628467 -2.5008163235414024861 0.0077334838798048238101 
0.47500000000000036637 0.30498297369645727128 -1.6013723549262546264 -2.5036958478321063026 0.0047096598706548717037 
0.50000000000000033307 0.32353155208818246136 -1.7703406724626280511 -2.5060247167525164791 0.0045220783326685677281 
0.52500000000000035527 0.31269261358207656176 -1.7824290525654866713 -2.5080575069388051368 0.0038932996931947613795 
0.55000000000000037748 0.29970243027519472001 -1.747463361607514809 -2.509501151689377707 0.0019926643372462147889 
0.57500000000000039968 0.30547748772683858132 -1.6381946739252315481 -2.5103739736829155937 0.001966144809492632612 
0.60000000000000042188 0.30929246952178807151 -1.3466396597657275258 -2.5115044090913336561 0.0022904015733434166489 
0.62500000000000044409 0.31976174931697426418 -1.3414785137275573312 -2.5123789676249921321 0.0013180317361683796182 
0.65000000000000046629 0.32319049334188404421 -1.4535891488646912606 -2.5128257959222248807 0.00066701084613912913889 
0.6750000000000004885 0.3083061786912326685 -1.529274169540964623 -2.5132345283385433277 0.0010169175235436940692 
0.7000000000000005107 0.30092970465827334481 -1.7500136539922150902 -2.51368815539527235 0.00069753252809019511069 
0.72500000000000053291 0.30264250564282751954 -1.8307387622859265797 -2.5139077178898476816 0.00030504783894904296225 
0.75000000000000055511 0.30596221587408234388 -1.7091586611589943967 -2.5140680124576690879 0.00040356005838893866831 
0.77500000000000057732 0.31405043469245413901 -1.5767842069614075307 -2.5142933980334567501 0.00042957392419536898553 
0.80000000000000059952 0.31712226004357468856 -1.4639680367487644119 -2.5144454387209194124 0.00021326842723167776139 
0.82500000000000062172 0.31452971258472495197 -1.465071772570631925 -2.5145207234553978992 0.00011859457685912985054 
0.85000000000000064393 0.31191280589160808034 -1.5281372919756517348 -2.5145866133659184882 0.00015817560826748819944 
0.87500000000000066613 0.30847809603353276708 -1.5556527196621536824 -2.5146653563679395305 0.00014675581512200652702 
0.90000000000000068834 0.308512764843791365 -1.6067986491496943913 -2.5147227184454172821 8.5265220939822783689e-005 
0.92500000000000071054 0.31100489626778815566 -1.633210620656515788 -2.5147517765543763169 5.1600844262503353242e-005 
0.95000000000000073275 0.31161916169360071027 -1.595494668344523248 -2.5147835002141056826 7.0608546670332657876e-005 
0.97500000000000075495 0.31145228825851989374 -1.5752523285380772844 -2.5148123225278156134 4.1678441875395990605e-005 
1.0000000000000006661 0.31028420237564852124 -1.5712966223246089825 -2.5148255753453434558 2.1757628411755109224e-005 
1.0249999999999979128 0.30998050430323448312 -1.5636402427959636974 -2.5148391418712083833 3.3242894235226243531e-005 
1.0499999999999951594 0.31146355500205302747 -1.572890714655426514 -2.5148545795203598452 2.6062115557563621964e-005 
1.0749999999999924061 0.31161600749312756697 -1.5826847995176218653 -2.51486407939358525 1.2872821394011108113e-005 
1.0999999999999896527 0.31130044864123934678 -1.5825259230370996022 -2.5148685128815717604 9.3829834471825707311e-006 
1.1249999999999868994 0.3113350347923947159 -1.5758654151843489721 -2.5148742561124128869 1.2006929773133284532e-005 
1.149999999999984146 0.31064591666787372271 -1.5672094927536681652 -2.514879369414078969 8.576439090356990382e-006 
1.1749999999999813927 0.31065752187587292177 -1.5683806647932199141 -2.5148826290092585189 5.2976957624145004332e-006 
1.1999999999999786393 0.31113358257603879187 -1.569806965477865468 -2.5148849520735945262 4.6067441534509449358e-006 
1.224999999999975886 0.31106064563000684897 -1.5726431543913486077 -2.5148872134334441242 4.4475845130117403319e-006 
1.2499999999999731326 0.31111841182122212945 -1.5860295703752373964 -2.5148891096033283432 2.8168356597865625692e-006 
1.2749999999999703792 0.31092042907953459929 -1.5876396974256008487 -2.5148900045449975593 1.5816105636050249569e-006 
1.2999999999999676259 0.31063172723105636486 -1.5773279911744755299 -2.5148909378916903812 2.1285831350906377758e-006 
1.3249999999999648725 0.31097687071732943442 -1.5747684492424913749 -2.5148919612945039859 1.7628225704507695574e-006 
1.3499999999999621192 0.31124721011758021971 -1.5728780295109014986 -2.5148925251949534321 7.0628475357298632134e-007 
1.3749999999999593658 0.31118431841648785952 -1.5708563409349123319 -2.514892908227284174 1.0313199842740228292e-006 
1.3999999999999566125 0.31106015541020354265 -1.5740188247360720197 -2.5148934017018995668 7.6390791584930270079e-007 
1.4249999999999538591 0.31090217353884208595 -1.5761307166792903889 -2.5148936466025966219 3.10785361787018174e-007 
1.4499999999999511058 0.31093547668735455058 -1.5777685338367253287 -2.5148937984363288756 4.1425962082184388448e-007 
1.4749999999999483524 0.31101672618759468314 -1.5777719808109096356 -2.5148940357982696447 4.8092683615713548062e-007 
1.4999999999999455991 0.31099140913890443993 -1.5748350145219278673 -2.5148942226671211486 2.5128796905133476264e-007 
1.5249999999999428457 0.31101092590437634522 -1.5748362304957690405 -2.514894299611858397 1.1495766070705826482e-007 
1.5499999999999400924 0.31100153901700461345 -1.5760005665683545217 -2.5148943640295202684 1.5313296388100335939e-007 
1.574999999999937339 0.31099907405027937823 -1.5762984514749422971 -2.5148944383193305718 1.4566722356478742605e-007 
1.5999999999999345857 0.3110354365922919917 -1.5772583678791542994 -2.5148945047563366906 1.1149433304994526723e-007 
1.6249999999999318323 0.31099198423895280108 -1.5766044562781729166 -2.514894544678408117 6.19551001217964226e-008 
1.649999999999929079 0.31099241864134330449 -1.5755397635411430013 -2.5148945716205068912 5.5574159285275197141e-008 
1.6749999999999263256 0.31103585198908528797 -1.5755851296332581413 -2.5148945999213188074 5.290897824169659691e-008 
1.6999999999999235722 0.31100356017543795417 -1.5750877971722638815 -2.5148946199341817298 2.8696595481366413932e-008 
1.7249999999999208189 0.31099857469861141857 -1.5749499597498446413 -2.5148946314859781381 2.489999524111521724e-008 
1.7499999999999180655 0.31101569717586957653 -1.5756054681878299828 -2.5148946460293251093 3.222353673332775616e-008 
1.7749999999999153122 0.31099793055747632087 -1.5762972704730155993 -2.5148946585524720732 1.5201438713581710897e-008 
1.7999999999999125588 0.31100185855168699378 -1.5767064113416215942 -2.5148946633073894219 9.2011685619598280417e-009 
1.8249999999999098055 0.31100288032268053051 -1.5762154797598162403 -2.5148946688801525617 1.2516944175347173168e-008 
1.8499999999999070521 0.31099948033358520982 -1.5758094368363171345 -2.5148946743528686198 9.0893122264558050006e-009 
1.8749999999999042988 0.31102000420193159913 -1.575932310830987948 -2.5148946776170100215 4.8298560413899031528e-009 
1.8999999999999015454 0.31101811496552844716 -1.5756682578449836551 -2.514894680117790049 5.8150704576100140713e-009 
1.9249999999998987921 0.3110017558093321477 -1.5756318549599646062 -2.5148946829377214485 5.2265530703825633157e-009 
1.9499999999998960387 0.31099814747733339759 -1.5760025867524856125 -2.5148946847481421507 2.1820864028762397001e-009 
1.9749999999998932854 0.3109959622518690403 -1.5760152201756807422 -2.5148946856330920419 1.7849621461971437051e-009 
1.999999999999890532 0.31100337562692403903 -1.5758982530850165205 -2.514894686605257057 2.2811559637751689813e-009 
2.0249999999998880007 0.31101198653862677235 -1.5758009750781629688 -2.5148946877083249163 1.9635516446230257683e-009 
2.0499999999998852473 0.31101370182021326194 -1.5756848634548354937 -2.5148946884125344958 9.8164541580547990449e-010 
2.074999999999882494 0.31101621986684796495 -1.5757955054567538422 -2.5148946888211587414 7.5684568777295160866e-010 
2.0999999999998797406 0.31100763176406676092 -1.5759754731680011286 -2.5148946891828636296 7.8214114425557847979e-010 
2.1249999999998769873 0.31099678215512327473 -1.5760463537661750788 -2.5148946895434982629 6.0350301124284145781e-010 
2.1499999999998742339 0.31099895029202184737 -1.5760435922853823776 -2.5148946897629076425 3.4188855667224525219e-010 
2.1749999999998714806 0.31100368081417156807 -1.5759501988808959361 -2.5148946899435156155 4.1431968846437118059e-010 
2.1999999999998687272 0.31100878654095737152 -1.5758532244019263224 -2.5148946901323370184 3.2761968114749050889e-010 
2.2249999999998659739 0.31101077038909213934 -1.5757957266467728097 -2.5148946902486750687 1.6114925631864144022e-010 
2.2499999999998632205 0.31100600356730923046 -1.5757614260725230082 -2.5148946903147559873 1.145055767231006566e-010 
2.2749999999998604672 0.31100585539587932704 -1.5758186805887040016 -2.5148946903806961295 1.7330584737819685759e-010 
2.2999999999998577138 0.31100809414312913237 -1.5759103620129673029 -2.5148946904589117857 1.2135174168659515713e-010 
2.3249999999998549605 0.31100660022842718799 -1.5759393687201050938 -2.5148946904999887053 5.4509615626286829315e-011 
2.3499999999998522071 0.31100629668314844212 -1.5759375190875375417 -2.5148946905257520967 6.1418377991092932414e-011 
2.3749999999998494538 0.31100543870778979416 -1.5759242572122489356 -2.514894690558638235 6.473072834945269829e-011 
2.3999999999998467004 0.31100392197919596304 -1.575901919096845738 -2.5148946905808529095 2.7113082109926441416e-011 
2.4249999999998439471 0.31100531394939423535 -1.5758802835839285095 -2.5148946905923414974 2.4555024456236876244e-011 
2.4499999999998411937 0.31100672684263752643 -1.5758581032631127083 -2.5148946906070457352 3.3384218869920928732e-011 
2.4749999999998384403 0.3110072801962698863 -1.5758652962980252976 -2.5148946906199594054 1.8021307436669644974e-011 
2.499999999999835687 0.3110074394593458913 -1.5758880279641118705 -2.5148946906262779066 1.0069418227919519338e-011 
2.5249999999998329336 0.31100628233921095989 -1.5758881827384167984 -2.5148946906317029004 1.2279681624786719644e-011 
2.5499999999998301803 0.31100559226491963916 -1.5758898817292865679 -2.5148946906376208332 1.0743468330515849851e-011 
2.5749999999998274269 0.31100576413888864069 -1.5758940371196239472 -2.5148946906412166236 5.0123164051973665636e-012 
2.5999999999998246736 0.31100606764380095415 -1.5758873325198163862 -2.514894690643752817 5.2200035249828929389e-012 
2.6249999999998219202 0.31100662591864319806 -1.5758898537214900415 -2.5148946906463489626 5.4339562632755487342e-012 
2.6499999999998191669 0.31100646535327264308 -1.5758923846151615678 -2.5148946906486040476 3.6380452732571392659e-012 
2.6749999999998164135 0.31100597412928782104 -1.5758880396764765042 -2.5148946906499278775 1.7158437004130488852e-012 
2.6999999999998136602 0.31100604889639898998 -1.5758897717177249298 -2.5148946906505718069 1.4639205048854861894e-012 
2.7249999999998109068 0.31100609004386403633 -1.5758878940207281527 -2.5148946906516109756 2.5090480358008968816e-012 
2.7499999999998081535 0.31100624446684005386 -1.5758828320341298213 -2.5148946906526048473 1.4046644244701420716e-012 
2.7749999999998054001 0.31100648015361637144 -1.5758841361322293295 -2.5148946906530160739 4.329982157818789155e-013 
2.7999999999998026468 0.31100629876995689038 -1.575887521932509916 -2.5148946906533065082 8.8252219084048540866e-013 
2.8249999999997998934 0.31100616493134047857 -1.5758910956045182328 -2.514894690653758591 7.8118633178445362077e-013 
2.84999999999979714 0.31100612291214618788 -1.5758913095955235928 -2.5148946906540037283 3.0656634168705955041e-013 
2.8749999999997943867 0.31100605024885324967 -1.5758881656245535829 -2.5148946906541573831 3.6096186033525695066e-013 
2.8999999999997916333 0.31100626401756159556 -1.5758870990475888352 -2.5148946906543550028 3.9440055607250380597e-013 
2.92499999999978888 0.31100641902474474021 -1.5758860020799134727 -2.514894690654495335 1.9067445131930726345e-013 
2.9499999999997861266 0.3110062853119335835 -1.5758860148130253709 -2.5148946906545659452 1.2701372277957852903e-013 
2.9749999999997833733 0.31100616410789838628 -1.5758885709367433936 -2.5148946906546441049 1.8036239034430866644e-013 
2.9999999999997806199 0.31100609829998432376 -1.5758893311303299178 -2.5148946906547156033 9.904004007323621109e-014 
3.0249999999997778666 0.31100612694024459826 -1.5758892199424809899 -2.5148946906547546831 7.7958995166073245413e-014 
3.0499999999997751132 0.31100624285914801881 -1.5758889922447636422 -2.5148946906547906543 6.7523636263547448255e-014 
3.0749999999997723599 0.31100628047408424015 -1.5758874921491341503 -2.514894690654823961 6.3634847768604201173e-014 
3.0999999999997696065 0.31100626629464123152 -1.5758867999837162799 -2.5148946906548483859 3.9793882865279787609e-014 
3.1249999999997668532 0.31100623420121992213 -1.5758868784483799352 -2.5148946906548621527 1.8211613603002425374e-014 
3.1499999999997640998 0.31100619240349652861 -1.5758873131197888018 -2.5148946906548714786 2.6919492973164936955e-014 
3.1749999999997613465 0.31100620263067074722 -1.5758884408338231786 -2.5148946906548865776 2.9112574586260073972e-014 
3.1999999999997585931 0.31100621569440095593 -1.5758886778547638308 -2.5148946906548976798 1.3399823645532856032e-014 
3.2249999999997558398 0.31100621180824306045 -1.5758883593006736135 -2.5148946906549012326 7.8690722672366694309e-015 
3.2499999999997530864 0.31100621810226214414 -1.5758883441123403557 -2.5148946906549065616 1.0737525028393850079e-014 
3.274999999999750333 0.31100621088258256774 -1.5758878457352820668 -2.5148946906549105584 7.9058923455616925687e-015 
3.2999999999997475797 0.3110062147710282443 -1.5758874489055421098 -2.5148946906549149993 4.660181223307683228e-015 
3.3249999999997448263 0.31100622835355978824 -1.5758876817368472345 -2.5148946906549167757 5.5933743776579244418e-015 
3.349999999999742073 0.3110062197469339873 -1.5758878887646941003 -2.5148946906549189961 4.1420807347739719391e-015 
3.3749999999997393196 0.31100621801477446038 -1.5758880312271759117 -2.5148946906549207725 1.7333034814214845036e-015 
3.3999999999997365663 0.31100621922491755722 -1.575888138126330773 -2.5148946906549216607 1.8911169545303800663e-015 
3.4249999999997338129 0.31100621020619506618 -1.5758880613922714442 -2.5148946906549221048 2.087531284829606032e-015 
3.4499999999997310596 0.31100621506247999593 -1.5758879291690353064 -2.514894690654923437 1.6346318783318938158e-015 
3.4749999999997283062 0.31100622140953276817 -1.57588782363232216 -2.5148946906549243252 7.9490517082035530423e-016 
3.4999999999997255529 0.31100621905798336853 -1.5758878574732892996 -2.5148946906549252134 7.6686260907243794599e-016 
3.5249999999997227995 0.31100621958083074503 -1.5758879766151112634 -2.5148946906549252134 7.1688906556986095981e-016 
3.5499999999997200462 0.3110062170209648702 -1.5758879902642533022 -2.5148946906549247693 4.4265944562880174723e-016 
3.5749999999997172928 0.31100621415288171034 -1.5758879981675026904 -2.5148946906549256575 3.5994609599807206768e-016 
3.5999999999997145395 0.31100621547000256717 -1.5758880004458921675 -2.5148946906549247693 3.9175513427756820189e-016 
3.6249999999997117861 0.3110062158778282293 -1.5758879075376528434 -2.5148946906549256575 2.4503374197547250656e-016 
3.6499999999997090327 0.31100621807321504608 -1.5758878834466916175 -2.5148946906549261016 1.3295528986496272121e-016 
3.6749999999997062794 0.31100621983636450585 -1.5758879371562017901 -2.5148946906549261016 1.5144000818784595993e-016 
3.699999999999703526 0.31100621850641479993 -1.5758879525514810638 -2.5148946906549265456 1.3716986515085987911e-016 
3.7249999999997007727 0.31100621770951369927 -1.5758879672259618054 -2.5148946906549256575 8.1611062963295090693e-017 
3.7499999999996980193 0.31100621661088073688 -1.5758879666158198685 -2.5148946906549261016 6.3809635381025955206e-017 
3.774999999999695266 0.3110062166129277661 -1.575887944662854423 -2.5148946906549265456 6.700231936581280816e-017 
3.7999999999996925126 0.31100621794680222143 -1.5758879415319704265 -2.5148946906549261016 4.7681331997973541574e-017 
3.8249999999996897593 0.31100621710898973538 -1.5758879271795700472 -2.5148946906549256575 2.060783729000347215e-017 
3.8499999999996870059 0.31100621664527206001 -1.5758879283364202184 -2.5148946906549256575 2.2908807583380648219e-017 
3.8749999999996842526 0.31100621731548366844 -1.5758879586290874819 -2.5148946906549256575 3.2184199845579813865e-017 
3.8999999999996814992 0.31100621704440650772 -1.5758879643400629522 -2.5148946906549261016 1.7445836433402354722e-017 
3.9249999999996787459 0.3110062174159301529 -1.5758879608882090384 -2.5148946906549261016 6.9766432013593507949e-018 
3.9499999999996759925 0.31100621778638987136 -1.5758879548188218234 -2.5148946906549261016 9.7707222859264114461e-018 
3.9749999999996732392 0.31100621740547634841 -1.5758879340828628735 -2.5148946906549256575 1.0128391023657672511e-017 
3.9999999999996704858 0.3110062177376626269 -1.5758879308216027226 -2.5148946906549265456 4.8749614774711488412e-018 
4.0249999999996788347 0.31100621775694420323 -1.5758879396777589754 -2.5148946906549261016 5.4509768007783100071e-018 
4.0499999999996871836 0.31100621714823895037 -1.5758879436880848246 -2.5148946906549256575 4.288762302879110813e-018 
4.0749999999996955324 0.3110062169700754664 -1.5758879511349037639 -2.5148946906549265456 2.2005842138453819436e-018 
4.0999999999997038813 0.31100621690447721734 -1.5758879554643590026 -2.5148946906549265456 1.9930424811691219016e-018 
4.1249999999997122302 0.31100621712742176905 -1.5758879536891192696 -2.5148946906549256575 2.204566591783228292e-018 
4.1499999999997205791 0.31100621758138485839 -1.5758879470335631634 -2.5148946906549261016 1.6770371756443714845e-018 
4.1749999999997289279 0.31100621761095254003 -1.5758879401132266374 -2.5148946906549265456 8.1601307602577894858e-019 
4.1999999999997372768 0.3110062175171195431 -1.5758879435894088683 -2.5148946906549256575 7.8800380432509070807e-019 
4.2249999999997456257 0.31100621739003886379 -1.5758879477438765271 -2.5148946906549265456 8.6285003224559815094e-019 
4.2499999999997539746 0.31100621719787585606 -1.5758879467436370803 -2.5148946906549261016 5.3485449777825136387e-019 
4.2749999999997623235 0.31100621724242166755 -1.5758879482571721553 -2.5148946906549256575 2.7048851519170603609e-019 
4.2999999999997706723 0.31100621733801986357 -1.575887947830986846 -2.5148946906549269897 3.5628074909025977957e-019 
4.3249999999997790212 0.31100621739555761591 -1.5758879448811577983 -2.5148946906549265456 3.6866495407907233082e-019 
4.3499999999997873701 0.31100621741904466155 -1.5758879446756746123 -2.5148946906549265456 1.4449084091297155495e-019 
4.374999999999795719 0.31100621729151950445 -1.5758879452976048974 -2.5148946906549261016 1.1179827002032299756e-019 
4.3999999999998040678 0.31100621728117772147 -1.5758879467050483925 -2.5148946906549261016 1.6437505019887343404e-019 
4.4249999999998124167 0.31100621738519740322 -1.5758879484248082825 -2.5148946906549261016 9.0758200405294617577e-020 
4.4499999999998207656 0.31100621735705469284 -1.5758879483398540167 -2.5148946906549265456 6.4325449630128343448e-020 
4.4749999999998291145 0.31100621733949701531 -1.5758879476440625922 -2.5148946906549261016 6.5653371849928052655e-020 
4.4999999999998374633 0.31100621735344030627 -1.5758879464401096548 -2.5148946906549261016 5.7746951913226158641e-020 
4.5249999999998458122 0.31100621732738714664 -1.5758879452691849643 -2.5148946906549252134 2.3759387062375934961e-020 
4.5499999999998541611 0.31100621734802091911 -1.5758879454919267893 -2.5148946906549265456 2.2001839299762388092e-020 
4.57499999999986251 0.31100621735928518641 -1.5758879458785735039 -2.5148946906549261016 3.1533277937891608747e-020 
4.5999999999998708589 0.31100621734763173043 -1.5758879462264090421 -2.5148946906549261016 1.8949949979073400023e-020 
4.6249999999998792077 0.31100621736494038494 -1.5758879471214324308 -2.5148946906549256575 9.6227570970741398005e-021 
4.6499999999998875566 0.31100621734601191504 -1.57588794746916383 -2.5148946906549261016 1.0464659148555402589e-020 
4.6749999999998959055 0.31100621731554994875 -1.5758879470339786089 -2.5148946906549256575 1.0395446070121073077e-020 
4.6999999999999042544 0.31100621732644678774 -1.5758879465687443133 -2.5148946906549269897 4.7902092943341241397e-021 
4.7249999999999126032 0.31100621734494632298 -1.5758879463707637925 -2.5148946906549265456 4.9802814937361983593e-021 
4.7499999999999209521 0.31100621736283873275 -1.5758879464178849883 -2.5148946906549265456 5.30190808728334313e-021 
4.774999999999929301 0.31100621736404876483 -1.5758879464301478457 -2.5148946906549274338 3.0586959206600599181e-021 
4.7999999999999376499 0.31100621734469918733 -1.575887946472871004 -2.5148946906549265456 1.6649185536016704946e-021 
4.8249999999999459988 0.31100621733724320706 -1.5758879466616655396 -2.5148946906549265456 1.9791115616957130225e-021 
4.8499999999999543476 0.31100621733723954332 -1.5758879466321222829 -2.5148946906549261016 1.8084636101966199612e-021 
4.8749999999999626965 0.31100621734224936921 -1.5758879464952828542 -2.5148946906549261016 1.2668113921510373623e-021 
4.8999999999999710454 0.31100621735259181833 -1.5758879465394528552 -2.5148946906549261016 6.2412781122270792171e-022 
4.9249999999999793943 0.31100621734968264542 -1.5758879465793829144 -2.5148946906549256575 8.8256187492965525869e-022 
4.9499999999999877431 0.31100621734371453053 -1.5758879466294459792 -2.5148946906549265456 6.9002510499908828085e-022 
4.974999999999996092 0.31100621734281214126 -1.5758879466931927649 -2.5148946906549269897 2.3916853608242373591e-022 
