0.025000000000000015266 0.59194325590526841729 0.0004596331596610700454 -2.2503695060389503624 0.037564331844275551664 
0.05000000000000003747 0.5703107225562261684 0.016045541347293426626 -2.2617813696884718766 0.05004379679012763843 
0.075000000000000052736 0.4433622364656829018 -0.0021089067314566389832 -2.2900952745012856937 0.078118600231507795417 
0.10000000000000007494 0.41494060826460099634 -0.049473269381660300859 -2.3379830826008221045 0.093486722636949737275 
0.12500000000000008327 0.26547041896108969361 -0.40638745851451263391 -2.3695606660103329943 0.045639349092250695861 
0.15000000000000010547 0.24629110367459133846 -1.6963204078298479427 -2.3860238373031124048 0.03265743738910811822 
0.17500000000000012768 0.30840877525053927988 -2.0955554124717687969 -2.4021693214637642733 0.036958193186926439899 
0.20000000000000014988 0.27454083692163755437 -1.3135493689996500244 -2.4173832258785590277 0.02272709409480007034 
0.22500000000000017208 0.27361088706050573638 -1.494977141837222856 -2.4267836883736939591 0.022228296970923887982 
0.25000000000000016653 0.30053488555682694727 -1.125255324127418799 -2.4391378156870429095 0.027650063426331167316 
0.27500000000000018874 0.3070808835732161679 -0.44022534359949094807 -2.4491254477635830966 0.015670767941491324515 
0.30000000000000021094 0.3278620450258357133 -0.62145848775110801299 -2.4565248370262020572 0.017331489618430277744 
0.32500000000000023315 0.33776169301471919981 -0.76079772790234456714 -2.4663213646178352434 0.022107857220886539817 
0.35000000000000025535 0.35199601198172658645 -1.2776141146722665987 -2.4747953939360889386 0.013942514555326817119 
0.37500000000000027756 0.34005963363571878322 -1.7969070850767625558 -2.4800524277798556838 0.010513596061379328755 
0.40000000000000029976 0.29073848470688629098 -1.5234713649024325122 -2.4860531398543468384 0.014073783160144355542 
0.42500000000000032196 0.28259018258361939813 -1.4822697837563723056 -2.4926966894448279177 0.013586924135219325543 
0.45000000000000034417 0.29065495920451495104 -1.5338803821618705037 -2.4981869846645845534 0.0099191250566638845126 
0.47500000000000036637 0.30004990524506092164 -1.5170375469536021562 -2.5018559079087552277 0.0059618792566796963844 
0.50000000000000033307 0.32265965023469628248 -1.7598183645516098927 -2.5044501200209801084 0.004991966327701727324 
0.52500000000000035527 0.31495220779061861016 -1.8240098187772750826 -2.5067092303703568668 0.0048199759045194842666 
0.55000000000000037748 0.2989419632668803839 -1.8288120731255941287 -2.508481976459262075 0.0025695923095489753112 
0.57500000000000039968 0.30224035691839368223 -1.7257515207341804775 -2.5094526495601106042 0.0020386892575211456799 
0.60000000000000042188 0.30597109028246244344 -1.3592408261268813519 -2.5106648992708477941 0.0027960897378310973008 
0.62500000000000044409 0.32056213407106576296 -1.3058954345865587676 -2.5117462215819221782 0.0017668627901423230014 
0.65000000000000046629 0.32737039491746960929 -1.4172007549979244168 -2.5123362728526190679 0.00089833300984591994351 
0.6750000000000004885 0.31056364435862360285 -1.473374860694759203 -2.5128072347963783528 0.0011695902076968162087 
0.7000000000000005107 0.29992842936979269286 -1.7083785440467935679 -2.5133405799809285242 0.0009355364170930267247 
0.72500000000000053291 0.3006406288328628551 -1.8521323084622549615 -2.5136432714907672725 0.00043931985503833616757 
0.75000000000000055511 0.30449810798341742091 -1.7774169184990675774 -2.5138262376545261745 0.00043179936731205101818 
0.77500000000000057732 0.31310574104569205423 -1.6243031655728299434 -2.5140880095213575807 0.00058436388485646941632 
0.80000000000000059952 0.31668785765843410207 -1.4559884597678185436 -2.5142971238573794679 0.00031339222562944282031 
0.82500000000000062172 0.31535428150899380562 -1.4465902214010066817 -2.5144065841986042997 0.00017405984226730861404 
0.85000000000000064393 0.31335153550155919744 -1.520289820831191907 -2.5144819523274986039 0.00017478329485180597218 
0.87500000000000066613 0.30897977207153598522 -1.5367125351159462987 -2.5145773073922677021 0.00020312052660396252369 
0.90000000000000068834 0.30816668495347321333 -1.5913731563148625359 -2.514656631611122517 0.00013126502557624135847 
0.92500000000000071054 0.31034967375544642021 -1.6394205579121021721 -2.5146985334511886556 6.5696597184961396374e-005 
0.95000000000000073275 0.31128632138247913641 -1.6097670482396448932 -2.5147370718500243747 9.6283855125293166147e-005 
0.97500000000000075495 0.3118140915632219845 -1.5817735749446089066 -2.5147783620780597147 6.737118910050393498e-005 
1.0000000000000006661 0.3102742764101437678 -1.5694896520062595613 -2.5147980921544692556 2.6748249894972284471e-005 
1.0249999999999979128 0.30959500680735185796 -1.5617677171059289876 -2.5148135659677333109 4.4771059091205516215e-005 
1.0499999999999951594 0.31157362861916915175 -1.5727408882235072163 -2.5148354836368280729 3.8748454655210671951e-005 
1.0749999999999924061 0.31176893540451727782 -1.5814151255207060665 -2.5148493072388382608 2.2276035802925228386e-005 
1.0999999999999896527 0.31126209373805857616 -1.5838755538568920489 -2.5148567858369208494 1.3116634891393819877e-005 
1.1249999999999868994 0.31140574703659684719 -1.5786464452723714125 -2.5148639695752623702 1.6738812309099435115e-005 
1.149999999999984146 0.31065669853267635636 -1.5665515555172500051 -2.5148713310729151615 1.3089049521719442598e-005 
1.1749999999999813927 0.31060308814835191349 -1.5679363849302898615 -2.5148762212929098858 8.6079264456868957522e-006 
1.1999999999999786393 0.31109038680015771439 -1.5686910081692673202 -2.5148797293812541476 6.9394784327478935794e-006 
1.224999999999975886 0.31102930571469344923 -1.5679421970994147362 -2.5148829586743306486 6.6201006293236622997e-006 
1.2499999999999731326 0.31122147058030552591 -1.5849056296344250505 -2.5148858807002385518 5.0171228551481030782e-006 
1.2749999999999703792 0.31100037632864607762 -1.5915214207380787848 -2.5148873795374111495 2.334606465315956531e-006 
1.2999999999999676259 0.31053352965396208152 -1.5797252002089265943 -2.5148886658338560629 3.1563138456468878459e-006 
1.3249999999999648725 0.31087276632450328018 -1.5748169935673126396 -2.5148901983385729686 2.9665167232761188589e-006 
1.3499999999999621192 0.31125375505016045219 -1.5726140650086530837 -2.5148911955626007675 1.2715938366894080683e-006 
1.3749999999999593658 0.31126215456151035132 -1.5709646700890951276 -2.5148917188266031175 1.4820652897345001134e-006 
1.3999999999999566125 0.31108365034857349274 -1.573655270189705746 -2.5148925283013046084 1.4982319928513749599e-006 
1.4249999999999538591 0.31084643564170555408 -1.5748517214971038403 -2.5148929794924335113 5.0140188571057523654e-007 
1.4499999999999511058 0.31093392430640415247 -1.5776802855890730282 -2.5148931851131033355 5.988185035551664443e-007 
1.4749999999999483524 0.31105898566546369421 -1.5785678663426798707 -2.514893540461279553 7.9652055787451932225e-007 
1.4999999999999455991 0.31100574166121514041 -1.5745570474714858378 -2.5148938630195085686 5.1840766159433181797e-007 
1.5249999999999428457 0.31101036644294099975 -1.5743512677366684471 -2.5148940253711349335 2.1570467988285721162e-007 
1.5499999999999400924 0.3109676838580028857 -1.5759159073195050382 -2.5148941212238606902 2.4099841695516366326e-007 
1.574999999999937339 0.31097239879753091341 -1.5764712620171223989 -2.5148942398961562361 2.4376026833824892232e-007 
1.5999999999999345857 0.31106037620509774388 -1.5778362782558885691 -2.5148943499038640681 2.0531164392895731987e-007 
1.6249999999999318323 0.31100106473027483434 -1.5769312975272617994 -2.5148944251192903998 1.2443585926838440905e-007 
1.649999999999929079 0.31098105297007178072 -1.5755744800943896067 -2.5148944743886247899 9.9912681001702943473e-008 
1.6749999999999263256 0.31104167840557644942 -1.5755824385331811399 -2.5148945224395742315 9.4776560287964832496e-008 
1.6999999999999235722 0.31100361912331747627 -1.5748196831388803218 -2.5148945587901221366 5.723582532814786704e-008 
1.7249999999999208189 0.31099654221414607669 -1.5746534174805915107 -2.5148945801687898616 4.4062601336971276734e-008 
1.7499999999999180655 0.31102263761023435373 -1.5753606273780467184 -2.5148946043312818688 5.8299325226009419731e-008 
1.7749999999999153122 0.31100034317707309084 -1.5762038432710165914 -2.5148946283109823163 3.4049944596075308616e-008 
1.7999999999999125588 0.31100065720799752178 -1.577003240460470801 -2.5148946381144821061 1.6860701156649643168e-008 
1.8249999999999098055 0.31099557545606659748 -1.5764317124728517427 -2.5148946481048937152 2.4311042948648398199e-008 
1.8499999999999070521 0.31099194473876895506 -1.5757849742695109185 -2.5148946583205669114 1.786509706778837365e-008 
1.8749999999999042988 0.31102541231437158542 -1.5759761173739699203 -2.5148946647608130256 1.0046941842624066272e-008 
1.8999999999999015454 0.31102619010861604076 -1.5756461156566365922 -2.5148946693593177137 1.0498850719206237787e-008 
1.9249999999998987921 0.31100428121511503043 -1.5755251005551131893 -2.5148946745097280342 1.1177520160613108726e-008 
1.9499999999998960387 0.31099547485646472644 -1.5759982057514179132 -2.5148946786659784891 5.4702367087809239073e-009 
1.9749999999998932854 0.31098910355384501436 -1.5760837350529439682 -2.5148946804295411184 3.1943761130258818188e-009 
1.999999999999890532 0.31100047667466035328 -1.5759684783393312912 -2.5148946821518132211 4.33262713394585128e-009 
2.0249999999998880007 0.31101259748017212603 -1.5757802487580510054 -2.5148946843092123693 4.3778913990579063168e-009 
2.0499999999998852473 0.3110159358247253647 -1.5755628803325265608 -2.5148946858451957098 2.1332276183021218687e-009 
2.074999999999882494 0.31102295458848783216 -1.5757052480385911331 -2.5148946867042685227 1.7315290335682513363e-009 
2.0999999999998797406 0.31101085820888862976 -1.5759682827104239955 -2.5148946874808864038 1.6602493109225036216e-009 
2.1249999999998769873 0.31099332825821246473 -1.576109589905929198 -2.5148946882060756458 1.2961545924028410734e-009 
2.1499999999998742339 0.31099504348021211886 -1.5761369257035693359 -2.5148946886806160528 7.7915867659448411999e-010 
2.1749999999998714806 0.31100054932675214037 -1.5760030659041872614 -2.5148946890543251165 8.6315067657634307007e-010 
2.1999999999998687272 0.31100899370704238045 -1.5758671701938609111 -2.5148946894513928285 7.8386267465138332958e-010 
2.2249999999998659739 0.31101392296863089593 -1.5757780098776232869 -2.5148946897286448277 3.9775213155236310711e-010 
2.2499999999998632205 0.31100639895187742745 -1.5757004606114448642 -2.5148946898880431 2.8220720318251602716e-010 
2.2749999999998604672 0.31100495703283836946 -1.5757657644818983123 -2.5148946900161668339 3.2716802361057749703e-010 
2.2999999999998577138 0.31100856391512460286 -1.5758984426962934222 -2.5148946901809869914 3.212893943825912818e-010 
2.3249999999998549605 0.31100725308126259128 -1.5759500853894041761 -2.5148946902910180867 1.4442905758471379068e-010 
2.3499999999998522071 0.31100716597609362468 -1.575961572769860819 -2.5148946903468134551 1.267242040097921381e-010 
2.3749999999998494538 0.31100548800357596946 -1.5759464136286103209 -2.5148946904190960794 1.6579782800881779563e-010 
2.3999999999998467004 0.31100254635555407701 -1.5759142296894361746 -2.5148946904758218146 7.0768653237985429022e-011 
2.4249999999998439471 0.31100417793630402707 -1.5758868508803738351 -2.5148946905015794329 5.2065793264360237407e-011 
2.4499999999998411937 0.31100649406807640007 -1.575850237283441313 -2.5148946905338198654 8.3565488813302856448e-011 
2.4749999999998384403 0.31100799799278422419 -1.5758530881876287033 -2.5148946905669427032 4.9269128344731044448e-011 
2.499999999999835687 0.31100839832769472393 -1.5758841566847539006 -2.5148946905824089981 2.4702849304844999908e-011 
2.5249999999998329336 0.31100640403773399667 -1.5758836505865825295 -2.5148946905956459652 3.0336147298649405704e-011 
2.5499999999998301803 0.31100533275286529333 -1.5758887486807253708 -2.5148946906096685261 2.8486119226055819869e-011 
2.5749999999998274269 0.31100548757950263745 -1.5758977354194361187 -2.5148946906194877826 1.377603330846776968e-011 
2.5999999999998246736 0.31100586318398332208 -1.5758864821999709616 -2.5148946906254976419 1.2780115125596571186e-011 
2.6249999999998219202 0.31100686616279293872 -1.5758901822797686254 -2.5148946906318765393 1.4126832132008447594e-011 
2.6499999999998191669 0.31100663027326685972 -1.5758959053511341075 -2.5148946906376510313 1.013163419957818607e-011 
2.6749999999998164135 0.31100583156692174214 -1.5758902353672550323 -2.5148946906414835212 5.9726638110828892575e-012 
2.6999999999998136602 0.31100597538385721386 -1.5758918259729768341 -2.5148946906433304882 2.8511870888715826121e-012 
2.7249999999998109068 0.31100597599387813652 -1.5758874049733977429 -2.5148946906455407202 6.6413806286873325457e-012 
2.7499999999998081535 0.31100623557213402659 -1.5758797110269608943 -2.5148946906483118369 4.3384354567894512512e-012 
2.7749999999998054001 0.31100669245194023649 -1.5758811755013986122 -2.5148946906496028042 1.4881324381357864827e-012 
2.7999999999998026468 0.31100636542384774152 -1.5758857686825495925 -2.514894690650353315 2.1892268226490147053e-012 
2.8249999999997998934 0.31100611132931832437 -1.5758931191396969851 -2.5148946906515412536 2.3546864796276755898e-012 
2.84999999999979714 0.31100606042199618884 -1.5758943873917485856 -2.5148946906522513522 8.7121461380243981592e-013 
2.8749999999997943867 0.31100593082977240345 -1.57588891694181088 -2.514894690652673237 1.043521808372169639e-012 
2.8999999999997916333 0.31100625894779670988 -1.5758871443418982494 -2.5148946906532216872 1.1536363694176398117e-012 
2.92499999999978888 0.31100653825172958067 -1.5758844322222909096 -2.5148946906536369106 6.225318923151359332e-013 
2.9499999999997861266 0.31100637534781488958 -1.5758836827868780706 -2.5148946906538527379 3.6706291542381650788e-013 
2.9749999999997833733 0.31100618408409008708 -1.5758885532161910348 -2.5148946906540596835 5.20653321425486616e-013 
2.9999999999997806199 0.31100602322240666897 -1.5758904061852065936 -2.5148946906542790636 3.4108218503047121111e-013 
3.0249999999997778666 0.3110060327556989912 -1.575890286117914485 -2.5148946906543945268 2.2353246916921723884e-013 
3.0499999999997751132 0.31100622341344735799 -1.5758899779347097514 -2.5148946906544988877 2.0797224984328732372e-013 
3.0749999999997723599 0.3110063110887624771 -1.5758876323432327027 -2.5148946906545979196 2.0381976056337782827e-013 
3.0999999999997696065 0.31100631687405816406 -1.5758863700267702335 -2.514894690654679632 1.3745164771746487613e-013 
3.1249999999997668532 0.31100625509082407971 -1.5758858905415391582 -2.5148946906547209323 5.6762436650009445076e-014 
3.1499999999997640998 0.3110061723365692421 -1.5758863169242498525 -2.5148946906547529068 8.1001144942485222008e-014 
3.1749999999997613465 0.31100620265361550443 -1.5758885870004395446 -2.5148946906547968716 9.4462158973953900226e-014 
3.1999999999997585931 0.31100622428862612079 -1.5758892484528010947 -2.5148946906548306224 4.9760057223115407291e-014 
3.2249999999997558398 0.31100620509131920999 -1.5758886903652631339 -2.5148946906548452773 2.5970511209598185628e-014 
3.2499999999997530864 0.31100621121048616091 -1.5758887228370370703 -2.5148946906548608204 3.6108339970481745664e-014 
3.274999999999750333 0.31100619711201349382 -1.5758879695188656722 -2.5148946906548763636 2.5748434733765100692e-014 
3.2999999999997475797 0.31100621172443360107 -1.5758872130236780684 -2.5148946906548856894 1.7467803318280010046e-014 
3.3249999999997448263 0.31100624276919502931 -1.5758873974985663224 -2.514894690654893683 1.7541072906255234233e-014 
3.349999999999742073 0.31100622227645502438 -1.5758877057367390861 -2.5148946906549021207 1.5680276752170567995e-014 
3.3749999999997393196 0.31100621694515423465 -1.5758880734536964141 -2.5148946906549078939 7.2109606542700967961e-015 
3.3999999999997365663 0.31100622242101755299 -1.5758882942781933245 -2.5148946906549096703 5.7145875447856350203e-015 
3.4249999999997338129 0.31100620558639441304 -1.5758881597241432004 -2.5148946906549136671 7.5967767262523255181e-015 
3.4499999999997310596 0.31100621249077892161 -1.5758879446797395829 -2.5148946906549167757 5.8498142341006018523e-015 
3.4749999999997283062 0.31100622454847853815 -1.5758877141285569934 -2.5148946906549189961 3.2464338011032029303e-015 
3.4999999999997255529 0.31100622102727037976 -1.5758877726437701128 -2.5148946906549203284 2.8005249832141970818e-015 
3.5249999999997227995 0.31100622032938035622 -1.5758880295666091165 -2.5148946906549212166 2.7206846935662652317e-015 
3.5499999999997200462 0.31100621489244328899 -1.5758880199326981142 -2.5148946906549221048 1.6449456980023403356e-015 
3.5749999999997172928 0.31100621260646982291 -1.5758880125431686814 -2.5148946906549229929 1.3288862590041901802e-015 
3.5999999999997145395 0.31100621619532781148 -1.5758880660782821348 -2.514894690654923437 1.5222441877849463173e-015 
3.6249999999997117861 0.31100621477524070801 -1.5758879012590458757 -2.5148946906549247693 1.0130523982871146887e-015 
3.6499999999997090327 0.31100621740409473137 -1.5758878138840639593 -2.5148946906549243252 5.1504960808118975071e-016 
3.6749999999997062794 0.31100622044756870421 -1.5758879060454749066 -2.5148946906549256575 6.0616192491378748345e-016 
3.699999999999703526 0.3110062193636556338 -1.575887963948709336 -2.5148946906549247693 5.1120185187611245741e-016 
3.7249999999997007727 0.31100621952214729804 -1.5758880022284813549 -2.5148946906549256575 3.794047827438070167e-016 
3.7499999999996980193 0.31100621647112736134 -1.5758879791386535274 -2.5148946906549247693 2.3506672622977231404e-016 
3.774999999999695266 0.3110062154436336046 -1.5758879310086126857 -2.5148946906549265456 2.7365488092889858436e-016 
3.7999999999996925126 0.31100621856705579216 -1.5758879426328600282 -2.5148946906549256575 2.1534477755531230593e-016 
3.8249999999996897593 0.31100621700519065493 -1.5758879165803483247 -2.5148946906549269897 8.7278353071920703615e-017 
3.8499999999996870059 0.3110062157657369486 -1.5758879078952530151 -2.5148946906549256575 9.4950250034026688338e-017 
3.8749999999996842526 0.31100621709981207674 -1.5758879640378218312 -2.5148946906549261016 1.253135203545581598e-016 
3.8999999999996814992 0.31100621672574690901 -1.5758879803116472296 -2.5148946906549261016 8.6859572731874543507e-017 
3.9249999999996787459 0.31100621769521785698 -1.5758879799126690457 -2.5148946906549256575 3.25897426765739782e-017 
3.9499999999996759925 0.31100621828873248331 -1.5758879665592824271 -2.5148946906549265456 4.1105735853120511388e-017 
3.9749999999996732392 0.31100621717656568022 -1.5758879213590302193 -2.5148946906549261016 4.3555137305350679009e-017 
3.9999999999996704858 0.31100621799374922327 -1.5758879140645405403 -2.5148946906549256575 2.2850305946247978771e-017 
4.0249999999996788347 0.31100621843038395165 -1.5758879301544634899 -2.5148946906549269897 2.4374476127186618716e-017 
4.0499999999996871836 0.31100621725829719066 -1.5758879393582705397 -2.5148946906549261016 2.0390310204726599387e-017 
4.0749999999996955324 0.31100621658026372796 -1.5758879561870000607 -2.5148946906549256575 1.0706741857977557616e-017 
4.0999999999997038813 0.31100621620718016391 -1.5758879640553211665 -2.5148946906549269897 9.0090258417345482356e-018 
4.1249999999997122302 0.31100621675639722463 -1.575887963053196561 -2.5148946906549261016 9.6088920562940423174e-018 
4.1499999999997205791 0.31100621781083287454 -1.5758879502967029218 -2.5148946906549256575 8.8937217561615187381e-018 
4.1749999999997289279 0.31100621794976579526 -1.5758879315074914018 -2.5148946906549261016 3.720205361493691274e-018 
4.1999999999997372768 0.31100621785090948324 -1.5758879379957115852 -2.5148946906549269897 3.7800909800062642924e-018 
4.2249999999997456257 0.31100621749758877721 -1.5758879494886977035 -2.5148946906549256575 4.2446050810168126813e-018 
4.2499999999997539746 0.31100621695055807869 -1.575887947896387864 -2.5148946906549247693 2.7479502115053546318e-018 
4.2749999999997623235 0.31100621704221625974 -1.5758879502077425272 -2.5148946906549256575 1.3681314055159891871e-018 
4.2999999999997706723 0.3110062172929977109 -1.5758879493116375592 -2.5148946906549261016 1.6787109649984627276e-018 
4.3249999999997790212 0.31100621750577334135 -1.5758879435698118776 -2.5148946906549256575 1.9104665084246517339e-018 
4.3499999999997873701 0.31100621759661373211 -1.5758879425428680143 -2.5148946906549256575 8.1869879968512198316e-019 
4.374999999999795719 0.3110062172182481155 -1.5758879428883889595 -2.5148946906549269897 5.9430814970201499247e-019 
4.3999999999998040678 0.31100621714082943292 -1.5758879462132173721 -2.5148946906549261016 7.7564436125751122562e-019 
4.4249999999998124167 0.31100621742420481164 -1.5758879505813561117 -2.5148946906549256575 5.4429597568540677111e-019 
4.4499999999998207656 0.31100621739659889409 -1.5758879507332257397 -2.5148946906549256575 3.3046483035560955757e-019 
4.4749999999998291145 0.31100621734785394157 -1.5758879493802018246 -2.5148946906549256575 3.4972247167047228559e-019 
4.4999999999998374633 0.31100621735639050192 -1.5758879464592716602 -2.5148946906549265456 3.1331251033388349713e-019 
4.5249999999998458122 0.31100621728733313098 -1.5758879437443269467 -2.5148946906549269897 1.5423358440355075088e-019 
4.5499999999998541611 0.31100621734488759218 -1.5758879443395219511 -2.5148946906549261016 1.0382315143656366375e-019 
4.57499999999986251 0.31100621737998923599 -1.5758879449078495583 -2.5148946906549252134 1.7617086428619189312e-019 
4.5999999999998708589 0.31100621735684280678 -1.5758879453839733653 -2.5148946906549265456 1.1415323554667284409e-019 
4.6249999999998792077 0.31100621739788175679 -1.5758879475067111287 -2.5148946906549256575 5.3376317779499088069e-020 
4.6499999999998875566 0.31100621735478611862 -1.5758879486151695648 -2.5148946906549265456 6.1157113962073658033e-020 
4.6749999999998959055 0.31100621728140909195 -1.5758879478619818304 -2.5148946906549261016 6.1278872306703838609e-020 
4.6999999999999042544 0.31100621729153538064 -1.5758879466989190732 -2.5148946906549256575 2.699063149482739334e-020 
4.7249999999999126032 0.31100621732946620579 -1.5758879460783499216 -2.5148946906549269897 3.0314373239601285457e-020 
4.7499999999999209521 0.3110062173864761581 -1.5758879462525352544 -2.5148946906549256575 3.1072588068490893026e-020 
4.774999999999929301 0.31100621739577150038 -1.5758879462779589176 -2.5148946906549269897 1.9719977977039107029e-020 
4.7999999999999376499 0.31100621734716044076 -1.57588794626117501 -2.5148946906549265456 1.0035203387694714911e-020 
4.8249999999999459988 0.31100621732868943825 -1.5758879467309532263 -2.5148946906549256575 1.2012212572523893979e-020 
4.8499999999999543476 0.3110062173243547945 -1.5758879467088751092 -2.5148946906549261016 1.125624632914336986e-020 
4.8749999999999626965 0.31100621733546829351 -1.5758879463564836598 -2.5148946906549261016 7.9413623312748183984e-021 
4.8999999999999710454 0.31100621736429678865 -1.575887946471760781 -2.5148946906549256575 4.4443435049294445821e-021 
4.9249999999999793943 0.3110062173570659616 -1.5758879465917103868 -2.5148946906549252134 5.0487176210282069792e-021 
4.9499999999999877431 0.31100621734151084885 -1.5758879467148938502 -2.5148946906549265456 4.8835499952342442898e-021 
4.974999999999996092 0.31100621733838257343 -1.5758879468790851774 -2.5148946906549261016 1.6181452900174586507e-021 
