0.025000000000000015266 0.59197344563819132013 0.00045983406025145584506 -2.2503354050342356807 0.037584532613249385657 
0.05000000000000003747 0.57032045748648274586 0.016053204996927819548 -2.261729513700629024 0.05009823471329179212 
0.075000000000000052736 0.44327877729882481095 -0.0021436977399546530698 -2.2900106744127386449 0.078220043766838331933 
0.10000000000000007494 0.414800767710722329 -0.049512428482521464446 -2.3378412624808579956 0.093582491023196559543 
0.12500000000000008327 0.26523395616633327343 -0.40648434584578696516 -2.3693761803965940338 0.045702859231181218458 
0.15000000000000010547 0.24613611463569223803 -1.6983872968030526707 -2.3858360025257812076 0.032753346913776522353 
0.17500000000000012768 0.30834996434954431432 -2.0984661429205795358 -2.4019836819743742851 0.037039597464514038838 
0.20000000000000014988 0.27430121946540331201 -1.3148078788305510578 -2.4171894014656363225 0.022749185598485606452 
0.22500000000000017208 0.2732772191353165514 -1.4973411955267672546 -2.4265791646688628092 0.02228136686750379486 
0.25000000000000016653 0.30025006714966534505 -1.1263022723559519278 -2.4389388508080127593 0.027728029106971304601 
0.27500000000000018874 0.30684780908218134421 -0.43802649756993672359 -2.4489202271436094627 0.015664278784040652076 
0.30000000000000021094 0.32766095255302007949 -0.62011585395869361914 -2.4562876464755838413 0.017303442268671045956 
0.32500000000000023315 0.33759856963912360239 -0.75953453201293341657 -2.4660861196962287067 0.022240117856137119751 
0.35000000000000025535 0.35225806859803959759 -1.2771730812782395859 -2.4746010610288644571 0.014039365899701323689 
0.37500000000000027756 0.34053070393738366084 -1.7963014223577249417 -2.4798583429685612245 0.010493198830885463319 
0.40000000000000029976 0.29098400565144449947 -1.521482005738377552 -2.4858357005918838567 0.014062010119306043998 
0.42500000000000032196 0.28281340681262862047 -1.480527114765874952 -2.4924736552305257753 0.01364481878147198908 
0.45000000000000034417 0.29067777152425150478 -1.527851380007142934 -2.4979960498161997151 0.010065138659631236301 
0.47500000000000036637 0.29968647600613912418 -1.5099452492659299896 -2.5017249293401060406 0.0060701583775059136591 
0.50000000000000033307 0.32248153485998842793 -1.7575083602737215926 -2.504341783447211256 0.0050219343599805232881 
0.52500000000000035527 0.31509676679983189551 -1.8263243539189473186 -2.5066144647921220212 0.0048825723058842163474 
0.55000000000000037748 0.2989552596914122895 -1.8348031549237444615 -2.5084107426910944305 0.0026146845483154572062 
0.57500000000000039968 0.30203528134090101842 -1.7325742641921269005 -2.5093907359903098175 0.0020436585285412401346 
0.60000000000000042188 0.30570074113230943924 -1.3612617407055833674 -2.510605472124683768 0.0028251946319991345057 
0.62500000000000044409 0.320559857380654456 -1.304010119356528552 -2.5117013140008372929 0.0018007892082021210306 
0.65000000000000046629 0.32765249131709128783 -1.4147569772052697168 -2.5123017006244499072 0.0009166642489946590696 
0.6750000000000004885 0.31076944406748702177 -1.4692845975990849183 -2.5127778546032017992 0.0011794584950488068344 
0.7000000000000005107 0.29989396288062963869 -1.7043367461531664375 -2.5133156096940507673 0.00095051105199794720148 
0.72500000000000053291 0.30050229722840599011 -1.8523008887738612316 -2.5136245456340429172 0.00045199042651459728215 
0.75000000000000055511 0.30440351633222356709 -1.782165882936623813 -2.5138097465407023279 0.00043214668873125069342 
0.77500000000000057732 0.31302694152595783583 -1.6285812470585294687 -2.5140730141197851211 0.00059443578150628398598 
0.80000000000000059952 0.3166158336284514152 -1.4559964680872490295 -2.5142863790575957772 0.00032129151255614555455 
0.82500000000000062172 0.31539336078010088427 -1.4453281357035323573 -2.5143985003681508239 0.00017903705146956062889 
0.85000000000000064393 0.31346558355224923842 -1.5198652862607493486 -2.514474699172006833 0.00017502660131457956462 
0.87500000000000066613 0.30904058405333817428 -1.5353942597739953513 -2.514570851080889291 0.00020707698010017185943 
0.90000000000000068834 0.30816225702544580711 -1.5898993479659060402 -2.5146517863960777817 0.00013478271329627110006 
0.92500000000000071054 0.31029755483959736706 -1.639469871205181839 -2.5146947507410541967 6.6916937927862866196e-005 
0.95000000000000073275 0.31124402813670154488 -1.6108414038005340885 -2.5147336651905907168 9.7765356358815445653e-005 
0.97500000000000075495 0.31183775393454121749 -1.5824967530668783144 -2.5147758324520590456 6.9511963048126440188e-005 
1.0000000000000006661 0.31028015460516583657 -1.5693743696661925924 -2.5147961519546218057 2.7218017749278581539e-005 
1.0249999999999979128 0.30956631953764340848 -1.5615900555055530763 -2.5148116786647505272 4.5354125460793216318e-005 
1.0499999999999951594 0.31158054929200973415 -1.5727913485124427329 -2.5148340558536181888 3.9775682349808428998e-005 
1.0749999999999924061 0.31178216741415920588 -1.5813025960276387849 -2.5148481865307563687 2.2960367632677759249e-005 
1.0999999999999896527 0.31125777284103145481 -1.5838987853089967484 -2.5148559334773867846 1.349414874925371159e-005 
1.1249999999999868994 0.31140795937851978303 -1.5788694142232166939 -2.5148632052268697912 1.7003159054242873163e-005 
1.149999999999984146 0.31065913172217901606 -1.5665639581974071248 -2.5148707262996214951 1.3446522724287570842e-005 
1.1749999999999813927 0.31060208488173901564 -1.5679371826469439277 -2.5148757341295349121 8.8537588022453584394e-006 
1.1999999999999786393 0.31108674173940314978 -1.5686476379632745548 -2.5148793353790912519 7.1264952904593586094e-006 
1.224999999999975886 0.31102476828690134303 -1.5675880758647933177 -2.5148826358161615602 6.7736233874307366477e-006 
1.2499999999999731326 0.31122793844473817249 -1.5847185614045118385 -2.5148856309226617078 5.1913360137456895246e-006 
1.2749999999999703792 0.31100808656923101259 -1.5917423762455349401 -2.5148871818992462046 2.4001849541369916581e-006 
1.2999999999999676259 0.31052912271368338093 -1.5799449559246685482 -2.5148884919472864752 3.2252899729118910031e-006 
1.3249999999999648725 0.3108643064523557431 -1.5748531199724220553 -2.5148900600487058554 3.0562947501917708849e-006 
1.3499999999999621192 0.31125167605975773144 -1.5725902387354753209 -2.5148910929118732938 1.3274140630025955943e-006 
1.3749999999999593658 0.31126790569962103916 -1.5710038320355894648 -2.514891626830894289 1.5050262292705554027e-006 
1.3999999999999566125 0.31108601920816547626 -1.573663190844151849 -2.5148924579611056096 1.5616701698370505696e-006 
1.4249999999999538591 0.31084169973197539605 -1.5747408579714421428 -2.5148929284617325131 5.1949217667308145082e-007 
1.4499999999999511058 0.3109337435748449896 -1.5776398115799763477 -2.5148931375763114993 6.0976900655540361384e-007 
1.4749999999999483524 0.31106276132203319884 -1.5786192327900090415 -2.514893500671730564 8.1935437142566742294e-007 
1.4999999999999455991 0.31100739664016585628 -1.5745464601380310121 -2.5148938335211377115 5.4128366466554157026e-007 
1.5249999999999428457 0.31101079594054864552 -1.5743162447554466254 -2.5148940038248084328 2.2583336637414947327e-007 
1.5499999999999400924 0.31096478896764689903 -1.5759032242022250614 -2.5148941020817141556 2.4673043499279913747e-007 
1.574999999999937339 0.31096947692501042404 -1.5764842640893803605 -2.5148942239502307672 2.5147752390519349891e-007 
1.5999999999999345857 0.31106213753038292058 -1.5778813905965289877 -2.5148943372222669623 2.1245551905365165806e-007 
1.6249999999999318323 0.31100226681579162813 -1.576955504340913139 -2.5148944152899526117 1.3004067860720553693e-007 
1.649999999999929079 0.3109802868316879354 -1.5755805347126607963 -2.5148944665165955392 1.0365297609244009441e-007 
1.6749999999999263256 0.31104193060574542029 -1.5755862640377258366 -2.514894516116434886 9.8036564608041303818e-008 
1.6999999999999235722 0.31100364585754830538 -1.5748006256952942206 -2.5148945537470082101 5.9622659670082865434e-008 
1.7249999999999208189 0.3109963819484622416 -1.5746332659893917949 -2.5148945759665064514 4.5704327215159635104e-008 
1.7499999999999180655 0.31102309787600529445 -1.5753422066202493745 -2.5148946008506456451 6.0229067574389579567e-008 
1.7749999999999153122 0.31100066633325496035 -1.5761901637767992135 -2.5148946257454474207 3.580572939332458586e-008 
1.7999999999999125588 0.31100070666354950877 -1.5770202905737624732 -2.5148946360334227812 1.7503025443213023079e-008 
1.8249999999999098055 0.31099497002838599746 -1.576449945155149468 -2.5148946463599126666 2.5273802546474064178e-008 
1.8499999999999070521 0.31099125434711533122 -1.5757857066570644111 -2.5148946569664585304 1.8602667007043510029e-008 
1.8749999999999042988 0.31102568916059286641 -1.575979309782673532 -2.5148946636715998615 1.0505580097007508759e-008 
1.8999999999999015454 0.31102677786571575336 -1.5756459712425097131 -2.5148946684497555104 1.0875905353567116816e-008 
1.9249999999998987921 0.3110046309921025709 -1.5755189365930490908 -2.5148946737731341372 1.165881451346208899e-008 
1.9499999999998960387 0.31099538246363084282 -1.5759961820823265022 -2.5148946781433916264 5.8181537638675487282e-009 
1.9749999999998932854 0.31098856215030123984 -1.576087037897451637 -2.5148946799902884841 3.2953965591585724355e-009 
1.999999999999890532 0.31100022292212969877 -1.5759750703084538515 -2.5148946817671822274 4.4941662213351738535e-009 
2.0249999999998880007 0.31101257225575895671 -1.5757804345227526266 -2.5148946840088250987 4.5889836908606877403e-009 
2.0499999999998852473 0.31101601505854115093 -1.5755538809633762298 -2.5148946856203679978 2.2403926849640000889e-009 
2.074999999999882494 0.31102347286466786036 -1.5756975030362676549 -2.5148946865184389488 1.8178452377197661884e-009 
2.0999999999998797406 0.31101118203024002984 -1.5759661976555805474 -2.5148946873321502693 1.7385847404764680568e-009 
2.1249999999998769873 0.31099313946711798495 -1.5761134063558226437 -2.5148946880876041909 1.3543143569656356098e-009 
2.1499999999998742339 0.31099477919903262269 -1.5761440007225813176 -2.5148946885845382404 8.2028857379958156545e-010 
2.1749999999998714806 0.31100026711696160397 -1.5760074896449993709 -2.5148946889751857547 9.0042622938837533401e-010 
2.1999999999998687272 0.31100893822021741242 -1.5758691252304846131 -2.5148946893894459365 8.2538142229015676486e-010 
2.2249999999998659739 0.31101415914332641854 -1.5757777598983626621 -2.5148946896818111796 4.2016358514701234941e-010 
2.2499999999998632205 0.31100646651577934509 -1.5756963567076971433 -2.514894689849896281 2.991962539327992596e-010 
2.2749999999998604672 0.31100488644633461632 -1.5757615135252001082 -2.51489468998356136 3.3807854854493309339e-010 
2.2999999999998577138 0.31100857331304526676 -1.575896756402186627 -2.5148946901549820154 3.3982197404394348992e-010 
2.3249999999998549605 0.31100730349215555126 -1.575950147995668571 -2.514894690271953781 1.5399656698350046127e-010 
2.3499999999998522071 0.3110072521832113468 -1.5759631813482188889 -2.5148946903305131606 1.3194756183680470531e-010 
2.3749999999998494538 0.31100551092058981162 -1.575948162300480071 -2.5148946904060860419 1.7517086560002231758e-010 
2.3999999999998467004 0.31100245288946060107 -1.5759152622211507477 -2.5148946904661322321 7.5214137931892328624e-011 
2.4249999999998439471 0.31100407954377778941 -1.5758876452221113329 -2.5148946904932114599 5.4327627570290485377e-011 
2.4499999999998411937 0.31100645289145173455 -1.5758500460250735031 -2.5148946905268942942 8.8059185124131665267e-011 
2.4749999999998384403 0.31100804614580906948 -1.5758523230146892491 -2.5148946905619391501 5.2525065272246542495e-011 
2.499999999999835687 0.31100847568736289528 -1.5758837223898209956 -2.5148946905783011729 2.6000689921001784451e-011 
2.5249999999998329336 0.31100641773123149925 -1.5758831091627989451 -2.5148946905922442419 3.2030076037672044385e-011 
2.5499999999998301803 0.31100532132478142522 -1.5758885594681064646 -2.5148946906069857832 3.0118475067498797739e-011 
2.5749999999998274269 0.31100547025139368973 -1.5758979790990406133 -2.514894690617423656 1.4729945280018868641e-011 
2.5999999999998246736 0.31100584329327196631 -1.5758864045512617214 -2.5148946906237572563 1.3425602732983772408e-011 
2.6249999999998219202 0.31100688153497824118 -1.5758901928348820753 -2.5148946906304758819 1.4955156885779199857e-011 
2.6499999999998191669 0.3110066418874486982 -1.5758961842101020245 -2.5148946906365807763 1.0762984908127002109e-011 
2.6749999999998164135 0.3110058209355548442 -1.575890481652419961 -2.5148946906406641766 6.4394263154982773345e-012 
2.6999999999998136602 0.31100597207561342383 -1.5758920402344234191 -2.5148946906426421499 2.9671648828518851793e-012 
2.7249999999998109068 0.31100596710887890017 -1.5758873549191736441 -2.5148946906449411998 7.006181010345001966e-012 
2.7499999999998081535 0.31100623290449574965 -1.5758794773990136839 -2.5148946906478837349 4.6474569377618066213e-012 
2.7749999999998054001 0.3110067091932251504 -1.5758809488446452463 -2.5148946906492666287 1.6088138621972915748e-012 
2.7999999999998026468 0.31100637158242011582 -1.5758855784700684932 -2.514894690650064657 2.3047231314930734534e-012 
2.8249999999997998934 0.31100610683629970055 -1.5758932411146915342 -2.5148946906513183208 2.5134092105812942274e-012 
2.84999999999979714 0.31100605576897372151 -1.5758946391350390215 -2.5148946906520768252 9.2897396470291918927e-013 
2.8749999999997943867 0.3110059223386094085 -1.5758890001114362889 -2.5148946906525257994 1.1104373035901786492e-012 
2.8999999999997916333 0.31100625736134956956 -1.5758871781651020427 -2.5148946906531080003 1.2288944171087029712e-012 
2.92499999999978888 0.31100654546822353863 -1.5758843201061791817 -2.5148946906535489809 6.6896255683672891255e-013 
2.9499999999997861266 0.31100638295213239859 -1.5758834766003326777 -2.5148946906537803514 3.9203227967764209116e-013 
2.9749999999997833733 0.31100618802330082246 -1.5758885280892402925 -2.5148946906539997315 5.5207902755073556543e-013 
2.9999999999997806199 0.31100601863653937196 -1.5758904860024172123 -2.5148946906542333224 3.688802971322405579e-013 
3.0249999999997778666 0.31100602498510282468 -1.5758903722871675512 -2.5148946906543567792 2.3713804015632212774e-013 
3.0499999999997751132 0.31100622030609126334 -1.5758900590823818888 -2.5148946906544700219 2.225206155363930953e-013 
3.0749999999997723599 0.31100631229365677255 -1.5758876575612950077 -2.5148946906545730506 2.181879454100668495e-013 
3.0999999999997696065 0.31100632116240117808 -1.57588635559592527 -2.5148946906546614244 1.4824501857368714071e-013 
3.1249999999997668532 0.31100625721968988557 -1.5758858137542386402 -2.5148946906547076097 6.0854110065713456753e-014 
3.1499999999997640998 0.31100617081052878143 -1.5758862209271180532 -2.51489469065473914 8.6202344134300914298e-014 
3.1749999999997613465 0.31100620306344556321 -1.5758885851634896191 -2.5148946906547866575 1.0127960322514505556e-013 
3.1999999999997585931 0.31100622535297889337 -1.5758892918146414353 -2.514894690654823517 5.3869517384864088171e-014 
3.2249999999997558398 0.31100620448591753675 -1.575888718425222379 -2.5148946906548403923 2.7932080466335794731e-014 
3.2499999999997530864 0.31100621041593407012 -1.5758887542454003139 -2.5148946906548572677 3.8767298919602895758e-014 
3.274999999999750333 0.3110061957121598164 -1.575887985205420172 -2.5148946906548728109 2.7598414808514142861e-014 
3.2999999999997475797 0.31100621137735651178 -1.5758872029978223672 -2.5148946906548825808 1.8910060133650569245e-014 
3.3249999999997448263 0.31100624410112026608 -1.5758873749336934633 -2.5148946906548910185 1.8757497166017856693e-014 
3.349999999999742073 0.31100622254803861333 -1.5758876844158877795 -2.5148946906549007885 1.6947954216064766232e-014 
3.3749999999997393196 0.31100621676843215324 -1.5758880741228715738 -2.5148946906549061175 7.8897000254148000129e-015 
3.3999999999997365663 0.31100622270014099957 -1.57588830687743231 -2.514894690654908338 6.0755761984155341231e-015 
3.4249999999997338129 0.31100620531930556201 -1.5758881674575744292 -2.5148946906549127789 8.2004040624623083749e-015 
3.4499999999997310596 0.31100621228210151292 -1.5758879471011004725 -2.5148946906549158875 6.3009472616733337858e-015 
3.4749999999997283062 0.31100622475686806601 -1.575887706014362788 -2.514894690654918108 3.5414862055451618316e-015 
3.4999999999997255529 0.31100622121536752873 -1.5758877656139698153 -2.5148946906549194402 3.0209039717551219512e-015 
3.5249999999997227995 0.31100622036666314418 -1.5758880345604948658 -2.5148946906549207725 2.9455574168624605184e-015 
3.5499999999997200462 0.31100621462773525572 -1.5758880222366546953 -2.5148946906549225488 1.7793772609796672622e-015 
3.5749999999997172928 0.31100621250532223261 -1.5758880122889133979 -2.5148946906549225488 1.433259515174737257e-015 
3.5999999999997145395 0.31100621635403802312 -1.5758880713869669599 -2.5148946906549238811 1.6494075731153169862e-015 
3.6249999999997117861 0.31100621471767853077 -1.5758879021312353075 -2.5148946906549252134 1.1042052880202682726e-015 
3.6499999999997090327 0.3110062173118116613 -1.5758878084392444752 -2.5148946906549247693 5.5854859453510280243e-016 
3.6749999999997062794 0.31100622041683972929 -1.5758879024713976502 -2.5148946906549243252 6.5729108711406703754e-016 
3.699999999999703526 0.31100621939755757062 -1.5758879646942700603 -2.5148946906549252134 5.5227330283587350066e-016 
3.7249999999997007727 0.31100621972960751371 -1.5758880058269411073 -2.5148946906549247693 4.1559821363713916393e-016 
3.7499999999996980193 0.31100621650323395651 -1.5758879801718919111 -2.5148946906549261016 2.5455982541098787466e-016 
3.774999999999695266 0.31100621533407035724 -1.575887929325413328 -2.5148946906549247693 2.9658128789308450228e-016 
3.7999999999996925126 0.31100621861371990917 -1.575887942741196035 -2.5148946906549252134 2.3595529816869806319e-016 
3.8249999999996897593 0.31100621700223418653 -1.5758879161242287381 -2.5148946906549261016 9.5116046457458377939e-017 
3.8499999999996870059 0.31100621568631492408 -1.5758879062819513006 -2.5148946906549256575 1.0342146618260618998e-016 
3.8749999999996842526 0.31100621707140940764 -1.5758879641327725452 -2.5148946906549256575 1.3531089834335569747e-016 
3.8999999999996814992 0.31100621669495881472 -1.5758879814287478638 -2.5148946906549256575 9.573608359558236981e-017 
3.9249999999996787459 0.31100621772545161692 -1.5758879817088131681 -2.5148946906549261016 3.5816514181165881764e-017 
3.9499999999996759925 0.3110062183364991073 -1.5758879677310773104 -2.5148946906549261016 4.4742072139686872977e-017 
3.9749999999996732392 0.31100621714902026982 -1.5758879203279019254 -2.5148946906549265456 4.7359281131797982415e-017 
3.9999999999996704858 0.31100621800518329918 -1.575887912692608861 -2.5148946906549269897 2.5133318245264095993e-017 
4.0249999999996788347 0.31100621849314874501 -1.5758879292718983578 -2.5148946906549274338 2.6592438104647773471e-017 
4.0499999999996871836 0.31100621728418376133 -1.5758879388825959289 -2.5148946906549261016 2.2380965405266478573e-017 
4.0749999999996955324 0.31100621655224863771 -1.575887956589957728 -2.5148946906549269897 1.1788752585975622854e-017 
4.0999999999997038813 0.31100621613941387134 -1.5758879647337322716 -2.5148946906549269897 9.8359551627308646893e-018 
4.1249999999997122302 0.31100621671794242973 -1.5758879638791243316 -2.5148946906549261016 1.0466979386659284541e-017 
4.1499999999997205791 0.31100621782654064296 -1.5758879507166176914 -2.5148946906549261016 9.8147531044975377393e-018 
4.1749999999997289279 0.31100621797764921306 -1.5758879307920832247 -2.5148946906549269897 4.0963702913041733469e-018 
4.1999999999997372768 0.31100621788526233713 -1.5758879374184746602 -2.5148946906549265456 4.1280630371886371516e-018 
4.2249999999997456257 0.31100621751167423223 -1.5758879496080031579 -2.5148946906549265456 4.6696591328776274062e-018 
4.2499999999997539746 0.31100621692814961472 -1.5758879480370844295 -2.5148946906549265456 3.0284940321427172373e-018 
4.2749999999997623235 0.31100621702207820185 -1.5758879503871119354 -2.5148946906549252134 1.5082503368729336718e-018 
4.2999999999997706723 0.31100621728636057561 -1.5758879494278505984 -2.5148946906549261016 1.837933481418426711e-018 
4.3249999999997790212 0.31100621751566231987 -1.5758879434856183366 -2.5148946906549256575 2.1037934236720236369e-018 
4.3499999999997873701 0.31100621761584051894 -1.5758879423829128541 -2.5148946906549265456 9.1007062893587758802e-019 
4.374999999999795719 0.31100621721293469912 -1.5758879426470748797 -2.5148946906549265456 6.5777553951520243916e-019 
4.3999999999998040678 0.31100621712617904091 -1.5758879461286952051 -2.5148946906549265456 8.465059653940259596e-019 
4.4249999999998124167 0.31100621742639955603 -1.5758879507534839792 -2.5148946906549261016 6.067596861034888957e-019 
4.4499999999998207656 0.31100621740083711497 -1.5758879509503680438 -2.5148946906549256575 3.6371541402016424302e-019 
4.4749999999998291145 0.31100621734945327335 -1.5758879495548856475 -2.5148946906549261016 3.8652765922373670813e-019 
4.4999999999998374633 0.31100621735663441791 -1.5758879464751567312 -2.5148946906549265456 3.4554338619215468404e-019 
4.5249999999998458122 0.31100621728324301385 -1.5758879436197015256 -2.5148946906549256575 1.7319506427271602938e-019 
4.5499999999998541611 0.31100621734420003106 -1.5758879442510154156 -2.5148946906549256575 1.1339467189214112371e-019 
4.57499999999986251 0.31100621738179184961 -1.5758879448197053996 -2.5148946906549261016 1.9458552771028662142e-019 
4.5999999999998708589 0.31100621735789796274 -1.575887945290414649 -2.5148946906549261016 1.274352727901916929e-019 
4.6249999999998792077 0.31100621740099249068 -1.5758879475221425626 -2.5148946906549252134 5.892469678337695723e-020 
4.6499999999998875566 0.31100621735589573102 -1.575887948709613795 -2.5148946906549261016 6.7982731154329655263e-020 
4.6749999999998959055 0.31100621727890304102 -1.575887947944082601 -2.5148946906549261016 6.7990894709211925325e-020 
4.6999999999999042544 0.31100621728819599632 -1.5758879467215503034 -2.5148946906549265456 2.9981501929593238248e-020 
4.7249999999999126032 0.31100621732725125534 -1.5758879460545878182 -2.5148946906549269897 3.3647754209532187616e-020 
4.7499999999999209521 0.31100621738834627328 -1.5758879462396442328 -2.5148946906549265456 3.452463407563148917e-020 
4.774999999999929301 0.31100621739883538286 -1.5758879462675743355 -2.5148946906549265456 2.2049166718376044328e-020 
4.7999999999999376499 0.31100621734759986703 -1.5758879462403680982 -2.5148946906549256575 1.1170837021046390697e-020 
4.8249999999999459988 0.31100621732814920373 -1.5758879467334900859 -2.5148946906549261016 1.3341098069293324178e-020 
4.8499999999999543476 0.31100621732319433388 -1.5758879467144237818 -2.5148946906549269897 1.2543972867077478749e-020 
4.8749999999999626965 0.31100621733470740216 -1.5758879463433879131 -2.5148946906549265456 8.8516639615139601803e-021 
4.8999999999999710454 0.31100621736534767026 -1.5758879464648432034 -2.5148946906549265456 5.0076720442267202822e-021 
4.9249999999999793943 0.31100621735776529109 -1.5758879465925030861 -2.5148946906549252134 5.5831842135114059868e-021 
4.9499999999999877431 0.31100621734133410135 -1.575887946723006694 -2.5148946906549261016 5.4798489004973083018e-021 
4.974999999999996092 0.31100621733799654889 -1.5758879468967128545 -2.5148946906549252134 1.8242989541574418119e-021 
