0.025000000000000015266 0.59245765599103628052 0.00046306167518700425134 -2.2497863798183925788 0.037909669474703665271 
0.05000000000000003747 0.57047710052562949912 0.016176388373278782762 -2.2608913044229956846 0.050977568927562243173 
0.075000000000000052736 0.44193258410848751394 -0.0027093827516471713501 -2.2886318178592572892 0.079862881183284439857 
0.10000000000000007494 0.41253860251291235572 -0.050126449057188326996 -2.3355203666204178425 0.095137530470750047984 
0.12500000000000008327 0.26141329236438992645 -0.40791825041863982726 -2.3663609538226277884 0.046745017330901451891 
0.15000000000000010547 0.24364165101733856189 -1.7317762527944795536 -2.3827612057805023227 0.034340829356728802546 
0.17500000000000012768 0.30742425614343937834 -2.1457914948394853916 -2.3989371720833849722 0.038381980708842265704 
0.20000000000000014988 0.27041358500897244577 -1.3354029368058775162 -2.414009997290408549 0.023120590333559905283 
0.22500000000000017208 0.26779071360828976545 -1.5367789764120991514 -2.4232251699609244078 0.023147223506345532967 
0.25000000000000016653 0.29550252518120773138 -1.1446540385548251706 -2.4356667442496791054 0.029025482922000578334 
0.27500000000000018874 0.30292645468243034612 -0.40069710778745204482 -2.4455477910881944226 0.015534758045062177154 
0.30000000000000021094 0.32394124652602762637 -0.59621035705669589433 -2.452323634618891024 0.016421924893372536608 
0.32500000000000023315 0.33342521293624460821 -0.73882282405307309059 -2.4619263781477691566 0.024104294379194080716 
0.35000000000000025535 0.35531565871217873909 -1.274241161595593308 -2.4711200408670790374 0.015940312434417538284 
0.37500000000000027756 0.34935907450203645963 -1.7854462714219252462 -2.4764529139379169997 0.010141817271086050328 
0.40000000000000029976 0.29678023421090427014 -1.4736821145745069295 -2.4819556844883892133 0.013453134480431063261 
0.42500000000000032196 0.28865745983461338353 -1.4461157418785930417 -2.4882981388420604141 0.01410562572121467316 
0.45000000000000034417 0.29382829776055974236 -1.4192634048217898091 -2.4941265630004343379 0.012290946511374623712 
0.47500000000000036637 0.2941306745735621786 -1.3552512167714882985 -2.4990056524382970871 0.008762879037248537048 
0.50000000000000033307 0.31636258027285063532 -1.6651139922819206962 -2.5022437987505683488 0.0056723630612986438229 
0.52500000000000035527 0.31615536052372128495 -1.8349122483879045653 -2.504747196756846872 0.0060105922476683974406 
0.55000000000000037748 0.30075318237229742291 -1.9485651285649392417 -2.5069985501110125803 0.0035516690086025543525 
0.57500000000000039968 0.29930863974671040317 -1.8795272973342405098 -2.5082309410087719748 0.0023426341211520147582 
0.60000000000000042188 0.30002050607297886531 -1.4313923718064840429 -2.5094543533840747429 0.0030701099239916658512 
0.62500000000000044409 0.31865544508443283123 -1.2911438113842528264 -2.5107894553101179902 0.0026029244288142470813 
0.65000000000000046629 0.33209810638038889108 -1.3752534092343458028 -2.5116157450113516525 0.0012544174663922651614 
0.6750000000000004885 0.31581637477652607648 -1.393276834135051212 -2.5122072667079486941 0.0014333748730965436939 
0.7000000000000005107 0.30058445182513976457 -1.604956782002632476 -2.5128264650381511025 0.0011667530919114773181 
0.72500000000000053291 0.29796438253549761832 -1.813198349785557717 -2.5132389636642407105 0.00075818575772608606464 
0.75000000000000055511 0.3027503126957168389 -1.8556498230242859382 -2.5135041511482558718 0.00045869950863206698658 
0.77500000000000057732 0.31165288794671713868 -1.7323771483409000638 -2.513770069476860769 0.00072106017633597743396 
0.80000000000000059952 0.31426539935741720777 -1.4792687689730597 -2.5140633928913365125 0.00051049085186052488208 
0.82500000000000062172 0.31522253396131422187 -1.4238627765870925934 -2.5142349423114929152 0.00029836994332571370112 
0.85000000000000064393 0.31568089044068176063 -1.513760771207228073 -2.5143394833484693507 0.00017946000746439191745 
0.87500000000000066613 0.31076095833679073799 -1.5138566279104797019 -2.5144387276764024186 0.00026254066546782056863 
0.90000000000000068834 0.30878702714277561636 -1.5535727154875629274 -2.5145508255775026463 0.00021352848927754395562 
0.92500000000000071054 0.30951470009300563468 -1.627487040108332117 -2.5146192623867533733 0.00010478446730850613248 
0.95000000000000073275 0.30992643885283094329 -1.6286857904594529423 -2.5146659780909992321 0.00011334367440174651317 
0.97500000000000075495 0.31202829502895457203 -1.6044858649933435579 -2.5147213074171417269 0.0001149327062895664543 
1.0000000000000006661 0.31057347787230293878 -1.5711663166938287794 -2.5147576998415801519 4.8546326418118174249e-005 
1.0249999999999979128 0.30897822888890158488 -1.555793182777621908 -2.514774231538876581 4.5828227247315904001e-005 
1.0499999999999951594 0.31163677468199391107 -1.5741063394088692373 -2.5148036217417235605 6.4606893385269501071e-005 
1.0749999999999924061 0.31216225365196165198 -1.57953905261387062 -2.5148245154934700807 3.4484055362989289128e-005 
1.0999999999999896527 0.31119427180801734201 -1.5819675450985726251 -2.5148381124073786452 2.6281076003740296758e-005 
1.1249999999999868994 0.31134473030227943768 -1.5828267400970199574 -2.5148478011940933463 1.9385966154991302371e-005 
1.149999999999984146 0.31069214591149096893 -1.5684599386748723227 -2.5148578856543801763 2.1928551315004656241e-005 
1.1749999999999813927 0.31066072342013367757 -1.5692331627019751039 -2.5148654872819888872 1.3316848869074113956e-005 
1.1999999999999786393 0.31104792313604689991 -1.5693732537781244218 -2.5148709087812073371 1.1574300846063348937e-005 
1.224999999999975886 0.3108883004692359342 -1.5612063241641336298 -2.5148758341764643198 9.8886941951792246402e-006 
1.2499999999999731326 0.31129702905226935838 -1.5784280713505141058 -2.51488019865501089 8.7171673064698304741e-006 
1.2749999999999703792 0.31117694419766789293 -1.5933027067901182061 -2.5148829940583823372 4.4000532840315180607e-006 
1.2999999999999676259 0.31053324884069460898 -1.5847793346229925859 -2.5148848202087283887 4.3068870750569985663e-006 
1.3249999999999648725 0.31071850103484405237 -1.5770067835294687697 -2.5148870276660431067 4.8455328050095171729e-006 
1.3499999999999621192 0.31112877562160290434 -1.5720088436104491247 -2.5148888202023553795 2.8830750070525148242e-006 
1.3749999999999593658 0.31135576758457073066 -1.5720645677370810311 -2.5148896976318151353 1.8273039407465017396e-006 
1.3999999999999566125 0.31117058661727786673 -1.5751194947670765778 -2.5148908332743515892 2.8263398748267375695e-006 
1.4249999999999538591 0.3107365680986894918 -1.5727101253464705888 -2.5148918164031637268 1.2213104009297388231e-006 
1.4499999999999511058 0.31090906633813197857 -1.5758552570242012614 -2.5148921347153274652 7.4133439299150948306e-007 
1.4749999999999483524 0.31115148181286644835 -1.5791583780828215566 -2.5148926136187497171 1.2350789133422035275e-006 
1.4999999999999455991 0.31105641535629541261 -1.5745643239764737231 -2.5148931411145443171 1.036884152567511735e-006 
1.5249999999999428457 0.31104121404998003042 -1.5737453293993071135 -2.5148935177354667658 5.6786789693153539569e-007 
1.5499999999999400924 0.31091340759392088744 -1.5754320072704945943 -2.5148936874668268437 3.4378722016173248145e-007 
1.574999999999937339 0.31087978037064289971 -1.5765951474406536548 -2.5148938648917740224 4.1394045942949343945e-007 
1.5999999999999345857 0.31108022865739459739 -1.578852532798703745 -2.5148940481003867475 3.5915658044153813492e-007 
1.6249999999999318323 0.31104032658526936661 -1.5774991309166415121 -2.5148941842949903425 2.63953728518875868e-007 
1.649999999999929079 0.31097131673804861984 -1.5757960408689242193 -2.5148942861504921531 2.0165598553980437077e-007 
1.6749999999999263256 0.31104336111811270449 -1.5758314975875160613 -2.5148943714826308415 1.7024434282928379088e-007 
1.6999999999999235722 0.31100563320057489358 -1.5744738595188580987 -2.5148944371978965151 1.1250629330646383175e-007 
1.7249999999999208189 0.31099340278271891957 -1.5742450592884664751 -2.5148944784336735303 8.7980631586642681355e-008 
1.7499999999999180655 0.31102911676349803693 -1.5749928905696126691 -2.514894520193380778 9.8861230660652216072e-008 
1.7749999999999153122 0.31100930137612853299 -1.5757431825343795051 -2.514894563035402264 7.7655690140095905469e-008 
1.7999999999999125588 0.31100753713861950533 -1.5771470104214495578 -2.5148945875824999518 3.7826400220527647487e-008 
1.8249999999999098055 0.31098341092728981616 -1.5768382949540136195 -2.514894605076369416 4.5042518091173733364e-008 
1.8499999999999070521 0.31097334088714811973 -1.5759169161112542845 -2.5148946246152763528 3.7184704669526595376e-008 
1.8749999999999042988 0.31102629956012889378 -1.576066177549748426 -2.5148946376181293694 2.1034316433355803323e-008 
1.8999999999999015454 0.31103576094558604836 -1.5756675308307026562 -2.5148946467528743298 2.0774193689643078487e-008 
1.9249999999998987921 0.31101576813400605426 -1.575461392366422686 -2.5148946556193494395 2.0494444038116228515e-008 
1.9499999999998960387 0.31099930897369965077 -1.5759342148091448621 -2.5148946649397512232 1.7094593223532594828e-008 
1.9749999999998932854 0.3109777930606874019 -1.5760666067362447684 -2.5148946697185747823 5.7595726737041469382e-009 
1.999999999999890532 0.31099373209565261966 -1.5761104567441728275 -2.5148946724525025331 7.7337325072000868332e-009 
2.0249999999998880007 0.31101057276774157767 -1.5758546527995114239 -2.5148946764180548641 9.3241410264709111123e-009 
2.0499999999998852473 0.31101408838755273401 -1.5754015369044083172 -2.5148946799432092547 5.471222095354183414e-009 
2.074999999999882494 0.31103288500026915475 -1.5755210768299086066 -2.5148946818939528214 3.8902454213791281988e-009 
2.0999999999998797406 0.31102007439201440064 -1.5758766539396003026 -2.5148946836230523516 3.8632469716612741994e-009 
2.1249999999998769873 0.31099165686792284991 -1.576149608553809145 -2.5148946851183335838 2.6317273956662758335e-009 
2.1499999999998742339 0.3109912078881837405 -1.576282630114390404 -2.5148946861336174408 1.9452427202804728685e-009 
2.1749999999998714806 0.31099424169273642837 -1.5761080206942197357 -2.5148946869836787954 1.8253672533847571267e-009 
2.1999999999998687272 0.31100512874517444173 -1.5759300504226847472 -2.5148946877656608301 1.7959908835851483336e-009 
2.2249999999998659739 0.31101782589036536253 -1.5758090030511608948 -2.5148946884682503722 1.0987725617758928244e-009 
2.2499999999998632205 0.3110090892647587868 -1.5756367721883399735 -2.5148946888642154107 7.7646373533336724539e-010 
2.2749999999998604672 0.31100398799236012026 -1.5756737328571133183 -2.514894689170151576 6.0052502932084406234e-010 
2.2999999999998577138 0.31100798954123470841 -1.5758413191029780887 -2.5148946894527113294 7.2641965330281312571e-010 
2.3249999999998549605 0.31100798323608330742 -1.5759231735498189231 -2.5148946897626593966 5.0087902026290427101e-010 
2.3499999999998522071 0.31100945921240696901 -1.5759837819144899562 -2.5148946899094748453 2.4728569014959479937e-010 
2.3749999999998494538 0.31100659828205473589 -1.5759864755497039468 -2.514894690055558879 4.0941630618873479541e-010 
2.3999999999998467004 0.31100110017436216614 -1.5759390690294683424 -2.5148946902067130793 2.1634479061773192731e-010 
2.4249999999998439471 0.31100201463486637499 -1.5759104364804734644 -2.5148946902740130227 1.122454545772159885e-010 
2.4499999999998411937 0.3110048402241421539 -1.5758590209347207445 -2.5148946903383868623 1.8835981513049364758e-010 
2.4749999999998384403 0.31100857953782495846 -1.575845703496568051 -2.514894690422205592 1.5581992462848939251e-010 
2.499999999999835687 0.31101013301316410287 -1.5758732030729007967 -2.5148946904683437964 6.2891971187086963566e-011 
2.5249999999998329336 0.31100679181856599742 -1.5758647760254467229 -2.5148946904995952423 7.6951916615760729007e-011 
2.5499999999998301803 0.31100535024810688212 -1.5758801307927963187 -2.5148946905325462176 6.9568784279822891501e-011 
2.5749999999998274269 0.31100537478965678551 -1.5759015270278244891 -2.5148946905595934709 4.8290597183495476311e-011 
2.5999999999998246736 0.31100533663470586454 -1.5758840698172922323 -2.5148946905763818194 2.8696079580350602846e-011 
2.6249999999998219202 0.31100706147498990983 -1.5758898570877248879 -2.514894690590891102 3.6735146066315544639e-011 
2.6499999999998191669 0.31100684490213353905 -1.5759015379781855515 -2.5148946906060154483 2.8704362246062695781e-011 
2.6749999999998164135 0.31100557202139411661 -1.5758975201220475348 -2.5148946906170381865 2.1120523208892581332e-011 
2.6999999999998136602 0.31100597215275088692 -1.5758994191279338537 -2.514894690623910023 7.7044347538824360555e-012 
2.7249999999998109068 0.31100582211959287848 -1.575886503146080031 -2.5148946906277895863 1.4195188529935784067e-011 
2.7499999999998081535 0.31100609942632634342 -1.5758744217799196541 -2.5148946906350961861 1.4461341956006998702e-011 
2.7749999999998054001 0.31100704650507415838 -1.5758768116294106232 -2.5148946906395241996 5.9025457091684671514e-012 
2.7999999999998026468 0.31100655502654722673 -1.5758801873348391442 -2.5148946906418681024 5.4656955839044279363e-012 
2.8249999999997998934 0.31100600594276328614 -1.5758939177510291607 -2.5148946906447307015 6.7521557791331530942e-012 
2.84999999999979714 0.31100594183488028399 -1.5758998013228984192 -2.5148946906469711315 3.0480642143195879753e-012 
2.8749999999997943867 0.31100578159734337813 -1.5758914581024501267 -2.5148946906481404184 2.8011857550563592678e-012 
2.8999999999997916333 0.31100622018728807383 -1.5758890247108174876 -2.5148946906496680853 3.4854358929440607153e-012 
2.92499999999978888 0.3110066168403445297 -1.5758827958338339492 -2.5148946906509155319 2.1191380266417021571e-012 
2.9499999999997861266 0.31100651944162333029 -1.5758786051661943794 -2.514894690651647835 1.2633168473252453634e-012 
2.9749999999997833733 0.31100634154412643007 -1.5758870149109471814 -2.514894690652205167 1.2918265184957013035e-012 
2.9999999999997806199 0.31100598639657683897 -1.5758918239090953239 -2.5148946906528402145 1.336514390186018659e-012 
3.0249999999997778666 0.31100587404258805968 -1.5758922571183333616 -2.5148946906532576584 6.43527998829455768e-013 
3.0499999999997751132 0.31100611094505131726 -1.575891866201831526 -2.5148946906535414314 6.3761177280226235739e-013 
3.0749999999997723599 0.311006276363894274 -1.5758885463547323003 -2.5148946906538371948 6.4621624812053781101e-013 
3.0999999999997696065 0.31100640709937060757 -1.5758867774867757472 -2.5148946906541040924 5.1525650064512390184e-013 
3.1249999999997668532 0.31100632518107146351 -1.5758844971931758039 -2.5148946906542644086 2.1426505671618971217e-013 
3.1499999999997640998 0.31100614080567701158 -1.5758836563950404663 -2.5148946906543492297 2.1365052365649874568e-013 
3.1749999999997613465 0.31100622407004380188 -1.5758879105419785205 -2.514894690654475351 3.0741989005601667091e-013 
3.1999999999997585931 0.31100626782876383825 -1.5758900279313827753 -2.5148946906545912583 1.9736504212950222605e-013 
3.2249999999997558398 0.31100619204764884396 -1.5758894013468207618 -2.5148946906546525426 9.8579207344525867386e-014 
3.2499999999997530864 0.3110061845071808162 -1.57588950327991828 -2.5148946906547031688 1.1835296030029816e-013 
3.274999999999750333 0.31100615382389057428 -1.5758884709756224574 -2.5148946906547506863 8.7225618525276884095e-014 
3.2999999999997475797 0.31100619565098591712 -1.5758873333351774981 -2.5148946906547817726 6.4109109860103192651e-014 
3.3249999999997448263 0.31100627796264490588 -1.5758870449767963251 -2.5148946906548101943 5.9605328162762104658e-014 
3.349999999999742073 0.31100623439404384563 -1.5758869819270144852 -2.5148946906548363955 5.4881126137726645992e-014 
3.3749999999997393196 0.31100621067967770816 -1.575887881779985733 -2.5148946906548572677 3.6530949145508394301e-014 
3.3999999999997365663 0.31100622778101766341 -1.5758885661824879598 -2.51489469065486837 1.6352963187049145087e-014 
3.4249999999997338129 0.31100620345195789662 -1.5758883339763709586 -2.5148946906548781399 2.677630626133170106e-014 
3.4499999999997310596 0.31100620886215957217 -1.575888033751292383 -2.5148946906548896862 2.1146075946883331844e-014 
3.4749999999997283062 0.3110062266837081979 -1.5758875768234603676 -2.5148946906548967917 1.4277241748240991375e-014 
3.4999999999997255529 0.31100622607392719443 -1.5758876144067253122 -2.5148946906549030089 1.0793778524720163732e-014 
3.5249999999997227995 0.3110062221275946559 -1.5758881722972142292 -2.5148946906549078939 1.0326895241089742615e-014 
3.5499999999997200462 0.31100620494016228967 -1.5758880903628771364 -2.5148946906549114466 6.790605191652323788e-015 
3.5749999999997172928 0.31100620902852715854 -1.5758879516254800102 -2.5148946906549141111 4.5297680313949701545e-015 
3.5999999999997145395 0.31100622350079504264 -1.575888154679914388 -2.5148946906549167757 5.9870016833995370562e-015 
3.6249999999997117861 0.31100621591943522493 -1.5758879641886629486 -2.514894690654918552 4.4524231918962276511e-015 
3.6499999999997090327 0.31100621521574767225 -1.5758877204431265273 -2.5148946906549207725 2.3423638758987422832e-015 
3.6749999999997062794 0.31100621700663566571 -1.5758877892590354985 -2.5148946906549207725 2.2598304004347398725e-015 
3.699999999999703526 0.31100621710148812493 -1.5758879541699717386 -2.5148946906549225488 1.9705363047496823482e-015 
3.7249999999997007727 0.31100622555704948713 -1.5758881137904130476 -2.5148946906549229929 1.6963962600021265693e-015 
3.7499999999996980193 0.31100621971499448071 -1.5758880213178665386 -2.514894690654923437 1.0942573074946476258e-015 
3.774999999999695266 0.31100621287007029769 -1.5758878728772771627 -2.5148946906549229929 9.5591666270481764627e-016 
3.7999999999996925126 0.3110062193349926174 -1.5758879353914769794 -2.5148946906549243252 1.073164199180775347e-015 
3.8249999999996897593 0.31100621722718463369 -1.5758879184728917799 -2.5148946906549256575 3.9845109142878269917e-016 
3.8499999999996870059 0.31100621374501369321 -1.5758878796424029556 -2.5148946906549256575 4.1987429160705158363e-016 
3.8749999999996842526 0.31100621600338268502 -1.5758879548952409166 -2.5148946906549256575 4.3646912550760140469e-016 
3.8999999999996814992 0.31100621567964831238 -1.5758879912089089892 -2.5148946906549247693 4.4722489444489564396e-016 
3.9249999999996787459 0.31100621852782361909 -1.5758880278017477483 -2.5148946906549265456 1.8660325036690105251e-016 
3.9499999999996759925 0.31100621978012826796 -1.5758880058864905838 -2.5148946906549265456 1.8176824042678286077e-016 
3.9749999999996732392 0.31100621637837694289 -1.5758878996396419314 -2.5148946906549261016 1.6639698620487977162e-016 
3.9999999999996704858 0.31100621774121367524 -1.5758878837908598669 -2.5148946906549256575 1.2328557472075296286e-016 
4.0249999999996788347 0.31100621990385468596 -1.575887907697988588 -2.5148946906549265456 1.0853416689894976743e-016 
4.0499999999996871836 0.31100621857609594967 -1.575887921822493265 -2.5148946906549261016 9.7030689600379441631e-017 
4.0749999999996955324 0.3110062163841186833 -1.575887963169483541 -2.5148946906549265456 6.178141566918565887e-017 
4.0999999999997038813 0.31100621431517116999 -1.5758879783806030161 -2.5148946906549269897 3.9124216872788132845e-017 
4.1249999999997122302 0.31100621548879886502 -1.5758879827567535692 -2.5148946906549256575 4.1093846209607385219e-017 
4.1499999999997205791 0.31100621799310634863 -1.5758879662792146803 -2.5148946906549261016 4.4408707828796789512e-017 
4.1749999999997289279 0.31100621844609060984 -1.5758879179482214727 -2.5148946906549256575 2.5092892637047173187e-017 
4.1999999999997372768 0.31100621883480966678 -1.5758879208399743099 -2.5148946906549261016 1.4056993321101539298e-017 
4.2249999999997456257 0.31100621813800677362 -1.5758879491522115313 -2.5148946906549265456 2.2290432897041150769e-017 
4.2499999999997539746 0.31100621645426013151 -1.5758879521956732361 -2.5148946906549261016 1.4601767294305460419e-017 
4.2749999999997623235 0.31100621646779852414 -1.5758879558103791041 -2.5148946906549265456 7.6045489403153869374e-018 
4.2999999999997706723 0.31100621699806285658 -1.5758879514890671292 -2.5148946906549261016 7.9320408977209271453e-018 
4.3249999999997790212 0.3110062176709640358 -1.5758879421518807717 -2.5148946906549265456 9.4245359379243431143e-018 
4.3499999999997873701 0.31100621820396329165 -1.5758879404302921223 -2.5148946906549261016 5.3410648443844677718e-018 
4.374999999999795719 0.31100621720272686455 -1.5758879364127893474 -2.5148946906549265456 3.6171389106880972895e-018 
4.3999999999998040678 0.31100621670342765146 -1.5758879420823492801 -2.5148946906549252134 3.1838111836183781261e-018 
4.4249999999998124167 0.31100621739252604092 -1.575887953601567304 -2.5148946906549265456 3.3949254973620820752e-018 
4.4499999999998207656 0.31100621750991208625 -1.5758879561248280154 -2.5148946906549265456 1.8473194289430853899e-018 
4.4749999999998291145 0.31100621742958334259 -1.5758879547642490326 -2.5148946906549261016 1.9274004924296724341e-018 
4.4999999999998374633 0.31100621738055739263 -1.5758879476841134437 -2.5148946906549265456 1.6210339236242486563e-018 
4.5249999999998458122 0.31100621717153320578 -1.5758879409672350569 -2.5148946906549261016 1.1382571596587416502e-018 
4.5499999999998541611 0.31100621730553174027 -1.5758879427543086571 -2.5148946906549265456 5.1774543463910898313e-019 
4.57499999999986251 0.31100621741490896977 -1.5758879428648262522 -2.5148946906549274338 8.6414008906549349021e-019 
4.5999999999998708589 0.31100621739237016561 -1.5758879422597966702 -2.5148946906549261016 8.0266947192035590463e-019 
4.6249999999998792077 0.31100621748446799497 -1.5758879469926843075 -2.5148946906549265456 2.8564993123890626068e-019 
4.6499999999998875566 0.3110062173898268667 -1.5758879504698883878 -2.5148946906549261016 3.7802513171285072262e-019 
4.6749999999998959055 0.31100621724586241523 -1.5758879501135019119 -2.5148946906549269897 3.5295238053260976808e-019 
4.6999999999999042544 0.31100621721294774424 -1.5758879478777629846 -2.5148946906549265456 1.8285539422205776416e-019 
4.7249999999999126032 0.31100621723524746187 -1.5758879457271790514 -2.5148946906549261016 1.656001673272980322e-019 
4.7499999999999209521 0.31100621741173989365 -1.5758879459555426017 -2.5148946906549261016 1.9161055471614206123e-019 
4.774999999999929301 0.31100621748070689243 -1.5758879461491019924 -2.5148946906549256575 1.3463991107393170174e-019 
4.7999999999999376499 0.31100621736820915908 -1.5758879457282286563 -2.5148946906549261016 6.7987465279657248976e-020 
4.8249999999999459988 0.31100621732782512963 -1.5758879466352764265 -2.5148946906549269897 6.8792363160853606774e-020 
4.8499999999999543476 0.31100621729951533068 -1.5758879467353783532 -2.5148946906549252134 7.1590361836259222518e-020 
4.8749999999999626965 0.31100621730878419413 -1.5758879459889998387 -2.5148946906549261016 5.1197941962663868431e-020 
4.8999999999999710454 0.31100621738874983935 -1.5758879462783381697 -2.5148946906549269897 3.4509947435643470994e-020 
4.9249999999999793943 0.31100621737565903313 -1.5758879465769290995 -2.5148946906549269897 2.9524670765544261106e-020 
4.9499999999999877431 0.31100621733696431903 -1.5758879469212130342 -2.5148946906549256575 3.1792743059912110359e-020 
4.974999999999996092 0.31100621733050759499 -1.5758879473628020218 -2.5148946906549261016 1.5522532212069061996e-020 
