0.025000000000000015266 0.59158165045116417602 0.00045722988934781064185 -2.2507767765104191859 0.037323017956708615106 
0.05000000000000003747 0.57019440299925727711 0.015953899699375273524 -2.262398815246780881 0.049395266129538928368 
0.075000000000000052736 0.44435758315602558177 -0.0016965083800137281678 -2.2910962580980851477 0.076912430596792605297 
0.10000000000000007494 0.41660470532705207169 -0.048996498623562478869 -2.3396558352694589722 0.092350190733234457929 
0.12500000000000008327 0.26828691150124550635 -0.40516086360297831614 -2.3717389334326512973 0.044891653339606353568 
0.15000000000000010547 0.24814259689396903075 -1.6717015169480766712 -2.3882391886736842324 0.031535550791249304659 
0.17500000000000012768 0.30912215241834151147 -2.0610520660683731009 -2.4043546061864220498 0.036002783828594051019 
0.20000000000000014988 0.27738377213270037913 -1.2987082297946650478 -2.4196652768270716649 0.022469937325555473795 
0.22500000000000017208 0.27752667384837853559 -1.4675024692612992361 -2.4291913102122570933 0.021599085370139135126 
0.25000000000000016653 0.30383615293612631358 -1.1135173520175283279 -2.4414739445948385743 0.026737050435714448948 
0.27500000000000018874 0.30974880622523698337 -0.46554533833767608453 -2.451531660040365157 0.015718097068347626488 
0.30000000000000021094 0.32996627933046351888 -0.63674950440859279244 -2.4592621676353347837 0.017446243033786799914 
0.32500000000000023315 0.338998835406431831 -0.77627896642395644022 -2.4689421991853848226 0.020501159428543514612 
0.35000000000000025535 0.34866963175504200878 -1.2844805808382169232 -2.4769519726915523172 0.012914563728129059214 
0.37500000000000027756 0.33517055251741040278 -1.8019326974300748923 -2.4822190031990318815 0.010685420691213965566 
0.40000000000000029976 0.28865744561626882625 -1.5407203153693336262 -2.4884329603157993027 0.014034755178805889686 
0.42500000000000032196 0.28094941121884708934 -1.5011221784513040234 -2.4950692624195589531 0.012781349065690363748 
0.45000000000000034417 0.29116157685101268227 -1.5967067307091098449 -2.5001456872060550118 0.0083095219476428897748 
0.47500000000000036637 0.30379922478617943371 -1.5826673541844011872 -2.5032168931417206892 0.004989382033544660644 
0.50000000000000033307 0.32359320984043471459 -1.7711694698586768482 -2.5056073545768713373 0.0046566267256071044306 
0.52500000000000035527 0.31327810069354838918 -1.7941976399891994554 -2.5077055744282055194 0.0041395639833027688195 
0.55000000000000037748 0.29933916543024907675 -1.7677370970563932584 -2.5092333824843890966 0.002130003687632504427 
0.57500000000000039968 0.30460004937260298785 -1.6591698259044718178 -2.510126593371278414 0.0019917347533585680157 
0.60000000000000042188 0.30853246590763921953 -1.3470927896204916152 -2.5112868791376272704 0.0024333449458442727407 
0.62500000000000044409 0.32010321607453728898 -1.330896961605714468 -2.5122149881536017801 0.0014311760637206849111 
0.65000000000000046629 0.32428843878123064792 -1.444004348033750551 -2.5126980879189506624 0.0007201185006680591548 
0.6750000000000004885 0.30877271962932578697 -1.5154044932206793828 -2.5131215963553996673 0.0010618312315664091196 
0.7000000000000005107 0.30058842457918738544 -1.7421935325484467771 -2.5135991883713328932 0.00076160702711263340153 
0.72500000000000053291 0.30211596179334043732 -1.8393596127408278207 -2.5138387224282281451 0.00033257933944561132375 
0.75000000000000055511 0.30556458867457164663 -1.7265587794067716043 -2.514004037088717336 0.00041605976266418482571 
0.77500000000000057732 0.31385111398816939454 -1.5867581014202511991 -2.5142413735880850822 0.00047064218330470134442 
0.80000000000000059952 0.31711317738248911979 -1.4606714547762265077 -2.5144075477533962548 0.00023747793811176173763 
0.82500000000000062172 0.31477812069464050637 -1.4601729260221605333 -2.5144910476917110564 0.000130445206312685525 
0.85000000000000064393 0.31224511258149983961 -1.5257723360225949882 -2.514559277775591184 0.00016504826401365790974 
0.87500000000000066613 0.30854212606326825163 -1.550820379932023485 -2.5146431003252982528 0.00016111638484267909368 
0.90000000000000068834 0.30838104552267708858 -1.6038244428999450797 -2.5147060146964133054 9.6474658235060206245e-005 
0.92500000000000071054 0.3108593142080219307 -1.635688445300807814 -2.5147380425477283694 5.500016580141758025e-005 
0.95000000000000073275 0.31157747113021888596 -1.5989034648358915192 -2.5147718313613633967 7.7805784493418608827e-005 
0.97500000000000075495 0.31154539400885006284 -1.5763564997237964338 -2.5148038047203020717 4.7526975668944587662e-005 
1.0000000000000006661 0.310265597025442319 -1.5708748573942390436 -2.5148184697604754056 2.2967093549393057255e-005 
1.0249999999999979128 0.30988388269669098207 -1.5632150977917975698 -2.5148327492233311098 3.6626221015735733447e-005 
1.0499999999999951594 0.31149347122571363622 -1.572690555309867122 -2.51484982990017647 2.9098053055352179978e-005 
1.0749999999999924061 0.3116517094773726404 -1.5824452920791025612 -2.5148604467024235909 1.5158099850971030803e-005 
1.0999999999999896527 0.31129587684774795431 -1.5830289296549051592 -2.514865532118815139 1.0171176093620279383e-005 
1.1249999999999868994 0.3113589636286906992 -1.5764869913816113023 -2.5148716997742814883 1.3348286459627111712e-005 
1.149999999999984146 0.31064303922237129774 -1.56689748139904661 -2.514877384405360683 9.673487581175985872e-006 
1.1749999999999813927 0.31063691816502542187 -1.5681979921330384542 -2.5148810586649266163 6.0975614726701731766e-006 
1.1999999999999786393 0.31112517141010731514 -1.5694474357404410991 -2.5148836635210858326 5.1693894160019131774e-006 
1.224999999999975886 0.31105820387879473676 -1.5715142074407362216 -2.5148861715223747026 5.0072500850944827051e-006 
1.2499999999999731326 0.31114581906205518447 -1.586008490663636028 -2.5148883282727494404 3.3299728421077475063e-006 
1.2749999999999703792 0.3109352755767466614 -1.5887381838599639039 -2.5148893570190247182 1.7568246944095650587e-006 
1.2999999999999676259 0.31060110301187182635 -1.5778111092862650011 -2.5148903856494899678 2.398423728005500079e-006 
1.3249999999999648725 0.3109537664484541275 -1.5747158490693498045 -2.5148915402177771661 2.057274686055636568e-006 
1.3499999999999621192 0.31125457656760907588 -1.5728134355526131039 -2.5148922026312274802 8.19692684941073614e-007 
1.3749999999999593658 0.31120339160472887396 -1.5707935263728289854 -2.5148926227097474495 1.1659401259485480462e-006 
1.3999999999999566125 0.31106503944689845031 -1.5738582955703903643 -2.5148931962088747483 9.2271982830053142363e-007 
1.4249999999999538591 0.31088962017961807582 -1.5758664708631964224 -2.5148934842857184613 3.530935641008639473e-007 
1.4499999999999511058 0.31093471846299552963 -1.5778245962169830108 -2.5148936512495101425 4.658536650337879452e-007 
1.4749999999999483524 0.31102558361804322207 -1.5779819033576760745 -2.5148939200234736724 5.5968979862074043187e-007 
1.4999999999999455991 0.31099358894639222983 -1.5747427956845734265 -2.5148941395422887979 3.0968624261277983367e-007 
1.5249999999999428457 0.31101002267906152632 -1.5747156122825343161 -2.5148942341300819514 1.3526006998503938381e-007 
1.5499999999999400924 0.31099440436602560078 -1.5759921999634194378 -2.5148943065267390651 1.7642893413419338827e-007 
1.574999999999937339 0.31099446816413056638 -1.5763379688942411594 -2.5148943919361128607 1.6915890377118472526e-007 
1.5999999999999345857 0.31104153688658864318 -1.5773982345841930375 -2.5148944691459411693 1.3393972499107335995e-007 
1.6249999999999318323 0.31099300274354102491 -1.5766868587639175647 -2.5148945171404530896 7.5282066454717183623e-008 
1.649999999999929079 0.31098951435418997757 -1.5755394883852185117 -2.5148945490151204396 6.5688380525024863325e-008 
1.6749999999999263256 0.31103776292228996203 -1.5755760266784610835 -2.5148945820586572353 6.2932948369249264815e-008 
1.6999999999999235722 0.31100352893145788435 -1.5750192608511164316 -2.5148946059357286664 3.5050352037021764571e-008 
1.7249999999999208189 0.31099808778226750716 -1.5748708664626045461 -2.5148946196724502045 2.927833099839526182e-008 
1.7499999999999180655 0.31101749476158224716 -1.5755463917565983856 -2.5148946366072464365 3.8582067536831614042e-008 
1.7749999999999153122 0.31099815458676577373 -1.576290518410897068 -2.5148946517675287993 1.9060191954205264558e-008 
1.7999999999999125588 0.31100130114836460615 -1.5767902290145103805 -2.5148946575596915487 1.0981150348698011076e-008 
1.8249999999999098055 0.31100127175695263526 -1.5762636266099123716 -2.5148946641993874529 1.5210725772901002267e-008 
1.8499999999999070521 0.31099790506136493207 -1.5757985387768709273 -2.5148946707609143303 1.1073934151063956218e-008 
1.8749999999999042988 0.31102159566369108612 -1.5759434525756734757 -2.5148946747401419444 5.9492241642414126171e-009 
1.8999999999999015454 0.31102008726099822367 -1.5756586010070452453 -2.514894677713392479 6.9293808292264915054e-009 
1.9249999999998987921 0.31100200844242681386 -1.5756017840431919552 -2.5148946811018615399 6.5634202158874153795e-009 
1.9499999999998960387 0.31099729402506853804 -1.5760059521226432722 -2.514894683398809061 2.7972863709655473794e-009 
1.9749999999998932854 0.31099434658988051039 -1.5760353041816117514 -2.5148946844708111037 2.1380279629938366281e-009 
1.999999999999890532 0.31100274865143379133 -1.5759118492794756961 -2.5148946856279179585 2.7635443559231486752e-009 
2.0249999999998880007 0.31101231330414769172 -1.5757924842867467863 -2.5148946869747357269 2.481324051116452205e-009 
2.0499999999998852473 0.31101442939138307375 -1.575654977636405718 -2.5148946878545341832 1.2247475024716975238e-009 
2.074999999999882494 0.31101782129899857576 -1.5757757013329385387 -2.5148946883623546356 9.6355551313168200288e-010 
2.0999999999998797406 0.31100823630708457346 -1.5759772532043609949 -2.5148946888127881039 9.7264422309125774729e-010 
2.1249999999998769873 0.31099577636995190399 -1.5760638356021920981 -2.5148946892561983013 7.5680823793951161556e-010 
2.1499999999998742339 0.31099794604915831364 -1.5760662798851035049 -2.5148946895305597238 4.3207621253880821581e-010 
2.1749999999998714806 0.31100303523580558052 -1.5759620178678444002 -2.5148946897535955358 5.1580028053158981648e-010 
2.1999999999998687272 0.31100898174283403419 -1.5758544225493991142 -2.5148946899892039575 4.2235947752786365786e-010 
2.2249999999998659739 0.31101152850941565786 -1.575788970378143361 -2.5148946901384880981 2.0935119238246168655e-010 
2.2499999999998632205 0.31100602293887535943 -1.575745511415465705 -2.5148946902236546386 1.467792826745665603e-010 
2.2749999999998604672 0.31100565471649332938 -1.5758064574341914543 -2.5148946903034974376 2.1204697851864101067e-010 
2.2999999999998577138 0.31100826584794305507 -1.5759092974588551073 -2.5148946904019187087 1.6144044470722961204e-010 
2.3249999999998549605 0.31100674839483410938 -1.5759435897842850594 -2.5148946904561797488 7.1343663197907172453e-011 
2.3499999999998522071 0.31100645915434999011 -1.5759438057569234992 -2.5148946904883469067 7.6511537751878669403e-011 
2.3749999999998494538 0.31100540840065704629 -1.5759295223419238496 -2.5148946905299931487 8.5328688439359124272e-011 
2.3999999999998467004 0.31100356781097676651 -1.5759046635767615108 -2.5148946905590818801 3.5519880571479800661e-011 
2.4249999999998439471 0.31100507083422235244 -1.5758811466008217916 -2.5148946905735849455 3.0818909067279549602e-011 
2.4499999999998411937 0.31100672091078590542 -1.5758552874917703956 -2.5148946905922207051 4.3840942056024530849e-011 
2.4749999999998384403 0.31100746432214076975 -1.5758620477667961701 -2.5148946906091773634 2.389150364754098734e-011 
2.499999999999835687 0.31100766145041824906 -1.5758874352232590255 -2.5148946906173383908 1.317815288518473802e-011 
2.5249999999998329336 0.31100630123221684187 -1.5758874947518037857 -2.5148946906243945243 1.5982795169445341384e-011 
2.5499999999998301803 0.3110055116851029311 -1.5758898237955945021 -2.51489469063203952 1.4344852548982876897e-011 
2.5749999999998274269 0.31100569137064137948 -1.5758950133062183951 -2.5148946906368316867 6.6235678138010748972e-012 
2.5999999999998246736 0.31100602774098690118 -1.5758871483372016709 -2.514894690640098851 6.8479979720839156542e-012 
2.6249999999998219202 0.31100668998736386017 -1.5758899668171599817 -2.5148946906434845872 7.1814806147456775877e-012 
2.6499999999998191669 0.31100650713682542747 -1.5758932011287218877 -2.5148946906464524353 4.9112236824084923514e-012 
2.6749999999998164135 0.31100593818498378784 -1.5758883938199579333 -2.5148946906482594343 2.4565005138435022442e-012 
2.6999999999998136602 0.31100602625753331898 -1.5758901649747825147 -2.514894690649118747 1.795537631139707791e-012 
2.7249999999998109068 0.31100606354586440849 -1.5758878073649571494 -2.5148946906504376919 3.3675732502452633088e-012 
2.7499999999998081535 0.31100624624961653586 -1.5758820583854431518 -2.5148946906517779531 1.9428306337245672201e-012 
2.7749999999998054001 0.31100653012596074509 -1.5758834321436596682 -2.5148946906523508282 6.108973242358283184e-013 
2.7999999999998026468 0.3110063130111642149 -1.575887223844581797 -2.5148946906527309686 1.1620345668246465093e-012 
2.8249999999997998934 0.31100615279239940403 -1.5758916409361809485 -2.5148946906533335977 1.0770225478721904068e-012 
2.84999999999979714 0.31100610721661997582 -1.5758920096342039496 -2.5148946906536666646 4.1509723948834200013e-013 
2.8749999999997943867 0.31100602041935848652 -1.5758882913493814648 -2.514894690653873166 4.928150534410800163e-013 
2.8999999999997916333 0.31100626591991831216 -1.5758870481635569583 -2.5148946906541409518 5.4101146531247251653e-013 
2.92499999999978888 0.31100645144390742791 -1.5758856151466036355 -2.5148946906543332425 2.6767505498018602477e-013 
2.9499999999997861266 0.31100630471949836098 -1.5758855161102616194 -2.5148946906544309421 1.7245080141534416566e-013 
2.9749999999997833733 0.31100616370664169175 -1.575888614014899769 -2.5148946906545344149 2.4855558188087746285e-013 
2.9999999999997806199 0.31100607817472802896 -1.5758895922149802615 -2.5148946906546325586 1.4002979536974930759e-013 
3.0249999999997778666 0.31100610592144450894 -1.5758894665942748681 -2.5148946906546867375 1.072235346292040069e-013 
3.0499999999997751132 0.31100624169750523684 -1.5758892160441104746 -2.5148946906547351432 9.3552237418403907863e-014 
3.0749999999997723599 0.31100628989264778035 -1.575887492239190335 -2.5148946906547822167 8.9622884646949951885e-014 
3.0999999999997696065 0.31100627741177461205 -1.5758866588445497037 -2.5148946906548177438 5.6866981994519640297e-014 
3.1249999999997668532 0.31100623820603201519 -1.5758866481924003189 -2.5148946906548359514 2.5310986573337429638e-014 
3.1499999999997640998 0.31100618753010844664 -1.5758871161376077907 -2.5148946906548510505 3.7448697013325055259e-014 
3.1749999999997613465 0.3110062017617959973 -1.575888500795447289 -2.5148946906548714786 4.1086604286233860414e-014 
3.1999999999997585931 0.31100621699177094515 -1.5758888143395561876 -2.5148946906548861335 1.9564567328027210738e-014 
3.2249999999997558398 0.31100621041846088222 -1.5758884339115311057 -2.5148946906548914626 1.1119034739162648885e-014 
3.2499999999997530864 0.31100621701853942147 -1.5758884299630340209 -2.5148946906548990121 1.5342332160887235578e-014 
3.274999999999750333 0.31100620827981562133 -1.5758878609240980495 -2.5148946906549052294 1.1203760662537641216e-014 
3.2999999999997475797 0.31100621420720803156 -1.5758873764541863061 -2.5148946906549096703 6.8192895778569493999e-015 
3.3249999999997448263 0.31100623133535532094 -1.5758876175890619287 -2.5148946906549123348 7.8552316302869175358e-015 
3.349999999999742073 0.31100622024310303759 -1.5758878593971346049 -2.5148946906549172198 6.1174443705024249842e-015 
3.3749999999997393196 0.31100621795058019936 -1.5758880452692742846 -2.5148946906549189961 2.5912555821230647383e-015 
3.3999999999997365663 0.31100621988943449869 -1.5758881744621997534 -2.5148946906549198843 2.6490202923618386519e-015 
3.4249999999997338129 0.31100620893304165016 -1.5758880845272222881 -2.5148946906549207725 3.0449855808867133919e-015 
3.4499999999997310596 0.31100621448798126956 -1.5758879301403354578 -2.5148946906549221048 2.3825788274697412364e-015 
3.4749999999997283062 0.31100622221179463622 -1.5758877971224576342 -2.514894690654923437 1.1856876959113664339e-015 
3.4999999999997255529 0.31100621945947914959 -1.5758878383085987984 -2.5148946906549229929 1.1249888789965687008e-015 
3.5249999999997227995 0.31100621982609122362 -1.5758879874202424975 -2.5148946906549243252 1.0576225499804667693e-015 
3.5499999999997200462 0.31100621670007444486 -1.5758879976214741347 -2.5148946906549247693 6.4971588310330729765e-016 
3.5749999999997172928 0.31100621371552888972 -1.5758880042982337244 -2.5148946906549256575 5.298779399367096106e-016 
3.5999999999997145395 0.31100621543658241164 -1.5758880150907805806 -2.5148946906549252134 5.8292648759390593245e-016 
3.6249999999997117861 0.3110062155807987172 -1.5758879032596539993 -2.5148946906549247693 3.6886000085964573185e-016 
3.6499999999997090327 0.31100621801716182846 -1.5758878674396754604 -2.5148946906549265456 1.9776856929936600653e-016 
3.6749999999997062794 0.31100622013722833969 -1.5758879320868970364 -2.5148946906549265456 2.2776819073096451195e-016 
3.699999999999703526 0.3110062187495893915 -1.5758879552276545688 -2.5148946906549256575 2.0230114157487936762e-016 
3.7249999999997007727 0.31100621799695804537 -1.5758879738367164158 -2.5148946906549265456 1.2752444931654581318e-016 
3.7499999999996980193 0.31100621650506621307 -1.5758879697164869249 -2.5148946906549265456 9.3384712721277113766e-017 
3.774999999999695266 0.31100621637816511234 -1.5758879426483882735 -2.5148946906549265456 1.0171048224096708609e-016 
3.7999999999996925126 0.31100621809392231532 -1.5758879415656119605 -2.5148946906549265456 7.3749573340392177281e-017 
3.8249999999996897593 0.31100621707498538049 -1.5758879239302170383 -2.5148946906549261016 3.1404680743969583927e-017 
3.8499999999996870059 0.31100621646048953739 -1.5758879236783438493 -2.5148946906549265456 3.4675509423442011437e-017 
3.8749999999996842526 0.3110062172868543473 -1.5758879605507403188 -2.5148946906549274338 4.8400574545179375701e-017 
3.8999999999996814992 0.31100621697835340029 -1.5758879682557900281 -2.5148946906549261016 2.7658265619126252852e-017 
3.9249999999996787459 0.31100621746376361232 -1.5758879647529302481 -2.5148946906549261016 1.0885363773035873425e-017 
3.9499999999996759925 0.31100621789073962242 -1.5758879571306800838 -2.5148946906549265456 1.4927803055340378324e-017 
3.9749999999996732392 0.31100621737306360926 -1.5758879311652256305 -2.5148946906549265456 1.5614226042971528519e-017 
3.9999999999996704858 0.31100621781207504757 -1.5758879270217012181 -2.5148946906549269897 7.5896797444552469348e-018 
4.0249999999996788347 0.31100621789179339061 -1.5758879377304224612 -2.5148946906549261016 8.4910534660361158439e-018 
4.0499999999996871836 0.31100621714174153665 -1.5758879429079977186 -2.5148946906549261016 6.7464494408715836263e-018 
4.0749999999996955324 0.31100621687728413622 -1.5758879522883431079 -2.5148946906549265456 3.4781986158867034645e-018 
4.0999999999997038813 0.31100621676715128894 -1.5758879574703743565 -2.5148946906549269897 3.1142734798908796328e-018 
4.1249999999997122302 0.31100621705800529648 -1.5758879556815847955 -2.5148946906549261016 3.4105473252470810601e-018 
4.1499999999997205791 0.31100621763861968638 -1.5758879474878813021 -2.5148946906549256575 2.7273848315754552026e-018 
4.1749999999997289279 0.31100621768567704439 -1.5758879382236221645 -2.5148946906549261016 1.2594314585949556391e-018 
4.1999999999997372768 0.31100621757886609542 -1.5758879425509570993 -2.5148946906549269897 1.25902191242595808e-018 
4.2249999999997456257 0.31100621740588441089 -1.5758879481542931167 -2.5148946906549265456 1.3736398429755220402e-018 
4.2499999999997539746 0.31100621714715365185 -1.5758879469120592454 -2.5148946906549261016 8.6234524686048573316e-019 
4.2749999999997623235 0.31100621720458060393 -1.5758879486727384034 -2.5148946906549269897 4.3330254570759329975e-019 
4.2999999999997706723 0.31100621733280536807 -1.575887948169427677 -2.5148946906549265456 5.6343946616314113034e-019 
4.3249999999997790212 0.31100621741759970629 -1.5758879445340294723 -2.5148946906549261016 5.9788458962802879534e-019 
4.3499999999997873701 0.31100621745035045285 -1.5758879441773157026 -2.5148946906549261016 2.3794486189097116407e-019 
4.374999999999795719 0.31100621727461308375 -1.5758879448436151627 -2.5148946906549265456 1.8145868929288511599e-019 
4.3999999999998040678 0.31100621725557325847 -1.5758879466713984208 -2.5148946906549256575 2.6200962749414755482e-019 
4.4249999999998124167 0.31100621739541128852 -1.5758879489146147002 -2.5148946906549265456 1.518466138488095013e-019 
4.4499999999998207656 0.31100621736385786198 -1.5758879488392945056 -2.5148946906549278779 1.0442539412786305228e-019 
4.4749999999998291145 0.31100621733979427752 -1.5758879479777601063 -2.5148946906549261016 1.0687992935684853294e-019 
4.4999999999998374633 0.31100621735434685888 -1.5758879464194555098 -2.5148946906549247693 9.5259964316624347019e-020 
4.5249999999998458122 0.31100621731995981012 -1.5758879449232283676 -2.5148946906549261016 4.0412163131553674281e-020 
4.5499999999998541611 0.31100621734803252094 -1.5758879452222416262 -2.5148946906549265456 3.5121945067204549683e-020 
4.57499999999986251 0.31100621736365346992 -1.575887945677949542 -2.5148946906549261016 5.2466898080324679661e-020 
4.5999999999998708589 0.31100621734913780347 -1.5758879460819716911 -2.5148946906549261016 3.174118378758175419e-020 
4.6249999999998792077 0.31100621737155770274 -1.5758879472370193042 -2.5148946906549269897 1.5994059639857760231e-020 
4.6499999999998875566 0.3110062173471960234 -1.5758879477234504218 -2.5148946906549269897 1.7499880797493863939e-020 
4.6749999999998959055 0.31100621730745425797 -1.5758879471925717475 -2.5148946906549261016 1.7521835548292325242e-020 
4.6999999999999042544 0.31100621731964395167 -1.575887946578300447 -2.5148946906549265456 7.9146330495745486396e-021 
4.7249999999999126032 0.31100621734313121936 -1.5758879463060275761 -2.5148946906549256575 8.4981784485103677379e-021 
4.7499999999999209521 0.31100621736814065832 -1.5758879463786978903 -2.5148946906549261016 8.8932912600130412749e-021 
4.774999999999929301 0.31100621737030753611 -1.5758879463923993747 -2.5148946906549265456 5.2511559590398495456e-021 
4.7999999999999376499 0.31100621734483213654 -1.5758879464325779018 -2.5148946906549261016 2.8194618582570909022e-021 
4.8249999999999459988 0.31100621733507693989 -1.5758879466825370663 -2.5148946906549269897 3.3713893807629641906e-021 
4.8499999999999543476 0.31100621733458261309 -1.5758879466498738608 -2.5148946906549265456 3.0900933770815688091e-021 
4.8749999999999626965 0.31100621734108208072 -1.5758879464673880566 -2.5148946906549256575 2.1692391344095151045e-021 
4.8999999999999710454 0.31100621735502537168 -1.5758879465268686992 -2.5148946906549256575 1.0974523568572517353e-021 
4.9249999999999793943 0.31100621735115679956 -1.5758879465821560295 -2.5148946906549265456 1.4855151574993158517e-021 
4.9499999999999877431 0.31100621734320971212 -1.5758879466465232078 -2.5148946906549256575 1.2220731855657331072e-021 
4.974999999999996092 0.31100621734188754752 -1.575887946730553768 -2.5148946906549269897 4.1317606226813095591e-022 
