0.025000000000000015266 0.59146139016048260295 0.00045643188239298526643 -2.2509117400500082695 0.037243027346713933334 
0.05000000000000003747 0.57015583300026606572 0.01592348419576135321 -2.2626026638517875433 0.049181015162918860495 
0.075000000000000052736 0.44468685059539431181 -0.0015611119417638930074 -2.2914241497275456005 0.076514909475110137738 
0.10000000000000007494 0.41715370938833179482 -0.048834835834594580994 -2.3402016283868429802 0.091976469061178262043 
0.12500000000000008327 0.26921717616202683887 -0.40472640625840450301 -2.3724506297165679491 0.04464822750873215923 
0.15000000000000010547 0.24875633219644502359 -1.6635708042829633335 -2.3889620465379604042 0.031173191939568072051 
0.17500000000000012768 0.30936282985048735306 -2.0497238613231663074 -2.4050659588747449469 0.035692784320422804578 
0.20000000000000014988 0.27831774634874317798 -1.2938676581592227777 -2.4204082090290057749 0.022386979737749418407 
0.22500000000000017208 0.27879513379979825594 -1.4587033852542865553 -2.4299747644086133747 0.021392137882949333744 
0.25000000000000016653 0.30488763176858652004 -1.1099239129597500142 -2.4422314684988419842 0.026440773353055911643 
0.27500000000000018874 0.31058236281916301591 -0.47358810273905227461 -2.4523095925105278248 0.015718952151726597877 
0.30000000000000021094 0.33054140526654529619 -0.64161940282299800842 -2.4601285429769954582 0.017403013643375229991 
0.32500000000000023315 0.33916101765591405437 -0.7816342697265818984 -2.4697394135986092678 0.019974036314347309168 
0.35000000000000025535 0.34755435565089726202 -1.2872097263331212513 -2.4776056217908348778 0.012616253220124096918 
0.37500000000000027756 0.3338350549728724137 -1.8025550799514791223 -2.4828772571989730089 0.010708095984338581938 
0.40000000000000029976 0.28827276458289513572 -1.5442658267190898513 -2.4891372072948381167 0.013965414050035080892 
0.42500000000000032196 0.28074988309730197766 -1.5065848530875396438 -2.4957496533487453227 0.012492064248414879585 
0.45000000000000034417 0.29151475718448499608 -1.6136589049099212545 -2.5006877909520395242 0.0078440556739617327275 
0.47500000000000036637 0.30476384540651374477 -1.5979598758624402599 -2.5036033627211948804 0.0047614043354797944488 
0.50000000000000033307 0.32355803975516950199 -1.7706617612935307005 -2.5059438635136928042 0.0045489114598630288333 
0.52500000000000035527 0.31280297597678580201 -1.7847104910685729351 -2.5079896266208181466 0.0039408948447615128191 
0.55000000000000037748 0.29962405354195820184 -1.7513062400423793363 -2.5094493675404963007 0.0020183706006161755177 
0.57500000000000039968 0.30530808478680648843 -1.642126371742427926 -2.5103259298532671906 0.0019717766726309849355 
0.60000000000000042188 0.30915228495778962481 -1.3465782074622540954 -2.5114625667372862949 0.0023182726946668319977 
0.62500000000000044409 0.31983360038736025066 -1.339385687666329483 -2.5123474194576687069 0.0013396971983990163362 
0.65000000000000046629 0.32340126745456171387 -1.4517498633478544967 -2.5128011414766131537 0.00067680314657992725075 
0.6750000000000004885 0.30838944267833429125 -1.5266584701186705075 -2.5132127030697990477 0.0010259932373724734572 
0.7000000000000005107 0.30086021116700240041 -1.7486805271671670425 -2.5136711085780922836 0.00070983423771683938457 
0.72500000000000053291 0.30254087907598786744 -1.8325401968396644037 -2.5138943989026891757 0.00031002209370428577976 
0.75000000000000055511 0.30588519942232211823 -1.7124600186510643418 -2.5140556567123431009 0.00040628122757828475774 
0.77500000000000057732 0.31401546318859879792 -1.5785764103314832152 -2.5142834593363385665 0.00043745430631669573931 
0.80000000000000059952 0.31712591811443741063 -1.4632800035817605799 -2.5144381782392124514 0.00021784377398985932677 
0.82500000000000062172 0.31457848765303875194 -1.464123022602977553 -2.5145150062869667806 0.00012075651426096622955 
0.85000000000000064393 0.31197395457242638184 -1.5276656714461809283 -2.5145813568699919571 0.00015963394200441466592 
0.87500000000000066613 0.30848680586687887706 -1.5547360671286569733 -2.5146611067879369728 0.00014949304602811415432 
0.90000000000000068834 0.30848575715628456795 -1.6062847795892967184 -2.5147195296041195967 8.7376669373065302408e-005 
0.92500000000000071054 0.31097871828030582142 -1.633725882126152662 -2.5147491420040313237 5.2258486710444055951e-005 
0.95000000000000073275 0.31161331752030829723 -1.5961278139522794284 -2.5147812787453664995 7.2002557685801096268e-005 
0.97500000000000075495 0.31146985120120995738 -1.5754386265907851516 -2.5148106983986711072 4.2762610932751173986e-005 
1.0000000000000006661 0.31027980220817130697 -1.5712216323659156103 -2.5148242124867361547 2.1995773996439794404e-005 
1.0249999999999979128 0.30996207901244854366 -1.5635582842454693875 -2.5148379274920160675 3.3903691423652778888e-005 
1.0499999999999951594 0.31146935778383683102 -1.572843891100969671 -2.5148536777682299892 2.6636383407525692467e-005 
1.0749999999999924061 0.31162279672169451716 -1.5826453482833393593 -2.5148633915677627293 1.3298355590115302854e-005 
1.0999999999999896527 0.31129992073521728368 -1.5826287411999668819 -2.5148679434422138712 9.5310999797028858637e-006 
1.1249999999999868994 0.31133984064578351658 -1.5759776598345189846 -2.5148737714860427417 1.2267181167284747938e-005 
1.149999999999984146 0.31064498251735200851 -1.5671424925419270568 -2.5148789936392201838 8.7845222531395661104e-006 
1.1749999999999813927 0.31065326588561392729 -1.5683427190136924878 -2.514882332189717129 5.4469912167329410075e-006 
1.1999999999999786393 0.31113218545880683141 -1.5697352538448039461 -2.5148847081283842719 4.7133596525645688626e-006 
1.224999999999975886 0.31106045494609924074 -1.5724330501994001619 -2.5148870167520418484 4.5546775968037913132e-006 
1.2499999999999731326 0.31112363126596492835 -1.5860397285902592124 -2.5148889624696595391 2.9119031618362912463e-006 
1.2749999999999703792 0.31092294110600765533 -1.5878532920389130112 -2.5148898820300860102 1.6148121115140123884e-006 
1.2999999999999676259 0.31062564513650453568 -1.5774130832812320868 -2.5148908339008793078 2.1802947507423146041e-006 
1.3249999999999648725 0.31097269155088180792 -1.5747557841932091627 -2.5148918823562471658 1.8181196789795025746e-006 
1.3499999999999621192 0.31124888363141067771 -1.5728650559368606565 -2.5148924644246490878 7.2678739001912607699e-007 
1.3749999999999593658 0.31118790861130590786 -1.5708388719582448978 -2.5148928547190330107 1.0577297633369210361e-006 
1.3999999999999566125 0.31106106054160015395 -1.573985630214755238 -2.5148933632801111493 7.9274869488087337137e-007 
1.4249999999999538591 0.31089984769568512757 -1.5760843162304740694 -2.5148936160378210225 3.1872920104162177895e-007 
1.4499999999999511058 0.31093528190253771903 -1.577782991634165688 -2.5148937708490439746 4.2428624621358156521e-007 
1.4749999999999483524 0.31101831173603128322 -1.577812075308266504 -2.5148940142509430551 4.9579399490488614843e-007 
1.4999999999999455991 0.31099175406586249126 -1.5748164373235156166 -2.5148942072202529197 2.619143572526170117e-007 
1.5249999999999428457 0.31101073871124346182 -1.5748134618863645073 -2.5148942873412600818 1.1864330434510097246e-007 
1.5499999999999400924 0.31100027243091582507 -1.5759994578641292051 -2.5148943532933727418 1.5759095841217558055e-007 
1.574999999999937339 0.31099829186910626921 -1.5763056272062767604 -2.5148944296879625071 1.5008280718246727766e-007 
1.5999999999999345857 0.31103657108393795161 -1.5772847962273628397 -2.5148944981610563687 1.1567189021063217576e-007 
1.6249999999999318323 0.3109921148936011237 -1.5766201751797628283 -2.5148945395697666072 6.4376598276462930378e-008 
1.649999999999929079 0.31099187021368757122 -1.5755391994099325892 -2.5148945674201592659 5.745117123831458019e-008 
1.6749999999999263256 0.31103623997034529625 -1.5755830258748226846 -2.5148945966120104245 5.478447046808309264e-008 
1.6999999999999235722 0.31100355195262430197 -1.5750746967407573962 -2.5148946173440802632 2.9858062476143571967e-008 
1.7249999999999208189 0.31099848259566109654 -1.574934634167714842 -2.5148946292978644479 2.5716698278601488749e-008 
1.7499999999999180655 0.31101603790509407821 -1.5755944470643195032 -2.5148946442942343715 3.341271650505915585e-008 
1.7749999999999153122 0.3109979521977156991 -1.576296869116463828 -2.5148946573035217966 1.589305593586461416e-008 
1.7999999999999125588 0.3110017440857784643 -1.5767227165558765911 -2.5148946622460366385 9.5333740939922238094e-009 
1.8249999999999098055 0.31100258940709074595 -1.57622430658909507 -2.5148946680185186864 1.3013795811449353635e-008 
1.8499999999999070521 0.31099919622261329444 -1.5758071936348778674 -2.5148946736929485013 9.455049940759258826e-009 
1.8749999999999042988 0.31102031540363234141 -1.5759344284417984294 -2.5148946770884075264 5.0328939145352975267e-009 
1.8999999999999015454 0.31101848354559308296 -1.5756661778116225481 -2.5148946796766602496 6.0239758865649643904e-009 
1.9249999999998987921 0.31100178537194511641 -1.575626015513757805 -2.5148946826029581203 5.4702789186079009392e-009 
1.9499999999998960387 0.31099797923410382738 -1.576003470525660255 -2.5148946845007063011 2.2906349974868556446e-009 
1.9749999999998932854 0.31099566121425298304 -1.5760191115330015599 -2.5148946854199611955 1.8514651736959904306e-009 
1.999999999999890532 0.31100326195576971644 -1.5759006060394145088 -2.5148946864268633128 2.3707769710673193149e-009 
2.0249999999998880007 0.31101205770579148924 -1.5757992402249225705 -2.5148946875749356167 2.0571886970056831162e-009 
2.0499999999998852473 0.31101384663922027052 -1.5756792508701291666 -2.5148946883109215555 1.02581714083766984e-009 
2.074999999999882494 0.311016518187258173 -1.5757918950279525827 -2.5148946887376721904 7.94103895715364466e-010 
2.0999999999998797406 0.3110077363732242639 -1.5759759884860842227 -2.5148946891154908556 8.1693333206763434616e-010 
2.1249999999998769873 0.31099658480780900671 -1.5760497416457690534 -2.5148946894913692951 6.3144143191450177707e-010 
2.1499999999998742339 0.31099875981627367327 -1.5760478561529931429 -2.5148946897207524742 3.5813572791336547724e-010 
2.1749999999998714806 0.3110035658242095713 -1.5759523618101440867 -2.5148946899091315643 4.3295765381534870425e-010 
2.1999999999998687272 0.31100882944817376252 -1.5758533308804700823 -2.5148946901065150072 3.4460991703290528043e-010 
2.2249999999998659739 0.31101091181825607501 -1.575794334732373958 -2.5148946902287598881 1.6977034153556117209e-010 
2.2499999999998632205 0.31100600399330319279 -1.575758383518933492 -2.5148946902982523 1.2022657585030711066e-010 
2.2749999999998604672 0.31100581921588976719 -1.5758164210249625548 -2.5148946903667708241 1.8059224390423853783e-010 
2.2999999999998577138 0.31100812911089892321 -1.5759102568561664803 -2.5148946904486999543 1.2844034638347574009e-010 
2.3249999999998549605 0.31100662705809656305 -1.5759402389525689614 -2.5148946904920950196 5.747765202869609088e-011 
2.3499999999998522071 0.31100632461492705438 -1.5759387211521085348 -2.5148946905190241452 6.4202434119981596057e-011 
2.3749999999998494538 0.31100543098051569579 -1.5759252427049932344 -2.5148946905535081164 6.8400100834338100297e-011 
2.3999999999998467004 0.3110038547253257124 -1.5759024206609781871 -2.5148946905769440363 2.8601571784932759236e-011 
2.4249999999998439471 0.31100527017543266872 -1.5758804055142960898 -2.5148946905889806303 2.5706134556216211255e-011 
2.4499999999998411937 0.31100672807763024563 -1.5758575301707675731 -2.514894690604401184 3.5254777630326366614e-011 
2.4749999999998384403 0.31100731503084000362 -1.575864676252994423 -2.5148946906180329464 1.9053145750735476476e-011 
2.499999999999835687 0.3110074805945478027 -1.5758879348393901587 -2.5148946906246814059 1.0628799583434299319e-011 
2.5249999999998329336 0.31100628534729879426 -1.5758880722475674396 -2.5148946906304003868 1.2943604431193022112e-011 
2.5499999999998301803 0.31100557634421821529 -1.5758898810295907111 -2.5148946906366296261 1.1382347667595979981e-011 
2.5749999999998274269 0.3110057503239754273 -1.575894223932711613 -2.5148946906404363588 5.2957529921437831088e-012 
2.5999999999998246736 0.31100606061043395423 -1.5758872987211671735 -2.5148946906431040027 5.5128909697499045506e-012 
2.6249999999998219202 0.31100663819504859031 -1.5758898767531335228 -2.5148946906458418127 5.7450669381493122688e-012 
2.6499999999998191669 0.31100647326308566987 -1.5758925354746100567 -2.5148946906482234631 3.8625764759455969608e-012 
2.6749999999998164135 0.31100596726850759932 -1.5758880975363189769 -2.5148946906496325582 1.8423797031294382214e-012 
2.6999999999998136602 0.31100604443533114152 -1.5758898416878022175 -2.514894690650313791 1.5263173898725343463e-012 
2.7249999999998109068 0.31100608515810151955 -1.5758878793520061379 -2.5148946906514044741 2.661842328878270254e-012 
2.7499999999998081535 0.31100624496296730426 -1.5758826855466452344 -2.5148946906524587419 1.4981760442433422728e-012 
2.7749999999998054001 0.31100648945499947962 -1.5758840051994109643 -2.5148946906528983902 4.6328397200005946145e-013 
2.7999999999998026468 0.3110063013769696072 -1.5758874720690063675 -2.5148946906532039236 9.3292959294721365443e-013 
2.8249999999997998934 0.31100616268995134872 -1.5758911997295157459 -2.514894690653683984 8.327419763440762787e-013 
2.84999999999979714 0.31100611992735327505 -1.5758914384495485983 -2.5148946906539451085 3.2570098251171460945e-013 
2.8749999999997943867 0.3110060446338269724 -1.5758881866217235856 -2.5148946906541072011 3.8411473317821957276e-013 
2.8999999999997916333 0.31100626454436980373 -1.5758870868229903905 -2.5148946906543168112 4.2014491007916296386e-013 
2.92499999999978888 0.31100642524225291519 -1.5758859296677325545 -2.5148946906544673574 2.0393857793963644273e-013 
2.9499999999997861266 0.31100628880107100693 -1.575885924561656104 -2.5148946906545424085 1.350057086635559293e-013 
2.9749999999997833733 0.31100616378982315346 -1.5758885810184184439 -2.5148946906546254532 1.9237760280426320537e-013 
2.9999999999997806199 0.31100609446160498717 -1.575889379955047076 -2.5148946906547009483 1.0604259200216957787e-013 
3.0249999999997778666 0.31100612310594094589 -1.5758892656314098524 -2.5148946906547435809 8.3127923507278049464e-014 
3.0499999999997751132 0.31100624280578376135 -1.5758890334224224805 -2.5148946906547817726 7.2054838654910070093e-014 
3.0749999999997723599 0.31100628231265664558 -1.5758874904449315935 -2.5148946906548168556 6.8140227700669112304e-014 
3.0999999999997696065 0.31100626831956862395 -1.5758867719177664934 -2.514894690654843501 4.2722536843654777575e-014 
3.1249999999997668532 0.31100623490878925859 -1.5758868359668367631 -2.5148946906548572677 1.9447955885816596993e-014 
3.1499999999997640998 0.3110061914882853995 -1.5758872782674511193 -2.5148946906548697022 2.8764540599321603378e-014 
3.1749999999997613465 0.31100620242735055321 -1.5758884530550210101 -2.5148946906548848013 3.1185622624287692534e-014 
3.1999999999997585931 0.31100621590532556704 -1.5758887032991237831 -2.5148946906548954594 1.4446299770596022003e-014 
3.2249999999997558398 0.31100621156001012624 -1.5758883730770332221 -2.5148946906549003444 8.430904256888118672e-015 
3.2499999999997530864 0.31100621792683824651 -1.5758883599090789396 -2.5148946906549052294 1.1531624182599129693e-014 
3.274999999999750333 0.31100621042734633015 -1.575887847822152299 -2.5148946906549105584 8.4777842616865533546e-015 
3.2999999999997475797 0.31100621466985617358 -1.5758874347068929644 -2.5148946906549141111 5.0258564601616295437e-015 
3.3249999999997448263 0.31100622888915313569 -1.5758876700518400504 -2.5148946906549172198 5.9883373428956451819e-015 
3.349999999999742073 0.31100621983702098072 -1.5758878838897714125 -2.5148946906549189961 4.4767197924300039152e-015 
3.3749999999997393196 0.31100621801074856965 -1.5758880339646046398 -2.5148946906549198843 1.8768073170914011237e-015 
3.3999999999997365663 0.31100621934289812698 -1.5758881448823061078 -2.5148946906549212166 2.0243284134212828344e-015 
3.4249999999997338129 0.31100620996204003665 -1.5758880656889107108 -2.5148946906549221048 2.2508532349098928469e-015 
3.4499999999997310596 0.31100621495794034121 -1.5758879292168594954 -2.5148946906549229929 1.7626349636451926321e-015 
3.4749999999997283062 0.31100622156074764213 -1.5758878186869376137 -2.5148946906549225488 8.6037366926008776188e-016 
3.4999999999997255529 0.31100621913032477917 -1.5758878539493577087 -2.5148946906549238811 8.2806274746858695507e-016 
3.5249999999997227995 0.31100621963066749087 -1.5758879785483894675 -2.5148946906549238811 7.7471034197457846217e-016 
3.5499999999997200462 0.31100621696831926011 -1.5758879916640475827 -2.5148946906549247693 4.7794024387734649373e-016 
3.5749999999997172928 0.31100621406676781655 -1.5758879994262273705 -2.5148946906549247693 3.8892366362362689689e-016 
3.5999999999997145395 0.31100621545482443064 -1.5758880031060717997 -2.5148946906549256575 4.240989324684412976e-016 
3.6249999999997117861 0.31100621582207527149 -1.5758879066193163254 -2.5148946906549256575 2.6579230492796467838e-016 
3.6499999999997090327 0.31100621806832584593 -1.575887880510523642 -2.5148946906549256575 1.4395113616209973856e-016 
3.6749999999997062794 0.31100621989897375697 -1.5758879363102133997 -2.5148946906549261016 1.6431127071939038212e-016 
3.699999999999703526 0.31100621855217303047 -1.5758879530327107865 -2.5148946906549261016 1.4827471456837690578e-016 
3.7249999999997007727 0.31100621775653253254 -1.5758879683877564659 -2.5148946906549252134 8.9184265839440544291e-017 
3.7499999999996980193 0.31100621658871741015 -1.5758879672108776493 -2.5148946906549265456 6.8869996924556856851e-017 
3.774999999999695266 0.31100621657128929565 -1.5758879443385978014 -2.5148946906549265456 7.2836580355503596759e-017 
3.7999999999996925126 0.31100621797400607171 -1.5758879415188191686 -2.5148946906549261016 5.2007597112142701023e-017 
3.8249999999996897593 0.31100621710228176786 -1.5758879265442837792 -2.5148946906549261016 2.241507376680839061e-017 
3.8499999999996870059 0.31100621661198835088 -1.5758879274851675945 -2.5148946906549261016 2.4887192921551246489e-017 
3.8749999999996842526 0.31100621731107119805 -1.5758879590126917414 -2.5148946906549252134 3.4933576873668647611e-017 
3.8999999999996814992 0.31100621703239361704 -1.5758879650686081764 -2.5148946906549265456 1.9114764524167325993e-017 
3.9249999999996787459 0.31100621742399148228 -1.5758879615796583806 -2.5148946906549269897 7.6231562894546668849e-018 
3.9499999999996759925 0.31100621780532233807 -1.575887955230602433 -2.5148946906549256575 1.0637025069136555348e-017 
3.9749999999996732392 0.31100621740050610198 -1.5758879335447992798 -2.5148946906549261016 1.1045145362169236569e-017 
3.9999999999996704858 0.31100621775192394125 -1.5758879301238883919 -2.5148946906549265456 5.3232907061007853214e-018 
4.0249999999996788347 0.31100621778077641721 -1.5758879393299114469 -2.5148946906549265456 5.956835231144788282e-018 
4.0499999999996871836 0.31100621714574577803 -1.5758879435518173828 -2.5148946906549261016 4.6937627491471216648e-018 
4.0749999999996955324 0.31100621695298918956 -1.5758879513465275934 -2.5148946906549256575 2.4107635139807638223e-018 
4.0999999999997038813 0.31100621688016705235 -1.5758879558357932194 -2.5148946906549252134 2.1794838555198073804e-018 
4.1249999999997122302 0.31100621711527270952 -1.5758879540483796688 -2.5148946906549269897 2.4060389135397388933e-018 
4.1499999999997205791 0.31100621759207147665 -1.5758879471052020804 -2.5148946906549265456 1.847545466298578809e-018 
4.1749999999997289279 0.31100621762449071062 -1.5758879397711620385 -2.5148946906549265456 8.898114199726502364e-019 
4.1999999999997372768 0.31100621752784501917 -1.575887943408515568 -2.5148946906549265456 8.6554699202579550487e-019 
4.2249999999997456257 0.31100621739266365307 -1.5758879478182523659 -2.5148946906549256575 9.4683686560779755104e-019 
4.2499999999997539746 0.31100621718885818057 -1.575887946770492487 -2.5148946906549261016 5.8830877621641345537e-019 
4.2749999999997623235 0.31100621723581617362 -1.5758879483328400717 -2.5148946906549274338 2.9714040025221302637e-019 
4.2999999999997706723 0.31100621733723582407 -1.5758879478927994011 -2.5148946906549269897 3.9055327927941197769e-019 
4.3249999999997790212 0.31100621739941242128 -1.5758879448150908686 -2.5148946906549265456 4.0604831480233215563e-019 
4.3499999999997873701 0.31100621742441225681 -1.5758879445842606248 -2.5148946906549265456 1.5954411110525975852e-019 
4.374999999999795719 0.31100621728845467828 -1.5758879452185485803 -2.5148946906549265456 1.2314194732568253118e-019 
4.3999999999998040678 0.31100621727675087369 -1.575887946701815423 -2.5148946906549256575 1.8052112527321139921e-019 
4.4249999999998124167 0.31100621738710304554 -1.5758879485143846289 -2.5148946906549265456 1.0051657361712707072e-019 
4.4499999999998207656 0.3110062173581999434 -1.5758879484295968965 -2.5148946906549256575 7.0887796686454810324e-020 
4.4749999999998291145 0.3110062173394915197 -1.5758879477028788774 -2.5148946906549256575 7.2359278133853560646e-020 
4.4999999999998374633 0.31100621735362882214 -1.5758879464353632294 -2.5148946906549261016 6.3829977082078092872e-020 
4.5249999999998458122 0.311006217326099621 -1.5758879452057257264 -2.5148946906549256575 2.6393873149283460598e-020 
4.5499999999998541611 0.31100621734804850815 -1.5758879454422163313 -2.5148946906549261016 2.4175891741681407207e-020 
4.57499999999986251 0.31100621736006700546 -1.5758879458426888753 -2.5148946906549265456 3.491569744823116734e-020 
4.5999999999998708589 0.31100621734788275186 -1.5758879462018509088 -2.5148946906549269897 2.0995917256861520795e-020 
4.6249999999998792077 0.31100621736611427925 -1.5758879471437066133 -2.5148946906549261016 1.065316568438254805e-020 
4.6499999999998875566 0.31100621734619349201 -1.5758879475153619865 -2.5148946906549265456 1.1595583674251656367e-020 
4.6749999999998959055 0.31100621731406069559 -1.5758879470617728202 -2.5148946906549269897 1.1539051045135545521e-020 
4.6999999999999042544 0.31100621732525407515 -1.5758879465698112377 -2.5148946906549261016 5.2954294318680967783e-021 
4.7249999999999126032 0.31100621734467870372 -1.5758879463590436121 -2.5148946906549261016 5.5421830333112827394e-021 
4.7499999999999209521 0.31100621736380001936 -1.5758879464106030355 -2.5148946906549261016 5.8792026695766880118e-021 
4.774999999999929301 0.31100621736515565718 -1.5758879464231294598 -2.5148946906549261016 3.4059761340180141705e-021 
4.7999999999999376499 0.31100621734470740298 -1.5758879464658539504 -2.5148946906549256575 1.849997832219797881e-021 
4.8249999999999459988 0.31100621733684036263 -1.5758879466656618984 -2.5148946906549261016 2.2017762372849857731e-021 
4.8499999999999543476 0.31100621733676619973 -1.5758879466353397092 -2.5148946906549261016 2.0127746575668715303e-021 
4.8749999999999626965 0.31100621734204925151 -1.5758879464903348122 -2.5148946906549269897 1.4104699475331916252e-021 
4.8999999999999710454 0.31100621735302697024 -1.5758879465372621631 -2.5148946906549265456 6.9816403664411506075e-022 
4.9249999999999793943 0.31100621734994382539 -1.5758879465798671937 -2.5148946906549256575 9.7990732565454464124e-022 
4.9499999999999877431 0.31100621734362204895 -1.5758879466324775542 -2.5148946906549265456 7.7324911248547178161e-022 
4.974999999999996092 0.31100621734264793927 -1.5758879466998327867 -2.5148946906549256575 2.6666497008267249497e-022 
